L	NEUTRAL_0.5	-4.0_0.0	-4.0_0.1	-4.0_0.3	-4.0_0.5	-3.0_0.0	-3.0_0.1	-3.0_0.3	-3.0_0.5	-2.0_0.0	-2.0_0.1	-2.0_0.3	-2.0_0.5	-1.0_0.0	-1.0_0.1	-1.0_0.3	-1.0_0.5
79000	-453.8505973806554	-445.73040587738956	-438.5593676130871	-426.6182492021053	-415.84190100752477	-395.58511788706625	-383.89370832355206	-373.1400913328973	-368.51267202375203	-369.33098973818863	-363.50183868420675	-394.01807502258276	-491.3273650901572	-356.2884649509926	-1050.5827101073803	-5862.154538859154	-9390.427796947892
79000	-410.53098888698986	-402.04804204554006	-395.29077605115225	-383.2355146859819	-373.031853810476	-351.4822211754617	-339.41829716415816	-329.6808495697226	-326.81639150034977	-325.78394491623266	-322.3703868341453	-358.88901114465517	-445.65883292920194	-311.46784548619866	-977.4476978513928	-6059.511309121764	-9934.659825797586
79000	-458.96758352198617	-450.0854954418186	-442.6433975472507	-430.767324082797	-420.5887033411158	-399.3067627092751	-387.52225256204497	-376.8943019600393	-372.4246030356263	-373.4732550109526	-366.8402275805145	-397.29657205060784	-491.18184742126215	-359.41204225141763	-1075.400724228646	-5864.090103984892	-9441.39501593727
79000	-438.44337072294115	-429.31434951051205	-422.223146464139	-410.1659013679539	-400.2097922657809	-378.54330152338025	-367.1284337330766	-356.5323490873833	-352.0951553806932	-352.81587077437746	-348.04955673953515	-379.86757454770077	-471.60373826656144	-337.5743849046487	-1062.7115471503935	-5842.233178691894	-9546.732816096408
79000	-479.3057320965702	-470.36340484455985	-463.4340196601	-452.547631307335	-442.39650443707495	-420.9745042809868	-409.4566530021763	-400.69612999124496	-398.54680290935215	-395.02880670314806	-396.66821595662213	-449.2223981887869	-575.3407373414798	-385.17606698552106	-1258.9187121933473	-6351.888679418909	-10167.200973991372
79000	-432.62631228492575	-424.75453390235407	-416.3717822522099	-404.1507790798628	-395.0756426416225	-373.03182511496004	-361.3273166819687	-350.402791658664	-346.2875135308929	-347.5005978592516	-342.075715801706	-369.9468707692628	-464.2857648246253	-332.5734911623617	-992.5765919821714	-5644.684328041567	-9412.452633291963
79000	-448.673502824165	-440.53991241481685	-432.98279388783243	-421.58017054648883	-411.4881273518386	-390.524554550595	-378.7988009854213	-368.618371476244	-365.283262476112	-363.811510317249	-361.69594963563	-397.9946903937251	-506.0166477098482	-350.6854655707104	-1119.4347022066602	-5989.311869030349	-9659.483268097294
79000	-423.2609473775182	-414.4627681830682	-407.3948332689004	-395.4059802244385	-385.87676610788685	-363.49457928114555	-352.04974333417147	-342.32861775828087	-338.20522858236905	-338.402113320067	-333.65937394179014	-367.60511028728376	-455.850424335466	-323.9285969180123	-996.7711279899492	-5908.559999779015	-9674.067110781605
79000	-437.4711746615406	-429.18560716763096	-421.6630659109458	-409.4180113770144	-400.61056279382024	-377.83595898409516	-366.7699912612747	-356.58231090750206	-352.2942298128009	-352.43743018805685	-347.5456473155864	-380.33333310769984	-470.2852216270024	-337.9023299961953	-1029.4348873499202	-5770.956651091717	-9478.924523335092
79000	-405.1100022796137	-396.28053168626695	-389.25694669881005	-376.6114882027215	-367.52447510401856	-345.00507880960254	-333.17487159336474	-322.8068275473772	-318.7994812619197	-319.61032079182905	-312.4297452205473	-339.37303674970747	-417.5405886111528	-305.560584298072	-935.4924692921993	-5676.5444392280115	-9378.011283273105
79000	-447.49753790927974	-438.42824796997155	-432.04834619729587	-420.2693605297343	-410.578335402092	-388.65938407797955	-377.00108953464274	-367.1672991645089	-363.39496583335057	-362.7110968493347	-359.6025768273687	-398.20658132629535	-492.9687032216906	-346.69034927623727	-1129.0717821517615	-6140.518445798128	-9807.226570517021
79000	-445.80185861973547	-437.5770169979139	-429.6278061649702	-418.93028651383213	-408.29654388977883	-386.7912730051509	-375.89614246077286	-365.51644914643407	-361.92517803158995	-361.27159350233734	-357.83211880478996	-391.7216058164422	-484.4266606882632	-347.3689678336064	-1046.8976245568726	-5910.226551282953	-9651.797895318305
79000	-430.63962071523855	-421.8857739743471	-415.0572822871572	-402.9974130457515	-392.6139603970469	-371.32721081566984	-359.65562306477347	-349.4620274037385	-345.5778209024134	-345.89644859578385	-340.6189956980006	-372.0597421077165	-456.73144306273787	-331.05396821078904	-1002.0808873745466	-5798.88521359059	-9520.403201936377
79000	-448.50016687954445	-440.1995738515479	-432.7799188929045	-421.37925784102254	-410.6165672343938	-390.1151040282909	-378.42588449466945	-367.17440840005133	-362.22411122422216	-364.3280803958682	-357.48830578143304	-386.63796168515955	-478.32920069621355	-350.2302606009027	-1048.451592519567	-5852.41370722846	-9382.51551951464
79000	-458.7758768379346	-451.2082065605615	-443.4790718879337	-431.5132078136211	-422.10989493233404	-401.3235709255693	-388.45832024032535	-379.42870159187595	-375.111383303541	-375.66502014991835	-372.8087550452337	-409.69544889118816	-517.5426273146628	-362.7732113808585	-1122.4498265972884	-6010.166028872499	-9646.831556559493
79000	-408.21068545009797	-400.5714921479924	-393.6308538216286	-381.8168636020399	-371.4815527565298	-349.68416839108954	-338.42250937348473	-326.82203062947934	-323.32973080870624	-324.1085371906131	-317.3067991418458	-345.01192076849446	-429.01401542661506	-309.4404203590195	-928.896275260186	-5790.264384237925	-9500.207412556476
79000	-434.0006507771935	-424.95981799971656	-418.16001921257265	-406.40642397269346	-396.2357642950861	-375.01523832964267	-362.687884930401	-353.64696094274177	-350.90490937942496	-348.9798755005117	-347.87775073025335	-389.3723977695984	-494.19387726096886	-337.34489994520123	-1094.8671019558956	-6109.502579767243	-10011.520108208571
79000	-426.0599319274018	-417.95843625237575	-410.20110038626143	-398.3240676465888	-389.0779165209866	-367.24030836386163	-356.07161234416003	-346.16675481058354	-342.6871957381379	-341.38457817202146	-339.8392464228047	-377.9497813238461	-477.097882451683	-329.27750113547506	-1038.4411583018248	-6253.5488481042	-9989.30752369368
79000	-440.4704521622611	-431.7508483959328	-424.3810843897941	-413.0854323010284	-402.53167132528586	-380.91307452082646	-369.9223242525949	-359.36611152125033	-355.0148836797274	-355.6065797310966	-350.8814184634584	-382.98409948632167	-477.40375212948913	-341.35048487829505	-1051.5368116775971	-5948.664106820046	-9744.737681302646
79000	-467.1548632766171	-459.464969822383	-451.1646894420796	-439.93560454496685	-430.6744695922959	-408.8495259752567	-397.49615474565223	-386.42809886280224	-382.12147222703067	-382.9841897789828	-377.0836328891283	-409.830838103495	-507.6866175139023	-369.54267414735466	-1122.9371540686675	-6100.46202426079	-9613.195895420004
79000	-461.11145539064677	-452.5119851187851	-444.98544779492323	-432.33464519408744	-423.6882238490953	-401.9241573746491	-390.62623924598336	-379.5842628383316	-376.4277618383577	-375.5436304088838	-373.1511775504355	-409.30931391442886	-505.24967052001244	-361.6769029481242	-1117.0032167539289	-6172.311417678707	-9745.39604878452
79000	-416.264958628251	-408.2281977586486	-401.46820856151993	-388.6834205581988	-379.16647935695386	-357.5344110951099	-345.8587365157979	-336.19715518928786	-334.4000462613471	-331.49002584230374	-332.49762333081173	-376.88509834930477	-471.19330460205623	-316.0483299656402	-1036.489398528571	-6458.61870463772	-10530.988827858748
79000	-452.3527402342063	-444.2290673589589	-436.50992908039365	-425.22289103481717	-415.4893322826839	-394.0657654544762	-382.5955492867535	-373.597100120784	-371.2633930741988	-368.02984157268406	-369.6219178062426	-413.775270534041	-523.2725656269515	-356.60951375171675	-1138.1131138253904	-6474.509405289916	-10373.39954065695
79000	-453.0580303894383	-444.8922765476804	-438.07284685310395	-426.24701727984484	-416.3722722118943	-394.47108524391774	-383.2769595008891	-374.5486896558636	-371.61465176544397	-369.21394771702796	-369.0407666718707	-412.13817136417447	-525.8915895230989	-356.3630955679556	-1105.148315395717	-6039.172231416572	-9883.711173898499
79000	-424.5910966058962	-416.34987227982475	-409.06689085152226	-397.4882880885042	-387.181691975285	-365.6261966018223	-354.06503409133853	-343.60007289495474	-338.6193250211694	-340.4221802660682	-333.1087189987965	-360.17539687067466	-449.9263193446781	-326.57754495741665	-965.477159004556	-5524.643336931795	-9121.567189110494
79000	-468.8063778729162	-461.0621094618985	-454.2191405647364	-442.20773439876325	-432.9001125326855	-411.11158141295317	-400.55561298287097	-390.70519992171825	-388.4229355242093	-385.891662262487	-385.7990888641073	-430.93367717296763	-557.3589304685262	-373.23620936597365	-1190.859711504831	-6218.751857252594	-9994.19797678075
79000	-439.71902133264507	-430.83717741967945	-423.8326663402974	-411.49119786824747	-401.7758902758836	-380.70525078940346	-368.645010616971	-358.3616747926429	-353.83398568985507	-355.0956324827017	-350.1575131841938	-381.6104138174527	-468.9290734266493	-340.7915703206322	-1042.2447678304136	-5891.217078725293	-9573.610991129986
79000	-428.4648872841178	-420.980268787739	-413.50530389367606	-401.25907923010266	-391.51090208662606	-370.00408495840486	-357.752397336503	-347.2057787823832	-342.3647335298314	-344.357456627702	-335.45485230536656	-360.0778660188934	-438.9655711337915	-328.2996474780967	-991.9252095642066	-5681.82792619391	-9232.054796566748
79000	-442.9339805220426	-435.71284822016037	-427.59552354047963	-415.589204627361	-406.5284596000317	-384.371014854708	-372.8032400644422	-363.5396740354134	-360.55164654226553	-358.96814444427275	-355.75234080985285	-391.8060987573295	-497.1664455964747	-346.319519812683	-1075.952626868162	-5977.834710323898	-9640.591040773143
79000	-459.39709260041445	-451.07189242530944	-443.23786604258936	-431.46700103676585	-422.1611028072022	-400.2380350042087	-388.43539885217996	-379.13181390914536	-374.62072938714414	-375.4695540406833	-370.25273390052604	-406.3031075304608	-499.7135571585196	-358.885159701723	-1127.2473085158354	-5967.744706152422	-9588.40381466604
79000	-487.1037121121746	-478.22850173831415	-471.2633690548856	-459.48259274687837	-449.22950669249667	-428.56814982723483	-416.55573344811245	-406.69664376486423	-402.9622685445953	-402.929064406377	-397.5367146727505	-433.6185519352997	-540.8192435050231	-388.10815175658513	-1187.2468378858132	-5856.384468924125	-9383.462818603806
79000	-445.63709757373255	-437.26261677021006	-429.47764659055184	-417.8977781749305	-408.4691052367249	-387.19588994489004	-375.6987142267592	-366.57673769313897	-364.5636229480781	-361.1470277707291	-363.7180628253949	-412.3494495661875	-534.5885605117503	-350.6220617354672	-1128.3106631321477	-6259.951835520278	-10342.007597187157
79000	-454.2496270584522	-445.8930330395435	-438.7049743191787	-426.9792221914988	-417.8788910152545	-395.23840170194387	-385.0761518506983	-375.4193320513304	-371.96592450789814	-370.88114508810634	-368.97041523489423	-410.48723895263157	-512.4000688603658	-356.0584987088619	-1115.7338481448814	-6249.4462061422555	-9972.689910115827
79000	-449.100081664793	-440.2516720100946	-433.55135303020376	-421.29372353473786	-410.944908449559	-390.1608986816882	-379.0211824558069	-370.109279804055	-366.64094155102987	-363.90150461101723	-365.80254247875683	-413.62786978893655	-527.4179609624229	-350.8067790207612	-1104.4376526058477	-6379.739531975788	-10254.668681702768
79000	-436.16878330800205	-427.6114079785065	-420.27344332179024	-408.5210672723264	-398.24494556222646	-377.0908330292336	-365.6183304706137	-355.1604102655503	-351.9389593792903	-351.1711493970119	-348.1393072428124	-382.1038084889404	-478.58028051498604	-336.3432025801404	-1064.8184052556448	-5965.802588750214	-9818.735419424842
79000	-421.7257123254461	-413.0545430843714	-406.7732895057464	-393.75388907595743	-384.48804823187726	-363.0040982341071	-351.0560524592611	-340.67281023328695	-336.226473643399	-336.6134941842964	-331.71595873066383	-362.04121375968356	-446.82605466420557	-322.69607448165783	-985.3204492069932	-5758.276806112088	-9385.39980884032
79000	-401.1768490858381	-392.8995275393812	-385.18796263392704	-373.24809853002375	-364.17286462471543	-342.48235945028125	-329.40317589034373	-319.1478051792246	-315.22381847022695	-316.20732369228847	-310.0026488768275	-337.1658946812131	-419.3860824703525	-302.6307060585159	-912.7680706125126	-5714.981262255621	-9501.273713208171
79000	-463.74436968348925	-455.08254673514375	-448.04493883498384	-435.8018375950858	-426.162507790806	-404.37771946926233	-393.3740573068308	-384.8001153084915	-381.44138856671805	-378.93232214915474	-379.5457251727095	-424.10192968217854	-530.6559704323711	-363.7490815857576	-1163.6927497024803	-6315.452156369466	-10136.796948287043
79000	-402.94859483826366	-393.9445511630437	-387.2541439643325	-374.4855885723738	-364.43638793662217	-342.96249127503717	-330.95800380495166	-320.4685841634612	-316.7006927594333	-317.1605261475692	-311.0722294755945	-339.4901319851617	-417.5661067676344	-302.0524047204234	-955.1085688632089	-5787.27738621736	-9558.026154222898
79000	-430.7348536168993	-421.8300568977017	-414.64940212651123	-402.37296239987654	-392.72933120208836	-371.40019336194655	-359.0612255154466	-349.15114677438265	-344.4346019209273	-345.5394749317497	-337.66006920241364	-365.1830240162232	-446.9007180542552	-329.8481402836808	-1024.1941214437202	-5615.399693839363	-9287.606023644119
79000	-430.3312449780857	-421.7911021980476	-415.0774274085058	-402.6299071926413	-393.28710474259134	-371.24744544742606	-360.03079617917837	-349.0530248140377	-345.196302452047	-346.45854366716645	-340.9505024818934	-374.8389604754733	-465.9091309978866	-331.34352431980165	-1027.2104248646392	-6010.264680684413	-9831.312681371946
79000	-461.8037425896609	-452.5664138737104	-446.84352034606405	-434.74973488195155	-424.38198489629474	-403.44598840609984	-392.8169835465012	-384.67227817698824	-380.8924834819867	-377.9902963080774	-381.0748632966251	-432.5641667736529	-552.7853446455688	-366.1618752084176	-1176.5901924189943	-6585.053598694801	-10505.991924783732
79000	-451.8580431272415	-443.8450550561979	-436.7839000698032	-424.3376364651384	-415.09049979264665	-393.4615141984489	-381.87833630029905	-372.1006532121071	-369.9525221142822	-367.69472595777086	-366.68606047675956	-409.2562841673447	-509.26230139432226	-353.28654660801567	-1133.994590636975	-6241.59534462364	-10051.977528856298
79000	-426.74674773692107	-417.55381217547927	-410.11677096244097	-398.053066998781	-388.0429487803486	-367.53751906065565	-354.94397899198447	-343.5482009889996	-338.8649806378199	-340.439553022413	-332.33983324580237	-355.34346802675236	-434.18649759069586	-326.1340643285074	-974.0243406412318	-5491.796954131836	-8978.402903857681
79000	-397.423956760905	-389.35489517661756	-381.3798308682739	-369.76140405764954	-359.91557281061785	-337.8750914863229	-325.6981056396546	-314.92900227605054	-310.724670790055	-312.3767840564094	-304.2733926170403	-326.5198044119733	-402.501352740771	-300.6353075605098	-854.7078593266996	-5516.441852744324	-9160.68174654888
79000	-420.19749951874746	-412.2292199803539	-404.5982983240319	-392.53353571039327	-382.70927631621805	-361.4142798957938	-349.2437011285982	-340.3186998371051	-336.05537523895043	-335.16800756579426	-331.91435064669315	-366.9492330000824	-461.29468186052856	-322.50192602738474	-969.4347701045301	-5953.671031218036	-9630.711190110824
79000	-441.6075775206018	-433.70016881916536	-426.7030342402747	-414.2713477648466	-404.7763245332084	-382.9723789789697	-371.0396615805174	-360.8940540138576	-356.52920683800767	-357.0430991335679	-352.6554497555992	-385.3357846911387	-473.9927770943328	-341.9236541893655	-1066.4006292787574	-6074.781050280528	-9798.993355780289
79000	-442.292268479135	-433.4445953707766	-426.3808212678737	-414.4631912338484	-405.0326679920107	-384.0849527176951	-371.8472291754481	-360.2540623367697	-356.21701612936755	-357.5122590609133	-349.41521563371066	-372.87680688632935	-463.8893746160714	-347.26028668221704	-994.5437102574025	-5478.001177613309	-8914.850089223539
79000	-461.4634338644853	-452.69138745206413	-445.17005984157896	-433.0951751623227	-423.280661424213	-402.0173161567402	-390.53590714543424	-380.1568487853429	-376.5350577602721	-376.36731108266355	-371.4964780618401	-404.7038857867678	-505.37027938110845	-362.9146009695147	-1094.2273944182675	-5807.626193231353	-9292.666631305712
79000	-401.6392656454071	-393.1376436338372	-385.8546283631236	-373.88364680061795	-363.6644829586077	-342.51929771026636	-330.6889177438071	-318.85355951747476	-314.8069405166117	-315.88038947013763	-309.675786362518	-335.2706266469198	-415.4765110060561	-302.6676179278048	-927.4863347969838	-5959.946750644146	-9764.922527547895
79000	-429.9631404394659	-421.48428176335113	-414.4169189443799	-402.23641792992805	-392.45880016524495	-371.7755486707819	-359.01315329162685	-348.54428359198903	-344.2338131127081	-345.881476728447	-338.4192060335488	-364.31998979000144	-455.8474156287482	-335.9448623433274	-949.2610127773631	-5661.116280761272	-9197.569007706452
79000	-442.66663202580287	-434.17887818878495	-426.9182972872864	-414.9112917895228	-405.08716264889887	-384.0217058085167	-372.1528447645868	-362.3095204531489	-358.8790291356472	-357.77615581086513	-355.8274931830272	-393.38779183194623	-490.52297280537397	-344.25773147179785	-1117.7024496532208	-6176.92095212401	-9915.573418054186
79000	-384.1544649549117	-376.26010931418614	-368.5489882831626	-356.20718515399744	-346.57624297882614	-324.716974466436	-312.6768441963596	-301.2095462282398	-297.44443997978016	-298.6549445130575	-290.2902870575913	-313.3282357131366	-389.7759837229184	-284.95732418553655	-835.7596238761274	-5528.354592863242	-9231.434725163128
79000	-427.33678337216867	-418.92097677419144	-411.74713314861975	-399.6491414667944	-389.9607773250168	-367.8717902943655	-356.36121494306025	-345.97343919361595	-341.519447279354	-342.27740785720624	-338.1773078439607	-369.2816296012055	-466.0367580585457	-327.9482256440495	-984.7555502308711	-6114.997732185428	-9785.055210848855
79000	-426.86698206106973	-419.1419975735726	-411.1984222476704	-398.9062084375056	-389.5308266707293	-368.48266111933145	-356.0800841816677	-345.65096058405345	-341.4356530632887	-342.2032028707275	-336.380167667682	-366.30812070569544	-457.55368744686103	-327.77793840567483	-1030.750819920767	-5746.968646017624	-9495.545762957463
79000	-465.83451561398516	-457.11707099102455	-450.53159465611446	-438.2273188721606	-428.9858401250468	-406.71364370308606	-395.3071208339801	-386.26016604853385	-383.8199703440912	-381.3492570726303	-381.24230193977894	-426.7885183701385	-534.8943051537071	-366.6486980926274	-1185.7086986224663	-6167.494161141528	-9904.184662944665
79000	-399.5644296308108	-390.8056753332377	-383.6956177575623	-371.78104442642905	-361.837213206496	-340.14984245508174	-328.3501673926804	-318.0357170551313	-314.2917412667414	-314.4852108271697	-308.70433806253396	-338.3935643403189	-432.65168763721647	-306.23645446026126	-893.5996327711033	-5739.81557908141	-9522.496448343692
79000	-477.48252579279625	-470.13534229348863	-462.8712594345379	-450.7989668692534	-440.8605020259033	-419.6633191955048	-408.0291740346495	-398.0188906959886	-394.07722191603716	-393.8953709988813	-389.4851263369768	-425.07522459139915	-521.7959783002709	-377.8759183217284	-1178.5311970929151	-5820.226458922762	-9473.211168009539
79000	-461.43222214080043	-453.040923604765	-445.08006366357375	-434.0334066736766	-424.19972042076927	-402.8961535687709	-391.28641339190017	-381.33190034786395	-377.8921599855595	-376.77768025668416	-375.2326802705532	-414.44575473171886	-512.824177565139	-362.2563259198416	-1174.3648802488938	-6219.327186079217	-9966.47593091739
79000	-447.07290996986325	-438.2680348465055	-430.6160131236334	-418.5416874711948	-409.32748934399024	-387.3658479496278	-376.35704890230363	-366.5012578554656	-363.760379062268	-363.0694271357596	-358.8934333331062	-396.70099832913775	-511.3677213632458	-351.08567304552656	-1063.2012531824666	-5777.420702784395	-9346.708962013057
79000	-438.0405193186224	-429.7684067698092	-422.4044484348041	-410.8915974444244	-400.93149098028573	-379.01977647535085	-367.48388877924185	-357.89970424118957	-354.65937838431984	-354.00680741111063	-350.048731889787	-385.1681915148053	-478.3235874882513	-339.8124335434257	-1027.9781316850517	-6100.249580268049	-9752.82618101665
79000	-465.5569319605743	-456.991403077546	-449.50061353891095	-437.82739902394474	-427.5740446007	-406.1848264352305	-394.8433197166098	-384.24359658713047	-380.0830314545725	-379.6051585815443	-374.4400561665985	-407.4784770098687	-496.93522922083764	-363.48672621313926	-1157.0261288479123	-5961.421673793195	-9533.210388353438
79000	-447.9177538590782	-439.35860779907176	-431.54987641247584	-419.7508859253645	-410.05154788608706	-388.6408813114851	-377.06244061866084	-367.1135799519227	-363.2136395936998	-362.5525463368184	-359.7543234028519	-396.380869574492	-490.04598115886654	-347.8030898983653	-1076.8139967412562	-6394.848411364147	-10218.956595398413
79000	-406.8307890161607	-398.82496048105486	-390.9566225516747	-379.1733828911737	-368.6719096089515	-348.1602937828437	-334.7686892679733	-324.1385423222651	-319.06210882813235	-321.5360194368648	-311.06895393969603	-330.96565428701695	-403.8790275126318	-307.2969293111333	-913.4839536409015	-5583.581825920397	-9210.108866482868
79000	-445.53917398891787	-437.2841417237093	-430.2664286106597	-417.8203565264279	-408.7130461184239	-387.3508689823427	-376.2754253844876	-366.5267262178163	-362.16103499852846	-361.2248826567785	-359.16533978841323	-399.1310840628197	-510.1440904348223	-352.02793673107345	-1051.689370278249	-6027.990456789389	-9766.391386126244
79000	-453.56367677153025	-446.0970179089978	-437.66516012036703	-426.39552131634866	-416.463320955907	-395.1258314498492	-383.79821011074733	-374.82120237782703	-372.35318337251357	-369.07782329759294	-372.01313789953156	-420.18381042933464	-537.5017330548765	-354.7933878747555	-1135.4538448528933	-6446.723748329459	-10203.289574045926
79000	-447.59514455982213	-439.4338057665676	-432.35577848723307	-419.7371677451099	-410.0620814426028	-389.1897988004532	-377.1282537200824	-366.39852940605584	-361.79038235192945	-363.0808642556511	-357.3055890626117	-387.3426423466907	-477.91727601087206	-348.5327261308188	-1060.2028617092658	-6008.365251246418	-9461.275040648063
79000	-485.45775176181786	-477.2914080553983	-470.3108637788417	-458.63624260506197	-448.7978386614104	-427.3641668338138	-415.73321640740176	-407.02518349733697	-404.04167989984995	-402.10865974571465	-401.0923015895877	-443.616482449291	-546.8688543765526	-388.1337566211311	-1218.3660256076703	-6368.346400911081	-10150.232066534423
79000	-449.6198984115474	-441.1343504525551	-434.58260255450483	-421.2037095813944	-412.49042709309344	-390.858299262227	-379.94847544072877	-370.65179530185316	-366.7958017378634	-365.32709340594516	-363.5415393716139	-407.0404859660757	-502.3037597212402	-350.4053843951193	-1120.3070559377204	-6257.3552598341075	-10006.439885748405
79000	-431.9990074070849	-423.0831125499718	-416.65946928330294	-404.59879983162716	-395.299357512324	-373.4528553058694	-361.94626769073056	-353.30929448922404	-350.79324365338385	-348.7366117382058	-348.77290746881283	-394.7354011715694	-508.61156849889056	-335.7597620907893	-1073.847694517172	-5998.185823919567	-9916.515829949956
79000	-445.12594774701074	-436.8283921223687	-429.32645564097874	-418.1722922282713	-408.20266330533013	-386.855942363045	-375.25498543204844	-364.5291150881225	-361.99826718970496	-360.94483733655704	-358.8410311758562	-393.94797502095025	-494.80863575787913	-348.87800376951924	-1071.8716285021949	-5909.928200441663	-9660.180528045836
79000	-406.68231131121024	-398.3545345502439	-391.06117671129374	-378.93780839486556	-369.447628005535	-347.855501496354	-335.44321895696413	-324.23171551998803	-320.2093193811444	-321.68569314278704	-315.5603085522845	-344.79138340182203	-433.504391967365	-307.8486688568764	-954.0993101049097	-5747.149786918312	-9445.125892139295
79000	-447.96915547712007	-439.6524349186896	-431.78690928101463	-420.9335897494234	-411.47210085678586	-388.9674978664709	-377.6212032389877	-368.8229794157927	-365.936852657673	-364.4640630831687	-362.42312131072083	-404.1045700275308	-510.68876884724875	-352.28851426702977	-1070.5534876344211	-6088.810326882326	-10060.333400305657
79000	-454.7951616942562	-447.2311197701317	-439.3436614201884	-427.86524630023473	-417.5169440380057	-396.83855598924015	-384.3633782778062	-374.43967740452257	-370.7608386477266	-370.6557429364623	-366.28565212813663	-401.47940210237357	-501.02456492205454	-356.36660700993195	-1091.137505390424	-6072.428291744094	-9697.857134847989
79000	-440.7697663501131	-431.71418956490146	-425.3909769289675	-413.1302527969077	-403.0815274975998	-381.15466983500977	-370.8267400342336	-360.34331474830685	-356.8320830721383	-355.0085092241039	-354.39175470421344	-396.3362789702594	-498.7605938726845	-342.8436745105986	-1066.843020889952	-6084.623519790809	-9804.514959390639
79000	-424.2270084590469	-415.7165642584038	-409.09698471134476	-396.9125344638925	-387.28036282251935	-365.4800060983452	-354.17828583558725	-344.3678606004016	-341.1995269861549	-339.5590587430881	-337.7230284659944	-377.340974812238	-474.71084477252566	-326.0569667417515	-1044.732611287159	-6102.132512058315	-9988.045265651079
79000	-406.13304755344507	-397.420858701243	-390.5595930064363	-377.7470940153074	-368.8020568176019	-346.12228296413394	-334.85030154157255	-324.2632412812011	-320.75590554340255	-320.480941384198	-316.66155520371757	-348.18761409408364	-431.0544616072727	-305.34929433085966	-979.0319177502017	-5759.124398693655	-9605.88567652945
79000	-439.9016408203226	-431.16415010543403	-424.949402740543	-412.6251970778251	-402.86005123319353	-381.0736356894979	-369.3122568496632	-359.2573267163566	-356.16476557251667	-355.5776009619456	-353.06356515544934	-389.9493950882431	-485.7967624403242	-340.56554430150624	-1079.6026248008864	-5980.834063076819	-9763.011205657607
79000	-437.7870493117644	-428.5867807384518	-420.8661171747012	-409.3565854180981	-399.6535526260989	-377.9161712849293	-366.50831002689307	-356.0309397697476	-352.43558566248726	-352.5960462590285	-347.9393886973862	-380.4958007361331	-478.28400562713114	-339.5915299879367	-984.09442915897	-5837.893357472933	-9423.284280656637
79000	-414.42569762588903	-405.6410724928837	-398.84691347033043	-386.698020400382	-376.78277795157624	-354.8208224120166	-343.1072749420324	-332.9957150560803	-328.9415028137682	-329.022153609727	-323.70284220274766	-354.2064679938961	-441.64439512130957	-314.5884955984819	-982.5612743826614	-5738.272979631891	-9472.996101918194
79000	-433.92951645758575	-425.4742080304035	-418.5702316061941	-406.4084782350254	-396.5405871147887	-374.9522676906253	-363.46712315248584	-353.35008471226354	-350.0505223278444	-349.63891313783137	-347.2749857317325	-384.13148208109425	-488.45160865652707	-337.1349346064374	-1051.435853324771	-6039.0739155668825	-9914.751548291717
79000	-417.88411023922845	-409.5776121726274	-402.7435444632105	-389.4713535162731	-380.451163271101	-359.06914914015243	-346.6107755325751	-334.95834631956404	-330.41945785203563	-333.4266977646134	-323.6369356465504	-342.9423865166399	-411.522543605531	-317.84298674989816	-924.0390623242682	-5735.000356611832	-9249.800383477175
79000	-455.26318286506256	-446.9421412463223	-439.9940798208701	-428.16652120225217	-418.7993078957576	-396.55702276406697	-385.5887106452317	-375.36975720664634	-371.1192509003512	-370.7852136405619	-367.3573468407272	-402.8413710920638	-505.673699357265	-358.3014283654958	-1109.1976966924453	-5931.40049483452	-9608.418009967902
79000	-435.4080477198771	-427.8835126226306	-420.2228979506935	-408.19633162673676	-397.715751569876	-376.3580497599218	-365.3118330758882	-354.3865527283807	-349.9556518501976	-350.8652011717897	-345.39492743576454	-376.26005219804694	-471.1821389417036	-340.71931263395817	-1005.923715194998	-5661.439455433297	-9257.961443655944
79000	-441.4392550678496	-433.44505191006584	-425.87195249795326	-413.96627118566255	-404.76546509583494	-382.27366245601587	-371.5197278958676	-361.308985193942	-359.10200946733903	-357.0133510188316	-356.1235036240263	-397.81212779485725	-507.0784905334229	-343.13894546979304	-1088.9489904018665	-6243.5581432644185	-10128.875751322588
79000	-438.73111905216024	-428.96439072133813	-421.7655931064855	-410.2252312094445	-400.3471182183862	-379.0692017007675	-367.5907158530364	-358.61842531343456	-355.6778441138481	-353.70697008930296	-353.71039876966097	-397.8223838369097	-510.21033523250094	-341.9738508025994	-1081.6849049034263	-6176.2155285011095	-10007.200557731258
79000	-453.8938743262057	-445.3629282226397	-437.8964761956959	-426.1903124817105	-416.50036215290794	-395.22923503449647	-383.9606596021749	-375.14134662613355	-371.479606169978	-370.1728452251603	-367.6755546476653	-408.770408092134	-521.1091828402971	-357.2332300972634	-1106.3717948821698	-6160.584254310199	-9873.85884134813
79000	-426.1611373468072	-418.5095338720458	-410.6486379686226	-398.58073378318727	-388.3116880542513	-366.96712006638705	-355.01508140155136	-345.03708881847365	-340.3525799753442	-341.0623112431662	-336.3389702715809	-367.0434477259618	-447.7232728701636	-325.70388851153115	-1008.2266410121822	-5965.798119648128	-9651.312976520601
79000	-450.0697060411798	-442.00239828247834	-435.37797022284036	-422.69976505811564	-412.3537087215615	-391.763061465544	-380.0840926704494	-369.6669621066571	-365.7715853730295	-365.4586816937293	-361.1722050435375	-396.3405588231148	-491.1397664478898	-353.46781097637165	-1063.4495264346954	-5986.8692054828325	-9698.015861881107
79000	-437.89559357735413	-429.44595320689376	-422.3782680067622	-411.23207761217077	-401.0850033152485	-379.60498001711096	-367.891616577752	-358.803051943824	-354.9660231614862	-354.1012882509495	-351.50566737429466	-393.26149737972827	-498.2192128731895	-341.52526802530434	-1036.4551424622437	-6190.7356220163	-9857.976651848297
79000	-443.0658716708105	-434.81725009287356	-427.1136558836951	-415.6978603031612	-406.0207269384172	-383.84400366776526	-373.065270482039	-363.88458709693936	-360.135905714789	-359.0238697633562	-356.95638212100727	-396.50465551871036	-491.5869085511262	-342.16125828767605	-1113.2143955089864	-6101.811297097273	-9947.242176314898
79000	-435.4743843771144	-426.81977031442506	-419.85794904345454	-408.21613437248175	-398.11456681025015	-377.1096061600256	-364.65634887785336	-355.361001945021	-351.4491445023189	-350.2998416118164	-346.8678154194997	-383.65328425960274	-476.6607055000858	-338.75653664982553	-1061.7727400697904	-5903.3570051848055	-9561.131007065871
79000	-434.6116916065031	-426.8642653720628	-418.23985211273094	-407.07689014324137	-396.3137004714201	-375.8378716932316	-363.45496218431964	-352.6851570688018	-348.4590633583076	-349.55054224726575	-342.0277496160623	-369.8140613034403	-450.0779081317816	-335.51486986025253	-1007.0256373811977	-5724.104691994385	-9295.6587049885
79000	-433.7443191377716	-425.22587445951586	-418.4524716164354	-406.3234508955579	-396.09212250624626	-375.54526531548373	-363.3639174912218	-352.656983390343	-348.028653242795	-349.2679404090876	-342.79587228178895	-372.6425238710015	-460.65143922712747	-334.75830641232045	-1018.7925142987461	-5743.7526800649875	-9354.093546929982
79000	-453.62395187553767	-444.1376090127933	-436.54706141619414	-424.9061899794407	-415.73943397946357	-393.9010801789874	-383.0894077741106	-371.5302466580268	-368.54945667715026	-368.7006413041541	-363.497626996661	-397.0271568310593	-488.59908818415175	-352.5957508943072	-1089.8210436939523	-5871.561241015357	-9523.763667472589
79000	-442.6212667944604	-433.6190432334969	-426.51764483321136	-415.02906454117783	-405.35438348243355	-383.3708595787627	-372.62525664542807	-361.9907147537161	-358.4873426929153	-358.0820552338287	-355.0019919066926	-391.6126086146309	-487.4032239663786	-344.2075431068992	-1060.929319820674	-6137.094038537163	-9793.83229363467
79000	-414.1670679765849	-405.18322125254537	-398.3445425287145	-385.5969052604372	-376.63339566449645	-354.59513830000736	-342.6237171485336	-333.03917452316153	-329.9077814184323	-328.8263361568605	-326.4569131871777	-361.7090728330458	-455.89387754340083	-315.67659471436286	-961.6750989206446	-6110.205382798201	-9842.054466498175
79000	-452.0937961479662	-443.31272535613124	-436.2237190644411	-424.897856370991	-415.2249140968508	-393.68212744294993	-381.4155626868133	-370.7087438063063	-366.56187338506203	-368.1480268843772	-361.4140473014242	-391.5182489151288	-487.9116570525803	-353.4170055920403	-1037.7829774143513	-5976.882951657049	-9497.92317254451
79000	-399.95275414491135	-391.69748939565284	-384.33975565528857	-372.4400355589029	-362.8038686529957	-340.72161450306965	-328.66858230995814	-318.60582388339566	-315.0784092304382	-314.8894847641222	-311.0022678062595	-344.53907552528244	-425.67726985697533	-299.96080242034174	-944.4668476659369	-5938.996848835209	-9825.103952448646
79000	-430.64221654698383	-422.08450886444854	-414.23933901089066	-401.9920840082357	-392.2098014398162	-371.15317093183575	-358.6598095416963	-347.81677094729923	-343.7697463937279	-345.5044689970253	-337.1020650978184	-362.37788531466623	-441.1874765593854	-330.3961697328163	-969.7268090612979	-5647.244194349988	-9214.051647340166
79000	-455.4524801199859	-446.2831287152614	-439.96793461756334	-427.94701534391413	-418.04287201331744	-396.9126365934254	-385.302974264663	-376.5724586335109	-373.3806313582591	-370.1169509920335	-369.6400955860846	-410.6094527901692	-523.8151987140861	-359.73561157378896	-1088.0344051901834	-5983.470503162048	-9669.936344910247
79000	-432.71521972794505	-424.60144657625494	-417.0827743669781	-405.01042187370194	-395.7796255459165	-373.9283415500455	-363.1969061217142	-352.77406029844195	-350.2620938531348	-348.1034884807449	-348.01406895357127	-390.3535357519027	-501.83915543965463	-333.638393627495	-1087.719305474274	-6148.1538767670645	-10181.626324206223
79000	-449.1079678961566	-440.9759843409682	-434.0552186410176	-422.8926589431409	-412.9060885232615	-390.56263360123023	-380.06931328802256	-370.48460767075824	-368.09165836198935	-365.2308755786685	-367.1391208363968	-416.19712427776466	-532.524073250578	-351.58195272529446	-1190.3701373612623	-6500.456591555318	-10443.634061382278
79000	-376.1553608059384	-367.75194330311444	-360.4148236997344	-348.2401275702674	-338.30254545082784	-316.9425016671823	-304.7600679731869	-292.9565335182423	-288.58721756385006	-290.3665054069574	-282.24013273364244	-302.33121814234727	-370.82984630731636	-275.9111921964611	-829.8901665493172	-5474.318104214581	-9226.523623742762
79000	-450.3357320016957	-442.08887328027845	-434.22173701716775	-421.81622014201605	-412.6442552083704	-391.6299458135225	-379.6471877475545	-367.8305907930944	-364.0432430190516	-365.1777313552208	-357.70785613524583	-383.9902947589085	-478.4519715619583	-353.1706819836691	-1055.9307507822361	-5708.510212970146	-9328.38889754335
79000	-400.27046887602523	-392.438696278389	-384.49118662966686	-372.50912588292454	-362.4498506128541	-341.56421016362475	-328.40140255383216	-316.7564852647556	-311.3280861774268	-314.97270120106344	-302.71484060724146	-316.31173685685707	-383.0064366701007	-301.3536184759203	-848.4316258885298	-5333.920463956728	-8834.831592647151
79000	-453.7855226068239	-444.9519903465643	-438.476141619698	-426.0168292132669	-416.8740754971903	-395.2228014200942	-383.85339545205693	-374.6916115514284	-370.91126791100936	-369.89943914279337	-369.2132034604674	-413.30616775288314	-514.5891898083721	-354.0303868527081	-1175.6319987194631	-6303.281082256251	-10228.254878370446
79000	-414.04025529457317	-405.5641727850617	-397.90785303520573	-386.1000011080339	-376.46288240109874	-355.1626889990748	-342.79813000695304	-332.78521884067476	-328.5866289586007	-329.24150559383656	-322.4824818090038	-351.21852308407125	-438.60813613770785	-316.4135183676122	-926.5391911909672	-5622.1289195905365	-9325.232241750056
79000	-497.458786579895	-490.08539093824555	-482.483626476751	-469.9271054470878	-461.4782096398775	-439.5996709554364	-428.4727547614796	-420.23731433264174	-418.24586181510546	-414.0728301459231	-417.0670883657577	-467.63625242561096	-601.0411095431285	-402.0467265697774	-1289.1627504041983	-6384.630567067639	-10231.518399954099
79000	-438.7300975193695	-429.76417285523405	-422.61601190258733	-410.6738623274389	-401.19577794005824	-379.95084660297886	-368.38690406164625	-358.2045365310361	-354.3174950371277	-353.9166235875917	-350.6114408301835	-388.2809734458878	-494.2559655353538	-340.65688298227104	-1051.2403556573445	-6036.958857737753	-9864.265711558997
79000	-437.37740374180004	-429.1700054942535	-422.35496139200797	-410.0664323345052	-400.81321002756727	-378.789148400298	-366.9430824288795	-357.3572378775342	-353.20877048737486	-352.7916474521988	-347.76816399969886	-380.233474068351	-469.7464409915991	-338.68443483506235	-1047.2560484382393	-5843.671353165354	-9537.026571082928
79000	-445.53103123197906	-436.4574271627837	-430.46723501139985	-417.57642048729065	-407.8060437276951	-386.58626810662474	-374.49832013284555	-364.6538654730093	-362.12432907155363	-360.7292298926962	-359.2235269334371	-396.4968548716447	-500.7669879462034	-347.06783496663064	-1036.8258921785418	-6385.24755286804	-10154.494248019259
79000	-414.7008713795417	-406.67945023943236	-399.4156462117691	-386.9632781804072	-377.54916507720384	-355.8409926553089	-344.379447559677	-334.38443089011685	-329.1921128853459	-330.1558315544067	-324.14565550959105	-354.43633348710136	-448.40464667263296	-320.2965324603207	-952.3785839396443	-5741.792407964831	-9460.232791853856
79000	-439.90570745489697	-431.43975197465073	-424.04810073895266	-412.3681260843713	-402.95882678489926	-381.9139715018058	-369.6478206031176	-359.94082418887365	-357.59998174457786	-355.4216540335371	-355.0332096277963	-396.25836661588295	-501.17976456764313	-342.55665430482514	-1093.4202892051821	-6219.951029260347	-10136.072963148918
79000	-463.01644746596156	-454.3299374757021	-448.05932277314076	-436.64689863554804	-426.17920081252225	-404.5655846212601	-394.0185344222235	-384.9095536871936	-381.2218014361293	-379.3839405829226	-379.26071414390196	-423.32028950960716	-533.0149261796282	-367.6092971173237	-1155.5056465281755	-6038.420972517218	-9842.41928343831
79000	-431.22824151034945	-422.8748194899593	-416.3707767483515	-403.7185234651149	-394.1063639062808	-372.3088496243727	-361.586799966327	-351.14363304869477	-347.700808260349	-347.0476877067168	-344.0764764993974	-378.9217995807445	-476.49536012801866	-333.75535149850015	-1023.5046532765678	-5905.486288425774	-9698.78972526167
79000	-458.144571831389	-449.95948070817894	-442.1971831796856	-430.1519097841857	-420.96343450297945	-399.50894625611454	-387.9028455934253	-377.087700549727	-374.0234541691255	-373.3775965074397	-370.4401713717605	-407.50441415792096	-509.69706163605764	-360.8612719365535	-1115.2940964234015	-6100.485516680538	-9840.994665855525
79000	-464.41169442845666	-455.5987526929312	-447.86379826279705	-435.7243936462038	-426.9616625658682	-405.08993522265973	-393.1923942305695	-383.7256668552868	-381.3829406254105	-379.8412268954819	-375.7723897116636	-413.196334863083	-522.5739195953869	-367.03864533317955	-1139.5316485565702	-5893.022337630047	-9634.899949111801
79000	-452.89828843726866	-444.34139632711157	-437.4113404992276	-425.6735769464236	-415.56410970306587	-393.5925669649054	-382.9195263907067	-373.08679214795956	-370.64084191556003	-368.2706658806856	-367.9238123431803	-407.79506070811004	-509.9300713174042	-355.4578960474695	-1121.7463967896936	-6225.93797715077	-9985.494900665835
79000	-400.1903019924877	-391.5601964638344	-384.5037047022583	-372.5509344991939	-362.4040041306896	-340.8425332176525	-328.1352055824475	-318.0689948040009	-313.61929626016797	-315.2745361940827	-308.5352682090485	-335.69465630609	-410.71161757640334	-299.67908172014177	-939.8795336822075	-5792.756626571893	-9562.77381264497
79000	-420.7296549395477	-411.95315358032565	-405.1685887812568	-392.97053478446117	-382.6258313062898	-361.43544135778194	-349.56109357282514	-338.58834666197646	-335.27151372655607	-335.19180863778416	-330.4565229735856	-363.503076121858	-447.89180419192013	-320.2026581278477	-981.515948853393	-5681.833439946846	-9471.037044669158
79000	-494.5466281441097	-486.09831293255	-479.2403095930501	-466.67657134081117	-457.41444715475745	-436.43888097819445	-426.04874155022003	-416.7357097420713	-416.3660932498195	-411.4633097947285	-416.67609496917595	-477.397882554834	-610.287571832366	-401.0932846755947	-1298.7064523482377	-6545.204864996225	-10352.928855004435
79000	-450.0055501916678	-441.1606240592021	-434.25345278250876	-421.5235538094504	-412.2932272876274	-390.88843203764355	-379.02988650936396	-369.47151227394534	-364.5013777081224	-364.8606516816497	-360.2514645407215	-393.06534547418204	-488.93479902750903	-349.7031448434123	-1065.0914953870958	-6148.612025864332	-9825.125721891007
79000	-413.12843519462245	-404.0578504435833	-397.15390613992093	-384.75926985111903	-374.6983806384214	-353.5644465176594	-341.14989712681256	-330.5946782312268	-326.8367453313239	-327.7877258892251	-321.3838461956095	-349.547349272046	-427.7647196634458	-313.0234111332558	-942.0783890576995	-5800.44100529132	-9549.346967101616
79000	-448.90698910781697	-440.95563250356184	-433.80729579121777	-422.2886382562069	-412.62888973883787	-391.013445196619	-379.00414517711243	-371.2955317672655	-369.1778871189847	-365.19859383253123	-367.3559687992804	-415.8953374777991	-525.8264479676435	-349.9545391754312	-1139.1183592576233	-6554.012968733108	-10455.79593655865
79000	-430.6034419581405	-422.7042434770302	-415.39915966740006	-403.5157310476494	-394.1064411274791	-373.2537384704334	-360.4949142930288	-350.5478528425296	-346.7028260052213	-346.06723966555563	-342.35939162773315	-378.6693951363827	-475.1911601126436	-331.6938684382647	-1072.238942637248	-5981.114356264377	-9699.759301183765
79000	-433.2308634909449	-424.12972580540963	-416.927691045137	-404.5568068535273	-395.1929179374633	-373.44970000631383	-362.1982373818783	-351.9889344094359	-347.8204714177602	-347.5046515124025	-344.4268597601963	-379.28537308638096	-471.24810898530257	-331.94001479625723	-1062.8602191297155	-5854.351267252982	-9601.590743861067
79000	-437.80690027924146	-428.909611235681	-422.56756712903535	-410.0856735800255	-400.648192691718	-378.85000442817017	-367.97496688439315	-357.7248866818991	-354.5053950180929	-353.1280891341185	-351.5345804692238	-388.8535491274618	-486.5787046359652	-337.91130906254466	-1083.1560736667675	-6090.815566731623	-9836.444274822954
79000	-398.37215581478426	-389.8723851287835	-383.094871431703	-370.28968685971734	-360.7258701484951	-339.0191996232944	-327.76167119246617	-317.1573920511807	-312.67452858939765	-313.77461875711583	-309.0326351841629	-339.3770915296708	-421.3233138119881	-299.34979860914245	-919.7456641245366	-5920.190956095815	-9614.318995004267
79000	-451.32457939199	-442.9534122830689	-435.3190520905484	-422.93966534418405	-413.9544900969073	-392.03089111754446	-380.08988653956703	-370.1888148081139	-366.13434996008544	-366.31542256933227	-361.64291406090723	-395.00484574994647	-483.20638399276834	-350.34281731842964	-1095.945758708508	-6064.676629012921	-9833.616781799921
79000	-464.2948778136973	-455.19056717802323	-448.8340706795478	-437.34551662161914	-426.4435454768717	-405.1959012636504	-393.9237701811022	-384.49610655111974	-381.6922378915553	-380.2741227429042	-379.0169234871953	-422.699063504479	-540.1381075902483	-365.8671361228985	-1136.788036915801	-6315.072911508533	-10123.627406071591
79000	-499.834023984322	-492.0805803062434	-484.00487447693826	-471.8898333875143	-462.9053533698694	-440.4795120898768	-429.91973235827686	-422.0615005978413	-419.62488201693697	-414.93865166417027	-418.2190297035405	-467.6404179289742	-577.9873950340683	-399.3112410204476	-1277.4354923413027	-6552.826467046566	-10373.770590176206
79000	-452.16142226743483	-444.13075723665185	-436.990764124313	-425.0665868352304	-415.1738816021596	-393.53743183756524	-382.731107994003	-373.0943255067726	-370.44017337638553	-368.0616276997259	-367.60467803778755	-410.05193937533164	-521.6684991473388	-356.52001110443905	-1114.0725808772577	-6242.467249402309	-10050.07852539077
79000	-437.44433179849284	-429.2199954532763	-422.4278337603983	-409.7326289776072	-400.2139642539869	-378.70845853584143	-367.4129234857855	-356.40652067360736	-351.3558689410926	-353.6902249716832	-346.1884269101826	-370.6872713329496	-455.34957848505326	-341.4405388525749	-995.2642770828329	-5722.941782477259	-9280.60561441251
79000	-437.8435622087688	-429.6034428035815	-422.68792581636063	-410.18211968177934	-400.4725752504874	-378.68687741349606	-367.87029140855833	-358.23738266159404	-354.9012760187371	-353.423395228606	-353.34977191962184	-395.46914003568014	-498.13378738654654	-341.82998254546277	-1086.03900932108	-6051.2898083201135	-9955.695733747441
79000	-491.52159527206294	-482.7051888227033	-476.1187781371879	-463.9174966778679	-454.32248386049	-432.6012254545317	-421.9633386892423	-414.18493172950656	-411.78583193341115	-407.56050793760056	-412.0072047444439	-464.5463080263541	-593.7324007400188	-396.7155034450945	-1270.7475069147908	-6449.723133141743	-10247.570689190872
79000	-436.9862844218615	-428.9448578131636	-422.12072311983724	-409.2749213527244	-399.7910404874692	-378.5449201199102	-366.78283305422036	-357.4973185792053	-353.72742428135876	-352.52791189446134	-351.47402073246667	-390.3093969686164	-493.02014540149486	-340.5283770691887	-1078.4396048288504	-6002.525322274232	-9912.32775858358
79000	-451.15397915118103	-442.12297806783687	-435.52493532342766	-424.04148497062056	-413.97465567330454	-392.74874927474247	-380.64903816345935	-372.16198072665594	-369.5700209225917	-366.0076893275512	-367.88019013925043	-415.34467656923977	-537.1651780447226	-353.3131115294359	-1143.2102850233832	-6379.507544408988	-10314.515703314315
79000	-440.41143943832003	-431.8964467952515	-425.073002397328	-413.2944957940264	-403.82338988840536	-381.48712114525074	-370.2502822931795	-360.0781613012674	-356.7093480233271	-356.69386849277123	-352.7342230921449	-389.0823947854781	-489.73284562617823	-342.5909145324075	-1064.7976083050673	-6002.891458335197	-9778.379173368026
79000	-454.76093690619933	-445.156821632515	-438.16190841272254	-427.3150238262907	-416.4216480434398	-395.8743412417556	-384.21626960561474	-375.55728920083806	-372.1408114918081	-369.3166020470893	-370.2426234039284	-413.7724416221144	-528.1353950369254	-355.812618299617	-1146.0489576995453	-6216.490132378214	-10004.319540647448
79000	-428.6115781021241	-421.7993874100038	-414.426012061622	-401.8103672569101	-392.3969382061605	-370.90339168529624	-359.1503277658768	-348.5291655141948	-344.400667482682	-344.7772846975523	-338.426215053949	-368.70964629701865	-457.2384279170757	-329.8889624848021	-1028.799233009959	-5834.7955775292	-9591.248631267217
79000	-408.47756534949343	-400.05128248546	-392.11030968784	-379.90935776403546	-369.965632244882	-348.99893197284797	-336.2129174270344	-325.3614782203477	-321.0570047099036	-322.85847516655895	-315.3841670277961	-339.6736467706063	-416.52511065885415	-307.16829263134326	-935.6023987803379	-5746.866644548956	-9419.166335531008
79000	-454.65692601507857	-446.3730790420642	-439.390762266497	-426.9645631528505	-416.8396504008785	-395.8414687215602	-384.00265805987	-372.3713199420448	-368.27078363476545	-369.74523988039743	-363.0091558659132	-391.68496135676884	-481.27065511997455	-357.2120636624265	-1049.4426963979258	-5728.311191438853	-9388.032779008183
79000	-394.77868877592897	-385.58243780926335	-378.68381343329196	-366.72885354306936	-356.9216667361101	-334.87266024375197	-323.0792276422552	-313.0752883024454	-309.3826351168535	-308.92233247335747	-304.8181103393418	-336.49119461579636	-421.59864739270205	-295.24441681247896	-940.183514526735	-6078.120050398389	-9861.305179780305
79000	-403.618556968569	-394.56438894442675	-387.68433554899576	-374.8756448362203	-366.01537277750276	-343.37414667630094	-331.6854656342001	-321.63262290283103	-318.0848086460249	-318.2075140744914	-312.48017451513425	-342.47290629924066	-428.69723808211535	-304.28037667647175	-961.6567672134364	-5816.08266426306	-9622.11960664142
79000	-426.6335209161725	-417.43871391077664	-410.46301193161815	-398.0062204357939	-388.6773862734344	-367.25718333788035	-354.8120845648274	-343.31342782101996	-340.3177855961369	-340.6156800658601	-332.51871618868665	-357.7820396823516	-442.1943318153891	-327.11942112855996	-1005.2282403499215	-5455.050487436715	-9182.448269886125
79000	-428.0537712962382	-419.30725656321283	-413.1681254618541	-400.1765633007767	-390.2931602930356	-369.5828348501026	-357.7416872519152	-348.25174719987564	-345.4300238302053	-342.4547967562262	-341.9874458651329	-383.58455346149464	-479.7055255991824	-328.11472527629735	-1083.5616125301676	-6265.26421711184	-10173.100345581244
79000	-389.21150752373643	-381.07481490863216	-373.36785637407246	-361.2822388025386	-351.9581384050954	-329.40778961610266	-317.5105947294627	-307.7937762661253	-303.6491608134099	-303.4643030583732	-300.87235501940614	-333.29050323947945	-415.08061139881124	-288.8384691179843	-920.1052781411148	-6003.7134609763325	-9843.272304654178
79000	-427.70298691751594	-418.8908848494192	-411.7027650780213	-400.02606494458564	-389.9576065617509	-368.0490634126723	-356.60364581480894	-347.2177724493869	-343.7959823386926	-342.53615500369085	-341.09677623904906	-382.045170644683	-475.5156816052301	-326.5223804622727	-1076.2986327992621	-6289.621262334162	-10235.050334216896
79000	-403.9971981345534	-395.2066163551485	-388.36114233959125	-376.48761176485334	-366.1941879679538	-344.4838538597574	-333.99582009679597	-323.37885767636135	-320.1650878148796	-318.6730077605103	-316.22214642865924	-350.76116308247924	-450.2448954765245	-306.4328460291615	-945.6718732504504	-5822.53021408672	-9667.31568844685
79000	-414.34854583722364	-405.8823768215809	-398.42089560286996	-386.1006223753917	-376.165289884357	-354.67542039267323	-343.09909421731936	-332.7153290813277	-328.587197126848	-329.3841486160011	-322.9501882327777	-352.5821981027418	-433.44172823429955	-314.99976375645235	-972.3374197395106	-5916.011289222855	-9523.258414139214
79000	-436.0820885870912	-427.2956107608268	-420.382796187428	-408.9863508971936	-399.1561036334654	-377.5037148542729	-366.5885613656036	-357.53819368873593	-354.060984366672	-350.77120567585524	-351.840276488422	-396.4354002906265	-509.96253594188585	-340.143365158246	-1116.7442757227107	-6242.979144243335	-10158.921925996332
79000	-427.21634372419805	-418.8338718206373	-411.1144115822015	-399.8850919885807	-390.0005560119399	-367.93758114427897	-356.4937149584759	-346.89438157862804	-343.442347389741	-343.048408108863	-339.23054376286757	-375.62299849497424	-473.46740295634714	-327.7638281943023	-1050.5637516395618	-6000.023872731341	-9840.147390375867
79000	-430.4856068365636	-421.9030060806743	-414.9233063281485	-402.8071741093686	-392.6844141394424	-371.36712116533664	-360.4955926722112	-350.2352056978229	-346.7867128472519	-345.5859651345668	-343.77133747950194	-381.1348254347133	-472.15096337678006	-330.1249570440016	-1058.6925166871986	-6261.963936194777	-10187.808889980928
79000	-438.90213905823975	-430.27665966620555	-423.6090158715562	-411.5229217000058	-401.3702819272712	-379.9954994945135	-368.4908277005562	-358.243709636849	-354.2252246629832	-354.3014752396409	-349.47212129143355	-385.1249361601771	-477.2721176900277	-339.9672091785973	-1023.7070594061272	-5967.60119404017	-9644.712357543098
79000	-414.162867012131	-405.8342297174069	-398.2699112308414	-386.44443991972844	-376.9182171779044	-355.34408000086694	-342.9303277325035	-333.22881312953416	-329.2990700719863	-329.4812027120815	-325.54834860111407	-359.537495751285	-453.7783167889608	-315.9091762719032	-978.5480765516842	-5851.911600805994	-9696.837350906384
79000	-444.9508832256749	-436.43784210354266	-428.6811604877682	-417.32700161385935	-407.36399462530403	-385.9660255448246	-374.52147142419943	-364.7717582925409	-360.7763588101737	-360.3113129607488	-357.56119733488146	-395.95775816419734	-492.86086537808046	-347.17463599576024	-1084.9566428589467	-6129.152893953814	-9823.855492348555
79000	-457.1496993736641	-448.8901211715498	-441.6844447097972	-429.4067004843388	-419.6174873739787	-398.23539072082446	-387.0971064473364	-377.9592824721694	-374.16016581855996	-373.27399591718057	-370.09354822570555	-407.5299032257373	-510.81660397835435	-357.6613545923983	-1137.1860161012285	-5949.150853243356	-9724.561718017196
79000	-422.96333523415177	-415.3888793653117	-408.0115116477287	-395.97807453063206	-386.2160970129323	-365.2692125379603	-352.4723699310476	-342.6029453286915	-340.004770535433	-338.8155856516368	-334.7144637754023	-368.0352497799796	-468.33110002303994	-329.4565783496789	-979.6771853776173	-5924.11445927262	-9622.934008509948
79000	-425.56778503630244	-416.82490633122836	-409.41278491291376	-397.6187906610045	-387.49235831903513	-365.8056037579011	-354.9195075836187	-343.7570974641919	-340.24652188623736	-341.11069989010576	-334.7213840401633	-365.0179926187248	-455.93739637967343	-326.94113415883993	-993.8969603069953	-5838.8376907087995	-9514.211629967762
79000	-416.03637271454124	-407.34083344816474	-399.99658877743303	-387.67550971704225	-378.9827255589176	-356.7301539766821	-345.53264621814856	-335.7900470150549	-332.6256724114456	-330.88715939200694	-329.78384201986813	-370.39195028327725	-469.21937610354496	-317.96501247053885	-1034.5418369299402	-5913.283315150559	-9759.608625884845
79000	-445.66705678144234	-436.87129659749115	-429.0602128698055	-417.4997114564153	-408.222910840654	-385.840478167076	-374.2378998383933	-364.8669076276023	-361.31976744052724	-360.3450458472578	-357.7388138593371	-395.4617562270033	-494.3363840899071	-345.7977460016494	-1075.8988126020083	-6140.065725875356	-9794.559219527882
79000	-454.53570254429644	-445.35681341685563	-438.32680611481527	-427.11628329473126	-417.0886167631419	-395.4811185239696	-383.9342605738709	-373.9516202456747	-370.47339332481516	-370.0200285228556	-366.7279516720352	-403.5071892809147	-513.2902014804731	-357.35692494359574	-1091.454525621375	-5928.948777145392	-9749.90259020255
79000	-417.7597033939204	-409.3211509755221	-401.44661877037987	-390.27644940958123	-380.1229454164695	-358.4426757607491	-346.9131284786691	-335.9489228397578	-331.44980853004375	-332.59729068635386	-325.5219656498645	-352.5700696449845	-439.3446483831338	-319.8154802688285	-956.417395661528	-5764.748289751443	-9526.234445849748
79000	-431.64792346815705	-423.38041394237234	-416.95790247024655	-403.78661044056537	-393.8576096073432	-373.79717851922203	-362.09336501697544	-351.91178332162843	-348.57982882160877	-348.10743140112066	-344.5724934969451	-383.7218731599676	-492.08574175173095	-335.90238025653366	-1042.8974678214684	-5772.726945868277	-9561.581480429408
79000	-421.5270723386845	-412.52189212300163	-406.21144443988504	-394.2894680714887	-383.7153855412264	-362.5463401753487	-350.81612245273476	-339.59235092873786	-335.7804147735059	-336.44437653162345	-331.53427426362776	-363.2811577461469	-450.933699256789	-324.17670493539504	-968.8181159008521	-5901.394410539447	-9550.777737544895
79000	-443.90299053122766	-435.4786178484889	-428.03503342492985	-416.5561323708381	-406.9662840175173	-385.18697019539206	-374.58011877376174	-362.92595409683315	-360.1159998561651	-359.19529045694907	-355.6819530854179	-389.6023291974463	-480.2836230806817	-345.5975214400126	-1064.8400840194206	-6082.327534375125	-9648.26218789757
79000	-436.89945573083196	-428.32952455106147	-420.8531105417538	-408.32548887225516	-398.7650075551267	-377.6458017665033	-365.5684472540272	-354.82703467716374	-350.21480000760374	-352.19584634024704	-345.23980845160855	-371.1877853141779	-454.43802241071154	-337.0552757170122	-1008.4304106671744	-5821.031425716527	-9329.562219606982
79000	-485.3424209148632	-477.35988489570747	-470.18817116561394	-458.0078542311734	-448.3499101625852	-426.63967984349387	-416.34651632483457	-407.0606454183003	-405.0487695702973	-401.18477878324313	-404.18118191704605	-453.7625306113923	-575.0792026893843	-387.23722953601083	-1261.8512110303122	-6543.662357921059	-10326.800570429155
79000	-395.06833922304094	-387.2048186700666	-379.5403564471748	-367.5474748787766	-357.3991484355983	-336.1768625074688	-323.33591235246524	-312.5801769661837	-308.6000292840175	-309.84511812599914	-302.2671158822829	-325.9813748715341	-398.4166992852451	-295.95625106372853	-897.9413063614871	-5705.896957063787	-9447.53705450296
79000	-402.29045350185623	-393.65420715113544	-386.47952780024815	-374.4991825434539	-364.1971385200387	-342.90461344577494	-331.3671922147957	-320.94146833950197	-317.41662330519836	-316.8920054815764	-312.44819826306207	-344.3547257626865	-424.6875076686951	-302.9170500608346	-930.0869639809305	-5757.5875980793035	-9578.943711528891
79000	-440.6895896037474	-431.9400411015679	-425.68568979709966	-412.62051764539217	-403.8230597139429	-382.00929428458124	-370.40887164961055	-361.39377995739716	-358.1341587325328	-356.04332531769893	-355.22051497640973	-398.64850082011867	-501.65788920901525	-342.2662901794427	-1091.539129057547	-6259.587963505115	-10110.535825112845
79000	-436.06257866431736	-427.3784509452503	-420.54206863844564	-408.3463268770836	-398.4618720092142	-377.41427104855705	-365.52128129927	-355.60670390680446	-351.11775796402793	-351.3478541635366	-348.27865093601554	-384.4409549853399	-482.4551804505208	-338.34991802333536	-1055.1969553566007	-5910.62967262816	-9571.978616309672
79000	-441.5751505733726	-433.2589827275021	-426.1224660786933	-413.52955540039875	-405.35012771546155	-382.7874589260142	-371.7249903150346	-361.48568654890744	-357.1213465632246	-356.4940635441138	-353.8450163689375	-390.4928395100934	-495.4819788183478	-343.74183861084913	-1077.3725864951402	-5924.470447851448	-9781.204349791755
79000	-429.50431763474563	-420.36844488706146	-413.68604428549196	-400.99986305860557	-391.85387959011365	-370.03895933144287	-358.21186807952745	-348.6626264219007	-344.76794889853295	-344.441861555693	-341.92084018816837	-377.6922527320814	-465.1458350939731	-328.3345630452845	-1066.5530855569618	-6183.197347677828	-9924.501610171572
79000	-407.48179581327787	-399.45046419734257	-392.1393676254531	-379.8887970597899	-370.34068310800296	-348.5218209721869	-336.61059377442666	-327.0372514887379	-322.8685831212605	-322.3118797470603	-319.14237798909414	-354.9719577148743	-450.13626430095456	-307.9449924116836	-985.8823047755802	-5771.589888593571	-9632.708270943484
79000	-463.72580296490185	-455.54094772276835	-448.84883164627814	-436.6566226493994	-427.4459441216933	-405.80226287861825	-395.0636110756455	-386.0941299993538	-383.1065195483674	-380.6001736107109	-381.16864947843527	-428.4586018744943	-545.2887441624098	-367.44909792841577	-1164.7835699328966	-6295.81802070694	-10154.31279581009
79000	-420.5805860866717	-411.96836501870115	-404.9877159212636	-392.4760780562756	-383.07777067579786	-361.1959824555958	-348.97391524752425	-338.7087427483243	-336.02294695699123	-335.1781695390438	-331.24078495570336	-365.8529863817425	-450.997232652565	-319.33216858669033	-1029.2936140749582	-5928.116619144166	-9811.70234517347
79000	-448.08695124235663	-439.5026039780693	-432.8291988307761	-420.34543016280554	-411.0291225094305	-389.75668802542316	-378.3593009181428	-368.3817162683579	-365.0218942416518	-363.47151907844557	-363.0095032624219	-403.55721415275605	-517.0655950770484	-350.26829280518206	-1108.3048810153311	-6140.611269702526	-10019.358491360868
79000	-421.4733857497288	-414.04979073082967	-406.2029467801278	-394.52719713452234	-384.343197294531	-363.14156261044855	-351.79742777923695	-340.44146144908876	-336.530915341509	-336.97974525929334	-331.44599624540325	-361.48483082865323	-449.14196178221965	-323.11980151931795	-1006.6965274859099	-5848.283696828987	-9413.635568781008
79000	-425.97997262250885	-417.8585281925303	-411.14286434870263	-399.11593972338756	-389.04982017828956	-368.04064658853395	-355.86222133763164	-344.90043963060396	-340.39368845010705	-341.68250588935285	-335.5370997523983	-365.7326005590497	-458.1597204965064	-331.8383997171071	-984.4680004433823	-5711.2785724265295	-9371.559791756401
79000	-433.1071412636648	-424.8036294843706	-417.20353186799474	-405.7455001930482	-395.0533503388819	-374.6648377053952	-363.18243633366376	-351.7713644347995	-347.9458762999618	-348.286611177084	-342.9961368294345	-374.9766392563602	-460.38060358700085	-332.3315829636972	-1072.639445484917	-5869.5928261534345	-9706.137881534842
79000	-405.02393754184175	-396.0744634449638	-389.1438885604354	-376.92469962012285	-367.08215076301065	-345.28631687449473	-333.6444346519917	-322.97003499417866	-318.74473239671494	-319.41652664342786	-314.49274439365325	-346.42065044836806	-430.7710155591932	-304.5016314835183	-952.7850295536308	-5928.77709605706	-9753.88941674374
79000	-424.34549839283926	-416.03033990905186	-409.35322557152693	-397.959396047719	-388.20996004622833	-365.8059524499886	-353.85442769668566	-344.38974933976095	-340.6217979004052	-340.59807406524254	-337.5604270675161	-374.3574161956578	-467.0766963833849	-327.6766949753426	-1047.9363320088564	-6000.668247027551	-9693.365192218855
79000	-447.6340200042697	-439.60648274127107	-432.3044965739754	-420.52927075070977	-409.7186083133702	-389.2222610177119	-376.80714835088094	-368.12519474327945	-363.7787821431716	-363.235755859525	-359.19157397685666	-395.52363652078526	-496.1391942120923	-350.7544251332004	-1074.7300406710935	-5851.245482983377	-9543.090531724645
79000	-425.06924054383575	-416.245679517311	-409.1130506793648	-397.20896603517133	-387.28662191857177	-366.145352706106	-354.29507230708435	-343.8012306577943	-339.14997988166687	-340.1549355188028	-334.02714205048636	-361.27783995915144	-444.17820144832984	-327.06428071939206	-955.3502492656822	-5656.719930565806	-9177.691535798876
79000	-472.6530867593904	-463.93286045828273	-457.1846519954367	-445.1871344697797	-435.29585490934426	-414.3758693324111	-402.3846982745218	-393.2305060383619	-389.84641331457385	-388.4042492987188	-387.53530869394046	-431.6373677276297	-540.8768149831462	-372.59788924778496	-1202.8979795084076	-6367.590085450915	-10196.769699848774
79000	-417.49579471249086	-408.75508520922756	-401.9865761210813	-390.16228188036234	-380.1761913893268	-358.0788437779462	-346.86193953801313	-337.12379967101793	-333.379686073479	-332.20613273899016	-330.97024018714455	-370.2041706471035	-466.84652149860545	-318.49636083250493	-1019.909854116091	-6115.943344010085	-10010.665867962294
79000	-407.30411676449745	-398.4199899070673	-391.39285503658715	-379.5615344103353	-370.0178897325709	-347.99095146482347	-335.71805540433536	-324.62147518448774	-321.27252725672764	-322.1334850836269	-315.9967509849623	-344.96665810488133	-422.8006280993619	-306.39730519533265	-961.8203370213137	-5830.304785652763	-9516.318620628284
79000	-485.4680382100663	-477.32297125028185	-469.6544944457293	-457.6219557755502	-449.73106228563296	-427.5388575891403	-416.31742640721234	-407.0514405535954	-404.36118771038264	-401.90644170224965	-402.33232647401843	-449.6437598988561	-572.443165602687	-388.3333409688852	-1235.6378610956203	-6315.367682775684	-10024.805790453363
79000	-443.25681188852184	-434.27388306029513	-427.6901975095154	-414.29123828495847	-405.72067815987623	-383.83392699981243	-372.4651813039429	-362.25184348463114	-359.44212045451707	-358.7648757547896	-355.2598259616881	-394.2518863954427	-502.5232628356351	-344.95359960127655	-1081.4742444542665	-6083.6746131891905	-9813.429395013125
79000	-444.3940853929835	-434.5549107733859	-428.3480955109953	-415.98044246516497	-406.75775934051893	-385.58334190691625	-373.3876498481466	-364.3875830692957	-360.14373966758683	-359.41377124243843	-357.9649528378423	-397.3823361258126	-503.6080516524578	-346.5025367216817	-1078.2797569325169	-6116.538311425201	-9881.188729839116
79000	-456.3287597977068	-447.6907300880794	-440.9205245339709	-428.5201394804884	-418.52526521891394	-397.430585254188	-386.47602132825114	-376.6349361186879	-374.3825759069373	-371.9961872615121	-372.25097228706505	-418.3811919225698	-524.8417005267204	-358.122458218429	-1181.3870043210247	-6480.166998938412	-10416.245789908311
79000	-416.4413402851742	-408.23344511970197	-400.948904006143	-389.2788664886531	-379.38180637893424	-358.1003195002884	-346.4863526968879	-335.6359441671233	-332.68999058347237	-331.7864231048469	-327.52288292738325	-359.88893158436053	-457.22691561005024	-322.7199978903444	-967.0225516541492	-5687.7108165977215	-9360.775586136908
79000	-466.61005972714537	-457.40682664704593	-450.59267875439303	-437.620311771674	-429.1129511211882	-408.1727353581062	-395.73115800661105	-385.3172114204166	-381.6113460772738	-381.61684984846573	-375.5624577886226	-409.06495832100336	-509.0584090576833	-367.400335456564	-1074.2942195504104	-5974.476975384606	-9545.90827567811
79000	-450.26729113565756	-442.46984946358157	-435.17170447867517	-422.809719137614	-413.74477197858636	-392.01667209418815	-380.3482539691563	-372.1755330270777	-371.0005083715489	-366.31035417619444	-369.98941768224825	-422.9687975244433	-546.4618588612027	-354.62364022224557	-1138.2293881927899	-6612.560526516304	-10560.672207954472
79000	-438.6016280166795	-429.82254411814694	-423.09546866969055	-411.0354981425231	-400.7862299642153	-379.4043239594766	-368.0238665825086	-359.2580698197197	-355.36172843089304	-353.419176567158	-352.40768389191163	-389.98913389220223	-507.4372343940039	-341.47555149187036	-1037.556288399888	-6042.303561766054	-9844.821650857975
79000	-439.54786160556677	-430.64321695232053	-423.70226420522073	-411.9883056501932	-403.1783736821804	-380.83758472128045	-369.68790575215627	-360.702782976851	-358.9884134116391	-355.1374507101343	-358.5006789521818	-407.114359910834	-512.2070392691616	-340.76929707925405	-1112.175501422079	-6861.848591902835	-10910.559963315269
79000	-426.586242823869	-417.94081336582343	-410.9908239332828	-398.7088662533631	-389.0721582658292	-367.4741931836864	-355.40738088455515	-346.2128210313393	-342.1934598090485	-341.32177571769535	-339.80546291336947	-378.48648725131756	-474.97083574802804	-326.28298544424706	-1035.4372642012056	-6138.6906060869815	-9976.974747793794
79000	-440.4583472515138	-432.59237454410584	-424.5024765471954	-412.8974274694972	-403.13309997513824	-380.8601024668922	-369.72480565907574	-359.9532049120244	-356.92255510425673	-355.7336142522532	-353.7505436458614	-394.2078158463052	-500.8156219485706	-343.1173522908378	-1113.515964418881	-6100.5039423446215	-10003.069687127205
79000	-425.58885161051086	-417.3395817296544	-410.3391478744239	-397.67800471439136	-388.62302477896196	-367.15738259124265	-355.2569663290195	-346.44740590215434	-343.0428166954799	-340.5573885243323	-341.1742594214323	-382.37268161181106	-483.3099758130613	-325.4713198402163	-1067.4532826643685	-6190.283742318124	-10115.061083658586
79000	-492.72541883270134	-483.98236742810514	-476.741077270077	-465.149414833323	-455.02742424406017	-433.81618527094196	-422.96815859757913	-413.0392141048051	-410.49517825250325	-408.0249247895874	-408.01626861439087	-451.6330940979246	-563.383843847664	-392.96197422941356	-1252.7275320591136	-6383.69143648015	-10101.424180397615
79000	-446.47900559581007	-437.2469326577436	-430.16370606316315	-418.4897280702255	-408.13819722933533	-386.31153465380453	-374.99459796289904	-364.98646321616997	-363.4017226783602	-360.4510857020306	-360.04592467907645	-401.74644503334963	-496.20836612144416	-345.7435243002204	-1095.4288784572504	-6214.10084257101	-10004.243125582216
79000	-425.1529581539153	-416.19049892438676	-409.6444434427187	-397.19310443071834	-388.3548885408828	-366.05362417171165	-354.6823707449361	-345.61251816418957	-342.5537901670175	-340.4391069408437	-339.45920920395776	-380.2900370401586	-484.8041927597369	-327.8698604536133	-1046.883549520285	-6085.852470676508	-9935.920857105119
79000	-397.81690947058394	-389.04743406589245	-381.8907236617836	-369.51486943091913	-359.80633672366054	-338.1784663894826	-325.8886504238178	-314.1080882086	-308.33772293588856	-312.45248632567376	-300.11214000077473	-314.572388363653	-385.87165768903844	-298.73421312645814	-852.5432204953004	-5154.1178029469365	-8731.437101278594
79000	-443.34643056523635	-434.8808587232313	-428.1071650963716	-415.8886908477534	-406.22593013711275	-384.9917890791786	-373.1761240156645	-363.6290882200086	-359.910181604852	-359.7040200201506	-355.5869995474215	-397.4987947278292	-506.8643453854448	-345.4364412483019	-1057.2933780874928	-5891.621660156483	-9682.865975976134
79000	-443.01631371366653	-434.98294345390036	-427.37067533521014	-415.45805730401435	-405.4999494013369	-384.26884190731226	-373.20466439044924	-362.898310324419	-358.9542071643709	-359.4611371171569	-356.65526943565504	-394.72723289837126	-490.7255095740062	-345.21763256245777	-1058.6399137799801	-6037.1896824675105	-9758.833296785086
79000	-454.10229240730916	-445.46930142049143	-438.64015762191474	-426.88599253253403	-416.91199499422197	-394.77329178293326	-383.6552799532943	-374.06276620762355	-369.85649745756064	-369.63170783774365	-365.3529196413327	-401.8415066596324	-492.5416801847582	-355.5551354861761	-1113.8943424214892	-6023.873049241222	-9673.431601171247
79000	-413.072628296926	-405.2126501115398	-398.5621844455242	-385.96067516393634	-376.2749822529618	-354.2141967779596	-343.3756866356094	-333.62681920144155	-328.5777715565496	-328.9772927592621	-324.4060139897027	-358.62587972812895	-458.95779627864937	-315.20953297709985	-990.2234200016017	-5757.187212427011	-9540.595424505002
79000	-413.1146100172617	-405.3187593583896	-397.51860519617634	-385.82899468790265	-376.31295936692226	-354.36393669704984	-342.57087295491675	-331.392025053839	-326.34901771777305	-328.70295661856306	-320.5995807149423	-345.71600550283165	-427.7175731360067	-314.351518711572	-949.5733190781696	-5496.041311661203	-9121.78680274464
79000	-422.95576571875006	-414.3709270840629	-407.2612929618926	-395.18746818178295	-385.8031146446177	-364.3345915557599	-352.9106594389188	-343.22434931646336	-339.0791708192774	-338.73237722222285	-335.04104402780143	-371.87786360353067	-473.90969492914047	-325.77757528125244	-999.2940467388848	-5963.929477179594	-9779.139162089112
79000	-431.3957209101773	-422.461461964923	-415.60058587690804	-402.7840582507396	-392.8056194219028	-372.8248735861843	-360.8913437725564	-349.47532944139465	-344.3121593103161	-346.1180089588245	-338.4246421799836	-363.3864892738394	-447.66086104369896	-332.37010789104835	-971.0552865169846	-5498.521145804245	-8994.176214627942
79000	-417.0455097091342	-408.52855075043453	-401.45605809760394	-389.0817823976554	-379.9565778257779	-358.4783638775208	-345.4875563451083	-335.9829265818538	-331.78144009101334	-332.40305402907956	-327.1788816739663	-359.49171146537867	-443.3346709469949	-317.51112356424846	-1007.603957973425	-5883.854695841315	-9643.766543304846
79000	-423.8509396883211	-416.0218227164634	-408.50767438422844	-396.02777701802404	-386.1373299235943	-365.21693316741175	-353.14545177265416	-342.44018414677413	-338.1617438548227	-338.6656348473385	-332.3945016637657	-359.0631758264	-442.5555633668077	-325.3882297843875	-997.5182929821207	-5618.763417289255	-9270.12201984463
79000	-431.00310619292054	-421.86471394121037	-414.444526720626	-403.32434555412704	-394.18942320961133	-370.8233796210995	-360.3888225321346	-351.00306456559383	-347.98322820807846	-346.07806545832483	-345.0861202077973	-386.68200939228177	-480.8062210375717	-331.2558107381433	-1044.8641025419433	-6450.36100695511	-10278.167195884882
79000	-461.7280738615435	-452.8742961059398	-446.4171525740746	-434.4584452319301	-424.2646745359992	-402.12753026125637	-391.2805943826216	-382.28545985937416	-379.25374076532404	-377.1015187686703	-375.3864122728793	-415.71148436718346	-525.9790879203176	-363.55110358200295	-1144.3243876378501	-6257.379408261014	-10076.41980062888
79000	-407.8142323065456	-399.514114575126	-392.4239211845642	-380.6047470309901	-371.1106531123608	-348.2932075593146	-336.51960231866036	-325.90176743340066	-320.84286188132097	-323.02807036419443	-314.6719771554361	-341.3019414338679	-413.2947422597292	-310.90396570203336	-950.4089633199844	-5559.829507788331	-9252.326965533599
79000	-427.7199495297333	-419.5072687255262	-412.2976713552857	-400.02972850422043	-389.73361603703324	-368.26831576495005	-356.2493198407729	-346.2137535747058	-341.60113851616507	-342.9168810650834	-335.5332865728572	-362.62026533066927	-445.6189437025477	-328.14458945498706	-996.8589241369011	-5635.1240079342	-9318.570465270648
79000	-485.2500041150039	-477.0146905634864	-468.8339661948642	-457.0665089785746	-447.8341541859141	-426.7882373783713	-414.8338172558103	-405.58886089432843	-402.71615103108473	-400.88237539219233	-400.16811270792283	-441.3321636399838	-564.1118674811706	-387.4175933717814	-1195.0091884469973	-6160.196030126381	-9793.403587761391
79000	-438.4825620957653	-430.76875128178955	-423.41119419005776	-411.7613659993533	-401.78121943989623	-380.08847051211814	-369.40168062121114	-360.6605273061364	-357.1208852007682	-354.2274355071695	-357.64000479554505	-407.42387990737257	-511.32638591504445	-339.20174562108383	-1134.4411684282668	-6675.227570354482	-10658.893598893295
79000	-449.3109409259825	-441.18200463811337	-433.83266062587137	-422.1191036858829	-412.237195364429	-390.5164499528903	-379.2115804255979	-369.2454476675211	-364.4763271207125	-364.2373427782918	-361.3352516605199	-397.4866340487507	-494.5969936769674	-350.1121813665574	-1090.967060043746	-6174.0227995668765	-9998.717241768125
79000	-438.1286684991493	-429.90257365188285	-423.1720407606983	-410.1171652024166	-401.4906973809559	-380.0941564234312	-367.8918907964343	-355.8698903380884	-352.87219728959303	-354.0973875329696	-347.2849306332661	-376.8684932550921	-466.49548227833105	-340.5521256985205	-1026.4970242531372	-5768.095826257317	-9329.612466925453
79000	-436.737220913144	-428.4899339540102	-420.69360338448297	-409.0661193451366	-399.12049588228064	-377.86045192896995	-366.25822744539386	-355.8373744317739	-352.22354047811535	-352.0785025985896	-347.5317198036678	-381.6281938557557	-474.2216139640253	-336.9315792805397	-1025.133637181993	-6206.227941877877	-9937.07896434819
79000	-424.08829447823774	-415.4517510424345	-408.1101607423689	-395.70895399934955	-386.0234535288063	-364.47575021152153	-352.1861012533287	-342.96072875931833	-338.0576062412107	-338.7747776946758	-333.1314387819983	-365.12691801054615	-459.27318435367533	-327.99411840218113	-964.2312011015013	-5820.10445263804	-9513.919784444986
79000	-440.79068869934093	-431.92433479313075	-424.755770897264	-412.8625594192707	-402.8154593331642	-380.6978830466723	-368.9104046491743	-358.61899619519966	-354.06764790307125	-355.52220374512353	-349.48201581712476	-377.74929454694285	-461.03405848853765	-339.4256577049729	-1039.9809269502348	-5916.629854474354	-9508.550600237935
79000	-424.7713817901989	-415.7722799630546	-408.6904948997763	-396.6485963160193	-387.1578736032601	-366.26449720181586	-353.45882174037865	-343.39866599097957	-339.0468794200758	-339.127582659687	-333.8817959921867	-362.2153483866713	-445.64679689980045	-324.4914773854521	-1014.1980528051674	-5829.3284351985685	-9504.120679909833
79000	-451.70403566669575	-444.0580196450905	-436.8858447808164	-425.7659130828106	-415.028220977327	-393.7742208400728	-381.88641014067434	-372.52937249696777	-368.50191155098344	-368.32372098713813	-364.9442580321987	-403.2184530264683	-497.249190312398	-353.0100531600108	-1124.0465214916053	-5911.434507058904	-9772.829335519127
79000	-408.8929769716946	-400.95114940748806	-393.38379761064715	-380.8393699082337	-371.1116940671957	-349.74569644276164	-338.1219996291825	-327.28660843118234	-322.84034185390675	-323.578404649872	-318.4335893115365	-348.30376108135147	-436.3241424318883	-309.8200215431583	-959.9421883116714	-5890.623286486377	-9570.403885862508
79000	-431.89073794707656	-423.81361022295346	-416.2462162863389	-404.62950862067885	-394.5089925594293	-373.1450370864659	-361.92118247620294	-351.30548971508193	-348.7290515555639	-346.93154101951166	-345.5237805785552	-382.9708996574615	-482.2351866692606	-332.6576749756296	-1059.2586740432102	-6171.499900947056	-10001.909637987952
79000	-427.11773307269993	-418.32149229438437	-410.8430087695696	-398.59596308251867	-388.97185549199116	-367.20798989426305	-355.51772560853607	-345.27432056917314	-341.02699733966875	-341.1626435306714	-336.1747404804856	-365.3400972019679	-452.9871666898369	-326.6937507939242	-997.7502813095574	-5720.085956500413	-9349.27712627824
79000	-462.85269405190127	-455.0174281014229	-447.8933567214032	-436.23061807629597	-426.4142945773403	-404.84712297278753	-393.67997070703126	-384.5589889129877	-381.5729694289842	-378.60376291484994	-378.6150165962251	-423.9762628540958	-536.7129878833821	-364.09761373853337	-1176.6649648330742	-6157.251899347561	-10073.951223551367
79000	-443.39638511776224	-435.1036574841985	-427.87749023453176	-415.0214412802445	-405.57418547502647	-384.4323154557874	-372.86798623312853	-361.71692762022	-358.4785083868672	-358.06800793822833	-353.70091596122415	-388.25797649649996	-476.4004849513158	-343.0350612786522	-1085.1306462062855	-6072.282965241898	-9849.179557013547
79000	-451.2871537068582	-443.9969138257252	-436.2818758358456	-424.3461193346957	-414.2046355232121	-393.01655713872054	-381.26206359437356	-371.58333152555736	-367.56317095963385	-367.16658610681964	-362.714550768035	-397.3099953659542	-496.8325526576096	-356.9006002942118	-1082.7200396210476	-6001.867829831695	-9606.887893123265
79000	-467.3951337990554	-458.91150819417044	-451.00884163929874	-439.7044924087352	-430.096878110283	-408.08031454330967	-397.12761969355	-386.90332827542954	-384.77262254667824	-382.81245315170804	-381.6157645402255	-422.92664376757125	-524.6118144041056	-367.3911083967223	-1190.1946040368305	-6174.946886518296	-10012.804103477518
79000	-443.24658419657425	-434.47009065751945	-427.31471742579737	-415.45556607486674	-405.66962268302336	-383.70558230164954	-372.29242975042445	-361.95095485564997	-358.0473127219915	-358.38731473268314	-353.85807972583615	-387.5260028435316	-484.93969627688307	-345.876721351724	-1053.2304000340807	-6018.40060209502	-9593.278618572496
79000	-439.430463312352	-430.267134444694	-423.0788221099339	-411.00539157788364	-401.4983541535861	-379.60323644606757	-367.5749213043545	-357.12339886424036	-353.067729098739	-354.28145494020214	-347.366497553044	-375.9033661860591	-459.92650893767075	-338.6042183948152	-1037.2069386946164	-5701.443010538318	-9272.353898300076
79000	-471.1944483866277	-463.14957444190526	-455.4529060647937	-443.2023718488798	-433.7983166135645	-413.2317221809447	-400.723336174121	-390.80683508111315	-386.8104767837579	-386.48455862731356	-383.13827781291593	-418.9205741669011	-514.3630657982611	-377.2281076579837	-1075.0460211990314	-6015.398450812299	-9562.33146308503
79000	-431.6169964041107	-423.2826694183408	-415.95622550031584	-404.16727261716915	-394.3408985021023	-372.6026931022131	-360.73264364922517	-350.30288072635955	-346.98895698573443	-346.3036613080896	-342.81873082324074	-375.95060554018886	-473.61907594709805	-332.60914557042355	-1048.5170981644267	-6045.623971867551	-9783.943291062938
79000	-463.3097062530772	-455.3067090072953	-447.7133450223142	-435.60363420012993	-425.73425296724446	-404.1625579623175	-392.8123597421311	-383.54082043809103	-379.91619048833604	-379.2518496908098	-377.3050764097084	-418.87342238741314	-524.4732807421778	-365.527321607329	-1170.3302835811385	-6291.758194819641	-10060.124616517724
79000	-429.72357661272395	-421.5141994500929	-414.0649937875042	-402.07004083469144	-391.94035090286616	-370.7407646047704	-358.1241836329007	-347.79998668889965	-342.9224204127157	-345.07869189133606	-336.31479185270035	-360.30212613024725	-444.72210025403314	-329.640760614273	-959.6443653495271	-5638.760643933221	-9226.290713005463
79000	-409.0335468295724	-400.11065668852956	-393.31512508879365	-380.52122351722346	-371.1798607953388	-349.19987145479735	-337.23452753409043	-327.99466431738034	-323.78461933657167	-323.94019034969443	-320.5434989410166	-356.23395301246006	-444.100872661642	-311.4667786569369	-968.651204804782	-6111.05998436031	-10055.37005822667
79000	-420.75234133698183	-411.94792891464147	-405.14501038379314	-393.08480302727037	-383.37211339385874	-361.5814222309409	-350.270780924812	-340.4786603900223	-337.5707405644381	-335.88083226186274	-334.15778783453254	-375.3355774722209	-472.2657902187199	-324.81417175297804	-995.4989503239836	-6112.363426778151	-9944.495247939381
79000	-435.1053757544535	-426.145402206371	-419.4131045006207	-407.3697506255935	-397.6398812476795	-375.5699688431172	-364.037719682106	-353.7368359443735	-350.08043331131086	-349.452863528493	-346.3200314449533	-380.8014803935422	-470.74786595882654	-335.5197891464352	-1043.0927647808628	-5821.79241148073	-9686.920664479625
79000	-427.00717254396835	-417.73015264684364	-411.1546376354556	-399.4372977425727	-388.7749426898621	-367.5360104656442	-355.93311323579985	-345.36255500882874	-341.3823426206348	-342.03555547194713	-335.9174076439168	-365.91285527182254	-453.53026039274005	-328.546814228439	-977.3409727856579	-5733.719531080545	-9357.415466965618
79000	-474.92501176492624	-466.7241641057029	-460.10257496370133	-447.987245671615	-437.74561323713357	-416.5693221510446	-404.5838787822806	-394.41610944076837	-390.11990686217825	-390.870163887107	-386.66007498677794	-419.6298186777636	-518.2115105328517	-379.5014230372848	-1108.2427460022407	-5874.430895667558	-9337.89935760872
79000	-414.3730100283335	-406.85696443510284	-399.26584729543316	-387.51030474598883	-378.0453791462044	-357.04577629729636	-344.57223389196275	-334.55355695377386	-332.1629628958021	-330.7877980144604	-328.7167428830229	-369.2419428570608	-470.5498793880958	-316.2565732907376	-1010.7750230920983	-6027.733224452104	-10060.572456709417
79000	-453.94941533912043	-445.65095975724864	-438.3535595009228	-426.50265938322536	-416.42524782116095	-395.0749756520863	-382.8927327881484	-372.35509318024737	-368.2493693279734	-369.30028085492785	-361.35217816792675	-391.19347756713637	-473.97836749048975	-354.07039180414716	-1052.608993697225	-5762.496623889736	-9263.358134873806
79000	-388.8268503826032	-380.48405378196304	-373.73522907109435	-361.6555451042235	-351.68779373403504	-330.2467140502796	-318.2534330312173	-307.18209869599804	-303.2960282058059	-304.30679156842217	-298.314277908379	-326.6308282889602	-403.7292813995119	-289.5633598304946	-905.8852024729322	-5672.912380189651	-9469.699492981405
79000	-424.28763519004605	-415.9058609607593	-408.75582214158914	-397.37258239367554	-386.98162640504944	-365.58591137799965	-354.3240266674387	-343.88594834171226	-341.8103205964167	-339.29172261050223	-338.2629232350876	-376.36605121636035	-481.23885894361524	-326.5643175112351	-1025.5707591172406	-6163.962618309865	-10027.825760871281
79000	-448.0551725416091	-440.3464273719112	-432.6656013044754	-420.8740153690384	-410.94450114110225	-389.25374163321516	-378.0955036134191	-369.2979290761578	-366.821619439995	-363.7439716061582	-366.8717113259585	-415.0037862288332	-527.2168135868543	-349.14526476108944	-1160.28113256608	-6463.487924137419	-10333.503669057647
79000	-462.3409792590756	-454.49034514587953	-447.1590528762545	-435.27030608076916	-425.873052606376	-404.24943129424645	-391.5909851456038	-382.95359239517046	-379.55897113412794	-378.2661712132906	-376.283423860807	-414.8446391085564	-513.2300934748943	-370.70410349865057	-1131.1386934559073	-6097.544843220158	-9811.53938463915
79000	-419.97620028497613	-412.22570749273467	-405.3112274310143	-393.1085008227583	-383.3528147502416	-361.9119628576914	-350.66766567404443	-341.06930670221857	-338.27901885259746	-336.5800225477015	-336.0053759782424	-379.5550837334884	-488.28121128792344	-323.8663529387063	-1039.3463453395048	-6018.957909058902	-9933.657614471937
79000	-467.1010336294143	-459.2613835332183	-451.13047396985706	-438.8925021061415	-429.02203257517573	-408.53139676430203	-396.6214022593672	-387.080168443895	-381.9417779886762	-382.2688944624572	-375.6105486964766	-408.1042345600212	-505.6941791098066	-368.57578237297014	-1091.1381933559626	-5815.083966465374	-9386.261198338805
79000	-482.3915568773735	-474.53993194455245	-466.04827593580586	-454.9793002187797	-445.31531994022725	-423.3855802145426	-412.28557555210284	-403.3208194951604	-400.4742873704814	-397.676688109314	-398.8519434186696	-446.9532297207826	-565.4676500955261	-383.82753155642047	-1233.5344752543701	-6295.8047910547475	-10112.743452291617
79000	-448.2350924607987	-439.97925349819195	-433.39634596129275	-421.26724140359363	-410.9529640524944	-390.1324199930217	-378.3374363367065	-368.9775295760337	-365.6050342948511	-363.931032681292	-362.50524981842835	-402.6269614985901	-504.387953310386	-348.77387819217955	-1088.8444900531304	-6240.676984395799	-9862.387391809929
79000	-445.20475912328203	-436.77503826932247	-430.00676180645763	-417.88652233868083	-407.5259387995901	-386.3110045542031	-375.90883142551576	-366.65693388866725	-362.98838475163865	-361.4374530913777	-361.6948219046544	-401.8744132181368	-514.2196401462033	-352.73258153286883	-1090.957699845185	-6138.264972611827	-9899.37316874038
79000	-457.3477186322357	-448.0393186453611	-442.04998053163484	-429.34764948116833	-420.76444643419387	-398.41075276208903	-387.43741075848544	-377.9959701992845	-374.04034101645465	-373.10154268455125	-372.2242682714614	-415.9502282395556	-527.010162591842	-363.88589966503184	-1121.6398160416234	-6058.757860699177	-9860.071644464066
79000	-414.3076818545616	-405.7260414120805	-399.01350296844095	-386.99200723136096	-376.6221937205885	-355.5746495491981	-343.53233055662736	-334.4243000890073	-330.59462930023824	-329.45285258718764	-327.42470916218434	-365.8663666894715	-468.83129515770145	-318.1239155672975	-1005.292699937276	-6095.836535356349	-9947.149446753447
79000	-402.87668762717993	-393.8610757107417	-387.1530884761541	-374.97773200762447	-365.3342692170444	-343.2590929017851	-331.6161372938682	-321.8391764453141	-317.1572956692598	-317.80780340626126	-312.29809521447845	-342.86026418254914	-420.7571390966194	-305.189397874368	-938.1224232388198	-5638.82053606235	-9428.878137213602
79000	-421.47435852486177	-413.09238901136024	-405.38914988133996	-393.1197460221897	-383.15349219442777	-361.6550865837888	-349.6924829879807	-338.3235126494753	-333.40509415078367	-336.4942432438788	-325.04211060059544	-344.14165757276527	-416.4485100464616	-321.2091125519198	-936.4709916352169	-5406.643336751839	-8882.104563599814
79000	-464.93952652201176	-455.83273571388236	-449.2404222883975	-436.88928555648135	-427.4328023703592	-405.56082724019825	-394.5976180812809	-384.94790161381206	-382.00692821643094	-380.56664524383814	-379.4145921324898	-426.7345116618404	-543.5893001152859	-366.9051886048712	-1184.0944287920847	-6341.601605665895	-10255.51014006188
79000	-447.02940029625057	-438.55865062839644	-431.4994077233717	-419.6127992069422	-410.09082632271895	-387.8488150209952	-376.4434807531772	-367.9311345821699	-364.50210279783727	-362.13672689610445	-361.4726598189315	-404.5479114474229	-514.1845270575182	-348.08776671437465	-1109.3091828909426	-6114.379919427632	-10010.816746609751
79000	-432.29825465577136	-423.921846061489	-416.8216616365916	-404.1246869510993	-394.71448718154585	-372.82880798187796	-361.37521543815546	-351.59785654314953	-347.10255415750885	-346.8566312521176	-342.4758855075644	-372.73870151564984	-459.699698228702	-332.61765539553073	-1000.9861631869356	-5916.981262704047	-9578.553884001678
79000	-459.1085199360369	-450.61535899273053	-443.52405207127987	-431.4179542479658	-420.8676684055756	-399.97475809118623	-388.9662200500542	-379.48505112307913	-376.11065753733016	-373.9759536892478	-374.5565945970587	-419.3619253493725	-528.3492560434472	-359.83388378020805	-1169.294316547633	-6265.625413176818	-10056.299366399715
79000	-455.30288343380965	-446.80118577250937	-439.81098206646	-427.4815883990751	-417.7735786204961	-396.1220556181252	-385.173039156678	-375.9038785377794	-372.0368171685381	-371.5554058437937	-370.38950570988067	-411.26278315139064	-521.1330377954441	-356.7294959351602	-1137.4166097067932	-6124.970541543313	-9933.70619104353
79000	-441.4823679746656	-433.06409708583436	-425.94300876200515	-414.02255035620794	-403.8184380484382	-382.613892639225	-371.59215950634353	-361.98003225961276	-357.7372320403644	-357.1866118821759	-353.65492336667523	-391.98832065051823	-487.9095885920595	-343.0529816568975	-1072.7746439139194	-6037.94969539981	-9726.395777561738
79000	-412.1142690389616	-403.9503542802158	-396.32196111272657	-384.81819756374523	-374.3862599788955	-353.03494953583237	-340.6342382226339	-330.0600809529033	-325.2682462166119	-327.0291851302026	-318.52244080087854	-343.15262084697184	-420.86741870859055	-313.1083054142372	-933.2916726690963	-5803.847762362025	-9491.078898193546
79000	-415.92765110020946	-407.083663269548	-400.0832715986815	-388.1158180052578	-378.819424602327	-356.98651136996307	-344.51243600051185	-334.6722958734316	-330.09569029319175	-330.469481868082	-325.97384293587703	-356.4063048043787	-441.0867469370308	-315.96529304403595	-977.0147204945938	-5793.3551365050525	-9531.492505925995
79000	-422.62424715667447	-414.16925917960145	-407.39880564887477	-395.5787255199094	-385.829666122199	-363.8257817200206	-351.6739576261794	-341.9554916343825	-339.0620815461243	-337.972299950308	-335.8654512837205	-374.90702729079766	-467.4946499272025	-323.5377674492469	-1036.4843524383668	-6222.252269048167	-9991.126009303063
79000	-466.8063376702	-458.64910191284883	-450.5628072272344	-439.5260695202387	-429.1958723136336	-407.9969344658829	-396.4390366762311	-386.9683153648698	-382.7337123759733	-382.5640462161965	-378.8501820282108	-418.1323383159445	-531.8627506854015	-369.94373250282183	-1153.7811831728839	-6055.421696854318	-9728.479273101728
79000	-401.7419371719442	-393.6713086620302	-386.8343665372424	-375.1632572143909	-364.8625756766175	-343.3032022729708	-331.79622039858424	-320.3283130401419	-315.53773572811167	-317.29379637040114	-309.566027656501	-334.4764721613923	-414.419652342773	-304.17418405017156	-889.1300040283847	-5659.324570372793	-9241.380506380405
79000	-469.51115171056665	-461.16463815887727	-453.55199086515216	-441.6765573747548	-432.13024045095426	-410.6014834238421	-398.8908006684663	-389.6296215322028	-386.04589518413644	-385.3563344097023	-384.13163066530234	-426.482003865076	-531.7185568709218	-369.57425674100733	-1183.2906610213468	-6165.534896479625	-9921.855650254283
79000	-417.9834565704011	-409.5191978185041	-402.927902615615	-390.024933661932	-380.9425181848362	-360.0215099604893	-347.9773328935598	-337.73736428866533	-333.1051952032907	-333.60314611045385	-330.60375789014375	-367.9781593241316	-464.60809156396965	-319.17791521830327	-1023.6467077439573	-5995.268870970606	-9847.306481934653
79000	-419.530298840414	-411.55796775968105	-403.9313969977065	-392.7301246782372	-382.19857161845323	-361.1745682845827	-349.3123934776353	-340.3438515466999	-335.9010016773637	-334.79021723161713	-332.3832289888932	-370.22235771886915	-467.77009908912686	-324.2264177389648	-969.926000309558	-5808.967165255737	-9575.54831198851
79000	-419.96010971939734	-410.96674871990274	-404.14299521364507	-391.32351503383563	-382.9216878738552	-360.6237841456599	-349.1468348022564	-339.8944829566776	-336.49150695564083	-335.12661463970693	-334.74995948537133	-373.2545402833736	-479.9487662416026	-322.34380157369026	-1038.087027125607	-6109.260197581283	-9767.92533123387
79000	-406.83978995032385	-399.08987170234684	-391.6335877373686	-379.6396239525618	-369.42846458206975	-347.42646091962973	-336.3145779054276	-326.41339613453647	-323.6695398506086	-321.8798439388155	-319.8017761993604	-356.4283788793561	-445.63986037067764	-308.71862141818644	-953.0103062598945	-6201.4206997052215	-10093.024928956853
79000	-440.36233769040655	-432.09862412654184	-425.6779617316536	-413.72983275446666	-402.6101343081586	-381.6758657367799	-370.411888478306	-361.056979056175	-357.7362273018927	-356.2300245064235	-356.59170588965486	-399.4448057059952	-502.58605206430656	-341.5251675171299	-1094.2086799194285	-6355.968184949426	-10273.958441055165
79000	-428.4574577332694	-419.7063181963196	-412.7460675532457	-400.48678869437015	-390.19237903736496	-369.03012381501975	-356.87926903782585	-346.4770826688823	-343.52500762411637	-343.45387566244386	-337.15964197284063	-368.94134347865435	-459.65646890548203	-328.53554406249077	-1018.5150045961614	-5776.125749072723	-9578.790236385423
79000	-461.2809074484988	-453.465437784378	-445.8213996846595	-434.66118472938444	-424.02072137790935	-403.1581285859315	-392.479397918599	-383.07059014600816	-380.75752616772763	-376.87747652046403	-378.78649244601314	-425.74185176057057	-541.4862774066393	-364.09950201700025	-1177.6976154508052	-6270.930924222506	-10162.898063259956
79000	-415.7757452297546	-407.2868419945081	-400.3638165085527	-388.1035410881701	-378.27004652887274	-357.0429512236618	-344.6415342010301	-333.7113720615166	-328.8704772705022	-330.04902225678336	-322.8886981619364	-347.0726369863468	-425.56416889886543	-317.2547400871259	-940.8570754963216	-5670.740769781953	-9158.772718855787
79000	-411.6613300877212	-401.8667467966695	-395.46118340638594	-383.3825664029109	-373.4188717472431	-352.00930829139855	-340.6645586938815	-328.9343966726522	-325.11393358377165	-325.54746055719954	-319.4994486031696	-347.00313378891343	-431.97660504866303	-311.7075685485078	-926.3442238528131	-5719.604902474963	-9358.440484967447
79000	-469.72953962065185	-461.63586709681067	-454.9341151813888	-442.869194722527	-432.64947556141726	-411.4297618151206	-399.6522507710159	-390.3926830948565	-386.183877839648	-386.5269767431903	-380.6509121929812	-415.31132153484157	-523.3147930455452	-381.63789321948764	-1134.409716438078	-5813.138517864544	-9398.378002905882
79000	-468.88645510109166	-460.3852006905662	-453.0648547058882	-441.4314417052809	-432.477852096937	-410.8686031594522	-399.58570232847615	-390.1759205199888	-386.8672292194114	-385.1381313202632	-385.2584138757779	-433.0173996387613	-550.1507581370856	-373.0024938990312	-1200.9241667541519	-6234.111113009422	-10069.65224304178
79000	-411.5240724879869	-403.1578498790782	-396.27449218431553	-383.9988429467842	-373.77070867217714	-352.41405167332135	-340.8053131815293	-329.8913472581739	-326.2036841088611	-326.6560215706704	-321.36676488396154	-351.84090118380055	-430.70241144772723	-310.9988070504496	-988.6492480258693	-5922.515183841069	-9715.972849521122
79000	-433.85410684632126	-425.30032432947985	-418.16412331879854	-405.5669920981836	-396.31102627292006	-374.19574714163497	-363.1314936153212	-353.2324048195424	-349.8452314351363	-348.9886173236075	-346.19396612945764	-383.3321533014333	-481.5392973252661	-335.90486502529507	-1078.0093148708827	-6057.632467867181	-9860.883163454326
79000	-469.73857160486295	-461.2789135822554	-454.8971678680305	-443.11553594027896	-432.62230161273783	-411.7242431040195	-400.0599890872259	-390.0310671944677	-387.3123910805037	-385.0775264689853	-383.8642449486658	-425.2566679988737	-524.4091190198174	-370.28338444231895	-1172.3496227294052	-6368.377407553085	-10038.53800413426
79000	-443.4104594897076	-434.90962280228655	-427.8724337446384	-416.3287505044035	-406.4166191731606	-385.6622094488693	-373.50024373999975	-364.3363875240448	-360.83196954906583	-359.36991779927945	-358.2307068827914	-400.42947416496696	-507.0508723851129	-348.8669409757293	-1108.8464310726704	-6091.913157471711	-9835.91097599024
79000	-464.09314903014473	-455.08492773291255	-448.37098366989557	-435.9665575039236	-426.4201432196448	-405.0728686384582	-393.7378462834237	-384.4124711405885	-381.9446090848093	-379.0473304110004	-377.959071980402	-418.43129729447753	-523.4377329525668	-365.5014161306399	-1144.316555798337	-6238.476728755324	-9945.729049683236
79000	-428.47406813043614	-420.0690349780396	-413.163416507435	-401.37671713054806	-391.3613953563706	-369.4547727640779	-358.05764760345767	-348.6136052844335	-346.09834905272373	-343.6167459098222	-343.8188843741446	-388.76077964703353	-483.8976600220183	-328.36514886964574	-1100.782294966968	-6301.443448592904	-10165.02558087399
79000	-468.0837948125962	-459.70612584239706	-452.46402704572296	-440.7223970409723	-430.9214373908752	-409.5563910023803	-397.7396563558479	-388.58573219321744	-386.4713652211305	-383.5028239978434	-381.8778863077849	-424.94710732548737	-536.9414152728078	-369.38826182596006	-1137.4238460826975	-5976.106706393819	-9695.976008870859
79000	-409.8910048987645	-401.99926690041406	-394.4022334009513	-381.8867966076707	-372.7155913286187	-350.9200142429919	-339.2269287614875	-328.7425452681094	-324.2585022212727	-325.3167094150083	-320.4068640175621	-354.15910467231	-443.08937259507644	-311.83615757801095	-982.042674693937	-5755.435911590542	-9394.933204618732
79000	-456.5504298655915	-448.25883233208606	-440.90773655777156	-429.22846930386527	-419.2454361311812	-398.7560989857558	-386.922584924431	-376.87817496421104	-374.2758434010605	-372.83014190283814	-370.24224299135943	-408.6696766751189	-530.7720889177577	-370.24245691797483	-1072.6902890012532	-5854.603781626792	-9452.307327831562
79000	-413.394135708502	-405.05638180876485	-397.767873771118	-385.9837541532804	-375.2028871424657	-354.07157495128195	-342.20537921783585	-332.4839245100391	-329.0599557777198	-327.91890675450713	-325.32612781266477	-362.65835565635183	-449.0718746723709	-313.34208767257	-996.5025121196686	-6137.246887494611	-10044.093542320226
79000	-397.6133014319048	-389.44385163697245	-381.6821313893525	-369.9409083308648	-360.2579066979127	-338.35909039426474	-326.54649722606354	-315.9848436435333	-312.6737193146848	-312.65589131182963	-307.6264219564502	-339.82875120519685	-424.64544632458524	-298.31394035908056	-945.9284366135021	-5802.623413624682	-9592.088299129913
79000	-406.9997857992011	-398.2928799417253	-390.7854056287119	-379.06564417336506	-368.5917960093926	-347.4878977810037	-336.17611329707097	-324.49026990012095	-319.3116880830608	-321.81921999369933	-313.2322639849426	-337.3909431734057	-414.88434501758263	-307.14905864771583	-926.7326656030115	-5495.294138213616	-9118.639178491163
79000	-435.79318868905546	-427.2652537932038	-419.85536426628306	-407.59886051692456	-397.783279464147	-376.80732611059557	-365.0099160190038	-353.7493282061453	-348.88372205014724	-350.9994375629558	-341.8118536077305	-367.2805834747178	-452.41390870029807	-338.0088049782226	-1007.3836542032469	-5481.02950888133	-9006.024276948927
79000	-459.12628888098095	-450.2181449497899	-443.0765115573391	-431.4794279480118	-421.89624524941826	-400.8799267682232	-389.4445808503864	-378.8664494326795	-375.09229327196084	-374.1889869077642	-371.13331987190077	-407.6318057355425	-519.6328952020506	-362.2860712197151	-1107.2150301066747	-5817.046638604667	-9476.742449905068
79000	-407.6314102592216	-398.418893432745	-391.4076841133356	-378.9654656497238	-369.4224048253968	-347.45059987288624	-335.97519564521235	-324.78134042311854	-321.25923166828443	-321.5954049072222	-315.23527653934576	-341.4574386299688	-421.5593372668497	-307.08275577090535	-932.5395756887692	-5705.56176295847	-9480.478887061556
79000	-433.63805321289107	-425.2288304742921	-418.18179771729484	-406.16228976485763	-396.6105224678389	-374.4007046703372	-362.39981027215094	-353.71064436062824	-349.95472317131424	-348.7186014022301	-346.39547122582104	-384.3026969279549	-476.88347535766434	-332.7487380257881	-1043.0327486598442	-6272.598485280249	-10130.610105212236
79000	-367.6248752669596	-359.09649448909056	-351.9592020503108	-339.4522510310205	-329.3423340241544	-307.8777138824356	-295.4650194201204	-284.6296872716441	-280.1832580343462	-281.45954011739263	-272.60636137284314	-293.77032529690496	-358.53665914539835	-268.20184244971097	-775.3171904588636	-5653.097592916046	-9300.999507722277
79000	-425.1638921139313	-416.95269271487757	-409.2468716701574	-396.90716784796336	-387.2957394967602	-365.59540531532105	-353.23161745393816	-342.28160973038274	-338.2040718865457	-339.7049607813569	-331.0018744067968	-355.2726617844471	-428.501945877938	-324.3079947345392	-972.8850227963018	-5652.074301018715	-9327.795533739658
79000	-437.4332811849581	-429.01280501630407	-421.23743372627933	-409.46948114624854	-399.7799173499217	-377.93883803339395	-366.65109097484054	-356.2411482179666	-352.4360850795732	-352.45873372713254	-347.1662460469793	-378.0427258081654	-474.5207249150289	-339.71566677091033	-1037.1244805908748	-5675.895362126482	-9390.807281297288
79000	-425.2082906407684	-417.217474830001	-409.68625508849533	-397.34770096955424	-387.5286762129841	-366.03900845930707	-353.61410769038537	-342.79086266430414	-338.3102795579329	-339.8784298716439	-332.64921377014434	-358.73161505391585	-437.57276203834857	-324.88267278508414	-957.9147549497984	-5628.723453493883	-9265.498462248603
79000	-439.63582251600315	-430.70912339999745	-423.98851763676356	-412.2665084407356	-402.2443183493926	-380.2959072702043	-370.07940471086454	-360.3971808590267	-356.65514807428485	-354.47741194722227	-354.2397399570753	-397.8081380196576	-497.23595998316574	-341.74312018369983	-1074.8562952068414	-6001.778713947182	-9960.555648285685
79000	-415.1214087224422	-406.6494384266248	-399.7438056105063	-387.1863256493873	-377.97465229915304	-356.01366421940963	-344.75314262797866	-334.3135240707467	-330.5424500849215	-330.80889275432787	-325.6539864198463	-361.6728195707304	-447.81871630076506	-316.08563417018513	-985.5547335280219	-5759.524923690745	-9511.610290413515
79000	-416.62892198577794	-407.7692677883876	-400.64359922765544	-388.76262687855024	-378.7875974915861	-357.3160534349197	-345.25601013984476	-334.77021676292514	-330.8386305401101	-330.920205170581	-325.5385219625368	-354.6519498987589	-438.1932371731486	-316.6487156341126	-964.4677104007693	-5705.590719267713	-9443.829505893444
79000	-447.23021647437815	-438.3499868002118	-431.22061160882646	-420.0360373474035	-410.16859643641266	-388.4283212080492	-376.328122703631	-366.69790790143645	-364.0315007566076	-361.5199098632899	-359.6162816554251	-399.1194947156832	-505.7965410853134	-348.9071185572759	-1103.3174998637462	-5919.468421770146	-9625.562660854546
79000	-417.78452310451365	-409.3666109883987	-401.7742875566053	-390.3158750402092	-379.9303136183952	-358.78851370104405	-347.6265514296245	-337.7140714521441	-334.15114052216165	-333.24024737589383	-329.69239088879874	-365.61149191017637	-457.60203990005556	-317.9814154526078	-1008.0476404622133	-5932.595315061232	-9692.040466620094
79000	-429.4149567338856	-421.0706763075525	-414.03931145712653	-402.22438725916356	-391.62038410425254	-370.58461156957924	-358.1592309883948	-348.2697936238682	-343.6450259064719	-345.04824506019855	-338.3055189519605	-364.86526323447265	-446.0813537646858	-330.59837337570855	-996.8957366865397	-5720.424495734672	-9457.111826858762
79000	-430.1178750943286	-421.8145434615816	-415.5390270456956	-402.59734978257177	-392.6165186385457	-371.4249805175456	-359.0361110796197	-348.54653974418983	-343.0536164743405	-345.59630619008607	-337.4772345943035	-362.59808184114974	-446.4390192334501	-329.4172609433273	-1009.9325508436598	-5686.383464582166	-9363.248807668862
79000	-433.7459320393963	-425.0744341576458	-418.10869390527586	-406.2531484029862	-396.06191784605164	-374.69652511426443	-363.11920780052134	-353.9149076020945	-351.11187779199054	-349.2848953891264	-347.664368700917	-387.2611516865925	-483.94342397613764	-335.07109926049674	-1050.073172196636	-6038.668231255145	-9866.35473826083
79000	-425.08476617087683	-416.08358370416846	-409.2694029834502	-397.36052655587685	-387.38562476188304	-365.78399230950424	-353.8185430754455	-343.753860000454	-339.5572891267529	-340.31127060247223	-334.5179470225576	-363.68952460507734	-459.08151573553886	-326.41530040885647	-1031.7960284195588	-5758.350957689245	-9505.04423205553
79000	-423.5312190108695	-415.7997072032776	-407.4485291143789	-395.9822618740792	-385.8379942892704	-364.9496173665102	-352.43206042070364	-342.68566231311036	-338.919369501338	-338.68411946896435	-334.24729797691975	-367.2991407796801	-455.6065957164122	-324.9265328125797	-1003.0992401021435	-5856.624481913948	-9595.317468044124
79000	-451.38138495959316	-443.3584632630947	-435.6319578885446	-423.71634210443494	-413.7569670258221	-393.25789101573423	-380.6976389852252	-371.03726144680945	-367.2205711783505	-365.9095385216696	-364.4101222538646	-402.42315472573364	-505.67410365338196	-351.2050309085789	-1132.2503889230006	-6223.495114168271	-9987.203464939303
79000	-411.80374685447	-404.21556852335584	-396.58451213061693	-384.22105526328664	-374.7391254718166	-352.8261060785243	-341.0070558517694	-331.3588642457742	-328.14892648791437	-326.8885219863129	-324.572868757415	-361.29911507988385	-456.97436533220247	-312.88106241769805	-989.0929248984932	-6027.174306658653	-9911.768061843797
79000	-421.44430184038873	-413.2150559776396	-406.3998020187899	-393.93797423364583	-385.0108054451237	-362.9809915275049	-351.1321158286801	-341.42507552936854	-337.77163208468767	-336.76769576723365	-333.79713332721525	-370.39065543023656	-467.7386376156513	-324.08717560974907	-1021.3608798324384	-5959.98379326335	-9702.126163271842
79000	-439.1578720354341	-430.21233001155116	-422.766979419955	-411.6812909666121	-401.979807614739	-380.46139707973725	-368.4567470727122	-358.4409851866172	-354.0359415883084	-354.23457565706263	-348.9873697523224	-382.49409465268945	-474.8818837949605	-340.33371321161286	-1034.8910965822276	-5884.8399047694975	-9544.932862009808
79000	-473.17277691095165	-464.69911214265795	-458.20861446575844	-446.3503914615062	-436.56741511405625	-415.33424665838106	-404.09440102717946	-395.1009161596469	-390.86406080139625	-389.5596064727713	-387.5335819590609	-430.63604887019073	-550.4872163535563	-378.16016437712375	-1185.9400237597138	-6169.064397707487	-9901.250720082962
79000	-461.4435765195372	-453.30156470752655	-444.94569458065433	-434.2633518491773	-423.6106562636264	-402.74374794542507	-391.07919133540236	-380.74366284151483	-376.287580972567	-377.10752253657546	-370.4530695934652	-399.9533249271643	-494.29903646130066	-365.11671854519136	-1041.8745994987198	-5735.570343843777	-9213.399038312255
79000	-446.0573174228772	-436.7202260669627	-429.150457639486	-417.68069792387166	-407.38849306300176	-386.6915128659952	-374.85799380626213	-365.1401977098846	-361.02225052845847	-360.8309195245013	-356.7100754322207	-390.19643076588636	-480.76362095821594	-345.0000541174359	-1074.7427776038796	-5981.8659181981	-9608.291942137037
79000	-449.1629553809538	-440.8935123226026	-433.7677745117598	-420.8393863866205	-411.0591753371066	-390.19142952335176	-377.66912898216674	-367.72540376898564	-364.29285610575835	-364.11341729561946	-359.78375312142094	-394.0993074078253	-486.94070703046737	-352.86230746841915	-1071.175596385124	-5759.880003728485	-9353.416804108738
79000	-439.5405809472556	-431.1909777999705	-423.6583291583126	-411.2526360984697	-401.5134129466491	-380.6651971567844	-368.8694067418179	-359.2361123175929	-356.23959312238816	-354.8794638782712	-352.2967669950256	-392.19929929933284	-492.007439600457	-341.5786766851382	-1074.823384853107	-6161.302546785788	-9984.121897792118
79000	-421.6862909762064	-413.432493888961	-406.5096762994262	-393.92556552540907	-383.83308135284176	-363.08257623796703	-350.9679405634262	-340.4479762725955	-337.1159852559796	-337.7372602610614	-332.45406138440615	-365.6096173918808	-459.04788153364564	-322.1610810304188	-982.8935277423404	-6061.229050057409	-9789.945137928516
79000	-445.1578474065244	-436.4155430023121	-430.063666390426	-418.4687223988117	-408.2020351597595	-386.596652022865	-375.44769279684624	-366.8995879869601	-363.0239297943976	-360.971685958155	-362.4582942569586	-407.4259613079044	-531.6711198435146	-352.8126351585226	-1093.144828975062	-6285.754989509277	-10212.795826830177
79000	-429.13655638884995	-421.01157598844907	-413.52247411978664	-402.0512917638773	-391.26166952833665	-370.45186481620806	-358.8441582256797	-349.1050754969876	-345.221954088297	-344.39207403103444	-341.0595290053798	-377.3425281434574	-469.8693942992064	-330.3941323320443	-1016.8798051897758	-5969.371812736018	-9746.17862908036
79000	-395.0133216514105	-386.09927150044314	-380.09022710734934	-366.9744519483161	-357.45524474165734	-335.5297223633355	-323.5366296887714	-313.3453450449234	-310.0330626159294	-309.92732410511854	-304.51376547018174	-335.49211532670813	-422.1314281939083	-296.8930398000811	-930.7334159702528	-5899.38259447484	-9626.315660872546
79000	-438.0648816978103	-430.085336246184	-422.2845380186549	-410.3230668941453	-401.0713918644452	-379.54295899447	-367.95001613936074	-358.0383755433915	-355.4221029696058	-353.0603267307692	-350.98501983938627	-391.34585393744027	-492.69546098421716	-338.3818101252323	-1086.8951304567452	-6015.009111751403	-9859.81024056008
79000	-406.0661565003293	-397.22663310816006	-390.35055062570274	-377.8375473314984	-367.9541374809933	-346.8262584573971	-334.4804936387149	-324.8230727423711	-321.2911622784632	-320.3373655735522	-316.99796291751005	-350.149955934131	-432.2644359070813	-305.420160726613	-993.5691100213422	-6109.372303921298	-10090.149246657258
79000	-421.44172574387284	-412.9819517692824	-405.8394596262903	-393.83277140620237	-383.5128276011471	-362.040738361361	-349.9745957882124	-340.08596176626077	-334.63398911357126	-336.58322096482846	-329.47903145317895	-358.71629543597015	-434.86685830030325	-320.1943268279465	-976.8855903718996	-5685.101857804398	-9387.066189112978
79000	-426.6326232912054	-418.186330334772	-411.2573804040524	-398.9895355307991	-388.6970472575928	-368.1671907044726	-356.5263957017473	-347.2319103098358	-344.0042789739398	-342.392761755638	-341.7203361976927	-381.4549316662139	-497.2917416340836	-332.255850176569	-1031.7205125845521	-6115.869035888462	-10003.892210923863
79000	-442.77253299492645	-434.5240326550227	-426.23795951814844	-415.1887412750557	-404.68577330605615	-383.5531953082811	-371.78738178431166	-361.1014325133806	-356.54014611593794	-358.8199350211298	-350.1553974682092	-377.78754098771276	-469.43327607734926	-342.9880718243362	-1027.671032706305	-5607.870904243485	-9229.311175580639
79000	-454.56791756392727	-446.7133298888247	-439.312633809024	-427.02984305220275	-416.8776302960261	-395.4968698887444	-384.26124011224266	-375.65475112795815	-371.3383449776705	-369.9920677530053	-367.7422661922563	-407.4927704814243	-520.4537321224763	-359.66066377282516	-1103.0450137114588	-5928.433879899342	-9661.302951328256
79000	-443.46074891411985	-434.76290067839955	-427.5170844611551	-415.3863847608727	-405.26138641742483	-384.1323927199932	-372.9809036876901	-361.9020265284023	-358.31398518644244	-359.0212647682525	-351.73564692138746	-383.52111069495584	-478.2168951103418	-344.0770366126433	-1040.0986480834542	-5813.786781961555	-9420.980550098946
79000	-479.1670330955895	-471.1140682016348	-464.4585578895595	-452.1371926909694	-441.5705040991959	-420.71866122374985	-408.79447063302814	-399.69876866317037	-395.5056826642856	-395.7607190019589	-392.01371959619064	-428.6180533265652	-530.7779328177404	-381.5000226832626	-1141.4090325203401	-5991.035288235856	-9601.3901500878
79000	-428.0815304109942	-419.9221119560423	-411.91333640029865	-400.2548816405555	-390.69974893804283	-368.52550697130613	-357.31881914968756	-347.1955143382248	-344.20897514050404	-343.07114114004366	-340.88415841788066	-379.58412629969195	-477.0084043475189	-328.16882789035174	-1048.5499600174696	-6284.5020043260265	-10216.883936167465
79000	-448.2424978974714	-439.63493381960325	-432.9938339759091	-420.1979281775249	-410.6827819317802	-389.57398215831256	-378.58743879667173	-369.3608785364595	-366.3682136957896	-364.1450379746646	-363.8975594679837	-406.38510193835356	-526.6937882804109	-350.14609518022695	-1141.6347623697618	-6164.6538785920775	-10142.799308621428
79000	-459.35626171504515	-450.5555293949284	-443.74267883159513	-431.39718980232624	-421.90406444506596	-400.42001227397486	-389.44369885583814	-382.2603642240069	-379.9676659145053	-374.49219340215177	-379.40724841995217	-431.9216628125663	-551.2370972084693	-361.10645109128546	-1162.5983457143893	-6548.082074222839	-10513.256209908617
79000	-430.4800893788387	-421.5680196151986	-414.89750754617654	-402.64419296381175	-393.4874353272743	-371.7508482139784	-359.69603563690316	-349.5722230906398	-346.11301099026997	-346.0927252489305	-341.008507109052	-374.6128915766637	-472.6424390567998	-332.8832655886918	-1033.0860902847985	-5765.6081454420355	-9509.957936562345
79000	-450.6138931369512	-441.91745257730804	-434.48791427375437	-422.7024263968816	-413.46760339920263	-391.6312787651165	-380.4964153055515	-370.6417464049305	-368.6784631380604	-365.48312042333254	-365.5614697052712	-407.8819869552622	-518.1330420736487	-351.2737561222387	-1111.3272765671816	-6165.593126219776	-9951.138116076274
79000	-437.046303349415	-428.4124742112556	-420.7636759553721	-408.9812690285504	-399.58001588053594	-378.13603329691307	-365.7896132851865	-356.524715558822	-353.4712448132222	-351.6932029381458	-348.7871333075065	-385.5000743861874	-482.27475810945964	-337.17722462152994	-1060.4450795670216	-6045.901941110358	-9816.773918167031
79000	-414.58580038666923	-405.7039414053534	-399.07992308157867	-387.6000857102198	-378.37289400081744	-355.9538512758993	-343.274479319367	-333.35745801437446	-328.4822072525325	-330.1496821356337	-322.2879428932582	-348.57431179310737	-427.9236130047823	-316.3232635345343	-952.7910030323429	-5585.218878544358	-9221.49507545763
79000	-478.8831131621002	-470.59064324055925	-464.7172260576951	-452.4691858268492	-442.3887738447115	-421.4361616107933	-409.19819843968673	-401.0829992226156	-397.5736649096782	-396.5622294579745	-395.63724200513127	-440.27195682039957	-560.2852335045209	-383.78414705005235	-1173.3312663556753	-6146.6677304382465	-9906.043825810106
79000	-464.9285192699965	-457.24787785774447	-448.85259202224444	-436.91407607321446	-428.1774482074788	-405.6371837086382	-395.10666381384544	-385.8602093102475	-382.8336582835576	-381.3712693594175	-380.8792807504242	-428.39989932225706	-552.1388397848691	-367.3098527717747	-1175.6079075054377	-6189.272410967197	-9961.183835318476
79000	-470.7572284716843	-463.114904911057	-455.53333874413346	-443.8784561398804	-434.46510444246763	-412.4806438472224	-401.75893377194063	-392.52611732785	-389.83377991404416	-386.88242098185754	-386.0949773690253	-428.3377069732888	-548.8740008967424	-377.2870991097455	-1137.9295458410352	-6159.901400450868	-9777.241212374904
79000	-462.5893263645314	-454.1452678970368	-447.007533608555	-435.28795463165477	-425.8573466866767	-404.0936558080068	-391.63270899410935	-381.6423795485917	-377.08880233743935	-377.80119152161154	-371.7522558191127	-401.98766636144154	-494.58645574421854	-363.7927570926432	-1088.4882931709951	-5776.58483200734	-9417.990100677578
79000	-421.1383326952432	-412.55879210297627	-405.3778071704408	-393.3187244964762	-383.25430562777194	-362.42655653605965	-350.44198861176676	-340.24793392597775	-336.12928684569266	-336.36314384372054	-331.41524271060564	-363.72573903144774	-459.81379042216327	-321.9098575719425	-1002.5698072466747	-5931.56320506554	-9554.270594981675
79000	-451.2705696545505	-442.0939546279019	-434.56545802060526	-422.38384030267787	-412.8976006363267	-391.71534967418705	-380.80719216145195	-369.2462890378883	-366.3183531942496	-366.01021892116233	-360.9161280231851	-395.4719671920155	-486.4694013410934	-351.26256693909505	-1100.5244666686208	-5919.070409343186	-9612.117409311284
79000	-418.4186650688188	-411.10158901525455	-403.00707149398437	-391.3271571742217	-381.50727189775057	-360.6374961872099	-348.67282189444273	-338.7262861690196	-334.6916122480385	-334.29146481118056	-330.8614974167736	-364.80370878704434	-465.94024093321235	-326.2741418319941	-970.7644909087254	-5924.1198555595565	-9652.342176533084
79000	-428.33645256950246	-419.7386248618447	-413.5475692465589	-400.79900074361547	-390.8544419407664	-369.7082320872475	-358.6128879429918	-347.37039068987855	-343.80074963522304	-343.9841342097654	-339.5326957235945	-373.0805363121704	-469.9239748609423	-332.6970993841063	-1033.7704291873079	-5759.601236771485	-9510.89506353269
79000	-461.03689818399573	-452.16836036661493	-444.51181767262	-433.6058924785301	-424.0579456709078	-401.4474193946594	-391.0857764591271	-382.9223263665627	-379.9329878527127	-377.1424094361055	-378.5459640746554	-428.8889105402944	-543.208929311118	-362.7361812947995	-1205.073488948521	-6431.412903127877	-10344.561212615243
79000	-432.17538237430256	-423.5993106181264	-416.677423691544	-404.4150885608126	-393.9684454709914	-373.4087219331734	-361.1606783445247	-351.33374818315235	-347.48606093412474	-347.2593493744899	-343.3252663497317	-378.25467598766215	-470.7376994147999	-333.74317517191025	-1022.4984916459937	-6214.893340937139	-9828.687026528101
79000	-438.36523581100744	-430.102052691143	-422.2571576414544	-409.8641889633126	-400.09956080404436	-379.25941798861066	-366.7657520170911	-355.9900327888622	-351.2999765094417	-352.60408064431897	-345.5624387319223	-373.52878722625167	-451.7098438598579	-337.428589476267	-1005.5102239592167	-6015.987548652884	-9612.283070934958
79000	-469.17276530129163	-460.1918480799065	-452.5597209320345	-440.6720947051715	-431.68858441084575	-409.07447255819784	-398.80596847367633	-390.07103586336297	-386.6475214641923	-385.2463302046898	-383.5597752104218	-427.0474863630958	-545.1310220465881	-374.177766836342	-1132.1827340352552	-6218.787887152766	-9951.557000280356
79000	-415.07259732038045	-407.31184218642767	-399.51863013310566	-387.55658540173715	-378.20748698218546	-356.7256097700584	-344.794179881974	-332.8021660555345	-328.5921294536093	-330.61754695134874	-323.1972822868809	-348.4952658094935	-425.2220369179936	-316.1539562451275	-960.5281595033599	-5829.994595498478	-9552.653243168952
79000	-436.42858826092976	-428.0905995851892	-420.81562111207387	-408.68828624104117	-398.5390854018966	-377.2944258497203	-365.30474407255326	-355.1046272401653	-351.81684585897017	-351.40185373192384	-346.8670276456465	-380.2195769640653	-472.76360794814985	-337.741560154021	-1035.1658417938347	-5972.104396005622	-9685.18092695562
79000	-431.269127275782	-422.6147293121144	-415.6656859265086	-403.56122755355693	-393.72329387637893	-372.6813542572066	-360.1629475921403	-350.2680738457787	-346.430900521333	-345.9428618582813	-342.5587506958132	-375.9179103947418	-475.28001066166996	-333.74910931272586	-1020.0163142887994	-5890.386855070233	-9557.495085515659
79000	-434.91125035196166	-426.48126980933773	-418.6002566344361	-406.87018435042137	-397.0973338826283	-375.87353162761866	-363.67081135275595	-352.8850917855286	-349.33131296886273	-349.92350971013894	-343.6676219755746	-373.545309201308	-455.7590006809943	-334.30682479751914	-1003.736109981889	-5975.561427946409	-9586.557435268074
79000	-464.59216494258425	-456.41431645512455	-448.7023081299778	-436.80873611782295	-427.37327963878346	-405.97459677154905	-393.76323167797585	-384.4333372517454	-380.8269754830916	-380.1822673826416	-377.35793082473793	-416.43296986954886	-513.1760818502248	-363.629578345292	-1147.6208448144132	-6251.112154295373	-9972.082765293359
79000	-410.3386166030372	-401.71684240103184	-394.3259206610683	-382.5825171345523	-372.6866684925351	-350.63694029156295	-339.23483567967696	-329.414897221346	-326.64945626563946	-325.3678489912537	-324.36907733603755	-363.98913371915734	-461.0310653262768	-313.32408734578615	-980.4695284470523	-6254.771203138538	-10139.17952103036
79000	-458.44350003055877	-449.82139968847997	-443.45572618489	-430.77661531680235	-421.11949344102743	-399.9287826096546	-388.767650120002	-379.1372965419729	-376.73435956543733	-373.4262155227069	-375.5799838283471	-422.81296514943466	-536.5908270742276	-361.2980946094927	-1154.9812255650065	-6481.070575941413	-10422.40624155553
79000	-403.82021808557465	-395.49134700111745	-388.053601246922	-375.73235297034626	-365.32110103365295	-343.9774807401409	-332.07413685928435	-320.6383763827271	-315.627070090848	-317.5633676783537	-308.31376368607744	-327.14251049589217	-392.24796497112294	-303.6506234563545	-886.077765672216	-5584.566707027276	-9208.031389830468
79000	-421.4774537540052	-413.70249251975895	-406.7218689655227	-394.6919814470797	-384.1474988325166	-363.45514943545726	-351.65458931399434	-341.5348840754931	-336.8468592980567	-337.5448596454494	-331.83420957676964	-364.894356280313	-460.7499975416628	-323.8968214044971	-1011.4754235097065	-5895.784623586405	-9559.655231503826
79000	-502.72461594879536	-493.93209130195265	-487.5992158061861	-475.7170892660039	-465.8570495753067	-444.4729090074713	-434.24176342452796	-424.09238976256927	-421.2961424201708	-418.3689089509913	-418.9464304563153	-465.4224989150819	-600.4714433882408	-407.23216496778383	-1258.4928518002125	-6426.015907629133	-9964.322243124547
79000	-434.0908694048434	-425.62754787045975	-418.89714934514615	-406.69528527312264	-397.3356500551086	-375.05193336237403	-363.91661475154825	-355.5367454255066	-352.45789279441306	-349.5732852102197	-351.6554227775411	-398.14966334949935	-506.1064934632347	-335.39479987865263	-1076.7053594706233	-6497.204532904024	-10508.265297406431
79000	-486.2086943006982	-477.72209601218157	-471.03692569567323	-459.68456957852186	-448.6608823616216	-427.72748748007706	-416.17215220117356	-407.25953595026215	-404.2163832307685	-402.1243084769043	-400.9759540078924	-444.8292187317432	-553.8957856678329	-386.8261577600515	-1238.129884634744	-6357.06793191491	-10088.205622188498
79000	-459.16032941734085	-450.61993937396704	-442.89278005598095	-431.24521961442053	-421.59860186425584	-400.33750704413416	-389.24730872636576	-379.2197030584966	-375.0124707803282	-374.81150338379547	-370.41459039955225	-404.0148377348666	-511.76489915481886	-364.92339870519413	-1080.9713691189877	-5841.712232356319	-9449.78336483323
79000	-456.8462308017227	-448.0305882190633	-441.6835319441555	-429.320979651	-419.924211684837	-397.834244577246	-386.60371406455903	-375.8322006039518	-372.9076147596018	-372.0343371967365	-369.8017914486194	-405.5544195547187	-496.0681098946692	-356.982204390817	-1086.2175135996076	-6025.296057120107	-9767.301626122728
79000	-465.26632169503824	-456.52333246836935	-449.38738851863235	-437.85925136444644	-428.34571227810886	-405.7303771204742	-395.1502990486797	-386.40776881807284	-384.47870149821875	-380.485197005556	-382.3136264693523	-431.45057289676475	-549.7635639748531	-366.0472586179099	-1202.0640404300875	-6529.480464926734	-10572.978274553483
79000	-427.5183296134423	-419.0739851781042	-412.27168596451173	-399.5684265986679	-389.81540203255673	-368.80644569058086	-356.33329600275545	-345.5277031691538	-340.9559471397371	-342.5887447534755	-335.44486721582444	-363.7907997557398	-445.35087230441013	-327.11227109780503	-1000.2186083313178	-5734.006024368256	-9422.63028565575
79000	-418.8745289223519	-411.11796734266784	-403.6541172290801	-391.91967790863373	-381.68580680189774	-359.97804106741125	-348.97675891286036	-338.02928303037805	-334.5324790184911	-334.6661069262384	-330.0917066344567	-361.70453923097926	-450.87493267466596	-320.3349463292684	-997.6616608935938	-5940.374807183005	-9656.073346427833
79000	-447.07926467030285	-438.6616326001444	-431.5699822737485	-419.763307520206	-410.5394413219806	-388.77149089657377	-377.7016000933969	-368.03859299715367	-366.19879312550887	-362.54839098898566	-362.71761598483687	-405.86510942942135	-510.74330341775175	-348.40498430601434	-1107.0887871956518	-6152.6170895524	-10038.854789561805
79000	-409.745252086677	-401.55696529298905	-394.36246042543775	-382.2468791927329	-372.8133846435235	-351.1075164624572	-339.041358812179	-329.2271382378881	-325.1427713034056	-324.9392305397427	-321.23574481858236	-354.582676555651	-446.37827041189473	-311.4119774930902	-967.830800878938	-6010.5216526654385	-9836.26805859537
79000	-436.6905430681014	-427.5141887233571	-421.04922543111724	-409.05231146457686	-398.82457223422125	-377.6624744927209	-365.65336684377263	-355.2648321310721	-352.897560352922	-351.83825642923205	-346.99406248671386	-378.586232811643	-475.87779146556977	-339.1768586270968	-1002.5422252472414	-5875.451585751405	-9635.31585094434
79000	-458.07498951287016	-448.8983295925843	-441.8676929642464	-429.69428790327197	-420.3976195167769	-399.20811730475435	-387.7072598794256	-379.2751334909698	-375.4320314507733	-373.63707839416503	-372.3671126515872	-415.1680249712992	-531.1812440251781	-362.9817408221738	-1149.8154466560377	-6198.660637670791	-9926.84612750842
79000	-436.6929808020616	-428.1561417868867	-420.6849798001577	-408.3962180904846	-399.67547735710104	-377.48597798995297	-365.48272187715423	-356.82090289533187	-352.7151971248809	-352.0067832749153	-347.80854448094533	-385.8551500778353	-481.69101660586506	-339.5834511492973	-1070.487604094906	-5934.947360321001	-9745.407237324043
79000	-448.64074359768637	-440.67422981847625	-433.64477503027314	-421.4978213956533	-411.71711494327417	-390.27940635210405	-377.940238579338	-368.16445514579425	-364.28342134019914	-364.12336376271503	-360.57052932861956	-396.4328816804756	-497.4655490092402	-348.69447031356515	-1079.33649257436	-6167.625496379109	-9823.870456188872
79000	-457.17236295724047	-448.9462353296362	-442.3696534775568	-429.48676435832067	-419.9290719907713	-397.9354411460713	-386.09668644884187	-376.27026256804777	-372.46916576907944	-372.70578511435673	-368.12872780333674	-401.31791874541227	-490.88063551972004	-356.1444761613109	-1103.319758207304	-6041.382576522311	-9866.981617218466
79000	-450.07112545290954	-441.493164625661	-434.29777269270886	-422.1702790928024	-412.5201987123817	-392.1250764080612	-378.9280933747272	-370.4685947606179	-367.77398707919036	-364.9335776850242	-364.8384629910447	-406.6736300108609	-520.0849905446336	-352.4359008771703	-1124.674563019721	-6182.294365637689	-10044.024764341462
79000	-423.9441419302411	-416.2622219423638	-408.9472156126756	-397.21879372033675	-387.3659949867893	-366.17375207220294	-353.86194581507925	-342.67749666529414	-337.82262775779486	-339.8749525008301	-333.2643513244433	-359.8723013178999	-446.9084222343202	-328.3791769357522	-955.0261692701816	-5675.508998400367	-9248.133199318178
79000	-412.9474145821755	-404.8146444208403	-397.17510700387385	-384.42738901691826	-375.2540769906682	-353.9864256009733	-341.6153384011924	-330.83301184811916	-327.0355806392533	-327.7668456876563	-321.7523661388091	-349.84167372685005	-434.6105443025381	-312.1457892066608	-971.819793673088	-5883.182411571033	-9585.3740189474
79000	-422.12832295258875	-414.16015742787414	-406.96231301748486	-395.0158154569542	-384.43068702821705	-363.25209130262044	-351.2557893657916	-341.40795601573575	-337.7418566377309	-337.56211425987533	-333.694511602456	-367.4957924099502	-456.8816076296292	-322.10929783518185	-1004.0717398380491	-5995.838264735167	-9738.11729305123
79000	-462.55290883761467	-453.2961407776167	-446.5407030916097	-434.6706769024638	-424.0696600441998	-403.04483276372565	-390.71080828059877	-381.406915203522	-376.3020128916501	-377.13290057839157	-371.058724122384	-401.2304045344628	-490.88794166279934	-363.272081524854	-1084.833853254483	-5888.498395926997	-9509.665243035428
79000	-440.68092880056247	-432.7069316091281	-425.08575111947783	-413.10435583783453	-403.22113563376735	-381.39870413392646	-369.8431995644431	-360.411493187665	-356.55180789487304	-355.65749789414997	-353.7236286215899	-391.58084825808834	-499.0423389884574	-341.798044832585	-1085.373972170133	-6091.209515989378	-9875.973325854367
79000	-460.52880711451377	-452.75745108520505	-445.7653350749329	-433.24221388769877	-423.80313350129006	-402.8215325905278	-391.2875995189285	-381.71907331830505	-377.11628596556716	-376.44757510624964	-373.0473486751792	-410.00126482004447	-516.9053683073339	-365.8593907779759	-1096.618491973017	-5904.066726243312	-9598.729231804666
79000	-467.88231009195107	-459.77094194358676	-452.2583352912321	-440.77934125772754	-431.60589132091394	-409.7576997390707	-398.63444849179973	-389.3352096606299	-385.6548001230555	-383.5676175897973	-383.38049444160316	-429.20927910266795	-546.7489379100572	-370.1579129031579	-1203.52544688814	-6392.204357401651	-10226.074665567752
79000	-413.56818156678315	-404.8618222610486	-397.6394146230277	-385.4430961633458	-375.9144779694139	-354.4470429536517	-342.3022391397095	-332.07813558510844	-327.41329715151437	-328.27803753931335	-322.45868961459115	-350.55672808702474	-433.63778215886293	-314.3291269101739	-953.9911470235587	-5717.352270987307	-9338.335068301067
79000	-485.3431019049427	-477.100502247564	-470.0095832599458	-459.1328707628089	-448.9975253802149	-427.32686814448056	-415.7281273625058	-405.7352745290041	-403.91333791322523	-401.7912826758185	-400.4796182122551	-446.5974237442668	-558.0420141357372	-389.9978652502983	-1224.1834437989783	-6427.045386946754	-10164.877782086884
79000	-442.00339447119734	-432.4660098498388	-425.7010127334823	-414.17817125433294	-404.17327712531113	-382.7737813821537	-371.1766111532769	-361.95485430160653	-357.94188422849385	-356.71275007225955	-354.3757758548776	-392.5727181974027	-490.8139426749487	-341.5190334815081	-1098.9992789940902	-6009.886898644426	-9805.283038892198
79000	-448.8900740754562	-440.9547995745289	-432.2687682442352	-421.3576056051628	-411.6164442034178	-389.95108111808446	-378.32246876393066	-368.5863547733293	-365.33653927556173	-364.38395193027304	-359.9140839285344	-397.3313539431384	-502.01296615739204	-352.2454128482067	-1060.9593804268618	-6031.460114308465	-9718.248269017182
79000	-442.246567851416	-433.29473988148067	-426.8201044012961	-414.5492660015452	-405.4458885542669	-383.30116991628825	-372.5705050290884	-362.5684237935872	-359.48023108183787	-357.74265013676785	-357.348342806536	-399.7575618318099	-497.96934406768713	-342.17882710116345	-1094.005965609041	-6177.918669351856	-10103.701390192185
79000	-431.4887001396457	-423.0441671965567	-415.7535506186468	-404.0936797608175	-393.57108001617166	-371.96269858933573	-360.4120907768996	-349.7178864986044	-345.06894902558366	-346.9531104478809	-339.1133169426758	-364.812196692598	-452.6214240175957	-331.76393006799265	-982.2862809296578	-5722.247852236816	-9356.907772136185
79000	-413.8768582420793	-405.5008405624958	-397.91700537825074	-385.8870664698545	-376.47520852422105	-354.30452740737076	-342.22786471620674	-332.188458551091	-328.5002683949745	-328.49341536611854	-322.7767804238016	-354.22953355051396	-444.0797441502965	-314.3939104374815	-968.7575536567288	-5782.781521693069	-9531.007752392743
79000	-438.30623759682635	-429.7624531322377	-422.3705736574354	-410.8142911425632	-401.15736779098387	-379.39829631919116	-367.5718249195386	-357.94719605116046	-353.23891417730414	-353.97880224691204	-348.84450279398266	-381.83965043301896	-477.286492835575	-340.07237782304094	-1010.4210596696249	-5918.4068646625465	-9600.617439713027
79000	-450.92345029314856	-442.9480114548123	-436.0512454988753	-424.25289914470216	-414.9489532579403	-392.82701166380537	-381.17012652348717	-371.8875513131243	-368.8250036725452	-367.85364166028427	-365.04669673187897	-404.73833023464346	-518.9462228098089	-355.50939475324236	-1079.9340262582327	-5783.890595547638	-9481.958321870901
79000	-386.0315335578339	-377.5827056499731	-370.35224411252256	-358.20249616016565	-348.5247550705453	-326.98226043306266	-314.45667753864564	-303.9872913687881	-298.75355219400194	-300.92246681491287	-293.47269652379606	-317.88724652812346	-392.0847994419256	-286.444962811597	-849.8093522392489	-5705.121714501033	-9339.995494122417
79000	-432.3560775296123	-423.5629938854573	-416.669399329682	-404.72795640472657	-395.37557900103195	-373.83353049253395	-361.33800197639323	-351.0772794389416	-346.9620353588563	-347.4826558509707	-340.4489343033877	-368.97660935187497	-456.459291069068	-334.81438142205116	-1013.6964668909981	-5663.333571958335	-9355.8960215627
79000	-425.8766840024335	-417.63491089958126	-410.5691879862356	-398.26314322214046	-388.81557579503004	-366.94814275383385	-355.4276477827825	-345.69966077216384	-342.04463851726706	-341.91066786182967	-338.6079396969246	-374.6677053441659	-465.0365466084835	-326.81899387330776	-997.2110662555494	-6220.488186214429	-9979.160755196048
79000	-433.2336761355559	-424.8800097423594	-417.4334135347604	-405.4760759120219	-395.63144992559114	-374.26824825960944	-361.7536507818949	-352.0227069659561	-347.5881975433397	-348.08451141209946	-342.6851491736126	-374.38359537764734	-460.0434857948867	-336.15887671613496	-1006.5810283519853	-5865.124051609048	-9617.13860598847
79000	-414.5324952910867	-406.4619881243549	-399.0231668757662	-387.0908642129226	-377.9636688263456	-355.92427357557165	-344.0143324331727	-333.5304547031664	-329.1960722776076	-329.8815371220157	-324.6695971936899	-354.2239459561065	-445.371729978926	-315.1662231836139	-969.9129648477443	-5805.1704804325445	-9435.127252909262
79000	-433.62512586982746	-425.4615516963879	-417.6169459456011	-405.5864843067943	-396.23340012514615	-373.7097213616553	-362.455166395221	-352.29439192232877	-347.79246641800336	-348.3204197266816	-341.8206273163322	-371.9910328212401	-453.43004724200284	-333.1543412805969	-1010.6406266409093	-5928.446012192599	-9497.428353707892
79000	-465.92495296233693	-457.073217597494	-450.7100353776438	-438.71762433932827	-428.2582783969151	-407.0788395782673	-395.7590877850146	-386.10927525950575	-381.5482716736951	-381.53629066985167	-378.4535826823043	-413.2223955533705	-514.054406121175	-367.8133671542973	-1125.9094503233323	-5813.76574491422	-9501.929291520219
79000	-432.0712263515292	-424.042787188663	-416.3850864962407	-404.13696511801936	-394.582584864194	-372.7164226622558	-361.1336714297887	-351.0379681747486	-346.733027468187	-347.4692137802261	-343.593138896755	-379.10402519913856	-474.133104918045	-333.31651689573204	-1017.2909763657275	-5866.079327786882	-9710.226510725603
79000	-423.27082149383415	-414.4830629726921	-407.34510540124535	-395.23965757593373	-386.40554014327205	-364.5609213435465	-352.8828028614552	-342.3567772436009	-339.5429823368654	-338.1918409122354	-336.85755571729726	-373.49497540510265	-478.4295306056401	-325.5029259512327	-1063.6366952327226	-6079.720759988489	-9874.641103305474
79000	-456.0288550950811	-446.8833985773463	-439.550047468587	-427.40464487839006	-418.07317901806937	-395.82019367823864	-385.17295123333787	-376.057288156338	-372.07618417120125	-371.44865378903927	-370.19082045065926	-410.5130641138845	-521.6934471460046	-358.5350634519761	-1150.5555271599148	-5989.8242264596765	-9698.703600441213
79000	-469.1044288028866	-460.3059009853027	-453.10199150167506	-442.4909043539353	-432.4943667352413	-411.11745840962243	-398.9257552531867	-390.8454392475908	-388.29706351170836	-385.6614793440096	-388.0423045672154	-437.6013749117582	-549.4203810131743	-372.0277359371258	-1193.347051564375	-6500.298209455601	-10433.479103584548
79000	-409.2719589967839	-400.6595695958077	-394.0216709671842	-381.6696099804592	-371.1324754609955	-349.86166644635534	-338.3510517918152	-327.8773518215768	-323.5699949971166	-324.4816343128497	-318.9604255700365	-348.8757877968419	-430.0952673781534	-311.97052144028873	-939.2281992788666	-5912.7143903088445	-9632.118705977846
79000	-435.37382474566954	-428.0369573894322	-419.4435813612468	-407.83207550188206	-397.5560009491738	-376.45475367503934	-363.80912045639406	-353.7832407934133	-349.10609331280136	-350.4240618654913	-343.8375984338396	-372.0483729323131	-454.1880499416522	-335.07140708680595	-994.5586169070381	-5793.654193773797	-9596.96677724682
79000	-479.80206216182773	-471.7105192979674	-464.6680108963911	-452.77088195329566	-442.7494025877474	-421.2003798538916	-409.73972136985003	-399.9489490343824	-396.1873018472638	-395.79851669648275	-392.766774551671	-430.9341119827713	-528.3066575541153	-379.6463582507361	-1189.2462744330444	-6058.961322367866	-9758.69030228201
79000	-413.8801975631567	-405.3576662470025	-397.9211463585976	-386.3945747219544	-377.1246692094045	-355.23672423167375	-343.37476453283887	-331.6979414987467	-328.20759782024857	-329.4791223468486	-323.54400546390565	-353.0325562646027	-449.9761499476739	-319.43656731136105	-942.1266061688165	-5744.351564298858	-9345.153887273753
79000	-465.59676223328887	-456.60416456226073	-449.1913742612324	-437.6365495566188	-428.14718435847186	-406.351403846332	-394.4842961064439	-383.7627010116435	-379.85035237380674	-381.15851068224043	-374.65410074326707	-404.3716509830418	-498.4638833859299	-367.6080747729953	-1088.349699347105	-5716.171065871146	-9154.274364088466
79000	-419.4952625596964	-410.5429020956651	-403.3161698707567	-391.5633528984308	-382.20843162798576	-360.6673723253153	-348.2020604892779	-338.3623383890403	-333.99559982074516	-334.5659518744175	-328.0125614707063	-355.5868991278517	-448.13045966235376	-322.2934422024899	-963.2106464823088	-5598.461472366242	-9234.534633263313
79000	-464.71713322163157	-456.46415311109985	-448.944568364458	-437.9013839662557	-427.5209412306234	-406.26035421300486	-394.10672874379634	-384.7477632907205	-381.68911374543154	-380.1255550980387	-377.48046255462816	-417.249480393467	-517.5378807806345	-365.18405130287186	-1156.5582333993245	-5899.9774230272815	-9735.44896491267
79000	-472.6990423585134	-463.8695989331717	-456.4331634365771	-444.838036342381	-434.9411235890799	-413.3531834406939	-402.3321779858562	-391.41320922387126	-387.8640703302628	-387.77014583053176	-383.6752380097151	-421.027755624701	-522.275361800497	-375.44617473059	-1173.2463566855274	-6013.335084432729	-9645.387027942514
79000	-415.3391779446295	-407.0936638480997	-400.30982920468506	-388.8313135270562	-378.71483557143637	-357.4678480666792	-345.34936559910506	-334.90346761761276	-331.24576696736557	-330.9269883204423	-325.08735127531685	-354.91605254635795	-451.09659754935154	-320.7423262724045	-971.1911098483962	-5761.268861973897	-9494.062268216789
79000	-403.7912983795398	-394.52815447899115	-387.99610940831786	-375.405337992681	-365.5357230268327	-344.6127828401075	-332.37236684874864	-321.4782199381957	-317.0074905161491	-318.388014838652	-310.76941014353446	-336.6418769361679	-415.81016151227305	-306.9995600496046	-884.8653253597566	-5565.577846875233	-9158.063084297464
79000	-461.6027159507989	-453.5631976316254	-446.85228250941935	-434.7195383018126	-425.3744232185951	-403.8809947575061	-392.2051020271428	-382.63517408283377	-380.0382645428658	-377.6199990691824	-376.50958723090514	-420.84358947913466	-533.2201073394051	-363.43921499727503	-1171.7782511798714	-6270.894200243331	-10075.8364500099
79000	-419.6668785856554	-411.3555171300134	-404.4033528538096	-391.84316393588733	-383.01579612751107	-360.9784920124626	-348.8789390367579	-337.5577150950736	-333.5398898097082	-334.7386972246957	-327.43244905327464	-355.63116727062004	-453.3759068437358	-322.4620497510175	-978.0988145978549	-5692.4877427028805	-9254.414181674443
79000	-466.6323230689871	-458.04131292099044	-450.2869408739801	-439.2674986738889	-429.4404699943791	-407.4126714143108	-396.1107824453379	-386.4854550542622	-384.293802472076	-381.5722048192405	-379.2135246644686	-419.0874281011658	-518.3437466325958	-368.1929534851003	-1140.165669806877	-6050.619014843626	-9699.898106531955
79000	-452.80908100715715	-445.0099864411285	-436.5668626174956	-426.8236049588403	-415.2819587688236	-393.93286586843345	-382.5375052019305	-372.9851776739799	-369.55796272899323	-367.8648835303559	-365.35618127291855	-403.66609672198956	-512.7242378659096	-357.6631892098023	-1079.6211728413018	-5965.371752818889	-9549.562250105088
79000	-452.86963707528207	-444.31142040497195	-436.9211828580705	-424.3178203389938	-415.0768175517971	-394.295483305123	-382.19874672344685	-372.60123182980044	-367.84932659574264	-367.99741148141953	-363.62688535358467	-397.2712762431371	-494.72321384280355	-357.6736015343735	-1075.6593659267887	-5738.122179474722	-9296.82905810577
79000	-407.5070122875442	-399.21314087886606	-391.75098481334584	-379.79251775341606	-370.59767545549647	-348.4122804706625	-336.5405633412335	-326.06781541896277	-322.8671459143942	-322.58363035822117	-318.5837413880736	-351.7975563664615	-436.9421606544666	-307.99853113984557	-979.5646954051721	-6098.385572464589	-9840.298580315535
79000	-440.156571475075	-431.8383152177283	-423.62496162654605	-411.8267041107745	-402.303087468531	-380.8836039066402	-369.90736679928693	-359.35004928436734	-356.74380172236715	-355.2692603264651	-352.89413645828245	-390.3920778947644	-486.40763331812667	-340.6398206990171	-1094.940326003134	-6015.3316220867555	-9788.505793010969
79000	-438.95701344292746	-430.9178625111696	-423.6332336264281	-412.0021017626368	-401.2994237325568	-379.93366452347414	-368.8197362749159	-358.99325135030034	-355.6747765378612	-354.3300404014364	-351.72362061482903	-388.70463232932923	-483.7493411900378	-340.44528918966466	-1080.0378274745397	-6010.608511653962	-9802.919063352327
79000	-429.9479543548234	-422.18857448114176	-414.2859343071945	-401.9379803300583	-391.91084112247887	-370.94552254447956	-358.8953115512389	-348.5307794989243	-343.81639161944406	-345.2628937020367	-338.04560062377766	-365.87630980254835	-448.2908460322409	-331.5753987787198	-991.5158336188849	-5536.586094091682	-9087.56619901483
79000	-449.86804634898994	-441.1358262163777	-433.9610907738319	-421.8539365369661	-412.0714596078494	-390.7103852895071	-378.7051391576409	-369.0378797319187	-365.82895829991173	-364.64016909220385	-362.00717721905653	-400.3209983353453	-495.60221319255754	-350.30563483372566	-1089.9072785892822	-6151.455963772385	-9951.518174238958
79000	-442.14774982531287	-434.3677701073687	-426.9194818858285	-414.89016240086903	-405.04900798286496	-383.29234039994003	-372.1968919120939	-362.9115047720736	-359.85833362106126	-357.60205559910014	-356.4868536311653	-396.3370478980578	-493.84224002637467	-343.14832124708965	-1068.4540030672795	-6216.194926570988	-10099.203835956876
79000	-449.2508943039891	-440.7111132018838	-433.21622972335086	-421.5442450056704	-412.0023302694975	-390.22077313514956	-378.2536608678475	-367.97837752514147	-364.81777627753945	-364.63818127932757	-360.99776097338713	-396.77508746100455	-491.89323449883983	-349.7580346218583	-1066.5075091061362	-6056.041516722129	-9841.469593272126
79000	-419.6150105404419	-410.9896140041142	-404.1817098511213	-392.41258609651436	-381.6624494129284	-360.1085556690071	-348.71226914381765	-338.8821281684912	-334.99145589793653	-334.2491009312085	-330.3697551881561	-363.0667095190544	-452.97775013579735	-321.57626906477236	-1012.2319673576031	-5820.506653311858	-9522.457335004277
79000	-416.2057101247775	-408.37823882475453	-400.45643143262254	-388.6441850860473	-378.9687737637449	-356.33402472169644	-344.9206061802826	-334.51722978842207	-330.37092571142597	-330.78829747535667	-324.1964219861077	-351.6026805830734	-428.3105803313209	-315.4117917721664	-988.4907414317361	-5855.056481127377	-9555.778719502478
79000	-434.05717694068005	-425.5160983676253	-418.52328111843684	-406.27511674659195	-396.60548151067354	-375.4715296519997	-363.0947647458947	-353.78560358108444	-349.6288060167935	-348.9436059646818	-346.384483502687	-383.37115055912597	-485.85381409256206	-335.46987771565176	-1042.1662055249296	-5973.120467615285	-9737.602825182546
79000	-418.04226097401664	-410.0015847519082	-402.58643391297477	-390.8136485501012	-381.6707798115329	-359.875605562166	-348.09101700864437	-338.9978727557341	-335.88035790905496	-333.9294055742842	-333.77763357466375	-375.8829202038137	-470.96856460470735	-319.32853277723666	-1043.1167822542363	-6136.071180798176	-10239.018084579773
79000	-435.58883291607384	-427.21253473060403	-420.0244076754886	-408.0916253396622	-397.98289799893536	-376.463681328524	-365.6686026930787	-356.26634956728884	-353.22852543869	-351.389056805911	-348.4793138311485	-388.65978147778225	-489.4409821647542	-338.03692911955113	-1043.1137189722454	-6054.795023577903	-9860.043359178266
79000	-436.6805923486206	-427.5114334057963	-421.17197705643304	-407.7691877408456	-398.44510178136665	-378.0287731828745	-365.70468078856857	-355.2040238723537	-351.7467308878885	-351.65381610886453	-346.2196134048054	-378.4017421919828	-467.0638810281213	-337.30001666078385	-1043.7516798723923	-5938.769562199942	-9545.91216382557
79000	-429.3646486670099	-420.99472402649343	-414.1416447567339	-402.65160849120764	-392.4489250559874	-370.73268155034157	-359.06955096984143	-349.75732287994737	-346.41552547844356	-344.56505844538066	-342.9863881624035	-381.8478403386501	-478.4779131043173	-331.09967327153265	-1070.519349295311	-6171.964088396793	-10037.199301601413
79000	-423.01751956815843	-414.1910591793351	-407.1201932408034	-395.7001039123792	-385.2580644482376	-364.08005874731487	-352.02498262656786	-341.3161340137555	-336.11956793832326	-338.34058622138747	-331.076019591294	-357.59713475830256	-444.8578582931575	-324.0769947979338	-990.7522870910972	-5625.198392660974	-9344.047454952368
79000	-413.50489136998783	-404.8420009867217	-397.8516892322314	-386.1023188571055	-375.7023669095062	-354.41845725406597	-342.3516168524289	-331.5050421236193	-327.35233694787644	-328.933387097921	-320.5383357340392	-344.8842450629052	-424.9804417946725	-315.7444315604476	-947.9479945346383	-5555.878716749546	-9178.377540281095
79000	-407.7481817112197	-399.7125136842056	-392.6646226142181	-380.06184852806393	-370.2472498713738	-349.2736323715594	-336.940493412613	-326.6165087457779	-321.5292572311491	-323.1500840795895	-316.7866755866206	-341.02837822356173	-430.9062295577811	-311.01975077117817	-902.9959294897557	-5795.163057715665	-9428.9679024874
79000	-450.2392979997341	-440.9442468036626	-434.5975559450748	-422.6076414552175	-413.23970080871186	-391.17427497200646	-379.5361607268266	-370.60459214610995	-366.7660310369954	-365.23987530323495	-362.56429114838147	-399.5267532919075	-495.63247095140093	-352.41050256721115	-1093.309037177748	-5926.5410285209255	-9668.573350053937
79000	-428.16333520598823	-419.0999035280535	-412.71699489101314	-400.78130576731553	-390.57486778201303	-369.08597293533984	-356.7986932858492	-344.5692166089549	-339.3893371782442	-342.4526713906656	-331.82791822560586	-349.22628279476237	-419.8042454601696	-327.38177985678993	-941.8498372593758	-5503.040171395669	-8909.266420246133
79000	-451.23665124710516	-441.93101153089304	-434.9484886046403	-422.720212772914	-412.753128495502	-391.86836656864864	-380.48580761664726	-371.38395302139486	-368.97098172878725	-366.58752450760284	-366.994718619765	-412.1430659117551	-517.8797802228611	-351.2926569757433	-1161.5278352712025	-6355.394785863788	-10203.91476571642
79000	-436.7630226616488	-428.1774615265046	-420.6292765339513	-408.8967903762356	-399.06293950292525	-377.9231346230772	-365.48773787456616	-355.23367644082003	-351.528654458189	-351.6359656050043	-347.24651692710205	-380.4226793459888	-473.07196266179693	-338.05048855184316	-1012.6828024951833	-5855.965515945874	-9466.838953864533
79000	-418.50515627770983	-409.9859378577425	-403.64169841682934	-390.84057478128113	-381.7716374169483	-360.302471872706	-347.93791019143896	-337.95498296364633	-335.30458956541867	-333.80022652364835	-331.9686169050389	-370.6503952377546	-459.49908805982705	-319.3244371714834	-1012.8807798082503	-6182.528145961792	-10117.042292809327
79000	-410.9223617462111	-402.51919068550586	-395.96902539942886	-383.35074591321916	-373.66724048467404	-352.6545625069571	-341.106416603859	-330.65331130652146	-327.409654867656	-326.37188712957055	-324.94586229089674	-363.45535074407474	-454.4919315465639	-312.2418282863345	-1037.4972400301474	-6117.927154742794	-9998.713703819461
79000	-435.63953391643855	-426.96779403664317	-420.1636305972051	-408.5328670332408	-397.9619156961939	-376.7958865085951	-364.69138195268107	-354.7194124129513	-351.92552831695684	-350.3527338755009	-349.28744104470417	-387.63621894649555	-479.10094425111225	-335.20519045401613	-1085.2102790199863	-6054.814783338722	-9872.937814458444
79000	-431.4902976138349	-423.48718958275117	-416.5399377922867	-404.53201319532286	-394.56133857131897	-372.0083285577326	-361.31854126364334	-351.553982227895	-347.5972400369713	-346.54673963732705	-344.5835693683354	-380.270728401049	-478.4253191872478	-333.53765908082244	-1037.0319250496727	-6108.567191150151	-9814.22472455544
79000	-442.7662728213821	-434.8650534828544	-427.2392672603556	-415.1710560516859	-406.5360910175084	-384.3053640809314	-372.5912332669528	-363.1448958973445	-360.7417669499748	-358.75223715653743	-356.33594470505136	-396.6289832203991	-497.7642166463943	-344.8866382370902	-1054.1052558608228	-6236.773115761447	-9955.886048591025
79000	-398.5350782186189	-390.2921273423009	-383.0621235448436	-370.7116326723334	-360.47926757338405	-339.10774584836093	-326.9492204189961	-317.3762537119771	-313.6327919122691	-313.0411375211818	-309.5200049398031	-341.10276303954345	-421.2826649378975	-298.16951708393964	-923.573998864423	-6052.195954215889	-9844.785106041207
79000	-455.1830536018087	-446.2798211406309	-439.34868112647547	-428.18645194933947	-417.41521893743976	-396.58535978173967	-384.9158905254077	-374.9281451801117	-371.35417064827317	-370.1670406537064	-368.4806834515433	-406.77913896377714	-504.60304892178567	-358.0289190717807	-1126.2611705657405	-6136.364067716873	-9803.445838268712
79000	-417.5317037279868	-408.8201943383888	-402.2178955981761	-390.18296306228615	-380.47492444359716	-359.01939433147294	-346.6161375636704	-337.4218472947505	-334.5390242752586	-333.1267848521756	-330.7437936404683	-370.2427443863836	-467.0501549918512	-319.59707746455524	-970.7401716107388	-6120.551012788865	-10007.116516191856
79000	-424.95766391948786	-416.39654280487724	-409.8407852887232	-397.86093718514076	-387.70104057488123	-366.2092935198795	-354.5983800827706	-344.96907915048325	-342.0383796600426	-340.4038094528053	-337.59346797427514	-373.8537133617748	-491.38683888900954	-328.7014375637838	-1013.679758861797	-5950.0307099016145	-9774.667837434547
79000	-462.4642707226791	-453.8482903562651	-447.766134085925	-435.7724521669662	-426.2735485225915	-404.4708745888087	-392.6255277020834	-383.111926900277	-379.57006757940314	-378.44599962061494	-377.60414416889716	-419.92805335604436	-526.4550572364993	-363.7029916460109	-1160.8829111727853	-6223.741607120784	-10025.48177319862
79000	-409.4811309522053	-401.50342001948286	-394.5616487771402	-382.09471327680944	-372.1582109084428	-350.0303696789977	-338.53915903928794	-329.1441463395167	-326.11461416970167	-324.5976297872039	-324.1805505354791	-363.8890740603704	-452.3434169445208	-310.1260827771748	-984.9501729801623	-6127.039098486588	-10034.503205494631
79000	-435.66538305418345	-426.63485672914936	-420.0447651058916	-407.85177763578963	-397.54805585787074	-376.37868569359557	-364.4583490226648	-353.9026357816366	-349.3937022066376	-350.5078359130941	-342.61176877731657	-368.8448622637221	-457.75631716150144	-340.71767624883876	-983.8932308409021	-5678.867034386763	-9143.81233577085
79000	-432.3887431263008	-423.9149671509712	-417.3224345553455	-404.6602033229947	-394.77305180874777	-372.983779381154	-361.7757631115634	-350.89266588016875	-347.4001212982931	-347.7523261810816	-343.88630239342	-378.1478847138391	-468.99171502499286	-332.82390868629057	-1017.3616889074017	-6018.46715715975	-9711.819205230515
79000	-449.4115136214979	-440.66131370508884	-433.4523857346224	-421.5434151872339	-412.65971291546896	-390.4653740428203	-378.9382831836433	-367.93272886334177	-364.76695739241666	-364.6294517575526	-360.9894224615395	-395.43583397090777	-494.1520997752496	-352.70876502169756	-1089.3228019448015	-5847.747210282545	-9595.375093125875
79000	-440.22922098984753	-432.02492726554885	-424.7804060869324	-413.04971002329114	-403.5444172574648	-382.48604540624035	-370.08875549923624	-361.0244748369811	-358.3212050623943	-355.7830521483008	-354.5556500069053	-393.6035537869229	-501.8461432738552	-341.74009348414455	-1101.880124525364	-6180.972867122113	-10089.64916828022
79000	-418.32248887711984	-410.1136481166514	-403.1052825706259	-390.40525524239047	-380.336116493731	-359.8563693850326	-347.3311865063674	-336.9402776325594	-331.5303604594704	-333.1013840291318	-325.17940370866006	-348.85143045197105	-429.3475310703153	-323.16277416087775	-926.0329770237239	-5540.510685986518	-9190.331165116973
79000	-460.66908964583973	-451.7093225970201	-444.63874631713685	-432.4719379859663	-422.94305056819485	-401.4417845996496	-390.18782125047807	-379.71986142755253	-375.3231463816399	-375.16835011356244	-372.54974019441806	-407.5186704315895	-499.5718494137538	-361.71040103630236	-1129.4118886480312	-6121.786996668844	-9786.766066429167
79000	-402.50205170676537	-393.7740433902634	-386.8341118859526	-374.51962594888744	-364.16302616141775	-343.5742511598309	-331.7640619141295	-320.1932583231845	-316.2262312454452	-317.27528743519474	-311.35533587230174	-342.37103604767583	-426.55968787803585	-303.27277260985016	-964.4020439228492	-5774.110257973478	-9521.892506872286
79000	-443.59606840223813	-434.6497349856899	-427.42495635855045	-415.2446480611327	-405.1405674191731	-384.27958361967126	-371.59240233898026	-361.8856482759248	-357.2884683040755	-358.60552355511777	-351.839575813624	-381.77850259026235	-472.78120935165236	-342.93074124946577	-1064.7283746368432	-5705.829421330517	-9345.056040929896
79000	-435.69479145662325	-426.7665861815771	-419.824990260397	-408.0900960950838	-398.491704988839	-376.2533975259795	-365.32842708688327	-355.7435993645939	-352.02790789480935	-351.9481359610697	-347.38509532338486	-383.4720015399124	-480.07582895590946	-339.1924799466404	-1047.3503113796178	-5826.0192602874595	-9622.074422159101
79000	-394.35079002080874	-385.7684772832918	-378.1259502059358	-365.7501070328375	-356.4529198528781	-334.85868059085266	-322.11164557302226	-311.4586704478574	-307.0709755166745	-308.997034512492	-300.46044576271964	-323.50607456381425	-394.001105303634	-295.83448934580616	-876.9748030665985	-5735.0979674284845	-9407.246205622378
79000	-422.63283558616996	-414.3660871835012	-407.29377060754103	-395.3546058707119	-385.4602858145785	-363.8379268253074	-351.77964544271674	-342.342854403724	-338.9223195084424	-338.15730057397496	-336.1473229740595	-374.6893071703181	-467.2661610197825	-323.57819056342584	-1020.6463175963281	-6323.418581900425	-10023.47518416273
79000	-439.8905632725734	-431.0189060238408	-423.99649049066994	-412.0843857153718	-402.08179597557614	-380.2439549149347	-369.01453811650356	-358.2372312333157	-354.32812555524254	-354.3550890482283	-349.6077996380836	-380.748706048203	-467.9218849031185	-338.92735492293554	-1058.354753310609	-5980.300325589206	-9656.143546611242
79000	-436.5206444052562	-428.6774830399133	-421.9902997645053	-408.93554366740625	-399.3965760551172	-378.2847313737694	-366.24916628874564	-356.10979901642753	-352.33192252563305	-352.3167790925913	-348.3871814445185	-384.35193319801186	-477.6889412411213	-337.6824095991599	-1085.8023971132295	-5987.084127974142	-9741.704541110106
79000	-445.82733607805005	-438.20395876601077	-430.6147258273376	-418.4632957627191	-408.93356411269207	-386.4863972217158	-376.3120243646904	-367.42285073094877	-365.2103041531852	-362.2091836110063	-361.8689292409932	-408.2242966865943	-519.633389870391	-354.67731351883793	-1076.8916203897536	-6093.793037522737	-9900.956779430278
79000	-471.21741209660837	-463.05735204853556	-455.87184127282256	-443.48674016368216	-433.80141051246	-412.7447787219953	-400.4638028241913	-390.06049211838035	-387.6096916943434	-388.0068630483238	-381.83772738505655	-415.67558750403657	-520.2961064627088	-370.60893634329824	-1144.179666254605	-5904.577058360354	-9509.434883981367
79000	-433.29869797766963	-424.756214299008	-417.7511827312075	-405.6150965048065	-395.9875877366095	-374.32663064644896	-362.47342416815405	-352.66016549208973	-348.8803332465335	-348.43217925810933	-344.970674323947	-378.5497621125536	-468.0257090834201	-332.68803832333106	-1055.9932175927825	-6102.070978317391	-9849.121659739882
79000	-433.3290168521249	-425.0717997020773	-417.6664316645991	-405.4541368400636	-396.2623806968024	-373.8432350839966	-363.3613818958788	-352.7182956814786	-349.47893030673765	-348.8661249764593	-345.7400746041098	-383.0321969097692	-475.13502729710683	-333.3966520427256	-1057.375563644102	-6091.857297043209	-9809.917344094913
79000	-432.38699376306954	-423.3562715391896	-416.5205514668208	-405.2436550668732	-394.76052502340565	-373.9365848988565	-361.4461591262247	-351.4749684320709	-348.43589165244055	-348.0283415267882	-344.8523909530517	-382.0488901519023	-476.3103692683943	-334.19397684079826	-1061.0077383842386	-5922.020942644487	-9674.059758685715
79000	-424.28962477507184	-416.3260969070865	-409.43339772441624	-396.4187904157021	-387.55046097984444	-365.6254456448363	-353.65868765901837	-342.88988812608187	-339.16339226363453	-339.45873249675964	-333.73387876985254	-362.17291364015557	-443.0872060161805	-324.9220177041774	-995.4437911368342	-5827.067144167568	-9427.826876213423
79000	-445.3474166057614	-437.54928368663496	-429.7322385409148	-418.12021017028246	-409.0240439623122	-386.60695426592895	-374.43670389154244	-365.14880867144694	-360.80628431881826	-360.6432692287121	-357.391810794752	-394.25612525906286	-484.2024423049875	-344.88475606555295	-1089.9113742990032	-6182.768493696885	-9996.39450835588
79000	-450.8496689908164	-442.0503774943336	-434.74839914028445	-423.347082701968	-413.7388696259175	-392.59380192420053	-380.37371267625036	-370.6351132252271	-367.3106211896275	-366.27138502056243	-364.10452525451853	-402.98911072996464	-510.49357659484093	-352.0070531222292	-1127.5184005620788	-6056.083003961263	-9763.769781351042
79000	-446.4275179548756	-438.68424546517673	-431.09796418607556	-418.7925779513258	-409.8080871816422	-388.0114502238241	-376.0872195157829	-366.8221386711694	-362.80794932736507	-362.1459274592897	-359.339295022742	-396.6171356236006	-493.44419382363435	-347.9234081853032	-1086.194891194914	-6166.596029493599	-10007.411249405246
79000	-418.0910634155077	-409.00628172874843	-402.1556769819268	-390.2533442561403	-380.5382794938941	-358.7000741414988	-347.09319053123465	-337.57776006135373	-334.03423669179784	-333.0848607564843	-330.9537167937465	-370.524413200153	-462.3248045737821	-318.93153509900094	-1016.8189203186795	-6055.35567875019	-9921.60791980306
79000	-452.83923061893535	-443.54683438207	-436.8141457007451	-424.94707439286253	-414.5880489897177	-393.4826225797782	-382.5083089376477	-372.84348610999024	-370.06931765070465	-367.81560326185803	-367.102288822851	-410.4202111461642	-522.7827420458037	-353.76012552090845	-1144.5267037771005	-6176.468673519942	-9989.95599457131
79000	-428.32055285571664	-420.9370648941949	-413.2389204307729	-401.57188019265493	-391.3033979733163	-369.905431938539	-358.46579563210906	-348.27414678562815	-345.18574101307684	-344.30168453437926	-341.9309475322498	-378.1206364490046	-482.91894207147084	-331.3656254946277	-1054.1621974371535	-5940.405005394144	-9801.511072893623
79000	-469.41464186703615	-460.91426356569383	-453.0397254697967	-442.5144156082292	-432.7276622936991	-411.5001539320926	-400.1353716130156	-390.8370358587061	-388.2262572986033	-385.5191648870727	-384.9686218674795	-432.2739327932859	-553.1172833097753	-372.96431945036943	-1183.6125389550489	-6326.522761802598	-10080.169517355216
79000	-444.8820083729844	-436.30931997457134	-429.1821110613792	-417.0301271517833	-407.375822658427	-387.03953484296477	-374.709794856391	-364.1196223054009	-361.0462538808873	-360.24464399377837	-356.76366022208435	-393.8440976584741	-501.23552789145276	-345.0434679544366	-1082.8662678615187	-6111.572868361325	-9856.676741202933
79000	-416.58564692609383	-408.25243847167127	-401.1682040088709	-389.58040749441307	-379.54589519425843	-357.82325032783643	-346.1008411751003	-335.09550126199883	-332.04874703895774	-331.65436812934786	-326.9617317087883	-358.8200290922819	-440.3179842550787	-316.80054290085	-986.6761876346575	-5866.847590352823	-9507.058645358768
79000	-435.9686439148655	-427.8300666616538	-420.21251625975236	-408.1347540849981	-398.95745401464416	-376.5705532837145	-365.77901401785056	-354.8824603108881	-350.90454348204076	-351.45317494855334	-346.2816851367259	-380.88276777867424	-470.02525420219865	-336.49240264386697	-1054.050959318903	-6067.783911147988	-9854.215725770659
79000	-467.2398596313228	-458.71766070193326	-451.8777037395501	-439.2742068716111	-428.98485728081687	-408.0230788829863	-397.265407805026	-387.2972836298046	-383.27711410663255	-382.5088558416465	-378.0574326558555	-412.1330220307161	-514.5164085343431	-368.42778745955286	-1105.224875048185	-5870.451142178271	-9523.516012595686
79000	-464.0808266415948	-455.22908001310043	-448.11177464764927	-436.48431472184575	-427.6348335519642	-405.50423277360306	-394.03643892087194	-384.7925615184925	-382.1024506999893	-379.2296990902371	-380.6343675321974	-427.7260218086118	-538.6123529856931	-364.716276611405	-1208.9240898421267	-6271.153118083346	-10149.070746108286
79000	-405.07030575575897	-396.40625345815596	-389.35246991627065	-377.4900853924229	-367.56184058131265	-346.208284647951	-333.4884990752091	-322.5415031698215	-317.50347726268217	-320.3978591645933	-310.60466387368876	-330.2304995601123	-404.9161549245902	-305.2975399436142	-896.212167014582	-5419.023016639039	-9120.067387193572
79000	-411.4730050391386	-403.2696600055592	-396.1723598070625	-383.7917305246368	-373.90898988727895	-352.56375577811536	-340.6755336887951	-330.2760058658586	-326.2317059066241	-326.86823666889455	-320.94849164238724	-349.6922471536326	-436.5578333541693	-311.84651451465555	-963.2483778608987	-5737.322654204093	-9383.596134915442
79000	-436.75149859193283	-429.1352370427737	-421.3641973955625	-409.89266244807936	-400.42006107450345	-378.26541130680187	-366.4669335809792	-356.50111637211677	-352.6221861041905	-353.21720303648794	-348.24356809783825	-379.7697393598302	-475.1370596533414	-340.0263766969124	-1017.6157642068064	-5678.631567560383	-9283.777614011082
79000	-422.73387950755847	-413.97336178534994	-407.57124691179257	-394.9077459705072	-385.4825586375414	-364.0843490952207	-352.9604156898372	-342.5334885446022	-340.07220446785954	-338.1237177525371	-336.826605013153	-376.40899134914474	-478.60095377337126	-325.89315552481924	-1031.4971657852711	-6098.20188750381	-9890.657006595065
79000	-451.6096625271422	-443.2222695753571	-435.6165915867451	-424.29477343955875	-414.1273977267868	-392.52827252384645	-381.2636160273542	-371.1240359141642	-367.3897005724693	-367.22226197625577	-363.9868938911954	-401.0729925772464	-498.9466886970216	-352.9415717559579	-1072.7177419798427	-5897.451831089453	-9720.065156916038
79000	-427.833416045821	-419.52765351914354	-412.52258272067166	-400.3712440687251	-391.04944725790966	-369.6182292581356	-357.96812780162935	-347.831372908504	-343.4463039753675	-343.593452712826	-339.45391010163365	-374.6274660384533	-463.64597312938497	-330.6588254633802	-1017.4542796921446	-5948.348777375556	-9623.765844293432
79000	-466.3264557511753	-458.1654571465715	-451.3332920347704	-438.8504803077791	-430.0502700099991	-408.1485391504506	-397.1967996717076	-388.1786129271627	-386.1954814271063	-382.71575268018967	-382.8222249179722	-431.74786309650807	-546.6564406581788	-368.62274095111366	-1206.8470630659722	-6361.161236832128	-10211.904866718283
79000	-440.9967267207768	-431.9943099832431	-424.69432476612934	-412.831795342237	-402.6502464822188	-381.3559880674521	-370.6225343847553	-359.7684853414204	-356.38467294192066	-356.1072830299871	-352.1440657253347	-387.9740790751807	-488.10249303666035	-342.8069843973335	-1041.375307725863	-5961.269934856615	-9568.775924159028
79000	-456.14236485593636	-447.67229050040714	-441.0585770728397	-428.65071695662755	-418.941067983187	-397.39924286943887	-386.71908720810745	-377.5555524018297	-375.91558516906804	-371.22388465783126	-374.1360562537776	-422.50718749006944	-530.1143299052189	-357.13414690270116	-1176.466342888458	-6384.529786225074	-10365.037584850677
79000	-433.4442132849138	-424.34573245492686	-417.93148205603	-405.3727851603336	-395.3696036888344	-373.8307067070098	-362.5000587381278	-351.8374020443231	-346.5054189047774	-348.34933379212276	-342.2502969110261	-371.36327900648695	-452.73781236703473	-332.7321330869658	-1009.815047821386	-5798.010180521176	-9514.033031207608
79000	-460.4985513932233	-452.7818086372317	-446.32970789972495	-434.0447053449054	-423.78176763349586	-402.42045480662017	-391.5982075588676	-381.5129813186936	-377.81612712061946	-376.28542079507184	-374.2064692276104	-415.4490297063681	-528.6728988490049	-366.57695759099465	-1115.9983061326343	-6202.933944349145	-9989.072871344124
79000	-419.27193671629374	-410.95462493009626	-403.9474695572624	-391.7700031302413	-381.64787828212457	-359.90012677085554	-348.70203162063973	-339.32508636495146	-336.0477549008049	-334.6948128426076	-333.1035853736994	-372.9317462511097	-471.11160367576747	-320.72578223305953	-997.4186941239993	-6134.746078897368	-10074.264316946641
79000	-431.17119236711164	-422.09215994960664	-415.15378856573017	-402.4260131275371	-393.06538911796054	-371.90128314332765	-359.3201009906013	-349.5906650206433	-345.3763021581655	-345.6830694692469	-340.83862620934525	-372.1746286003774	-462.87407414884564	-330.7708581494274	-1019.0533119049811	-5865.37274177028	-9511.212378299238
79000	-422.8194877164186	-414.4832195054665	-407.2416030498263	-395.50037948340116	-385.6066327069223	-363.9607521677133	-351.73783756856665	-342.78692478567865	-338.2093456039316	-337.7291547861528	-333.50254995015337	-366.7220917282212	-463.4254712977072	-324.90950730318224	-988.8544872309436	-5699.599849936465	-9392.261541216498
79000	-424.2987237609996	-415.7339531662247	-408.6522864140762	-396.37544941669773	-387.1590380506438	-365.4761242602244	-353.63113239975786	-342.86925787104104	-338.7875346491186	-339.6188612711749	-333.28122402013366	-360.776002411496	-451.42720447701606	-325.4920238386438	-962.0829063362363	-5738.390287994127	-9403.534737925034
79000	-446.36452482124463	-438.58807099940066	-431.17305882692466	-418.95256027672554	-409.3501199572995	-387.97177733863055	-376.52691310383193	-367.28602452827164	-364.97984423636024	-362.62500180686004	-362.4407861032592	-405.658377467807	-505.4370255743844	-348.21453074319663	-1113.7099931978712	-6128.319069007833	-9993.756654269557
79000	-470.72403197320335	-462.1049020365419	-455.01691467257007	-443.6533447013875	-433.0819301389508	-413.00792398883317	-400.7840888247805	-391.64611203373846	-388.5362636358553	-386.8527738763408	-384.5315611917262	-427.34778295304824	-542.3547953221253	-374.89976173788034	-1173.1342073200994	-6060.987597228678	-9889.846448335355
79000	-415.3265430017813	-407.23397512401584	-399.60031970884796	-387.93235179164856	-378.06791662829016	-356.6773181812212	-344.68692388482555	-335.04875317158087	-331.0484081982999	-330.4354216747181	-325.99375112361304	-361.76858379421674	-455.5208279824911	-317.0383174866195	-969.0234416500863	-5800.295787439297	-9670.38114396845
79000	-408.788666468059	-399.8387019164721	-393.1067140740931	-381.24270838900986	-370.4440591160127	-349.26678929511627	-336.858536999652	-326.0311312627418	-321.6422195840838	-324.0543392162094	-315.2372868007496	-340.85538412463956	-421.23666435838607	-308.81620257580056	-926.435009564451	-5518.835332017098	-9148.932932738608
79000	-418.4314620226542	-410.04176136975826	-402.48665632388173	-391.0041894568194	-380.94127869433527	-359.73219214659423	-347.2741545809309	-337.14739104695803	-332.8805237595581	-333.6299185983817	-327.9631335339303	-358.8847573245427	-442.8320038356743	-320.82291493243184	-963.6431879833996	-5705.763352181564	-9447.992081238106
79000	-447.79563163934387	-439.00070033716037	-431.4433754125717	-420.34443554921324	-410.6455665279603	-389.1510650194834	-377.6331428367371	-368.00039252731216	-364.69016156826694	-362.4161103060939	-360.5179974785907	-401.36185586826997	-504.7119012318039	-348.79423101092726	-1129.0995596010807	-6150.760186882378	-9847.068638311624
79000	-436.2869605286967	-427.5599539072205	-421.0252129989155	-408.5390425008495	-399.38644139247094	-377.74813021041354	-365.39346174584375	-355.645596747389	-353.0765913681943	-351.4006678111404	-350.8552891638134	-391.62650615854204	-486.33977473570656	-335.980391689561	-1091.7225676996866	-6147.198395739148	-9945.29350351345
79000	-404.5255299642477	-396.69905516269597	-389.19025794539215	-376.8715678641755	-367.1474269715785	-345.73891451567863	-333.693080880773	-323.2816977145241	-318.7133477261624	-319.47037301878527	-314.18468149496914	-342.68778703647195	-422.57766750574484	-304.7870620879026	-929.3862946531137	-5869.049581061038	-9692.552854084297
79000	-424.2530303136552	-415.87255798416555	-408.38546456424564	-396.17189661743214	-385.81162535033303	-364.6333482489877	-352.5569135528319	-342.59066902867596	-338.2551536857715	-339.16735005224155	-332.9392300980327	-362.45080617495387	-447.6320065408303	-324.450544894966	-992.7580330724337	-5768.350722714854	-9396.425444813562
79000	-437.54395770243394	-429.3451748803237	-421.8108020413527	-410.36432799851366	-399.9321539982672	-378.0904381427005	-366.7828266685794	-356.1360257374424	-352.4215900443688	-352.9449660875984	-347.9174866864594	-378.36650397461415	-469.34821888959846	-337.0982998625005	-1047.739650541077	-5936.616550949083	-9638.612224982466
79000	-394.0712838796062	-385.642180687674	-378.4843853214716	-366.47222013117266	-356.13554144290737	-334.9519363264841	-322.2919179598384	-311.9817928216272	-306.7552289137047	-309.20640948830504	-299.6563938840391	-322.0314606601072	-396.3289594385454	-295.4646055686546	-890.8880990808719	-5633.227777779145	-9309.498150521942
79000	-420.2805626470113	-411.7995572236236	-404.72021500217403	-392.93663044044604	-383.4476376989552	-361.41829538085466	-349.78772547107474	-339.9921307202602	-336.2830491735619	-335.7920536561037	-332.1133259986165	-367.0397553017237	-459.12084674392827	-321.74016696827937	-1004.2345050251262	-5992.890627446079	-9795.521591219665
79000	-408.85969131626297	-400.41753622989063	-392.8132973767429	-381.53222563239035	-371.2694322966712	-350.30787454164687	-338.61438009241806	-328.3990947469449	-323.5320703828298	-324.18873723971467	-320.7070020433183	-354.4817489510427	-444.7356336318227	-310.4679556446238	-967.3602876745396	-5998.462547044433	-9864.51287035962
79000	-423.3686501537568	-415.47294590110585	-408.2904725299515	-395.3274398800081	-385.8448620867791	-364.26477114002955	-352.2960266601729	-341.913903395612	-337.37294625487795	-338.1712691427964	-333.4791850081783	-363.94817060011684	-450.94735458120675	-324.2570837769127	-990.5073398434746	-5799.087643092013	-9544.364901349432
79000	-436.2737214822611	-428.87628516043594	-421.1051763451928	-409.4624048453204	-399.4978849962709	-377.06438077340505	-366.6457086782084	-356.8699197256903	-353.0682397580065	-352.1427018523678	-350.2644394238934	-392.0219651355251	-498.1234658655273	-337.09601161027655	-1109.73087287252	-6071.7439569125145	-9959.008218796695
79000	-399.420862299302	-391.58109855555443	-383.9466557131348	-371.6987962683485	-361.84977070491203	-340.388918455496	-328.45534892421597	-318.6173235308476	-314.6638923737512	-314.9880683316062	-310.11086719090173	-340.25662117623045	-420.66988005240813	-300.2899249197347	-924.4316739851845	-5916.543722345283	-9692.955907041276
79000	-437.6462180017811	-428.61058299008886	-422.2516889734591	-410.78151161674975	-400.3842498427288	-378.8386883898052	-367.9448151579847	-358.8504165978315	-355.226282178188	-354.22820502267723	-353.6044972314256	-397.2095683391753	-502.6727413858476	-343.08651935031924	-1070.8351225942072	-6212.776901162961	-10040.38974922519
79000	-418.8177598095566	-410.08305054979235	-402.74791900231827	-391.1106537818072	-380.88571517638036	-359.755474525702	-346.8922490508627	-336.102358229227	-332.4188848818709	-333.99168900695065	-325.51974082828224	-350.9391645428513	-435.6219201143784	-320.27234185045927	-945.5139806786157	-5575.750304143864	-9199.610251121067
79000	-403.7829785973327	-395.28457410980076	-387.8926444971034	-375.3967982165134	-365.8471402817647	-344.4041943776819	-332.88137010363795	-321.4580323923299	-317.979667906069	-318.1486362855759	-313.1943692164325	-343.55252020718785	-425.14574070049713	-303.3734083952497	-961.8510322900953	-5838.676036477218	-9662.65937627383
79000	-454.6345132660083	-446.74949067149413	-439.3965011780878	-427.2895928638502	-417.5835240669114	-395.5558859436379	-385.0797538250341	-374.93171777936715	-371.62890762863066	-371.0117069120956	-368.4767013852665	-406.6984093053289	-516.5494366704959	-354.74008755894556	-1150.1477572125061	-6204.896788711313	-9899.182273103896
79000	-408.3515938261859	-400.67384752819936	-393.465527194833	-380.6759058477894	-371.46137041737813	-349.2575314681632	-337.94315548828854	-326.8833303896955	-322.25952069258005	-323.22987291748996	-316.99379344497726	-343.6749721954793	-420.7310117290886	-308.84393394900707	-975.8663988720183	-5773.704156280589	-9567.848755327039
79000	-418.3025386973799	-409.201355480136	-402.34800883490817	-389.92689441335824	-380.1565170104864	-358.94034805494636	-346.56517967502396	-336.1672877202661	-332.3351360913978	-332.74914998228417	-327.401239622613	-358.1032129881022	-439.312224167141	-317.4882797377254	-988.9336854593219	-6061.965853530448	-9879.122814272812
79000	-446.63052731672036	-438.70186155414115	-431.7088487345101	-419.97508857128105	-409.0641059311515	-387.93033112242824	-376.3904351288189	-366.40627128229795	-363.49517587529215	-361.9274669223544	-359.84408312110907	-397.2335837195226	-492.7208598440038	-349.86844303339694	-1030.9967309209917	-6104.760238977623	-9831.859908814891
79000	-415.740157597768	-407.80580151437493	-400.6008401399235	-388.3193723759915	-378.4756322235971	-357.17490684992214	-345.12263970291883	-335.09842789606864	-331.6317983903883	-330.9767204551144	-328.6000890742628	-368.1902478160699	-461.061908331801	-315.35569527338293	-1036.2244803682418	-6014.9284526003985	-9879.129932982976
79000	-495.7096205164769	-487.6679995217327	-479.92086960780256	-467.84924839111	-458.56870197989014	-437.02704070036066	-425.651838088602	-416.79842995681565	-413.7195018070134	-411.22748947528214	-412.73098414529477	-461.0572107144511	-577.6198834284053	-399.17337182083315	-1274.9984998996254	-6435.618834182328	-10305.798180940224
79000	-439.9810248217398	-432.3136276627639	-424.28244964161416	-412.6768343071261	-402.6482186210171	-381.4845684725943	-369.5356372638222	-359.7206325097045	-356.79256662182223	-355.6638175693678	-353.8649867948657	-393.9329544908243	-501.1147261043424	-340.0266494738395	-1095.5436351826506	-6179.127461557725	-9949.703227978001
79000	-417.86672555812675	-408.84768621691916	-402.46127419974863	-390.37621754674956	-380.156491526652	-358.7998015128986	-347.23628031585804	-336.81856704223543	-333.38436502785277	-333.0018932421277	-329.4718292769507	-364.8434749187465	-451.4672223605544	-317.47726596818234	-1001.8709155817476	-6003.053828597726	-9882.570347958665
79000	-415.538562277651	-407.4519042317543	-400.41450684383113	-388.18828335962985	-378.2990313587369	-355.9326954905938	-344.83694944847764	-334.72111717264505	-330.8598023442581	-330.82548440326315	-326.1811534538064	-359.7670011350555	-447.88036429997885	-316.36637327945436	-997.990760114518	-5904.799199554511	-9670.167779417377
79000	-408.90250868811466	-400.50318275377714	-393.309643581647	-381.34747634906785	-372.1904657123736	-349.4288178845261	-338.231478945577	-328.0445115416195	-324.4313135476538	-324.418195962801	-320.14437489136367	-352.8806430122338	-439.40510409396256	-310.6935561673713	-981.0894621247822	-6035.266373114339	-9885.613536532974
79000	-416.149632840123	-407.31633793583285	-400.6917492319881	-388.35331358817825	-378.8920590179763	-357.2998384608641	-345.3124697928782	-334.6778893262126	-328.86749227267734	-331.2196162903105	-323.4300989548941	-348.57941056532394	-428.5947894423886	-316.437395424764	-964.5632597147404	-5544.274032666186	-9196.81396109606
79000	-425.6215955513308	-417.00147939583235	-409.89541696175735	-397.73835215764893	-387.8762347072862	-367.060440630224	-354.48962475022654	-343.95064135223737	-339.44194474662015	-340.14927711960297	-333.94580737563706	-361.95135501407134	-441.62392927734743	-325.5411069214236	-990.8961817098279	-5774.864870944101	-9398.989108395723
79000	-422.47794402452666	-414.2594973691485	-407.4997322672072	-394.79077686502194	-385.13393354582087	-363.3690054524993	-351.2594349977236	-340.9795004976215	-336.49687546137415	-336.8433446328675	-331.7527216709435	-360.1526885000514	-445.9852194973477	-322.53821444465564	-984.523234366332	-5887.852738340428	-9578.36299850783
79000	-433.600491129243	-425.3503881003714	-418.6914634310753	-405.58299576434706	-396.44611596856544	-375.33091793332494	-363.6095841836823	-353.136257101984	-351.2331939662531	-348.9401821061189	-346.1185190988154	-383.25065591574435	-480.1255003355159	-337.3034816395838	-1042.177264690322	-5954.134392922741	-9795.922862570855
79000	-433.26226156121345	-424.47529225512704	-417.41709210179596	-405.758025539135	-395.51836935569736	-374.3222458915777	-362.2645265727412	-351.3639720211579	-347.32217430709215	-347.97758955105445	-341.77220340448326	-371.71489456588137	-454.39660844247487	-332.7330618112153	-1041.5393394867106	-5740.354607412004	-9414.904951477492
79000	-423.2243618103242	-415.02774502567036	-407.70212108802053	-395.80410878762814	-385.16560419463815	-363.8352911118254	-352.319026851786	-342.56909261476477	-338.2602659336139	-338.15615247341805	-333.4293169059538	-366.7445157872492	-455.11252037098905	-326.0584605030229	-984.1076012599074	-5740.546561793484	-9504.227384119858
79000	-436.58893541120176	-427.72110489389553	-420.66079538858565	-408.7494231955193	-398.62321369639784	-377.3562429986644	-365.7759143678425	-355.88362044818024	-352.11860458939975	-351.9321475979734	-348.69831373603427	-385.55545271706023	-483.6598918027088	-339.11374170218346	-1054.722132367995	-6017.5449173386405	-9770.39050752016
79000	-384.03415059551236	-375.6942932144602	-368.1016821523186	-355.91708281672675	-346.3809198453958	-324.65285254854155	-312.4457141807826	-301.70523887156975	-296.88986067187017	-298.9722087757152	-290.8995380351575	-315.26203264162734	-389.882794957494	-285.55774341592064	-838.6913172704728	-5693.891920065338	-9363.37423665699
79000	-432.27423802045604	-423.78402889492514	-416.84937762112594	-404.77415744518566	-394.7026836836665	-373.3708849488754	-361.6601209920589	-351.59618492935914	-347.348613738157	-347.0919102099412	-343.0715608047348	-377.2379557352764	-468.6573411187101	-332.51893182284493	-1021.7823803685375	-5991.001930479615	-9752.653158287965
79000	-432.9146992893138	-424.4832914630693	-417.5883076743334	-405.4775661220973	-396.0917389865003	-374.2216512742108	-362.13670738483665	-353.35485203198994	-350.5608423437206	-347.8866208771577	-347.72234333695707	-390.34788022031734	-493.98489218150564	-334.13090344103904	-1078.3047842386072	-6212.164091107735	-10036.661590039137
79000	-436.1555717627937	-427.7480787109302	-419.90960273682214	-408.73948514407607	-398.4480961463423	-376.87425501961036	-365.0640667658212	-354.35963295387506	-351.29046350668074	-351.6176356450049	-346.07347985415106	-379.6776599196698	-474.2900925563003	-336.8632626145254	-1028.8505825773354	-5880.198875713402	-9561.185712321016
79000	-453.53162883105637	-445.03099389496435	-437.3991198561909	-425.22593417475935	-415.28411775633185	-394.9142264720436	-383.3930679898718	-373.1239006705305	-370.3050520110614	-368.8582609372302	-366.33779596324433	-405.58757525644336	-513.7450225774713	-354.7548485607474	-1116.8116597126923	-6058.866730245174	-9848.00087006265
79000	-460.105414671922	-451.6708447040711	-444.72858763509436	-432.3555235913449	-423.11989887028597	-401.7743859627135	-390.03716010634736	-381.29708490300226	-378.2842620099981	-376.1192943027284	-375.85009618667635	-416.359869656033	-514.8956241652327	-361.34241299273697	-1136.706416278716	-6205.4699984608005	-10021.976036584083
79000	-403.7120644780729	-395.0802056410721	-387.8925285949113	-375.6698835088073	-365.83118416617583	-344.1985371869468	-332.2516909977016	-321.0617122913303	-317.3435283506783	-318.1247787990927	-311.574753678792	-339.8936625405191	-422.6693535128181	-303.2718899074336	-935.7112108487987	-5698.484646782996	-9476.495173893341
79000	-445.5559303393982	-437.04748796042554	-429.99630647512157	-417.1623033857021	-407.8469862704749	-386.3839079056589	-375.5680769004887	-365.72347165275755	-361.85913306662604	-360.6916981350053	-358.57538228649184	-397.6071772069786	-495.43227648875154	-345.20079194212246	-1109.2745290400135	-6197.811981328709	-9868.121298991677
79000	-444.41726163571434	-435.08090933023124	-428.50595465938176	-415.8471455429018	-406.44594594270643	-384.6070815552391	-373.23592482057853	-363.7887297413824	-359.5973795892685	-358.99593248766934	-353.8091015926619	-386.57173154253536	-475.8347828834683	-344.0445388384146	-1057.7131961891523	-5952.034543447137	-9622.197061352204
79000	-426.6575078947298	-417.64441203195844	-410.2779972570543	-398.48259673140376	-388.4434448998574	-367.32588743178746	-355.3606488671423	-344.6098377551895	-342.37572289781957	-341.00496234164666	-337.74713040465963	-374.6206221352407	-465.0160153584545	-325.52612750369633	-1043.7250147002155	-5931.068250259569	-9711.659419064752
79000	-439.8862337727378	-432.3718741013041	-424.6747851325603	-412.46218201455713	-403.0934741271794	-381.28559233384317	-370.45510287611336	-360.62839615863606	-357.1167473356066	-355.35204087396414	-354.1384089520808	-393.9327290953691	-490.27682142852507	-339.84887433228914	-1100.0001306872707	-6121.9460469982005	-9964.551608723668
79000	-434.40502150192236	-425.19954707296114	-418.0620471753727	-406.3084087675787	-396.526019393216	-374.7914703361678	-363.3201322795926	-352.9587744562569	-349.21284806347177	-348.67462673262276	-343.547143749045	-375.74445730625376	-471.16356918901846	-335.50866234333984	-1010.95701971727	-5951.671844605007	-9637.3189703762
79000	-417.568507454197	-408.5689707188865	-402.3487661422444	-390.20787816053894	-379.88578648199314	-358.6874909643859	-346.6421341290997	-336.01859275169915	-332.0810383111983	-332.9880631242761	-324.88290509493663	-353.36389782174047	-443.5400923570951	-320.9071631915078	-943.1471753560423	-5425.683595441606	-9120.37153084287
79000	-463.1334121226534	-454.91767856719986	-447.809522631521	-435.87276322546904	-425.8344732175204	-404.36158106695285	-394.57605775855	-384.6818038702977	-382.5396034287395	-379.0471668234653	-380.4055971595798	-428.004689151836	-546.8192427004635	-366.48137968294907	-1203.3489821043904	-6370.602938784153	-10235.322195305547
79000	-412.08730439091215	-403.8190641722867	-396.8609983183823	-385.06332657775386	-374.189564661825	-352.66749439879936	-341.6778584945992	-331.02328608453047	-327.5849799609405	-327.291423693019	-322.9378724672569	-355.3808625004602	-441.8052421022335	-313.7103767699572	-978.7176130080755	-5855.288223819396	-9559.177199178941
79000	-405.5319006771326	-397.1206998635793	-390.1500296649817	-378.3187684492384	-367.9279728834665	-346.9520295004834	-334.3290341193831	-322.9940457132635	-318.23429941005253	-320.3940776856852	-312.45920696839613	-335.02507040016553	-412.65984189144535	-305.2777053155153	-916.5437849725965	-5673.25252240132	-9381.232008565985
79000	-425.07228456543675	-416.10171461792464	-408.6134053481432	-396.9129916612319	-386.9231873412483	-365.50144703882154	-353.17192413145347	-342.25320004506057	-338.33283007628125	-339.21960075166606	-331.34728874865897	-358.4610992763401	-446.01252565461533	-325.36850047374577	-968.5791260186553	-5609.250030578995	-9194.657463122243
79000	-418.1648792678854	-409.51154804192777	-402.6324033887334	-391.0639169967677	-380.712695390049	-359.5874049021359	-347.30895610637947	-336.68631992675836	-333.91968138492626	-333.5455246922101	-328.0849938642815	-360.320614267257	-451.9972721559855	-320.7401135460745	-968.3996755632805	-5865.704010171807	-9482.025802135402
79000	-448.32719761904565	-439.00457450653494	-432.2085602065576	-420.0997832158703	-409.9484184295563	-389.5057842670522	-377.70661168554045	-367.8944462764348	-364.0329748383718	-363.12770630060714	-359.5079070594325	-396.4796003756213	-507.38344160962214	-352.0194230062078	-1085.068440224119	-5714.822120716664	-9392.844839910264
79000	-440.6263140794238	-432.3044741529022	-425.6599770438543	-412.2867955222581	-403.43070522776026	-382.2355618106572	-370.69246791867255	-360.6671538640455	-358.60023618364687	-356.32896925088943	-355.31530931176036	-398.0584037164175	-495.0459772123495	-341.92837805299087	-1088.9031873147978	-6201.707366004189	-10091.898252829893
79000	-431.4889432079718	-422.99838633902834	-415.3215799826865	-403.84409284633136	-393.4370670879197	-373.08034557488224	-361.3098714347639	-351.7422288118656	-348.0037856878857	-346.53384738100374	-344.8824477355908	-383.91771738724356	-481.6268539584772	-333.34691502234494	-1054.7577770205253	-6139.047150511155	-9953.519260603569
79000	-410.8457005097279	-402.30028015310637	-395.08375226022275	-383.0973951240775	-373.26504441044915	-352.36789000777196	-339.6094074728975	-329.80045179507727	-325.0524673722748	-326.0929771757744	-319.7115585285682	-347.9191208556277	-444.71255000021057	-316.3364541526194	-927.2237903159831	-5738.800331631225	-9323.41107634963
79000	-443.6887147301794	-435.9697327842073	-427.6374084001745	-416.4387979725699	-406.3881257230261	-385.5296943819874	-373.62320959371414	-363.6800311627046	-360.36245100750824	-359.40276450007224	-357.0685824120832	-394.9417844493479	-491.83215725927073	-344.9872329504662	-1076.933984140645	-5991.591532315822	-9656.930962006512
79000	-417.3551472255507	-408.7564675513652	-401.7339977713994	-389.83611478220723	-379.8836229180128	-358.0798784417844	-345.9209992832119	-336.52042349077044	-332.0367089712211	-331.95888692124373	-328.5651942674662	-361.84961853973397	-448.8600194819803	-318.45864765039363	-959.5764930286617	-6049.33209397849	-9950.23884014463
79000	-448.01420444193667	-440.0402208847775	-433.00122512995	-421.4051715306889	-410.97523075735137	-389.92590159594266	-377.3613992853117	-367.5073002896844	-363.98793173643014	-364.41027798921766	-359.1889522282844	-393.4769940117989	-491.3176481815672	-349.9412877137518	-1077.5662689387177	-5966.421314659103	-9623.943130184722
79000	-456.3149386613395	-447.65433084564125	-440.88871320660957	-429.5385548013701	-419.37986597474423	-397.3962271337216	-386.01630464826746	-377.5387972151994	-374.16224750610877	-371.1663751643171	-371.2059085716556	-415.3557619389257	-524.7151461507667	-357.63048124346733	-1141.1220701296243	-6271.147631698374	-10166.808585464958
79000	-441.3258301027691	-434.12777420321135	-426.26744537870815	-415.1988221467208	-404.71367049790905	-383.14695822242044	-371.9446879052457	-361.34019849375574	-356.853990216358	-358.02025468312314	-352.18184329473564	-385.0856784668423	-471.28644835087886	-343.3025776256918	-1051.0173486834972	-5780.190831619971	-9445.430736149514
79000	-451.9483398961089	-443.1898739138696	-436.2416015516989	-424.49052438907734	-414.0175383504608	-393.6461420086802	-381.1717377254576	-370.9771404004794	-367.3680512631649	-367.70731916648356	-362.1770663226023	-398.2805414242011	-502.19368444319855	-352.9891925452198	-1098.945133878293	-6012.930584108297	-9610.227771020478
79000	-425.7322840877436	-416.95470746443226	-410.01816524981353	-398.01839924498313	-387.4518328785864	-365.94303029104253	-354.7096034300417	-343.2803698153621	-339.17793368689	-340.3705908327521	-332.283061369783	-357.9907262695298	-434.73644516480374	-325.2554322560049	-987.713988469938	-5689.195692096109	-9181.992710352504
79000	-400.0616324131259	-391.4277212909422	-384.5396539647891	-372.32117881147076	-362.42135559217667	-341.06506619659115	-328.03743571930175	-317.9949802455692	-313.5367564915568	-315.1859394291274	-307.5964237124977	-334.2291991962785	-414.7840280413949	-300.19493545145025	-922.6023599351339	-5854.487143698646	-9535.446525660012
79000	-430.611951013783	-422.0677164421348	-414.7748733041438	-403.20584262248485	-393.775259139863	-371.65271276301496	-359.9101001931679	-350.08712092867466	-346.7134523235768	-346.32405892162996	-343.2374143184353	-380.5867227387725	-471.8920909679984	-330.2856835363215	-1044.4773041485155	-6087.950072605958	-9885.910280844259
79000	-419.6326660731331	-411.3459608129414	-404.2470420395079	-392.1510842161655	-382.59220897319227	-360.62162358464514	-348.49446521813485	-337.97835963301225	-333.00673411046665	-334.75164666907716	-328.02029404538047	-352.3884950383713	-433.1032361166918	-320.70839822367225	-985.5440036890606	-5643.502101000531	-9201.528046927233
79000	-426.84902608662424	-417.92251078378945	-411.19734012913415	-398.83822958505516	-389.15500658823953	-367.9479385396261	-355.6903816338919	-346.03367310958697	-342.80593083295264	-341.1309814330045	-338.80708949582237	-375.3561463523479	-468.0822673392431	-328.50757775659935	-1052.6122324203584	-6039.413125466243	-9834.14523857275
79000	-414.0706197499213	-405.1987475994287	-398.3801585392758	-386.08133853729476	-376.2198330972012	-354.64316013118196	-343.4194284101245	-333.8871267406402	-330.1142183756713	-329.26367008390616	-326.8030620141359	-365.3372087199922	-457.57412820450935	-313.7675960133964	-998.7867171875636	-5936.380875515585	-9901.599702336225
79000	-441.27963346342887	-432.39518058696325	-426.54045104971846	-413.24924007255686	-403.73917427059223	-382.33537100222316	-370.9847787583532	-361.2740029562656	-357.15563255843995	-356.652843715882	-353.24301135967374	-389.70246105084567	-488.5546958186041	-344.2878558234839	-1073.4228558892557	-6015.22332938507	-9720.348486266106
79000	-406.6615934633824	-398.00924933774616	-391.3489439861161	-378.84830034452534	-369.0944594914746	-347.9776478770494	-335.8739412845317	-327.126100755592	-324.11737959442786	-321.79122917535796	-321.4396791970909	-361.839318457121	-458.7894968101432	-308.03914709786926	-1019.4304040141321	-6033.331335278197	-10043.290420260122
79000	-438.631701917694	-429.872690497077	-422.53113856478893	-411.7732252915255	-400.79488691242244	-379.7442530319268	-368.31403038088143	-358.2399555258387	-354.995396822347	-353.79637516895014	-352.3273756862307	-392.13946006514806	-497.1215269432973	-340.7890470639292	-1102.5377802879052	-5988.404634616858	-9822.138529206024
79000	-433.5795973228725	-425.19661216875664	-418.08721651957393	-405.65129533261177	-396.15993233803516	-374.98184306524047	-362.5175522683669	-353.4305962346321	-349.4066530853278	-348.67391413514343	-344.4102907049851	-379.50850302118835	-484.2521415678948	-336.4208831494049	-1044.53352913554	-5825.014266967059	-9545.46661872764
79000	-461.2105741368263	-452.48430053383066	-446.4899490319336	-433.7554620248119	-424.1078281530256	-402.78412148189494	-390.8433236638856	-380.85035731594536	-376.50045506570416	-376.47285174270144	-373.0957519659609	-408.2791947356444	-506.2823905411261	-362.1222722650287	-1120.692764372438	-5929.890361770956	-9563.153881970096
79000	-407.45689837660336	-399.1976109770964	-392.5377613026798	-379.7382811950122	-370.22186194314867	-349.04387167778043	-336.6631480975194	-325.98456705636386	-320.933771195887	-323.046859679188	-314.5186911305568	-338.06306450491405	-415.50128063756995	-310.4194055467536	-893.0706389642316	-5692.747288826695	-9421.797953204063
79000	-422.6460417770707	-413.56655696969085	-406.352144905284	-395.28030444305875	-384.75494126316113	-363.2455629796387	-350.935289186226	-341.36264976977424	-336.89760887260275	-337.49399338620987	-331.3723872244843	-359.57480069128275	-449.8444224440794	-325.43487329703066	-950.0017933472692	-5462.523576369003	-9135.9697532649
79000	-434.11942223247667	-425.501047272334	-418.54309564405634	-406.3787212164207	-396.64489674955695	-375.0870498035921	-363.89011388090654	-354.71351693672403	-351.83760011713076	-350.02205437253826	-348.0200049086814	-389.0399104910725	-492.8765979355946	-336.74306712858186	-1069.3816770279786	-6316.544972242697	-10120.184409072388
79000	-476.96765182172675	-467.54382585350487	-460.92245903263625	-449.41557329499176	-440.0380743322242	-418.5612647074327	-407.71892921826856	-397.5075830598674	-393.99288016267434	-393.4287959048101	-391.1935360168753	-431.9968287041086	-541.9153989605468	-382.4123988462754	-1166.0495410071194	-6001.434880072258	-9679.342822545175
79000	-413.7656567399605	-405.76019324104925	-397.7999287195584	-386.3353268361209	-376.13308973990263	-354.66611296370525	-341.8019940329807	-331.6835383703898	-326.8517416502687	-328.12577446666154	-320.95166954081884	-346.0623484847905	-427.7959554257551	-313.3099265295709	-959.9631244451703	-5785.152917299277	-9505.372127392095
79000	-497.34493441643485	-489.09925104425884	-481.71083174980134	-470.30611395972403	-460.0067012206862	-439.7324892789991	-427.56196550511333	-418.4156560387301	-414.3221310671684	-413.95124836078423	-411.6646976543787	-453.91154309306	-565.9436526222152	-398.72918892715063	-1230.7831881712882	-6349.587631127389	-9948.327198825073
79000	-438.9059386175611	-429.8663355818023	-422.92114652420076	-410.6215980686835	-401.03104475535116	-379.7791102831121	-367.96750194276484	-358.1054717365023	-353.9737250222896	-353.6298533044373	-350.0158242312557	-384.5947138802399	-474.1267161060009	-338.19089440645666	-1063.5576686028778	-6036.0710642435715	-9825.690030189558
79000	-444.16032804453545	-436.0805886978672	-429.2165973760095	-417.5143559141095	-406.98406674343755	-386.1921846916465	-374.969871469229	-365.6739905464191	-362.68364670908977	-359.8836882075462	-361.5807389068505	-404.5142415451711	-514.3375041073962	-348.2197596974717	-1105.325477050443	-6320.515813883742	-10126.793879349561
79000	-403.89688628166937	-395.52415930317306	-388.4273763559051	-376.7643019402524	-366.2658196767896	-344.2558426656578	-333.1520801894163	-323.71839898423065	-319.1961300777646	-318.76947693739544	-315.67569412078655	-349.1337798102369	-443.4900669657482	-310.4016089949573	-935.7928450176776	-5763.443393237811	-9509.35542648509
79000	-451.2683454762516	-442.8709045434095	-435.89638426481287	-424.66758875986045	-414.2798614868402	-392.58320411332926	-381.833257757771	-372.8622365070402	-369.38341344536167	-367.4148030173147	-366.3449964970552	-409.2934165956529	-512.1653251091071	-354.18118850403266	-1115.98073985585	-6204.4955225574295	-9934.128025476839
79000	-422.1505171202184	-413.44269483337723	-406.33006115964037	-394.06048340484335	-384.4500168947158	-362.91918835495994	-350.68009464910216	-340.53269726163245	-336.68113807193777	-337.3329290437271	-330.7926024311416	-361.0136187124684	-446.7148734670071	-321.6453341055674	-993.0516246742628	-5849.7792977265335	-9570.750473638016
79000	-405.0145500443858	-396.2817859567681	-389.96967121772815	-377.3239223537805	-367.52298957473374	-345.8693020936144	-334.29161344117495	-324.2803970411169	-320.38460983354025	-319.9474045829333	-317.35324755579825	-352.2936358965247	-442.58027068978026	-305.7874704163615	-960.0157840658482	-5905.305258960668	-9853.278239973979
79000	-430.1111890699792	-422.6043495396875	-415.58938065299554	-404.3403943932474	-393.4601132499217	-371.8571136137787	-359.78014452769935	-348.98696440072996	-345.0990579343727	-346.6367912981838	-340.2671360706551	-369.01069151621687	-455.06535885247763	-333.5183171905198	-983.7747752150754	-5772.3287691624855	-9461.341659359892
79000	-419.4470414670892	-411.2654296353981	-403.9383708676401	-391.3093398852051	-381.64377797262637	-360.56339007622813	-348.8148842581685	-337.9881522241168	-333.91279018549477	-335.0986807476603	-328.7978050033045	-359.4694778837049	-442.6512115932581	-319.8300663506862	-981.8656369525154	-5935.996229058315	-9575.921554041459
79000	-421.2557073483208	-413.6465859481175	-406.002385853072	-393.93450150587057	-383.51353628614436	-362.63175666383967	-351.4667343378315	-340.9704460637553	-336.22369999590506	-336.7768815078458	-331.248460585902	-361.60358891750184	-456.3578067381974	-325.20583721483194	-989.0400097243137	-5815.8147039484065	-9476.972538759253
79000	-425.87469990617393	-417.48190963231514	-410.15475626315634	-398.7906870411081	-388.3772714608077	-366.6531803043903	-355.0561764205866	-343.73115627735655	-339.01950593922606	-341.23376695680764	-333.06082496068626	-356.2016723099241	-440.6156586419125	-327.44932435118136	-930.9852943079378	-5503.731375537204	-8940.512010234326
79000	-424.5363653992986	-415.59940550336194	-408.37058297156017	-396.4067279837966	-387.6249541047198	-364.6930850092956	-353.73513508776045	-343.62840821477454	-340.0401535496583	-339.5949783249645	-335.7395111649018	-371.61064733617974	-462.1895862624095	-323.9466837894304	-1049.3926585365973	-5977.3624300932715	-9845.322581241153
79000	-447.0419700884466	-438.41263365662354	-431.484519477065	-419.6319805460108	-409.5057295525374	-388.036715853567	-376.68922115553767	-366.7217311924134	-362.7673120714289	-362.409802601388	-358.88783479944084	-392.4623462313909	-486.5818254557264	-350.72174265791165	-1088.7659631919307	-6033.9889600107	-9628.538571961326
79000	-447.6176204653999	-439.5321212324789	-431.63107786713687	-419.9885173186823	-409.69043331097504	-389.17818819855415	-376.94031287025655	-366.44320748783707	-364.7085777615762	-363.149425754826	-360.75295126407616	-400.44573253146024	-507.91666370274845	-349.48421158501935	-1077.8038682475621	-6053.953923285891	-9846.525094067905
79000	-442.5849890093799	-434.65739169467383	-427.27397110898	-414.7198557606746	-405.37636607824055	-383.5493369577409	-372.8330362900736	-363.02002675624976	-359.90002732893436	-357.56586257843804	-357.4436611992782	-400.6385613740844	-498.5270226688584	-342.7725947872198	-1111.772249329364	-6244.3611729542545	-10169.454948662089
79000	-423.1791169144278	-414.7757357135845	-407.68905052892984	-396.2366507607313	-385.49733735579656	-363.8262150581049	-352.7723338302378	-342.7995887028882	-340.398537463205	-338.1818894376221	-338.9550646645618	-380.96427159410825	-480.3901689079775	-325.56083567148147	-1048.713677701133	-6294.852209998737	-10179.464477944475
79000	-411.8443446241588	-403.85336590855053	-396.4390948044531	-384.1334872791107	-375.00707738808546	-353.36413146026825	-341.2411161017452	-331.92146469038346	-327.44129644718544	-327.53690799286863	-322.63620379825	-355.74313605981126	-453.7663549410874	-315.00478229186575	-972.1284455004915	-5887.8158585656165	-9686.509467241653
79000	-414.5271034805274	-405.6211031731674	-398.54289206216384	-386.33936221165084	-376.74819982990607	-355.1165971599752	-343.38659987611305	-333.07855701695644	-328.5938063353777	-329.1887884787922	-322.4709331471573	-347.9812477873224	-431.26424620247747	-314.5706867701836	-961.2657231772841	-5686.363557182626	-9356.922182734635
79000	-409.24135289144647	-400.21815598980885	-392.9415827744037	-380.97731820988895	-371.14652842134495	-349.6336396892719	-338.08312536510704	-327.21529556706554	-323.56157357293637	-324.5635353079385	-317.3203978619727	-347.1583586073782	-435.25540267760726	-312.5883195679015	-933.187657215422	-5892.46419763295	-9483.540069825356
79000	-434.3226491275254	-426.265444243154	-419.08715287986234	-406.69169324900133	-397.40822281553767	-375.91061501480226	-364.2847875449635	-353.6479088740296	-349.6088377772588	-350.0786619119948	-343.6060071672486	-372.1031729564849	-466.67689061974465	-338.4084819496776	-1027.5849085611976	-5602.3193268286395	-9149.85529090721
79000	-424.1830604351248	-415.3137457357611	-408.49167374098437	-395.81122060119856	-386.33226332499567	-364.9157658508573	-353.1255426467957	-342.8688211146237	-338.81247781215853	-339.20736233724796	-335.3397856299886	-371.1970740682869	-459.45604943982016	-324.54737830855265	-1045.1103821291513	-6022.905137863023	-9920.743648503816
79000	-411.8975397864785	-403.8834774869663	-396.30435797224044	-384.40122479667684	-375.1396740930539	-353.2993152562653	-340.44396571526	-329.547367791025	-324.9082213916224	-326.9421426013339	-317.4447718456371	-337.34324691399473	-416.6495676871643	-314.1662082179137	-907.0904696353349	-5369.1502634440785	-8824.693163781696
79000	-452.8248888556924	-444.6058779496155	-436.7011696329485	-424.9198736599278	-415.30150252483304	-393.6470958104065	-381.89517410076684	-372.7455236639325	-368.51798080083887	-368.17052851445965	-364.67673421596913	-400.71481968740574	-496.6355789948747	-361.5640605505678	-1085.7102835307835	-6044.816955815715	-9786.429130344433
79000	-439.24766882160964	-430.8294933008766	-424.0508798173375	-411.6257782979553	-402.07367958803417	-380.2370812478904	-368.95960863135844	-359.7916400323495	-356.8810002566069	-354.5588205850045	-353.9007292565955	-396.9961825463789	-504.2218663028166	-343.1897461510274	-1068.890471127124	-6214.324168114573	-9950.132816601481
79000	-433.9221247863739	-425.769648194488	-418.7318840802329	-405.8559541031359	-396.6624480991403	-375.6387542364457	-363.2071174085142	-352.3973948235157	-348.4674759770587	-349.7869425553237	-342.8212563825331	-371.6396944963981	-461.79072654662775	-335.56428096537053	-1028.4698235310516	-5692.793429233932	-9360.748341993969
79000	-436.6906700969923	-428.3015151955493	-420.75958548282307	-409.25144672096576	-399.0277782858431	-378.04316096854234	-365.395836099088	-354.8478309620004	-351.1865680647968	-352.04214114781104	-345.4832652159567	-375.06981349594906	-462.2786636605521	-336.4991234600662	-1008.9319454012184	-5936.398123948587	-9615.703448324182
79000	-430.5469172904954	-422.86037680232704	-415.45443518950145	-403.2382445910737	-393.6052307679157	-371.88867091398697	-360.85440627082517	-349.94670474501316	-345.74293029905573	-345.6793341227805	-340.9141641202105	-371.49772554637286	-458.1180626791643	-331.6934409039594	-1000.8811009696999	-5930.329838601891	-9556.286052378868
79000	-427.2976091107765	-418.16627414820675	-411.29932376792914	-399.1508543892029	-389.44887194430686	-367.3579030742927	-356.842451268942	-346.20140360438654	-343.31303423216485	-341.8835227423072	-339.5065557642363	-378.1814156283174	-473.797261071646	-329.0907235443204	-1065.7361730307298	-6111.1006294775725	-9834.327043392906
79000	-438.8873370747214	-430.26719703471144	-423.04320033489677	-411.2768328848663	-401.43674721595545	-380.2682358694364	-367.82908814829443	-357.7295315446942	-354.69473312460093	-353.894126331327	-350.2954699792808	-387.2082209055478	-483.52235325732994	-337.9148494481109	-1092.0884329112394	-6071.28037997469	-9782.521437291665
79000	-442.5474967434374	-434.1953533079994	-427.4224622971265	-415.2503207557569	-405.154376206384	-383.63653074233633	-372.15884140473446	-361.6752069084361	-357.29591951120113	-357.6169370893073	-352.24294425360296	-384.1220414580678	-474.66321118958183	-342.7923150662633	-1084.5902876919129	-5881.971370482047	-9488.02431400077
79000	-447.18614113120077	-438.8813905101782	-432.1375982072536	-419.48852825195604	-409.6477685054053	-388.59031297195213	-375.4176643077844	-365.790822338968	-361.97733051352964	-362.6200943491901	-357.12806803319387	-386.07957732300815	-482.2234909712895	-348.81718879929923	-1040.1744156140642	-5697.905334202594	-9391.13901814535
79000	-465.6491576448241	-457.05676055627765	-449.22931533007835	-437.4479401873997	-428.6723048944623	-407.3675372900595	-394.8300288211662	-386.12643919282687	-382.48433713116907	-381.56283879555536	-376.9854823576894	-417.50369596818774	-523.6651965499475	-366.7275588091373	-1159.3319640920292	-5872.339322584249	-9555.86030559436
79000	-445.9711878103731	-438.0200039799257	-429.45378859719136	-417.93156545476586	-408.2798531624107	-387.06762391966174	-374.91681395631497	-365.60848567575437	-362.54013662329385	-361.9888297796881	-358.28333915250283	-396.31001447653045	-499.15780803420705	-348.33168924112584	-1086.3694993079382	-6003.26629219896	-9722.142530820494
79000	-423.87893611091954	-415.5985285412928	-408.43634173837546	-396.28743614138966	-386.5528554879388	-365.32061677376765	-352.79627636985833	-343.0625528898827	-339.45926486899737	-339.38147831807964	-335.2645211378365	-370.5047459392493	-473.97985526764154	-325.4175133199674	-1023.2387574845557	-5916.9622619799775	-9748.7216276744
79000	-401.67220241707383	-393.3490142968678	-385.98470447052006	-373.7885931406869	-363.59614374063347	-342.08946904810676	-330.44225356775826	-320.38322895106114	-315.55417719980636	-316.5597696796512	-309.73829688076694	-338.46760826589303	-414.14192623433877	-301.9103605534694	-920.2735595625347	-5915.5583929933755	-9659.25545319206
79000	-407.2500519786962	-398.49359057331776	-391.33431157198316	-379.20480651444245	-369.2459773325022	-347.6574946041166	-335.2877119048193	-323.45206651502554	-319.4846290634694	-321.5484443795206	-312.62556714913075	-335.13831272232505	-404.2744162054766	-305.6646432295573	-930.951558721496	-5730.735441522267	-9322.63435955498
79000	-445.54050183931895	-436.71465735206596	-429.8547421109433	-418.65896196863434	-407.95434238269024	-387.0029936026425	-374.5999512192103	-365.4283977239114	-362.1354722607819	-361.09463685758334	-357.4881416381584	-392.6889243605791	-497.9819643095638	-350.2567259134939	-1068.682920953448	-5954.4958321882	-9562.474812920364
79000	-442.5312775384399	-434.20611394320497	-427.19329973864814	-415.06419752925865	-405.8383844129758	-384.15489207212806	-372.2320203291654	-362.9618271748212	-358.9480409079973	-358.0495198775031	-356.0621762259784	-395.0157350816082	-491.87999363715494	-343.2637734958414	-1074.3705124677342	-6073.603066101765	-9921.724626456395
79000	-440.95234991368505	-432.33401560850797	-424.7602258983039	-413.50138916233243	-403.6406506272476	-382.0139469297721	-370.04587921779444	-360.06049300859024	-356.52401604428036	-355.7319854814908	-350.5355630936778	-385.1172387927141	-483.4916413336314	-342.14083353413173	-1057.0902426544583	-5897.335973424052	-9666.523745051645
79000	-431.47855451789377	-422.77972325590076	-416.00104871389345	-403.4188439781291	-394.3942399443275	-372.4980055094807	-361.23630650362463	-351.1147236205236	-347.8006617618532	-346.60667005532247	-343.75559376220565	-380.0300470434646	-479.29101604656375	-333.549746601953	-1050.7033780472339	-5947.206139054611	-9634.634366815082
79000	-434.0672263902945	-425.5664939760341	-418.1941084797173	-406.27552852868166	-396.23269593568807	-374.70746273560417	-362.8279810315375	-353.04617373326823	-349.7001429844655	-349.2039679657476	-345.92285713612455	-381.609498089509	-469.0200362000085	-333.2724986156168	-1048.4857196675919	-6184.130310334634	-9950.254287377767
79000	-466.6132376091402	-460.00402179774375	-451.7669738807751	-440.6844877878525	-429.89447877443644	-410.11720547994247	-398.34642791767044	-387.5961842253241	-384.05502380797765	-384.6190225138771	-380.66656143581423	-416.9904085146504	-534.4662959908223	-374.48432730046846	-1097.0126922329587	-5705.123923026722	-9403.831741561087
79000	-413.95732500405757	-406.44610072602075	-398.7681467685654	-386.62797905533466	-377.34627577780617	-356.0376444790452	-343.57588262151876	-333.99590468972997	-330.2330180625071	-329.5124732378223	-327.8350705867758	-365.5652463608843	-464.10111911428857	-315.05363082544255	-1015.0087193540527	-5941.401968030069	-9909.260476073623
79000	-444.7178421207663	-435.9734097741254	-429.52009732147707	-416.3398398278913	-407.2620997172468	-385.5414068338032	-374.68054255282124	-364.9157302267432	-362.08300635894363	-360.25080843174	-357.8232167802781	-400.3808802877025	-508.99626331746975	-348.8240587626324	-1073.7639944965538	-5897.804140759412	-9697.544911801662
79000	-435.5989155447482	-426.9330377425236	-420.58445715921624	-409.16925239102943	-399.34683492974216	-377.6000910378009	-366.35411819266704	-356.74708122686167	-354.64574053451446	-351.85434393324533	-352.5719876196082	-396.0639031278337	-506.467423296513	-339.3063345898545	-1084.9994281400584	-6138.148994401097	-10052.79309359602
79000	-437.847425653608	-430.1876922010147	-421.75031502342466	-410.3035612752294	-400.69837703459103	-379.68373676558133	-367.48568699789143	-357.15041422842273	-353.64244041497216	-353.3275679489354	-350.516751053685	-385.925128249861	-492.6303400434169	-341.2467148570502	-1035.1324774967375	-5931.939469212162	-9694.286281428725
79000	-435.5321034224829	-427.3499534845502	-419.9298199032525	-408.20589450715363	-398.60445777641434	-376.4171733776323	-365.1846078944257	-355.1276240220346	-351.2257788332729	-350.2515938808277	-347.4600469262143	-384.7087851266767	-482.51108285711763	-335.9867203046579	-1058.6294712155175	-5903.034008945665	-9691.496279348803
79000	-420.43538577043415	-412.0748821349478	-405.0985384132197	-393.1337827779731	-383.51996920029944	-361.3538988409906	-349.83194557112813	-339.6540862202013	-337.0183616476271	-335.9462947924659	-333.03543489136524	-369.9308913469393	-460.22856185251743	-320.8343336183268	-1008.0745120032072	-6098.629486456035	-9822.246669575805
79000	-401.75084800737676	-393.2819708613877	-385.8234270638815	-373.97372267076	-364.2304003623954	-341.8694557748482	-330.12069809593515	-320.0823599859807	-315.5608254373164	-316.097871546254	-311.7936017416245	-343.46539566607447	-426.1803534824879	-303.63418188070494	-931.5785799614964	-5974.069839024022	-9633.930246734304
79000	-409.98243674450157	-401.55372545498165	-394.393801437323	-382.18852039399303	-372.0678351081493	-350.4731156726595	-339.8125144861215	-330.14717745654787	-327.6212367570752	-324.0774408220657	-327.0840997162756	-373.69031442417156	-471.01212749159885	-309.10776963865754	-1055.513867579882	-6476.633209427246	-10564.39201510123
79000	-439.2276014870933	-431.3852708209895	-423.58840639443696	-411.9205156280897	-401.8354680471377	-380.1722062218221	-368.1775966678938	-358.31594442054325	-354.0720331736974	-354.2293501698688	-350.0388070632626	-382.5917140399628	-466.6278026722391	-338.47387825996725	-1059.070643175032	-6054.35275845198	-9819.798639501405
79000	-448.201731078878	-440.1007022877169	-432.6267252371543	-421.90347966019715	-412.25274331078975	-390.7380684126785	-378.5202027633459	-369.6358854908721	-366.1699772393526	-364.39067553045066	-363.5670062520563	-404.4637110656707	-513.5126141127539	-360.18957946246456	-1116.8494008666855	-6013.630518809491	-9835.04612345109
79000	-470.04117902640246	-461.9974362770947	-454.77658663017945	-442.8353862549702	-432.9954273890329	-412.115177187717	-401.28423325256466	-392.2225465522732	-389.49167582534614	-385.4987957998961	-389.08019589480324	-442.2079105900414	-565.8867944732972	-372.7060057304181	-1235.299174262163	-6425.239886970985	-10252.083882426106
79000	-433.9981200939825	-425.59800735952564	-418.4372983897917	-406.4839840363785	-396.2257585844667	-375.052828620779	-363.0488916054342	-352.5781616501386	-347.95004202031487	-349.07139574011086	-342.3978810549124	-371.2401255178187	-466.6717452474712	-334.53867780942477	-1007.5286140829559	-5617.595360088774	-9298.796549645609
79000	-443.80071279158176	-435.23948270022396	-428.5388924378164	-416.97520680046375	-406.97455882870224	-385.5876564655776	-374.2843597437382	-365.30814512959785	-362.2733216971307	-360.452266887242	-361.4207971738429	-405.9023644133337	-515.1857021101345	-346.6318786256552	-1096.7760155165163	-6341.4561473026815	-10325.964786463617
79000	-435.5578169556675	-426.53483504156065	-419.4290703973458	-408.0876578142046	-397.3738963589137	-376.4865534753815	-364.8488382039122	-355.28478163408715	-350.6120053443497	-351.0411957806039	-346.80333930896387	-383.0651265272673	-486.9059696652333	-341.2167533795509	-1039.7745913462863	-5762.657899629406	-9389.81864019432
79000	-492.6354305327064	-483.9535673795104	-476.94555062110754	-465.62201934532516	-455.57043530123775	-434.3999819437804	-423.85433500212633	-414.6385580031011	-410.55755734390544	-408.87826826010627	-407.3597886361837	-451.7555623881862	-566.4911268030728	-395.8230134918375	-1224.0481672456515	-6212.945414044995	-9818.906079806098
79000	-416.60345206168296	-408.4763933044305	-401.0876784603302	-388.9798778608596	-379.25906952275767	-357.66367108599627	-345.31833817608543	-335.38484771027316	-332.29189992863496	-331.8755110161267	-328.5961402771173	-363.1471162666587	-449.0967254546062	-315.6099843253396	-1021.484710926372	-6212.960383742515	-10006.062884551664
79000	-409.5661170574705	-400.921941079817	-393.79890642768663	-381.2791959401204	-371.74303166238485	-350.0516714728977	-338.0286561454414	-326.8705795040761	-321.5473374549337	-323.82581171604465	-315.253018436338	-337.50388170469904	-410.8080203642022	-310.9059989543011	-910.712077590057	-5682.788855399797	-9235.06898861392
79000	-431.7089973163342	-423.4909362413198	-416.54872313808704	-404.11852734173453	-394.0048408545435	-372.111026857295	-361.09339107196894	-351.4383824507518	-347.77754042357606	-346.72187164875237	-344.65583162617304	-382.6053858295075	-479.7165221657165	-331.76997048766515	-1065.7594099567468	-6097.385455715605	-9866.978490633443
79000	-429.5004507658655	-420.633903900607	-414.0727360077605	-400.83679942933463	-391.54932798382964	-370.4772256929745	-358.57928625308864	-348.4452876489195	-343.7837227484883	-344.78677893968694	-339.18817147689015	-371.8255845471487	-464.075584133248	-329.7414959709265	-1041.6271881043301	-5857.112801278491	-9461.161484885928
79000	-447.80762613574825	-438.84951150817244	-432.5452849894461	-420.0907368835349	-410.1593507132711	-389.5367616264939	-377.2614704756035	-367.6727763308845	-364.16804957319897	-363.06671086555417	-361.79860815253517	-399.1013071150791	-507.49271393942485	-350.8882314995908	-1081.2527337009287	-5963.275872855471	-9732.838664288402
79000	-436.56635013689817	-428.93234045756674	-420.91302239110877	-408.53279585432256	-399.40287864263826	-377.65431250108065	-366.5120086064569	-356.9643988702143	-354.09615317960913	-352.15396326136613	-350.91467093790794	-391.00199276376236	-486.08379411804196	-336.60740408808965	-1087.1586741128292	-6153.964678437363	-10035.044921767947
79000	-457.985111722471	-449.9477938122117	-442.37824306550846	-430.43508750208207	-420.9787959331724	-399.6258683513577	-388.6234290415282	-378.2501745480984	-375.2734843596403	-373.738563855716	-372.3908750139844	-413.1899035434854	-529.3507529782207	-361.78554048893784	-1128.7517154774719	-6036.321220268541	-9789.379939070024
79000	-410.01909798581113	-401.7689451956283	-394.7584288664727	-381.9811929986363	-372.32369180828067	-351.1491200187759	-338.61217651195585	-327.49133188552713	-324.1687330304602	-324.7525069040013	-320.12185380554035	-349.76808567126295	-430.0639707449456	-310.98914796233333	-937.976168719466	-5956.140602700544	-9708.730942439843
79000	-447.79367860844866	-439.1225230137373	-432.0107471418533	-420.94541518477376	-410.14495818653467	-389.0860336954885	-377.13009598205156	-366.2144169939456	-362.1253643455104	-363.0337564309346	-356.7079928503326	-389.26026791943997	-474.2965692011426	-347.3848913727403	-1068.8659590729253	-5863.8758421323055	-9514.157979367046
79000	-447.0348912490591	-438.82903956887196	-431.33831401594836	-419.5299388503221	-409.47268165594915	-388.5577587966525	-377.5405154113612	-367.6103741635036	-363.65439039325696	-362.4893690736057	-361.37043322393754	-399.5297797601319	-508.8655482588522	-350.2074979512115	-1108.4856162350407	-5984.8162223803965	-9800.980910176631
79000	-420.6523618623324	-411.970367453599	-405.1679452357453	-392.8929204390781	-382.7971672622168	-361.0754103509348	-348.69742870860364	-338.541239672034	-333.2102316419078	-335.0646241357996	-326.4340674933989	-350.9070321559116	-427.3018132789004	-321.0395249468712	-952.3847693281037	-5646.882428589263	-9301.410540005776
79000	-425.76324265893834	-417.9053399293554	-410.4010249754975	-398.9737907967374	-387.71976734620324	-367.20335267027787	-354.92104909354913	-345.4169610116316	-341.09907238222826	-341.46525156406415	-336.52374525593126	-371.68264472794795	-474.53234950261316	-329.84523080832815	-997.0477318181714	-5670.066893879714	-9322.864598545479
79000	-416.9500248885346	-408.51388291154586	-401.44740127699487	-389.44289021537224	-379.8530751571712	-358.1127633922319	-345.6250406448833	-335.5594145581601	-332.1080158182648	-332.14866743379594	-326.9994710877801	-359.6128353438946	-441.7469787537263	-316.61686407546205	-988.5231405392963	-6001.731261179788	-9684.14543761738
79000	-400.2817097307287	-391.8655911111668	-384.36415541427647	-372.3513027438988	-362.55590977368246	-341.04849087196226	-328.3740803775048	-318.49827390995193	-314.69523856284576	-314.712927779599	-309.8521040073842	-339.4530367295488	-416.17493504499635	-299.40043202399454	-958.0674627352432	-5997.288888452789	-9795.017757165046
79000	-420.35739107450024	-412.6977961654049	-404.4481801422765	-392.88487981746664	-382.4182514650819	-361.319321098976	-350.17514162652856	-339.9798588277324	-336.58819546140035	-335.70043333095754	-333.375485757703	-371.51679076981935	-466.94021496056996	-321.5016428567933	-1012.8134036929295	-6148.759307463423	-10036.791284920773
79000	-436.2924253929656	-427.3610047672034	-420.6748306984294	-408.53650885633715	-398.64499393245	-377.35181509903475	-365.9476986261398	-356.5650120533328	-353.1682303955217	-350.90849699720974	-350.83008432498053	-393.91664589326683	-488.36651608249105	-336.20871644525465	-1073.8308555063536	-6665.194658425781	-10403.523683634981
79000	-465.40656693632764	-456.3646996917473	-449.6530723298766	-437.9560306774599	-427.76183783456213	-406.35745573953153	-395.7447419435337	-385.0878084708443	-381.75452920674525	-381.0499213075511	-377.7139591989906	-416.0867414426958	-520.5844582917606	-365.89762997221675	-1155.617268725047	-6242.961430562178	-9984.143691044208
79000	-475.8339662536461	-466.86802709517343	-459.86250958424165	-448.1627162401393	-438.90015590102615	-418.01617789262826	-406.1835385726851	-395.6151865781521	-392.685076948016	-391.42305385741304	-387.37184256061124	-423.8006963589485	-528.9978354899114	-378.63126001541445	-1127.6549945678557	-6009.414119362381	-9595.287134303722
79000	-468.54865697096955	-460.0856109272501	-452.6074847801628	-441.4444491668145	-431.53953435746854	-409.7579761483428	-399.87390221755925	-389.70776919316165	-387.1921536658749	-384.1860835210339	-384.564092831252	-433.8748752058643	-542.2330637912657	-369.60090496603004	-1191.166265674042	-6164.11008599527	-9995.49053924319
79000	-419.1245626206815	-410.2169408065276	-403.0511208890111	-390.7941723543288	-381.2246594505162	-359.4654576869539	-347.5088288068692	-337.4553477538498	-332.6334881625589	-333.7925093022758	-327.22193860366485	-354.68125429656266	-435.47368556868156	-319.4464450236148	-949.1029155281747	-5606.772232410519	-9285.422194577332
79000	-415.6782351073105	-407.2351195855938	-400.24007749176957	-388.11315407487234	-378.86090603210613	-356.32873318882736	-344.6067121997769	-334.70624217699685	-330.86516642824836	-330.94771858436667	-326.41511670575903	-357.4362599479933	-449.43510188575823	-316.41611291355014	-959.7726525931384	-5700.963197163563	-9544.548899041454
79000	-455.54971894772143	-446.53356932136313	-439.5503749006156	-427.6552121902449	-418.5563893258793	-396.1062459296444	-386.08793179089224	-376.16280565619036	-373.56577495132854	-371.21749013945055	-370.69763969222214	-415.7857699237729	-521.6563805622457	-356.76320921474365	-1145.4471074187024	-6111.916745436822	-10069.378670378372
79000	-413.3176084460466	-404.9352372194254	-397.59604190620183	-385.8120399694619	-375.7849731945655	-354.32919208498424	-343.2551142365837	-334.04661181376434	-330.235099288856	-328.4464253961233	-329.69862962336833	-373.9644497187101	-472.8746120372422	-312.88143248216795	-1052.657897344245	-6353.390245717761	-10303.671697589998
79000	-405.33996286281666	-396.318434274841	-389.4714072519866	-377.1278912374851	-367.5819263048235	-345.78840231682125	-334.6692658310726	-324.02295235553476	-320.26581667452393	-319.9343194280012	-315.5808647251017	-346.82183986469784	-432.7177258850392	-308.6638220011733	-943.0726306105375	-6026.4865763888165	-9868.767331232712
79000	-426.7552636246103	-418.90106871511955	-412.02214959794713	-399.5989103542254	-389.53128077925294	-368.5932327247089	-356.2573019386566	-345.1657596743946	-340.5357378355159	-342.76423128103596	-334.66455623632436	-362.4565482862627	-446.4476496743926	-330.2432923475399	-983.3771768042837	-5663.75695882724	-9234.164635249073
79000	-406.86016358054536	-398.32065448742264	-391.35476647315926	-379.0133270239137	-369.2505592706949	-347.4533819039074	-336.57088495122593	-325.5199923235433	-321.608570355421	-321.94836918053124	-318.4249103791701	-351.26692542621254	-439.5916014131531	-307.6236376282741	-977.3791272943806	-5941.87321398237	-9841.867445627226
79000	-458.8359411582758	-450.02634444427326	-442.864670452358	-431.33498953647506	-421.22209260446533	-399.18598456691007	-388.415198652732	-379.06793788408305	-376.7561869836644	-373.4894068389287	-374.4753427538192	-421.61679201704237	-526.164821514225	-357.6980680575155	-1180.5985555261805	-6340.724280823068	-10189.80227625134
79000	-466.358790104841	-457.7370808040256	-450.62577343142385	-438.50004687205603	-428.57914032343547	-407.8285804552312	-396.8090745812708	-386.5889103753125	-383.29953477650537	-382.5118223647187	-380.0489857295389	-421.2908991007752	-526.6279379672264	-371.7872175856829	-1144.8219403824394	-6073.978226977549	-9689.518200188
79000	-433.07378490723977	-424.7453675135927	-417.36207562603596	-405.3198320664326	-395.1286985745664	-374.81113011107294	-362.57137881848064	-352.5649012486165	-349.0620333849898	-348.66616969359546	-344.7174201987299	-378.6020422866861	-478.85223303575316	-336.4085017614172	-1033.160527531371	-5837.078500658326	-9478.843629029949
79000	-427.4670819472497	-419.3361657607873	-411.58173676921336	-399.2457447086083	-389.81866819984936	-367.80088932833735	-356.54242435162195	-347.3406555648665	-344.03541528148395	-342.3086289550621	-341.7635089527362	-381.4460642500861	-483.8943871111024	-327.62134329688956	-1087.9518047092904	-6124.903968883188	-9939.924930332285
79000	-431.95715362711604	-423.17372863869446	-415.8667362690464	-403.8116532590511	-394.107632333897	-372.6297981104002	-360.64507438523793	-350.615755523467	-345.27417992539404	-346.83165817436816	-341.0929514091109	-369.9974593982648	-454.68339419793796	-332.24210558700236	-1001.3117892649551	-5779.574525046753	-9300.499400029892
79000	-429.3130822352349	-421.6018552015774	-413.9246038448876	-401.2673245454995	-391.4310312187934	-370.30305226307195	-358.40485077712	-347.9071496090054	-343.44921191510747	-344.5839612033233	-338.62875441499307	-369.2213242020116	-456.00649320896315	-331.63741366481975	-1008.0004258213881	-5996.395871831524	-9663.78695285255
79000	-407.38659922198866	-398.55910876385167	-391.4766440088562	-378.94665610052857	-369.2773069189322	-347.3554806468027	-334.63821894430635	-324.2777933318439	-319.0259785838657	-321.97664023141886	-310.60647447955614	-329.13536858577584	-396.24658214761376	-306.3252694497705	-895.7374398894821	-5492.817835654612	-8925.840138733947
79000	-428.34198808660125	-420.63785513981134	-412.6037737710139	-401.06792871628375	-391.4207887550584	-370.1544153935422	-357.59396388955105	-347.3306747341087	-343.0941184463281	-343.93535879419096	-338.1522389108728	-369.6561965614366	-467.6862202901801	-329.66369584638056	-1005.4090817149162	-5896.246243862031	-9598.198797688983
79000	-428.8821431744853	-420.55450797908617	-412.9838577326614	-401.6744301484216	-391.8231955846922	-370.0531631677374	-357.75559358532394	-347.6307622596849	-343.9608056160319	-343.08973663962564	-341.0376080120739	-374.8896372414562	-459.789688245903	-329.00595499643754	-1021.7942626026395	-6117.180590108383	-9891.367361852188
79000	-446.2472638209397	-437.7767574857999	-430.7269102714777	-418.3598562651006	-408.3781888009654	-386.8961046627488	-374.91008007208524	-365.09623389739056	-360.46289296639213	-361.0813947628602	-355.55708281574124	-387.63022479472994	-480.20785241876337	-345.6068775928749	-1052.6171038899959	-5983.797830549921	-9574.920001444974
79000	-395.8593198603428	-386.94404110751526	-380.4358788817629	-367.96022669385866	-358.0966481760354	-336.94952198309454	-324.33314353135603	-313.71224570288393	-309.36464921364256	-310.5532340802012	-304.50129134453766	-331.6251570725709	-411.6138048944662	-295.72403246875643	-915.3540308004177	-5940.876913494059	-9621.953666761
79000	-376.7367481207935	-368.27133566203406	-361.249729131793	-348.9209457397834	-339.210954859724	-317.61711632223586	-305.0944368152437	-294.980150810134	-291.2785888815001	-291.3643007477239	-285.7810090460326	-313.5163857039706	-398.0359753512043	-278.5448836937556	-851.7091533481895	-5869.256765345998	-9755.248902018275
79000	-463.3238761871816	-455.7373630451826	-448.7755840624681	-435.3905888330405	-426.88260106051314	-405.6470365449842	-392.9581570910187	-384.33803940848736	-380.44367952683797	-380.29507259222737	-376.2811606731535	-414.4551505329407	-518.598731691005	-366.74928120842844	-1147.304039000772	-5984.580397709733	-9653.110346562886
79000	-375.4216771466991	-367.2663199935237	-360.00544942651624	-347.6774613536761	-337.844071132372	-316.8718580491291	-304.44515051534165	-293.5747856873868	-288.8250423820099	-291.1377582345252	-282.4512141858214	-305.7812218214678	-387.4634844006849	-285.61876598387346	-833.6122065330476	-5536.606710000086	-9310.940684988152
79000	-379.7587973517692	-370.77163007669594	-363.63832003794613	-351.57539141379107	-341.68958797683143	-320.16692463572423	-307.74003346146	-296.5478289760025	-291.6425287437881	-293.76599496161987	-285.12761864966467	-306.61072860513485	-373.37271030157075	-279.60535578594664	-817.4949304112287	-5536.650725750691	-9184.553493125264
79000	-437.9994168020549	-430.84657049345935	-422.4338708373355	-410.4757003324863	-400.93511808842555	-380.0446907437518	-367.63560891804735	-357.68988360790246	-354.7121557838431	-353.86199102467816	-350.3384578571624	-386.781082563694	-489.16187176932175	-341.8593954371884	-1087.7506168876926	-6027.931286558454	-9766.709519952768
79000	-453.6698118146494	-444.71393117976953	-438.2091362259334	-426.10467848589724	-417.0737559700056	-394.5897658393415	-383.73894413705085	-373.6330171026296	-370.359731588979	-368.7713741819671	-366.2694285576681	-406.26293458789235	-513.2727504151078	-359.82763760533715	-1104.5104489798407	-6031.462388470645	-9846.891658383218
79000	-429.3880560777555	-420.55685647126097	-413.3495453544089	-401.83362703663056	-392.5635795625323	-370.3226125637697	-358.90739566237863	-348.77002395958175	-344.98485939461244	-344.39376359026176	-342.0309469085859	-382.4243376144902	-481.88928428848385	-329.9789124358807	-1061.576317987878	-6134.759245796723	-9964.405863994862
79000	-447.59057109565333	-438.89495865722364	-431.35777105556616	-419.63719898230283	-409.6097201738508	-388.2111443806216	-376.57221605230444	-366.1520341284471	-363.09398355947104	-362.08237848088953	-360.2263726053939	-396.42668068825736	-490.43211975263654	-346.8104057170896	-1092.4315322056477	-6243.534031033922	-9916.476809401132
79000	-414.7817882618178	-406.16652174155445	-399.17607600329126	-387.4608503166029	-377.1306868450522	-355.38607197672735	-343.9174855703909	-332.58078581587716	-328.48100233115866	-329.6716264107226	-322.53727570944386	-350.1027111575222	-428.762599137236	-315.31453280332045	-963.6428593568174	-5785.172412851682	-9496.717173748928
79000	-400.943102036787	-392.43340313989086	-385.89115833217176	-373.37853210585877	-362.88025037927696	-341.70057534081025	-329.9067389687626	-318.3430464337133	-314.03741721720553	-315.85362215187587	-308.80761599149974	-334.1542699899129	-412.7694901509495	-302.4890096461567	-921.5453579247607	-5590.580361407148	-9174.020113723493
79000	-432.34643954713835	-423.63337768723073	-416.4797969750775	-404.36226528714076	-395.2010713510825	-373.9028251451962	-361.6954120818864	-351.15629346849704	-347.5567859197034	-347.3705378924044	-343.47596456263994	-377.56615687079153	-467.2069200629205	-334.29795161088026	-1029.7271800456822	-5982.4578521665835	-9678.564316245795
79000	-436.9842491857416	-428.1328371873631	-420.74339724416274	-409.1456326872235	-399.8229016915735	-377.9496764222727	-365.87271280580984	-356.30985580546917	-354.33956350442037	-351.7317260777564	-351.87602947633354	-393.0621342468899	-493.1303721815766	-336.5183871926815	-1106.8339066957046	-6160.173867662049	-10030.936308608483
79000	-435.8282247944042	-427.99599046856906	-420.2779469505908	-408.7355161664176	-398.72960481283087	-377.9889204486987	-364.8353683256614	-355.28036981710005	-351.2089386188583	-351.47708175141105	-347.21854338509286	-380.84051952714316	-479.9413021452305	-338.7219805867743	-1032.7750037950032	-6071.888718682818	-9731.365806326296
79000	-419.04549017988484	-410.30999974371343	-403.2277731768971	-391.24840355527897	-380.86287632445146	-358.9095355287913	-347.5568118034313	-337.6733197185384	-333.95657826054713	-333.12779811083607	-329.24784206439926	-361.6215534570023	-446.6162780731847	-318.87139741704425	-990.1690534793521	-6074.488611260468	-9789.797549901416
79000	-427.43928948739773	-418.41777951650903	-411.73365958987637	-399.29269712873236	-389.63790078687936	-367.9084092482515	-355.00814984607615	-344.53227708807253	-339.51805765322143	-341.90836820291673	-333.123027078859	-355.9915683993571	-432.6742676580331	-327.6320397262833	-952.254714225589	-5665.61302685035	-9298.02123175576
79000	-401.1198995712123	-392.842558030949	-386.6416455345707	-374.23748741122154	-364.0315689839306	-342.30588533178945	-329.69932998167064	-320.5153836724188	-317.03767766522856	-316.9141830712371	-312.40042625465503	-346.23284836201765	-440.2702700368603	-303.9161601049198	-949.1630727321835	-5848.955991466939	-9660.236867332029
79000	-439.522986727849	-431.4324830840363	-423.3270807538758	-412.0001561607353	-402.62452423440254	-380.8858851682499	-370.0086026783504	-359.97156748552237	-356.4895910556758	-354.6886712226355	-353.44503799410046	-394.361702849155	-504.3483436658665	-344.31652557792097	-1078.5899061064856	-6037.249063977641	-9857.318719239393
79000	-447.06665214388835	-437.9922232165762	-431.0807023715868	-419.83573911312305	-409.2624058349823	-388.7397605877136	-377.12393836101876	-366.98488418695115	-362.9468758921796	-362.83569939245155	-359.29721839296536	-393.83319844977785	-488.8828708725123	-349.94066358917166	-1090.2186138318393	-6026.664481933017	-9676.32856693712
79000	-420.0239715386019	-411.38559958061927	-403.83718128690845	-391.14228786099966	-382.27074978913794	-360.63213957014426	-348.8238918553445	-338.50066707510155	-334.4186663258605	-334.2308322484887	-329.05281418317253	-359.3468805289537	-441.4432394899671	-320.4694977393184	-960.359603976481	-5888.333053663711	-9458.879250842345
79000	-458.41830283414976	-449.61525596730934	-442.5909687918834	-431.0935254225849	-420.8163566309905	-399.825251370635	-388.5069750579005	-379.36380777855436	-375.3648437427943	-373.92919715893345	-372.766747669539	-413.40596034633194	-520.0886962010835	-358.841478942484	-1154.0826747373767	-6315.269615964061	-10062.96117040182
79000	-433.113988317138	-424.3449007930022	-417.0210112111443	-404.9130534340193	-395.3165036943823	-373.655626565091	-361.8454084549813	-351.9632384289063	-348.9850195918089	-347.6391143091913	-344.49673745332564	-382.1255397556911	-475.87338222767784	-333.74320649026197	-1070.7304778377188	-6076.072175554222	-9797.26489981421
79000	-416.46725342123165	-408.33520294521827	-400.8435067291584	-389.08704771964517	-379.5180459085691	-358.0360205988672	-346.17996588619974	-336.97227654535686	-333.20092486361443	-331.3245811904785	-330.47542824086247	-371.4194329577141	-464.909737915982	-316.7619063606954	-1033.13578491962	-6209.950835341651	-10330.915637579055
79000	-442.69469424927615	-434.04611038766035	-427.3942262887203	-414.8461059820427	-404.84389127521644	-383.04360765400975	-372.5223320947939	-362.61531994249196	-357.5262330300795	-357.8312471481371	-352.7172389098384	-384.27557669506365	-481.5164204487715	-343.8808643041432	-1040.8185108099572	-5689.741909242496	-9302.98796652696
79000	-469.3915641292694	-460.8324820009812	-453.0245364927734	-441.232767706407	-431.8563731736343	-410.3406701907752	-398.0813285568155	-388.6266307791865	-384.07822018151626	-384.27546419755225	-379.34427773117756	-411.22596386523475	-513.9758335100167	-370.2306948442287	-1144.1647498893674	-5938.608247167792	-9530.545516654405
79000	-475.30784933797537	-466.98878147251645	-459.8369323190597	-448.1078418108997	-437.679231475264	-416.5705856445444	-405.36467817515205	-394.63521691200225	-391.62803502835044	-390.6163090081507	-387.41206669848555	-424.6648522110772	-522.922259090403	-377.4762823356468	-1128.9131560179762	-6135.924966154336	-9805.016054502063
79000	-462.5506801329923	-454.33507059983765	-446.4443970301449	-435.4827298948085	-425.43414442274815	-404.139289247625	-393.8070512236846	-384.4386865856706	-383.1779374367846	-379.4033034969035	-380.24937527657835	-428.79632028914745	-549.9037807474581	-366.62321898544144	-1164.970888494471	-6245.233744634108	-10123.193719872068
79000	-386.0167719994649	-377.52214061331506	-370.4646777058287	-359.0415178602069	-348.1545973780837	-327.10234655890264	-314.7403088795974	-304.7497646805584	-300.4735487949804	-300.7480929982073	-296.1125346745869	-326.5409570731607	-411.3721985398651	-287.43694898666666	-877.8223555235097	-5630.78625019689	-9317.273841218539
79000	-452.4509894500822	-444.8529564340131	-436.26461645236003	-424.62733433191033	-414.6240524540975	-392.5214756268984	-381.6694308412883	-372.1826387882249	-368.7423469664759	-367.42246888490655	-366.4607638906957	-408.50928084388715	-509.60100518544874	-353.58084165619715	-1117.024888297444	-6025.6468299467815	-9845.600422138154
79000	-436.2722998814529	-427.8529292052081	-421.0408628045678	-409.27734364442017	-398.71063031357545	-377.1668556940075	-365.8091776423952	-354.7220372162407	-350.2520982386015	-351.52855779606455	-345.10564477506443	-375.95420695707355	-462.29223866073454	-337.66041211530387	-1023.4074443746129	-5897.061939165366	-9545.328156725463
79000	-417.5165431911701	-409.78296466693035	-402.1278263401676	-390.22614712095935	-380.35162504663407	-358.46589787336495	-346.52186459287606	-336.545095490541	-332.35501362646755	-332.32297000309757	-326.00284028092887	-356.7120499015049	-436.6317072196115	-317.95734371798596	-969.4853033534625	-5759.025523521428	-9390.70206131379
79000	-393.210853257281	-384.9018597725646	-377.58682176417625	-365.80334834163534	-355.0585989142691	-334.29106937741403	-321.8050850470693	-309.042981109809	-304.4818858898076	-308.0914673193094	-297.2588873142909	-315.8488420904272	-389.45827188628726	-294.87841218004934	-863.2070840864063	-5396.548023718813	-8965.019666279597
79000	-458.4409801264459	-449.9438723588939	-442.6117544372641	-430.94944222819754	-420.7792864265071	-400.38653354845763	-388.77187789624026	-378.9697432037818	-375.5596847496311	-374.18814561861336	-373.0526842954614	-417.60585591486546	-531.4355041164501	-360.8358955650976	-1145.1718781440668	-6020.155761945813	-9809.779453007208
79000	-439.8955350166651	-432.184485630256	-423.95623729269215	-413.2538102977629	-403.48829878696444	-381.94426879472456	-371.26810714498043	-360.8907698945712	-357.5204834496388	-356.0967503205604	-354.3671294736966	-397.02387385229423	-504.1415457530953	-346.0612264611919	-1082.9988817778114	-6164.948929007225	-9967.341312267397
79000	-439.58144711863434	-431.0754936373608	-424.41341766795273	-411.5830537914055	-402.17139034801085	-381.08764120323895	-368.99061826827176	-358.6367963466742	-355.02686541019995	-354.69548140565803	-350.8776157422534	-385.799860809355	-477.98332019490846	-340.44680128906435	-1070.081070133914	-6017.234140266491	-9694.392509019419
79000	-501.8031009136611	-493.86513571081593	-486.6565413232692	-474.1114750985365	-464.63845061172185	-443.0743374350566	-432.45058845593064	-424.3663955342853	-421.71394946067005	-416.8736237155244	-420.7713091002131	-472.8042185521984	-600.3438590628863	-402.2827312033298	-1302.9637320896304	-6594.793535750599	-10453.17497013269
79000	-455.51865149477277	-447.3186482571634	-440.6190763173557	-428.26112141093154	-419.3971712361881	-397.3125839901232	-385.76312510866705	-375.85828899682093	-372.9937057294593	-371.3614200556668	-369.3296625643961	-407.67376903340903	-504.57410486066664	-357.7997420338756	-1116.0989008967854	-6002.487847322264	-9733.912982753995
79000	-408.54467928885964	-400.60414266293503	-392.7871365821325	-380.844856848983	-371.4079726209673	-349.87013205327025	-337.43910902462267	-327.7406204260005	-324.8161489830788	-323.05649184555244	-320.2652022863557	-353.20764483394925	-441.9324586041992	-309.18152019679013	-968.0097096686358	-5782.356211718465	-9745.386430992532
79000	-423.4304205037785	-415.39040325453095	-408.2242823389594	-395.08178782034054	-385.958832741025	-364.3962090610912	-352.74086497824635	-341.75132145745783	-337.590208810032	-339.09075468929353	-331.7012594335138	-360.5762052816694	-459.11196541040607	-325.5801037706352	-990.1766772025263	-5787.504706482345	-9536.263651280695
79000	-462.8095131872018	-454.2185759297425	-447.5529395385145	-435.90446100430495	-425.39242217160677	-404.08420870184017	-392.1106855531512	-381.5557030892529	-377.0121215579182	-378.5338295127211	-371.66737592936664	-400.0037080036211	-488.75955957097915	-364.1019820240299	-1073.1312284172502	-5710.733435612813	-9276.923983839171
79000	-438.32609132628454	-428.56910067236214	-422.3516947306842	-410.20644297889055	-399.98576549317613	-378.874642140295	-367.6303849422966	-359.2045105072774	-356.27053619232834	-353.51986626029867	-354.6987568980649	-400.92039307132376	-519.6528621230167	-341.0260755636441	-1076.171271291329	-6233.319875445929	-10194.238500596792
79000	-428.5368754953896	-420.15069402258274	-412.9905813580801	-400.34849392037245	-391.21193523495634	-369.30678510370774	-357.5795714988378	-347.402007531156	-343.1029047167783	-343.4346672617748	-339.1321073458987	-372.36567394769395	-459.6003217920428	-328.29197433693815	-1033.7134552447774	-6184.446309177277	-9945.336799462577
79000	-427.7797672486666	-419.3248107113734	-411.8977140844466	-400.4141303045411	-390.0543536617052	-368.8432518591537	-357.4885412928666	-345.84136234490643	-342.35654838037414	-342.46805151397075	-337.17190667092956	-368.03828046417254	-452.1182088726792	-327.87152204391646	-1015.0937996756581	-5710.968939998625	-9380.440921451862
79000	-433.59792297037126	-425.2879890963761	-417.1438116008413	-404.9966267927796	-395.33981155297766	-374.5818490070422	-363.02135945761086	-352.4118133590325	-348.4920329686668	-349.2757752200972	-342.4263294733751	-371.1675076867917	-466.36374503208606	-335.99596876679783	-976.7762766481229	-5565.323952285526	-9263.20022484414
79000	-416.7879301499448	-408.1210587162315	-400.44109472549343	-388.04036623363083	-378.95915549870426	-356.8956490770684	-344.98137253714896	-334.9256005925042	-330.47606961499366	-331.19800782043677	-325.7090472780961	-354.63460760543	-436.65568704363363	-315.93861884287503	-988.349337434883	-5844.94373375962	-9667.329971038294
79000	-443.41525030427283	-435.6690584241811	-427.8875518084836	-415.939911984722	-405.8830272993964	-384.27755166765536	-372.4329069872085	-362.5807274039911	-358.50377756644747	-358.0596251108808	-354.04419038009524	-387.7220698818204	-478.42785944095726	-344.1319407498572	-1066.5672433606524	-5891.95611316671	-9591.074878612444
79000	-498.3455022783523	-490.17275922849836	-484.02300302647876	-471.6224679077667	-461.6598708240701	-440.0431639149767	-429.61312127850766	-421.20730811209825	-418.2526756281625	-414.7082996048363	-417.7962988740466	-474.0051753912756	-605.3868469112449	-400.8206565543886	-1327.6553591085128	-6490.4595778461035	-10428.493340725605
79000	-419.5001247289144	-410.98989192641017	-403.56204263037336	-391.7596941326275	-382.6139155731942	-360.5013386587525	-348.38239043114197	-338.01531364039636	-335.11618547012796	-334.3760847366196	-330.4346993913994	-364.6505757912497	-449.9044793986749	-318.42554657912797	-1014.0215174023499	-6106.662436117016	-9927.486230475379
79000	-437.51620834762025	-428.4329735441092	-421.59794060138296	-410.07384067136115	-399.8228600482964	-378.28032692685264	-366.64029914345195	-357.2396950180241	-353.444638848119	-352.6901624136072	-348.9730781798999	-385.1494799889127	-494.4921174229629	-340.55808692940377	-1054.426589583551	-5770.123255127064	-9531.498248876425
79000	-412.86196631085716	-404.7654560334589	-397.3577891583473	-384.9961122348054	-375.4266577296123	-354.086162518526	-342.3337196727086	-332.36743518908054	-329.84031700365466	-328.22509774978073	-326.4740988743345	-363.8534738855177	-465.4054637166732	-317.8994244911781	-991.0901930872986	-6043.988837614188	-9843.60808086463
79000	-391.0953480823414	-382.6186574094072	-375.4184907270865	-363.35197412828813	-353.5080667012684	-332.2113102097097	-319.9139115698503	-309.4937121406602	-305.44932707943275	-306.0434265109607	-300.99421904309446	-334.8475748547413	-415.672167723839	-291.0115117515893	-931.041931767105	-6118.50982958697	-10065.664129664136
79000	-412.6378642571296	-403.74871569866434	-396.37807053774253	-384.5158131660488	-375.1593232624104	-353.09185788749414	-341.5789597534981	-330.90955743618935	-326.51535111904184	-327.59677444695836	-321.78383220117814	-350.777649619167	-442.9442023387838	-314.3215891532816	-937.315731602803	-5885.123788870732	-9523.455728156372
79000	-462.5976783275452	-454.6559619834581	-447.30193384931266	-435.03886918300077	-425.907356847975	-404.61344665683635	-392.60046071618854	-382.06507861086936	-379.10490046929135	-379.029290125029	-373.5077739502058	-411.6844664477052	-511.56686399084964	-365.91558935664654	-1118.4174480633478	-5985.553271253533	-9651.229630523587
79000	-444.70224837534624	-435.43491279068087	-428.9292640145107	-416.57459607513897	-407.2970701024619	-385.77651204508203	-374.34014426972016	-365.2791157791333	-362.31031483086474	-359.26643178288754	-360.8235553160569	-404.9599626534151	-507.1053334057701	-343.32518073796894	-1119.2040904110363	-6259.148994182389	-10155.966076896722
79000	-402.9097460183009	-394.87783139558337	-388.1196047767991	-375.37270620832544	-365.6480587462878	-344.32470270135616	-331.44218024777626	-322.0845407691127	-317.6143796375253	-318.45140549054946	-312.22696436356216	-341.60498759279466	-431.0482408788415	-305.2339412426801	-963.9719893431912	-6006.962709025801	-9729.749253029162
79000	-430.30615910380476	-422.0686544926583	-415.0950071392602	-403.37589116963375	-392.5953429832065	-371.7518692225853	-359.53854607684497	-349.7175484464646	-345.3473088144363	-345.59195097245055	-339.41695182815647	-369.5069370285442	-461.5688540444054	-332.57096820176434	-1009.3609877976107	-5755.29873705212	-9437.208495596433
79000	-434.84380855342715	-426.93391179852483	-418.8396587414915	-407.4821825950786	-397.4228229525967	-375.71324926554814	-364.3262138986475	-353.89725963190995	-350.98502969491426	-349.98132544546286	-345.85741602908604	-382.91581900537915	-476.25048509718994	-336.5813516520397	-1050.3881297364105	-5906.477936257917	-9609.053095059862
79000	-425.3258697100253	-416.13871831856477	-409.00289004832433	-397.30506290306107	-387.4024510093064	-366.24944158779135	-353.15090534145526	-343.2987380130757	-338.263945197003	-339.2568799375882	-333.068956061517	-359.3733883805894	-441.7999814555421	-324.87514731090334	-1003.3903847102605	-5671.382036467897	-9331.530292981497
79000	-425.08028833598763	-417.69598213434944	-410.0733460094211	-397.9078973800066	-388.11037019166594	-366.3743734743536	-354.97324416119875	-344.81327852143056	-341.2994671047476	-341.95795158567375	-336.91976728542596	-372.606274951623	-458.1585377424196	-326.7380711818172	-1033.6109381411484	-6144.330941733868	-9890.621940304416
79000	-442.2045044579513	-433.10357268159015	-426.2709918591517	-414.2169296399268	-405.0323813064822	-382.57526537537433	-371.6186475639887	-361.518123648702	-357.5479168989277	-357.62515816082043	-354.21733187855904	-391.20420383277735	-493.7549717712305	-354.7199403936568	-1045.927226557844	-5875.813896610853	-9564.420990827773
79000	-431.0903934196417	-423.46368808593667	-415.84632997168166	-403.4047268806297	-394.4036431945083	-372.18429403017296	-360.3335388334794	-349.85796839607974	-346.0517278358578	-346.55871318143255	-339.6975838075822	-365.76043685081515	-448.58260975753075	-332.3032743734024	-996.8021867130573	-5631.359549745976	-9276.26895830203
79000	-452.9564234791859	-444.03112124540434	-436.29674749782254	-424.60417350951604	-415.6269892661925	-393.34442111795215	-382.44465435722077	-373.1556609336702	-369.34144402625424	-368.0060755441911	-366.41144855415456	-407.9798844986901	-512.9156327296752	-353.761418354746	-1149.2593400752016	-6188.953271811069	-10079.928448639941
79000	-446.88315980926114	-438.20422538160426	-431.53479625527535	-419.9222962619783	-410.3916686057317	-388.22182452701855	-376.4399371024514	-368.45056337174617	-364.9078878837382	-362.7274949518642	-363.11022883270925	-410.2490001721821	-513.631008374704	-347.8790808053289	-1111.8932537474668	-6550.223577170398	-10558.481831145164
79000	-464.64638851046766	-456.11945790750224	-448.8324723809506	-436.598831046442	-427.5483487259025	-406.06954708455356	-394.34813957773815	-384.2495859387372	-379.969448279852	-379.9161946648627	-376.03101904934346	-410.4807236650423	-503.73762598640536	-364.9242909103901	-1121.043340973966	-5875.498725061459	-9537.326391962177
79000	-444.27342244032974	-435.0285092098713	-427.68261120466735	-416.6771178535075	-406.36898611961965	-385.335100964784	-373.1837608730246	-363.4915848360294	-358.7208196826552	-359.40418482254296	-353.8071040070869	-386.44798122867195	-485.2663273489704	-348.09969625855655	-1045.5833712884291	-5843.901537063869	-9489.580109342116
79000	-456.60297062292096	-448.36936326580434	-441.09969789209305	-429.69557647645286	-419.25473543789434	-399.27562639641457	-387.1594444755112	-377.7726848081675	-374.5674599403932	-372.6698928527639	-370.47910106645304	-408.79509146350915	-513.1757986540877	-360.8245469752199	-1108.7470913503223	-5898.559336144771	-9626.486128038166
79000	-439.26784485924503	-430.99414649088624	-423.812170560336	-412.1770178154112	-401.490828530667	-380.18435013938046	-368.40972244084236	-357.13633521720897	-351.4473217075165	-354.1732703776881	-344.9787082449841	-368.9450320132001	-451.1319713250621	-340.6021539644341	-959.8243059052522	-5707.90320757061	-9022.907326731038
79000	-446.6049111978971	-438.85654180348365	-430.5783686226477	-419.12481920392906	-409.04753413387357	-387.35131673731905	-375.8518212889413	-366.86006766643567	-363.5546072367661	-361.02895409898997	-361.07127350141474	-402.54193767350824	-502.2048288895676	-345.59144660437147	-1142.7398602672001	-6233.108151651017	-10114.615822072243
79000	-443.7636125781788	-435.01442057381604	-428.18566498848776	-416.675162305697	-406.2163919390431	-384.7343598192623	-373.4480748285794	-364.50561700245134	-360.985971993635	-359.34455243468307	-359.6908915260297	-404.3392565775338	-510.65903662092137	-346.91826482338405	-1089.6632260830538	-6059.8546398874	-9984.008489634756
79000	-435.03263679236755	-427.62885493321136	-420.4990745201571	-407.65847297313076	-398.0781740415467	-376.7058838811244	-364.58926730959854	-355.35302791202395	-351.5419894375237	-351.0109406898512	-348.8563447224683	-385.6303714244518	-484.16511834347085	-341.30085541293994	-1060.8653982912804	-5892.254304982315	-9678.879021082716
79000	-417.122240687326	-408.7472127416615	-401.1234205585218	-389.37103266712256	-379.43089253199327	-357.8210772355075	-346.19900162375393	-336.486110089638	-333.148138135583	-331.157733528872	-329.68689654229826	-368.4904023580377	-463.31575371761943	-316.7961294823074	-1006.4570153677415	-6156.635269077359	-10019.244684218373
79000	-463.2279532999628	-454.2675191975311	-447.02518953668397	-435.19000903314327	-425.52940852835013	-404.27573800578915	-392.90875609044195	-383.2954895133228	-380.7112140968938	-378.3855599814002	-379.0805994170665	-423.26825933596024	-531.6836548676511	-364.67464548919804	-1151.3933961173714	-6161.683935442668	-9999.792210444335
79000	-442.0036875611517	-433.03075521524323	-426.2253616323589	-414.2903833262661	-404.57382120031383	-382.87680758997686	-370.96911898926356	-361.45822953353127	-356.54984239605045	-357.1632583528798	-350.25536361703263	-380.32819930086663	-478.7451251858942	-345.2337193672147	-1015.7098720486562	-5849.528204882737	-9466.053211317818
79000	-458.4410979477077	-448.9523632760316	-442.54930275311807	-430.5851188698558	-420.9747552916031	-399.2014341643851	-387.71690191504985	-379.5734047316421	-377.2237461291963	-373.4067624688225	-375.7035385536967	-423.9323336417984	-537.1970288288339	-358.56771477894904	-1150.9742262709651	-6395.857234922172	-10357.214831071664
79000	-434.9303125482938	-426.42280049167437	-419.4229212650443	-407.27509163458717	-396.9998584512274	-375.5177830505178	-363.9119142014338	-353.480914891035	-349.9917883171282	-350.1907568771799	-344.9916968004129	-378.06320814256435	-468.22415655427807	-334.74251268402935	-1056.1354689163013	-5921.407832670816	-9517.02429377931
79000	-392.86197261182633	-383.9745672020335	-377.0979687131382	-364.68816984801185	-354.9820438470821	-333.1116431100784	-320.9700420150983	-310.4191756394808	-306.3325042910573	-307.75000745311854	-300.73194790708794	-327.7064907804897	-403.2675396462678	-295.1589710802516	-874.8283789780695	-5661.995566320925	-9350.002904175388
79000	-428.42667964025696	-420.86071558553857	-412.66048325795754	-400.9514230158534	-391.3407986538126	-369.6141339097285	-357.7192353660149	-349.1608610845026	-346.274539858256	-343.60344713668366	-343.7049775805716	-388.02441344928843	-490.77137910136196	-331.8739525208685	-1046.1991215255969	-6013.277893251568	-10006.398948214444
79000	-419.6883465119977	-411.4276399947412	-404.00205395185895	-392.0955606669603	-381.5987141050438	-360.26739168945477	-348.803746760646	-338.32400602129604	-334.271457824491	-334.76204946015235	-330.8111294081592	-363.87663356675125	-447.6921304763884	-319.29596180973715	-985.4526390920159	-5995.848879244558	-9774.794479627464
79000	-422.90429489928493	-415.18029497211324	-407.6217791214613	-396.0139312725771	-386.034318848559	-364.6051732511325	-352.573560759617	-341.9230306130587	-338.07835178868106	-338.4919268616528	-333.35869535745996	-363.8800917361638	-453.48008707786397	-324.70155686262245	-963.0172053622217	-5818.98822388427	-9602.073635208259
79000	-413.89743781831197	-405.41873707417227	-398.947375959524	-386.7488968856677	-376.61537492028657	-355.49981837706486	-343.57851596767165	-333.22011230701565	-328.6999817827706	-329.55504714588756	-323.55173837838043	-355.2281218831249	-437.24472453052385	-315.67059670307725	-939.559214097584	-5887.216425291548	-9483.170876396422
79000	-476.5365006104344	-468.5764782868111	-460.8075204662163	-449.4276169556482	-438.93360440846857	-418.16394405238526	-406.77795001991274	-398.14459448602673	-395.09127486180705	-392.28282228271416	-392.1302963817815	-434.38048522592464	-542.4999280418801	-377.8367564305202	-1190.924470801814	-6062.17653807212	-9820.331877771983
79000	-452.1888576438402	-443.62433657495905	-436.87544696611127	-424.46662067876116	-415.2913167209858	-393.4397727452395	-382.06382134739346	-373.4577190024522	-369.23336416732604	-368.27182222209404	-366.5158093317241	-410.3516591810493	-520.6943253491471	-354.9846197813346	-1121.571301619226	-6186.812760015303	-10027.236650154904
79000	-406.40433574073336	-398.0643668687116	-391.71917290965513	-379.2016330085746	-369.20803665423495	-348.1223813979713	-335.83611898482803	-325.7837925112041	-321.1960252223359	-321.70164208212435	-317.9891433804143	-349.79654434155105	-435.63062661275393	-309.662167185399	-950.5301840663877	-5614.950397281456	-9295.774888164104
79000	-395.33408340077096	-386.59515289431863	-380.2217377217417	-367.7440290017845	-357.7915289016036	-336.5817749342076	-325.5901593382626	-313.93164965242335	-309.8522752502441	-310.5336718776466	-306.71547015845096	-338.4924367835212	-434.9368543810453	-297.9848212244422	-915.885981440351	-5948.146970527623	-9793.504608050827
79000	-437.377815712973	-428.36632506840465	-421.0845010107551	-409.2419385334292	-399.1473676419463	-378.4212424948516	-366.30732075161785	-355.96795682442416	-351.78909852552516	-352.15438060587996	-347.1970827104812	-380.4726232453523	-476.954857974334	-338.12606436572594	-1057.9454505358083	-5900.019372932913	-9620.660492129557
79000	-409.9689756060606	-401.227959905335	-393.6848447170427	-381.38652378739084	-371.8209467175466	-351.1106031178801	-338.3397060732429	-328.8042294801399	-324.239843597737	-324.58998474994667	-319.9654233742309	-350.47367830052565	-435.9454923338881	-318.3698792709619	-961.1594979230011	-5840.137967505012	-9572.584275609912
79000	-421.67453569456205	-413.3320691995452	-405.9319212990752	-394.087928564928	-384.34012978432855	-362.9957619510054	-352.210821353233	-341.47522508479074	-336.6514922903997	-337.0458360644096	-332.34600233855343	-363.17276557583796	-463.59050437173556	-325.7578436163964	-997.0893858168566	-5671.968084177229	-9363.914067295134
79000	-436.23638818593747	-427.835110181129	-420.94255891347535	-409.32958697497793	-398.64525723018824	-377.3534450846565	-365.8980787332231	-355.930292031559	-352.6448990987167	-352.0919469742815	-349.68808987174197	-388.02700690628086	-484.57758071309274	-337.48318641549844	-1063.9305170395755	-6301.074074086267	-10081.402863687359
79000	-436.35491485058833	-428.50920035931284	-421.43268583657897	-409.6518348557786	-399.4673717819907	-377.95714051023214	-366.4692485957055	-355.6145639215289	-351.2055740645565	-351.4673744889309	-345.3085692004307	-374.89281317107225	-462.43082293949254	-337.16982435955197	-1012.8073947575664	-5868.493669849998	-9367.26916011014
79000	-447.316220158536	-439.1197869794797	-431.7119364604728	-419.9061377022273	-409.9693069072301	-388.75738010037054	-376.7074845599561	-366.83429627008087	-363.7579588683291	-362.6135061827945	-360.78562100286433	-396.787207320216	-506.35831645849527	-348.3757973168248	-1089.1987134711735	-6093.988652278894	-9811.566086414627
79000	-404.9375913592747	-396.9804100814806	-389.585064940515	-377.3924223186783	-366.9824538298879	-346.17719102409444	-333.3572723180852	-322.38694703146314	-317.6871659724005	-319.6541733221309	-310.94078155795233	-332.7236870850802	-405.12793003722004	-304.7209329862282	-920.1163696448398	-5570.459587503401	-9123.758553522695
79000	-452.1258418837763	-443.4134037466739	-436.15021839334764	-423.63757645604005	-413.9124647197474	-393.16685811901607	-381.41511539078135	-371.70225911521317	-367.46792280597924	-366.3362539403295	-364.2110246698187	-401.9301556710268	-504.7169437227008	-352.49154108262945	-1135.1972136188692	-6254.09380502574	-10078.725504627695
79000	-425.7617525970362	-417.956787330829	-410.8731172655545	-398.22295841651237	-388.9371670486797	-366.94140642781264	-356.1770813545828	-346.4908898682117	-343.5597056357943	-341.24943433357805	-341.9243210107955	-384.67094041836333	-489.6946325576834	-326.8022923060912	-1069.3252678459498	-6132.024923798407	-10133.330350096008
79000	-442.45153402025073	-435.0625738884044	-426.59311252874176	-415.93584440864754	-406.0045121447528	-383.32869693374704	-372.0998901769114	-362.1725130787514	-358.94161437323027	-358.0742112093725	-354.84180257204304	-391.6374797124196	-497.9038020858536	-344.47789808202515	-1064.4585879584092	-6063.927495113034	-9859.512679687263
79000	-421.82704795612625	-412.73567108173967	-405.0485840193871	-393.5329865022403	-384.1323057968944	-362.1093154430098	-350.1810502643373	-340.1279275630425	-335.97419474631937	-336.3037643376141	-330.5063254549058	-357.55478997347427	-440.8358481388531	-322.1570335511404	-955.4536718522987	-5736.96129254361	-9418.600188154976
79000	-436.0305665995783	-427.1245180706716	-419.8328922665449	-408.26528740514834	-397.9828969394762	-376.59450712059817	-366.00613402842146	-355.1425143357359	-350.91544012082784	-351.4172015837438	-346.84300236625626	-380.6660409227207	-476.07274012368606	-338.5422458991477	-1042.5673514313771	-5999.199398207296	-9675.048460763988
79000	-421.28834450077244	-412.83129136477754	-406.1730527087637	-393.1572581749434	-384.2314430628826	-362.7120680005675	-350.2445895300361	-339.49531194797265	-335.607933381392	-335.71247052192456	-330.8921992736866	-361.12672842082304	-443.58806638655307	-322.0678932077168	-996.6487661817325	-5908.782322982711	-9642.586436001426
79000	-398.1149341387417	-389.45315037734855	-382.37695708062694	-370.2368165823566	-360.35397838350326	-338.7891762604464	-326.5039836647954	-315.485816690116	-310.77463492060474	-313.553717241187	-303.1058331920751	-324.7119052390719	-395.25781246832895	-298.06281149117495	-886.1939044866326	-5532.898430724455	-9137.823585948023
79000	-474.72218677409705	-465.74995319071866	-458.982647722331	-447.11080322276496	-437.88850991927455	-415.8198551273341	-404.8016500526851	-395.4717952738704	-392.7183911679123	-390.62677174124445	-389.4008617742108	-432.9570462438511	-539.5860558585518	-375.5945280150479	-1188.4514606958003	-6029.9472319365605	-9829.481000885206
79000	-394.3932036544001	-386.73836720303046	-379.4847827794029	-367.6952794711327	-357.9284474459549	-336.23033254431317	-324.5183355172917	-313.92486947513356	-309.80231548499637	-310.6252974510669	-305.23547503165065	-338.1979512582607	-428.31713376765924	-296.84271676747613	-951.0448419011801	-5754.005875604631	-9592.327284622594
79000	-462.8729110354415	-454.83278267786295	-447.68079512163416	-435.5122486083982	-426.1536848562237	-405.2500217995589	-393.85084343135173	-384.8217714190832	-381.93551988186425	-378.73594044019603	-379.8680135391192	-428.08767659274866	-550.1798823079985	-365.5004809127864	-1215.4401832704057	-6307.192865435102	-10139.941038020224
79000	-415.3028169545385	-406.0957088749619	-399.2578084780659	-387.8019149808912	-377.2425694469838	-355.56373593076916	-344.16559663026527	-333.03795644143435	-329.43197122264485	-329.9622779193962	-323.28336798265394	-351.73145537652124	-437.2947071407708	-315.85666174470015	-959.7116304663855	-5759.477151631363	-9439.997390295566
79000	-394.86212903071277	-385.86142586785854	-379.2146409282462	-366.79699471135245	-356.89391098912887	-335.9968041613001	-323.02948504910984	-312.1543844508639	-308.17547852487985	-310.24860649450017	-300.6079550407769	-324.97716176161805	-399.95054380214066	-295.8449872990599	-867.7467354980262	-5459.022719914202	-9187.556211576115
79000	-456.9405038156564	-448.72171333716676	-440.6036987552199	-429.1292239438667	-420.1791128781258	-398.339261291134	-388.3513899592392	-377.261884352463	-374.56877638850926	-373.46095199122016	-371.2197212068734	-412.8824529484311	-530.8536018502505	-360.9443745726007	-1114.5128206287493	-6023.932074935497	-9662.941174283293
79000	-456.0853861556493	-447.34893370801177	-440.04526464733823	-428.0533324436034	-419.33045756950406	-397.1440242888782	-385.46019927826285	-375.9504565338984	-373.995460762459	-371.0822276793526	-371.23892425065424	-415.89324260162437	-522.1569811095698	-355.9335823025476	-1154.8411348563582	-6420.210116231485	-10272.463637602123
79000	-418.35732350045197	-409.5232048122482	-402.32910106292474	-390.37482129175055	-381.3529595282852	-358.34806410829475	-347.06256185592383	-338.3032768197637	-334.4069601623087	-332.8470868615248	-331.34153112857865	-367.9618255436059	-466.8102120106639	-319.0560114616761	-1006.4471480113065	-6081.4486635131025	-9961.877505732207
79000	-392.79862668190844	-384.4886908907297	-376.93003475014706	-364.3042777994541	-354.7770624339567	-333.4587744704	-320.8020172533121	-309.3632053779375	-304.5875352071883	-306.981044678001	-297.2066251170934	-316.1608704525961	-392.2067905165953	-293.2736281462273	-852.2033539288196	-5506.435882231966	-9070.260467148733
79000	-439.9464053025458	-431.52923784301606	-423.63217773203115	-412.7664893919397	-402.49293525017004	-381.0497066866305	-369.6855156025037	-359.007119569835	-355.6114482062934	-355.13729265794944	-351.87802451729226	-390.0346876593365	-484.19018566036743	-340.03434191930364	-1091.0395049192566	-6039.3273108905905	-9709.797115597781
79000	-455.818084265174	-446.28227248275573	-439.52075041413804	-428.38255959116566	-418.5187156905652	-397.4713198811503	-385.20144569233656	-375.94181424151634	-371.5012001934362	-370.8697719718818	-368.16552213236525	-407.5467586110165	-514.7374434227628	-357.07651998338093	-1091.5087854042954	-6215.200533246333	-9824.455304564666
79000	-434.97253501406317	-426.5565099904858	-419.851234511021	-407.2324018361817	-397.70556564121097	-375.1662592786098	-364.6472827430693	-354.4945173415228	-351.136631025288	-349.7068020149971	-348.4821800723457	-385.80679988082176	-476.56037395373124	-335.624563306326	-1043.5651690543928	-6388.232064418375	-10229.568325469134
79000	-492.58924493764175	-484.33115300852876	-477.4638324796069	-466.18551259710307	-455.3716052682429	-434.0651243937325	-422.5020640205527	-413.58433937609595	-411.04635788751426	-407.6179545636597	-410.0540314261883	-457.1901921418959	-575.1650220950986	-394.49184734377894	-1284.9045219296656	-6514.28367267253	-10331.30522815722
79000	-456.8107451041292	-448.22034042530277	-440.8786112453286	-429.1965903061781	-418.5797305927284	-397.35215863002156	-385.87697286785595	-376.5084489153099	-372.6501606727987	-371.54888632799083	-367.51115110560255	-401.827348075963	-501.691783966281	-357.2904048026282	-1095.166076884373	-5788.763002890312	-9592.066283355356
79000	-459.0989749426522	-450.62131229081456	-443.4663539289582	-431.70218503582	-422.17192007380396	-400.63141091585794	-389.81895763512836	-380.39576350383425	-377.7404301083383	-375.04532780690715	-375.7395085973759	-423.1808752322336	-531.7011178281963	-358.69809286420855	-1218.2369590009378	-6458.522957155873	-10292.983485237215
79000	-457.2930867055816	-449.116750845427	-441.3113582134112	-430.7097339382492	-420.46424908758564	-398.66499174428736	-387.96867397815055	-378.69128297318184	-377.0609776896428	-372.68069606013296	-376.285923043739	-425.9405293962707	-545.8264122220102	-362.1583370770706	-1132.1578961135885	-6209.67743760797	-10041.037325237654
79000	-456.72855859605426	-449.1254116719879	-441.45418835954007	-429.9413583264585	-420.5145279381415	-398.3610533383875	-387.0325647756326	-377.34347724943217	-373.8877155713082	-373.9718108022161	-371.0977598725275	-410.9054871102464	-519.1567033698633	-369.24381792698233	-1105.0434527622347	-5947.081987359907	-9732.914918912347
79000	-442.0192620980387	-434.05520481040776	-425.7884404457539	-414.57983501555714	-404.71435777065153	-383.87905647746567	-370.7035848733403	-360.11249177127735	-355.80103264505095	-357.403379746861	-349.7741801605531	-376.6767953032803	-459.6846126325635	-341.70440021527037	-1047.938799816107	-5666.98132620329	-9253.494214037173
79000	-426.24591319751295	-417.52296136519544	-410.65275622196606	-398.3463859524377	-389.0263610513958	-367.5476447145428	-355.3938721237967	-343.25638516925653	-338.0990760644249	-341.4811950461533	-330.6616099590042	-346.7488509948911	-420.2449443059845	-331.0537610906835	-874.2943294295698	-5387.730836623987	-8781.672035146034
79000	-429.5943218894669	-421.5423778449297	-414.609585540733	-402.05193841032406	-392.4605494840326	-370.6885600778663	-358.54435286641456	-349.51094330660555	-346.1187454991118	-345.25752044752204	-343.04308318877116	-381.55210571188314	-477.6427531598369	-329.4517963560013	-1065.3270930120525	-6112.484966082965	-10098.250857801511
79000	-418.3313251846491	-410.31981755911926	-403.04409818770563	-391.36036190813525	-381.2140765021084	-358.9563695025321	-347.8563512416861	-336.9953674950837	-332.6536646116462	-333.92101472502264	-327.33049754017486	-357.70761300921856	-445.8112045399501	-320.4391670117505	-964.1727863271918	-5849.118722658365	-9423.639132739378
79000	-413.8918806757778	-406.2121934015951	-398.8138205650459	-387.2897193504476	-377.0012323878515	-355.38984087033936	-343.63191388249044	-334.1964854288588	-330.8144509194586	-329.74467606611256	-327.1251865732242	-363.88418294224897	-457.19873487607555	-316.8393024874795	-995.363825042008	-6033.199792588821	-9846.777784451371
79000	-444.2598533377566	-435.585126886252	-428.3009250137828	-416.39077973314306	-406.89800912609303	-386.1860499597295	-373.42857609803826	-362.89900453333763	-358.8354715383894	-359.7819219273085	-354.5783460035217	-387.57281603000513	-475.8863908614752	-344.0412621408712	-1080.975354031026	-5777.092604513424	-9530.286226178103
79000	-433.0831027056874	-424.3605098533953	-417.0810567654167	-404.7794269154681	-395.3341305571144	-373.86837290229323	-362.1122263165268	-351.0056505515947	-346.11519299596745	-348.9201418995926	-340.0591423341841	-366.92330517337865	-448.7735395864519	-333.2158437720094	-1007.6350484264098	-5828.333582534038	-9291.602302900668
79000	-421.6502164445768	-412.92521447368995	-406.3394969158566	-393.8760028243869	-383.53836670394134	-362.51526228571015	-350.9127214805836	-340.22964173504954	-335.8544470002527	-336.02367460527176	-330.8381987250293	-359.50585641231527	-444.1349578337516	-321.8110833320882	-962.4339377482825	-5855.708868042185	-9384.63988766876
79000	-410.8197794988328	-402.9074531082489	-395.5068580187066	-383.4651024567663	-372.8922878793083	-352.1884238260045	-339.9284932076391	-328.9129681826924	-324.5691805312644	-325.8247991019304	-318.35953370525493	-342.36686510699934	-417.7301035955189	-311.82960011426536	-930.4669278404906	-5601.279138402022	-9146.938176620859
79000	-425.0688608176984	-415.91855224939667	-408.4929565456992	-397.096223516705	-387.1992211752738	-365.71860992305017	-353.8121935890018	-342.8532073750943	-338.187178596966	-339.8822241188241	-332.99853932323543	-361.71677145335036	-442.47713581837655	-325.435627338729	-975.4269400302111	-5762.7305125678095	-9483.745905267424
79000	-397.1700675333692	-388.9210775280236	-382.07550163826835	-369.58020511207656	-359.80974951715683	-338.48713033899884	-326.39063678325084	-315.2484518408204	-311.1658523620267	-312.33020339124704	-305.75513412434685	-331.81313559415395	-409.1025542996139	-298.79399344907904	-881.1029032019749	-5678.889010454717	-9312.301672804959
79000	-459.0481617214398	-450.18767194083836	-443.2573723138807	-431.1407819421403	-421.5927590385404	-400.0089165353276	-388.1982264731405	-379.00961139625826	-376.3667645307715	-374.9107472378884	-373.44202870812563	-413.2743657882112	-511.13730569615603	-360.7644762274311	-1141.0985998253775	-6259.794817072222	-9941.407908556283
79000	-460.61235166328953	-452.4840150997969	-445.22404735395816	-432.83476777376245	-424.20630669474866	-401.9251939641489	-390.35823493219107	-381.3155335992772	-378.4847733726595	-376.4467366714397	-375.3223211569153	-416.6774024764543	-516.4289353163131	-361.7935535406677	-1121.9569638038327	-6301.549050451431	-10149.426575660038
79000	-411.8046787477494	-403.15816751775685	-394.8117625185602	-383.5878616164407	-374.1889483427804	-351.9579941934557	-340.06413356928124	-329.86143349257264	-326.07581637222967	-325.87453095437604	-321.61230675130923	-352.2408946394804	-438.0856513124699	-312.2616332140712	-963.6899830571859	-5996.633154328749	-9742.995210300385
79000	-448.41702303312064	-440.0922627638092	-433.1578404607728	-421.6687124013524	-410.76244197018656	-389.249025995308	-378.5186834159954	-368.15926760440766	-365.5773471472275	-363.31862737626346	-362.0675789788294	-400.17367126359096	-497.8782371681054	-349.5903616390119	-1101.9628172808357	-6277.079859695846	-10007.253165576578
79000	-428.04605772641526	-419.2442989132544	-412.0102790890068	-399.62839410159233	-390.7907328879951	-368.78106681257054	-356.69694236348846	-346.37571359952443	-342.8582272005181	-343.1995819022243	-338.0778156340854	-369.32820876605405	-456.3038630421004	-327.8775993716812	-1007.9594022841399	-5927.284544808034	-9636.563860181452
79000	-420.109275244646	-411.3831364421494	-404.27275537953614	-391.65159011636933	-382.2917211827504	-360.7382785766535	-348.83612178720796	-337.94232319370974	-333.7301952649324	-334.4493295303379	-328.40741329895064	-356.33248648809115	-438.43586301887586	-320.01156091037393	-959.1803348855933	-5671.3114268270865	-9424.736504038701
79000	-440.712059476468	-432.3790681970709	-425.1243246783234	-412.9631643060135	-402.772845083277	-381.0357572501629	-370.09284773285793	-360.7754537596056	-356.3970056529642	-355.58842485339335	-353.7679927570072	-393.0368959008003	-488.1940594325694	-341.33409286047043	-1075.5824471700485	-6088.420460090549	-9882.791063048966
79000	-420.41274451636593	-412.15190125623764	-404.9688359965141	-392.38011424630724	-382.75727329793335	-361.17538831351067	-349.6996124597558	-341.61785937855745	-339.32098824231986	-335.20174577073226	-337.9376581804202	-385.23270785366753	-490.2112553992918	-322.57453451282254	-1064.104853976272	-6440.65098605156	-10454.310953121834
79000	-437.907762691705	-428.87198841913903	-422.37669726414896	-410.5524370310202	-400.7040242579435	-378.98095406087174	-368.10163153492243	-358.04494223621964	-353.8722853729456	-353.8871648188634	-350.8652194224627	-387.78973304259216	-495.24961727147786	-341.27384863779315	-1033.151806298423	-6007.68367969757	-9788.43039583701
79000	-473.667815923478	-465.901612270934	-458.2308907199492	-445.94375986467196	-435.932112072482	-414.7948487789675	-404.1150845839353	-394.68126952806705	-390.9442375173114	-389.9019118443454	-386.39225109649965	-428.4003569970671	-539.896862792873	-376.71724499455587	-1167.8596972851385	-5941.840691744331	-9603.792556343951
79000	-490.48229248763965	-481.25433556161425	-474.28512318639713	-461.8075344978712	-452.9156541891291	-431.3408755883362	-421.1215970177957	-410.69279897726784	-408.51098775794736	-406.1135360655848	-406.45410779813875	-452.55325484044454	-565.3341689474039	-391.3012043048823	-1250.1484861020601	-6309.485934947402	-10117.553194610964
79000	-422.28071189337703	-413.58720529542234	-406.1395064868248	-394.2063708478677	-384.40407133718475	-363.12003630415353	-350.5508855420599	-339.59472140086024	-335.34963231391947	-336.9370872039646	-330.91089460426167	-358.5543037609768	-436.4858355011706	-323.0627229848732	-989.9185692310319	-5652.098669778328	-9398.733439461026
79000	-461.52217958167375	-453.16633069870664	-445.4209325568226	-433.52634488652416	-423.41060250278633	-402.74485155881877	-391.31019510883505	-382.13324639347127	-378.47260506977375	-377.21676121675927	-377.0386376397867	-422.7362317121127	-543.6013363404186	-366.4657425095348	-1158.4451792630907	-6205.724486688018	-10072.650483729796
79000	-419.178958385298	-410.2901782353851	-403.40532027706894	-390.5149437969301	-380.90540103563575	-360.10929003338157	-347.3964374797117	-336.25001037106034	-331.80487379163645	-333.76553534967627	-324.67175019190233	-346.1180110891561	-421.64399814862884	-319.22007219726555	-942.7150859494728	-5790.376167656467	-9281.69856322913
79000	-419.1571241886275	-409.8517131315218	-402.951464989596	-391.1115284715587	-381.2733635296611	-359.82195331334043	-348.2580690978211	-336.1814105865817	-331.5041429167958	-334.31586379920714	-325.41511524184006	-348.6763378015278	-431.68997308483813	-322.20850143047784	-931.553170218544	-5507.777156646648	-9103.451149957193
79000	-427.04867510705634	-417.9797297743643	-410.91016605173803	-399.6273370848194	-389.8909460659825	-366.93577441152166	-355.8840484354501	-345.2168555522129	-341.16230612257084	-340.9723477649565	-335.8220573706606	-367.2114086528567	-451.1267220541167	-326.85977286178934	-999.1107911890826	-5994.939222771998	-9741.44533906675
79000	-459.5375895886223	-451.2721292466726	-444.39836311731887	-432.2810611461414	-421.24253552039755	-400.3462107196407	-389.21134245424076	-378.87399448837346	-374.0022995182096	-374.5405426748288	-370.20156900077706	-404.37079483530505	-495.7526396503104	-358.67172110233383	-1127.6526998252825	-5867.2517825330415	-9570.992430474767
79000	-408.0648577328206	-399.7785242744424	-392.8091586521642	-381.0991538354597	-370.9545430661092	-349.18308625506734	-337.54411854055	-328.2532755298755	-325.3074027787862	-323.21878077940056	-321.5667586852517	-361.261051644739	-454.6085657661182	-307.9679574828	-1052.7634140371963	-6150.419797893994	-10058.094094549864
79000	-431.3996436720731	-423.0624157333374	-415.6080069275426	-404.139775956525	-393.8112278452227	-372.3087126763199	-360.4179172666671	-349.4461679529673	-345.6443336474449	-346.1194592041208	-339.1336588282711	-367.2984895634394	-456.7646764748916	-331.2483561837946	-1020.7685188098868	-5652.958432656693	-9288.579223336776
79000	-466.4485998969158	-458.1821978876246	-451.3860706547561	-439.84263402094564	-428.88710258154924	-407.5275420588324	-396.37474041499206	-386.6411304833954	-383.19750980283055	-381.6827946879078	-378.8117039499189	-417.71548179165626	-525.980349380018	-368.6630320674053	-1141.5653515410982	-6142.083739149429	-9883.428687413736
79000	-441.6906000584577	-432.6208278611087	-426.0759644051636	-413.445269366048	-404.01680160213334	-382.8758513440424	-370.42348598469863	-360.2099071239132	-356.2433982558539	-356.90810049129743	-351.774836389719	-382.615949007435	-475.73354065939577	-343.3757057058433	-1035.157355701038	-5834.150220263122	-9387.62378792748
79000	-482.39250555964526	-473.1459277932342	-465.95570376628694	-454.871746771708	-444.9877523862743	-423.1077298812112	-412.2695062499837	-403.1405696808239	-400.8936154305628	-399.1190982063204	-398.2077802294114	-446.1926989478515	-563.7200735000904	-388.10986032192926	-1225.7631416467657	-6210.3398929460955	-9925.18540844297
79000	-403.04188509562334	-394.17236727401286	-387.45757106623086	-374.19743480072054	-364.92747306400975	-343.20471845636047	-330.9859737551601	-320.2251568549077	-315.0683253038365	-317.5656081184207	-308.55526531885573	-330.1535117380196	-400.8580068955819	-303.1042251822218	-889.227202672974	-5534.0620458095	-9076.256969736849
79000	-458.63672335611363	-450.76123862374703	-443.28716521199345	-431.0488804834954	-421.33263279581735	-400.4356008083918	-387.4334441561755	-375.8875862628153	-370.9386410636819	-373.93288514302236	-364.3563743422587	-387.9798114184865	-478.4004120550587	-359.2418234098181	-1084.9451253258194	-5456.72389232578	-8993.226481550966
79000	-452.02651027914345	-443.02945729720017	-436.21959641116274	-424.64214194377985	-415.2659834524051	-393.2749091775285	-382.76905172478973	-373.46983683359207	-372.00180268778024	-367.43690235592226	-370.9790060466221	-423.9054016988286	-535.7107188055987	-352.4489499241209	-1150.4054399228075	-6442.252753747374	-10533.749101396284
79000	-407.18701154812004	-398.3532498276754	-391.66898075700766	-379.07258484207625	-369.24469052605696	-348.4906272899703	-336.0634532525842	-325.41254503541876	-321.45646163820504	-321.98836677778434	-316.6920426930507	-346.76687730596694	-427.2445738052989	-307.94100899519066	-954.7039099109453	-5788.164451039453	-9604.224634421302
79000	-441.9694619401341	-434.70271393243013	-426.4772744014953	-414.3020939421365	-405.1461146357283	-383.39367021807755	-371.94246197516657	-363.15055256654966	-358.7775042055214	-357.83737000627855	-356.1655044194064	-395.64504733771116	-505.6845551219368	-346.1913817572741	-1061.0589551711512	-6120.127829795776	-9889.178424289104
79000	-440.7488881046277	-432.44846074107596	-425.0236753943237	-413.4799168983691	-403.69126842088616	-381.72799073118574	-370.813219410669	-360.89586178430284	-356.73621430477846	-356.93591697155097	-354.11325109927947	-392.1831641944452	-494.0116666980713	-342.2820104115413	-1092.008758087009	-6009.449866829978	-9787.123291609985
79000	-451.2941161894479	-442.5536506944538	-434.6753437975901	-423.4589168205654	-413.27764957633605	-392.17758623996525	-380.1167335622816	-370.8755341282506	-366.549461122768	-366.31052440093873	-362.8401473618946	-400.451356539948	-506.13839218368236	-351.2072866471836	-1060.335065521833	-6124.082104074468	-9834.935598408947
79000	-449.63747054856947	-440.9738038148886	-434.01464611138164	-421.1875016663687	-411.7975177379402	-390.1864387196549	-378.85479830302205	-369.0234703773743	-366.1864198553767	-364.33394911455065	-362.03779640404287	-401.06657055639494	-505.78110254632816	-348.8597334937389	-1123.8410018802408	-6066.26970706879	-9857.889162280939
79000	-424.7689499374563	-416.70061189657974	-409.18512460548374	-397.1061121385942	-387.1585201403075	-365.75858183851796	-353.20758674975224	-342.8727812693298	-338.4141000241833	-339.90578716525215	-332.59454805207986	-357.87904246594246	-440.8739532137721	-325.26836658220867	-965.1927747182365	-5682.971710257619	-9371.609463121795
79000	-439.2490219008503	-430.40077860876585	-423.97000490304475	-412.489209956954	-402.2236251016503	-380.20543316498134	-368.8568067041155	-359.690454561618	-356.6972134845804	-354.8991308872513	-353.9345814893938	-395.6955526880869	-500.2631784825833	-340.7752979385907	-1089.096786834401	-6155.391045196739	-10002.395697444985
79000	-408.2253645091457	-399.74046424619536	-392.6837902691379	-380.2940185252287	-371.02363872103376	-349.01806967985755	-337.4160577141006	-327.6782764508834	-323.76844822775206	-322.9507663230181	-320.7525773799996	-356.83521127095884	-444.96853654827135	-308.4530765470971	-1013.5607460553581	-6139.350041948218	-9922.391227353872
79000	-444.08849635190944	-435.7183746862409	-429.03128908468665	-416.1863785375682	-406.6183649729032	-386.2064752943364	-373.8084266836189	-364.41874851151994	-359.82647285344655	-359.4695171626406	-356.5115915046244	-395.10238256568647	-497.8887887102616	-345.1739719269373	-1074.4803345347875	-5918.052014996818	-9817.972209514872
79000	-433.6963897199102	-425.35316089704554	-418.1141907492835	-405.73793180308155	-396.25449582792226	-374.4282780857942	-362.90692477349114	-352.7439738541208	-349.1807876650746	-348.7500726647435	-345.2918049985227	-381.3005588028654	-485.8098109516638	-336.5839443483115	-1049.2585463828502	-5902.091912574857	-9532.190052152911
79000	-396.57212209158155	-388.7670901264013	-381.00047701652824	-368.6312340352458	-358.9439462706236	-337.668799028331	-324.9995183806933	-314.827059342013	-311.172857025595	-311.10504775291497	-305.9375648233845	-335.7981511539114	-417.5442183251753	-297.77820045762473	-897.3117028520787	-5966.919414753952	-9783.789456823502
79000	-439.68322966040705	-431.1125316915324	-424.2653497121566	-412.26248830773864	-403.2973696099096	-381.03295686443386	-369.8406438921119	-360.65176495634324	-358.41664315628606	-355.5901983868373	-354.65907644890063	-397.5572574948558	-511.9035498039483	-346.56693493567724	-1078.7617579825983	-5970.175894965321	-9770.9522134422
79000	-424.5042319027464	-416.20029868779636	-408.9069140976903	-397.3375020899299	-387.28032277634674	-365.485998213584	-353.974869506712	-343.14436169935925	-338.3567976049762	-339.9888414784636	-332.5063527738981	-360.2657894489266	-443.98300662075144	-324.94856385710756	-993.9447511284666	-5804.81988972146	-9359.636777492338
79000	-428.89562565931715	-420.78210979270006	-412.6294262923764	-400.92397305153986	-391.2939479773204	-369.1490844964125	-358.026143033476	-347.28461977823315	-343.48161674632513	-344.172941134246	-338.4540538200512	-368.7575407067602	-452.46381026744314	-329.9283542214624	-1009.4111779935668	-5751.419518263586	-9428.018144015785
79000	-409.4637443730839	-400.89494233582354	-394.1928403900641	-381.376327320438	-371.7282288462516	-350.10541410484547	-338.0905981486049	-326.881929279052	-321.6918358686959	-324.34854665339884	-314.7754823370576	-334.2903465272137	-408.49732683112603	-311.3905983033703	-888.693532259372	-5535.361476614867	-9086.290494387777
79000	-408.4027232661918	-399.6477523682244	-392.805429557628	-380.3555896992915	-370.98643344341883	-349.22814539816625	-337.15404162781607	-327.2747979463259	-324.7660191718688	-322.5919938635639	-321.47554224504347	-358.5938700081614	-456.12897408822005	-310.8435919473113	-998.0053554397522	-5934.330765306245	-9839.669534916467
79000	-464.71513918035527	-454.9225338899859	-448.55799119932254	-437.07440321819786	-426.76068862328947	-405.78998971726276	-395.1225187177081	-384.77030637883036	-382.2791409640474	-380.3339509942969	-378.0348907708127	-417.1719554768171	-522.8173363969762	-367.0095065056146	-1134.499491029065	-6190.764619973174	-9862.619703117647
79000	-439.02002934302203	-431.05088955951913	-424.19598130719584	-411.9065310452539	-402.27094338507334	-380.73017870821116	-369.27063665205594	-360.90121403925656	-358.9222703938062	-356.01451777955015	-358.01638245371043	-409.1932448864074	-533.3350602843136	-345.3578653840197	-1137.2526988365441	-6337.001899104194	-10357.08702747933
79000	-421.4178363919936	-412.92732928754623	-405.9994118387876	-393.86390313579045	-383.8316941698985	-362.58768722001173	-350.4558951221855	-339.5665311429494	-335.84392957155677	-336.431105406736	-330.99993792590897	-360.46465130797606	-453.5902895683466	-323.27217729299804	-976.96038422539	-5742.155989679995	-9378.188678482547
79000	-468.84138177803663	-459.78060335994354	-453.0374689255653	-441.05248838718273	-431.06731389015727	-409.977473772723	-398.52340619734053	-388.37826730285843	-383.91531511254374	-383.8422669916661	-381.276929640913	-417.33351579353746	-521.4158069724215	-372.54464531082846	-1136.7216501266596	-6000.323366914817	-9638.839037221667
79000	-434.527303615716	-426.01143814052347	-419.0503958482578	-407.00939604790824	-397.18561339922354	-376.8675992193947	-364.70648929343065	-353.81288962680867	-349.2025654845832	-350.0741665818912	-344.80783550322695	-376.1134006717953	-474.9660380389854	-336.2442691378178	-1007.7965179784076	-5878.4832160056285	-9485.468083479573
79000	-406.9467183433839	-398.05961748945697	-391.21685410470076	-379.34150165826793	-369.29042900255905	-347.652382592082	-335.66252824707846	-323.9613364693199	-319.53376086209033	-321.4341279354331	-312.75106112283305	-335.56248339100404	-407.43584503866674	-308.46153476209685	-887.2451215514675	-5548.517228741484	-9142.608476385518
79000	-417.7351238844093	-408.96064787593116	-402.3800912399791	-389.7922524936979	-379.86293422353356	-358.7328234305957	-347.2412200016009	-337.74361992705224	-333.5819894753851	-332.81087586893705	-330.295012903757	-365.45820863081855	-459.2920259318143	-322.36641021523184	-1002.3623673710027	-5828.6751483421995	-9665.194080415218
79000	-453.8111763578717	-445.6365287853905	-438.93789398702523	-427.23114432659554	-417.378519988519	-394.90360628675063	-384.20933783146165	-374.6771937626177	-373.0207204021337	-370.5635386524043	-369.67076873865574	-415.4404951640534	-517.8816738558867	-356.4097352082758	-1130.8265315107626	-6250.540173600411	-10119.465869930702
79000	-415.2072750521962	-407.2494570726079	-400.442400115402	-388.14542384708886	-378.1238963621061	-356.66620133528136	-344.0964472414223	-334.1836314723206	-329.10359821060615	-331.0498076897471	-322.7977098990682	-347.713164614574	-426.1207750873744	-318.54077774919426	-961.3370162131905	-5567.419909300488	-9173.78195371402
79000	-443.9140420732414	-435.58351300885636	-428.1750204117213	-416.01777373790605	-405.92382511911245	-384.4960211487901	-373.50810996435354	-363.19635800734886	-358.70698453153744	-359.46231433718765	-353.73440943498696	-387.0240903073815	-485.29649362555153	-346.77655750819576	-1074.374079781824	-5920.452331839247	-9516.694522187834
79000	-455.07561199340506	-446.42265138020804	-439.9998300015773	-428.2379860404992	-418.2609739150008	-396.261927661255	-384.90156476151446	-375.1099635491207	-370.8864754344622	-369.47524674680164	-368.22119854573475	-406.2332033647758	-505.2157314061514	-354.8566091308577	-1133.7650366998357	-6106.851290665982	-9856.496585180006
79000	-442.7675806126687	-434.6922164883562	-427.78407947749116	-415.90696492223094	-406.28843978364097	-384.84855410959995	-372.8786062885191	-362.54514818810424	-359.1887340013896	-358.7221743283328	-354.2526916521295	-388.22258008435995	-484.29937543605814	-343.1697196275766	-1106.8692479154804	-6062.547659405939	-9751.807242721643
79000	-487.1038203776449	-478.08670642453944	-471.44361059054035	-459.09814089078066	-449.3402387753132	-428.2603386240192	-416.69383856373213	-407.17456855999325	-404.6651160216552	-402.5969164181367	-400.9156250998682	-441.80528791405936	-548.9484302543184	-388.80141137174456	-1188.3051577567287	-6171.690023802429	-9910.660102813927
79000	-416.039503038866	-408.09294376833094	-401.38134399998495	-388.4600152919379	-378.0559920311411	-357.2787741847376	-345.16747648883637	-334.9491250544445	-331.0668157994151	-331.8812261189543	-326.65496064804216	-357.98594309045035	-439.985380995492	-317.70267725362936	-985.0444232578478	-5788.676157819591	-9550.075397140436
79000	-421.92399424104866	-413.25440269302175	-406.46458863729987	-394.5696200325517	-384.005942846419	-362.00654373658716	-351.430437761541	-341.9513028896115	-338.4106789248017	-336.810136405402	-335.6830884368632	-373.4329710802574	-466.0033909833462	-321.73476774807585	-1043.4366871788902	-6189.39467889914	-9971.471947508187
79000	-428.6144286388229	-420.6162289133821	-413.51183104844887	-401.4510476300593	-390.42215435137297	-369.6537453577057	-357.90237589561286	-347.3074564207899	-344.15050699472255	-343.699782735163	-338.1963789551658	-370.0858873506638	-456.6830807946791	-332.13267842666494	-983.7836364980734	-5794.400394631517	-9387.71456989703
79000	-425.4312034894418	-416.1443368798236	-408.88212709346027	-397.5067525835816	-387.7660936769709	-366.66885216097796	-354.96437199767803	-345.07576924361683	-341.3804445231048	-340.7677977206909	-337.94239546661055	-375.451608857919	-484.8741871330454	-328.64380824959716	-1031.3292962117787	-6112.526908300443	-9918.83458220953
79000	-421.4374654761006	-412.74463272775245	-405.5042157031576	-393.3756219138562	-383.64981427016244	-361.9594515434671	-349.74868068175874	-339.76081694465734	-335.61496484959054	-335.91680891923636	-329.96065071312916	-359.40929127970855	-436.90879247584627	-321.5022581483289	-976.0593270904402	-5938.726578481707	-9644.326558817485
79000	-455.89676859589895	-447.292995457251	-440.2523666273916	-428.1114167460428	-418.57874531289497	-397.5763959441487	-386.0146093569594	-376.0741182644923	-371.82967949568797	-372.0445677888615	-368.83983253635375	-405.7357801927258	-509.091879518217	-356.67818290500037	-1132.667378808665	-5993.849880048693	-9709.33038848947
79000	-437.0483346321292	-428.44632909782814	-421.1802813694139	-408.98188179035424	-399.6686246444617	-377.9595958791331	-366.82303077247434	-357.523500400421	-353.23678886194756	-352.4499489810923	-351.42724690973324	-392.48423359391035	-486.24880844675477	-337.3373603154672	-1098.0415543384909	-6115.897511137108	-9990.908888392167
79000	-459.1119249562988	-449.8049049583952	-443.95705198148465	-431.53259692504855	-422.1097757776154	-399.64187990349967	-389.0022706245915	-380.7205941253279	-377.76410309131495	-374.02920625677086	-376.7018943096652	-429.0583298843284	-547.841401199235	-360.72537385461385	-1193.97378461771	-6556.353800659387	-10498.2169537559
79000	-483.24953025954784	-475.83027824856663	-467.8073846846639	-457.26728862817913	-446.97380307799244	-425.4689921107016	-414.5670187861344	-407.34954223961466	-404.88634356647043	-399.3125868987242	-407.2943054498947	-466.6265930919047	-602.0781594483245	-389.07900094945416	-1269.4196776336432	-6771.066125626044	-10849.759878025588
79000	-439.3895632384372	-431.0248586741002	-424.21391458967145	-411.73896867530254	-402.11215247032413	-380.2778191054664	-368.6111172969456	-359.53146583250276	-356.4271470401025	-353.94072412086507	-354.8566446196478	-397.15931233861323	-496.2285865459748	-340.31972139463204	-1102.0432077812197	-6414.943598824718	-10355.875872485134
79000	-435.7830672733894	-426.9950999428572	-420.4945270137301	-408.50042608618196	-398.22304220926776	-377.2462189377857	-365.0137920057407	-355.2168108074509	-351.47273055482395	-351.1613417039038	-346.578542754393	-381.8062591760292	-473.454698042018	-337.84736216809256	-1040.056563491616	-6080.080242290298	-9831.880858477598
79000	-431.3845414343577	-421.4881422671928	-414.443016618522	-402.5645506801171	-393.3164750846124	-371.2285892882163	-360.8774405902874	-350.44083912611103	-347.42990786288067	-346.72119580644926	-343.4288832402658	-383.180866032462	-482.7963133865855	-333.4122467506221	-1074.1588954550427	-6003.3745900077065	-9769.070373818991
79000	-451.928510002279	-443.0884199211286	-436.59629821886193	-423.9481247424877	-415.05645325934927	-393.1456966222771	-382.31640544518496	-372.6086937527557	-369.09175495912353	-368.3930555203278	-366.9712699432374	-409.5641285361136	-522.1442039539186	-355.8817312066166	-1110.1004685968267	-6108.882801024219	-9843.80006144344
79000	-448.3937000649772	-440.16057225445377	-432.78272838804065	-421.3423039098368	-411.44863050484474	-389.9787678044278	-378.6514774430031	-369.7321584036466	-366.6042301515047	-363.7632169471905	-364.06267123466364	-407.9068309435993	-528.3043978161924	-354.73770867928096	-1121.276143138297	-6265.358636750794	-10149.533505401221
79000	-480.51266647507975	-471.6783315382216	-465.4276755449595	-452.79903958454963	-444.2577163652445	-422.79727106851044	-410.8174522182551	-401.90227138074243	-398.0428723645769	-396.73123432605826	-396.5480328984889	-440.6781007667787	-562.8522283600208	-382.27529544979575	-1206.573041954837	-6112.448802842775	-9871.311885648327
79000	-480.6366439004457	-472.30772362315906	-465.628773341887	-453.44281053674115	-444.1688413376789	-422.41164871516156	-411.30208527336623	-402.1524891674907	-398.7859336158333	-397.73231288058895	-396.10391419157753	-442.1489460826925	-562.8262557794264	-389.1959674629774	-1154.9049881654682	-6067.800719753986	-9873.118697804195
79000	-460.0002629414227	-451.5627450792378	-444.5608550211853	-433.16723641259364	-422.67675924879643	-401.33938733840074	-389.84264701867716	-380.67793472290134	-375.80452943680564	-375.9915919109938	-372.7633052711344	-411.89669839333254	-514.5239960611887	-362.9582582195065	-1121.5854268205526	-6006.332609775606	-9662.334780775727
79000	-428.28741683572554	-419.60421133277765	-412.55085615858076	-400.32049079098385	-390.412044656505	-368.9941869518455	-357.5550674183296	-347.12225267749454	-344.67361199957776	-343.01319001343876	-340.35090912500897	-378.7693953902854	-476.8928159612314	-332.7277426890685	-1023.8102477670483	-5887.522414070178	-9648.882675475614
79000	-410.4914221202134	-401.223932293761	-394.24146294351675	-381.99148795570113	-372.04969848848515	-350.76751447271647	-339.2476542728646	-328.00805067829947	-323.6644945090948	-324.5699390538163	-317.79225176152806	-346.10466224281635	-425.65423481918054	-310.4430449222102	-927.0018715651026	-5767.959857143182	-9327.141119271724
79000	-451.6797835011503	-443.3757451010429	-435.6407683916738	-424.55184893646515	-413.9484574075965	-392.15838843489666	-381.3627873036633	-371.8056995133072	-368.7607422683255	-367.5110804440775	-365.1452397721811	-404.0476980902804	-507.9971655663297	-353.46037238102815	-1122.3193484024032	-6082.133274516034	-9802.18006925211
79000	-467.01740982611244	-457.69888076907563	-450.3134481213945	-437.62519005627996	-429.13738408914486	-407.3302792871501	-396.09853484156764	-387.02447868942966	-383.7193779203107	-381.6832719403873	-381.1022749125878	-425.67542933189696	-544.4323892528346	-371.8568995175763	-1118.6108066919792	-6064.74515163641	-9788.967446248613
79000	-428.9757123837081	-421.10420396742245	-414.2485728070421	-402.0191758682952	-392.1613658400845	-370.70771814830766	-358.71314449490274	-347.86967270688064	-343.48837763292914	-344.53895011459514	-338.45133262601075	-368.27576838190566	-451.24253295451575	-329.4520787250722	-1038.541768645572	-5782.286165650121	-9441.62078667601
79000	-443.43230597077087	-436.09526837114663	-428.1914492762192	-417.04276915028004	-407.5142282507253	-384.69358122633906	-373.9029286933728	-363.9898507654095	-359.3402187731582	-360.18143782938574	-353.73023390981797	-389.30379668297695	-500.4425930187911	-348.1125254118351	-1036.10852539601	-5772.870124250277	-9294.929350379454
79000	-414.4874205538432	-407.27926194419365	-399.0566588800487	-387.05513599354595	-377.26401873532024	-355.8021849827497	-343.96888486799315	-333.2131189122996	-328.6683061862616	-329.7749295340709	-322.46451363360774	-347.15401416390057	-428.2289675304294	-314.95873963114343	-951.0895671954929	-5655.381430470424	-9381.41518351692
79000	-449.12339274339655	-441.3198959823942	-433.66247568279135	-422.62578368997765	-411.94200521973005	-390.1207320242629	-378.9674928268168	-369.0745248187142	-365.0370256972431	-364.6118274490164	-361.17157349035756	-396.952681894756	-499.1056037778466	-351.2182530584293	-1068.853863393626	-6135.011278229511	-9861.191590257315
79000	-443.65699519011514	-435.93181705776624	-428.4310252524388	-416.89256265941924	-406.57211046726627	-385.4605969308637	-373.48712723817226	-363.4269781625091	-359.1999074642773	-359.3904688732786	-355.16508256224415	-388.8244697501718	-480.90194211077875	-345.7463595268145	-1046.007125957043	-5985.3491179290595	-9686.682083370952
79000	-431.9991963792081	-423.4264368051668	-415.9344993773257	-404.66518557600205	-395.32924730973764	-372.9477112821901	-361.5490530837748	-352.0090697029199	-349.1333423834047	-347.43647126360247	-345.8680321855412	-383.81077155921423	-480.30413329209216	-332.49060350157805	-1043.6299784635753	-6281.7701431030555	-10199.645234015652
79000	-455.20440405200026	-447.04038840557763	-440.17157414189893	-427.82100424203327	-419.02139357579557	-396.73577680098964	-385.4411993462205	-374.76826728125116	-371.77898518320586	-372.08253993728795	-367.98993664892595	-403.82271053271427	-504.90296232337147	-360.05169483089765	-1088.5776392135826	-5868.760574058023	-9495.897893781665
79000	-423.4029833445094	-414.8623871630043	-407.5118950872425	-395.2818028826456	-385.19539245892406	-363.64914150025425	-352.32609741011623	-342.0335875187246	-339.38527033211653	-338.0282649525858	-335.2417261486075	-371.3187521955599	-467.19292718901204	-325.0573762874946	-1008.1998928432323	-6041.703783598433	-9693.389642798924
79000	-449.49988699360466	-440.359625682	-433.12276787118736	-420.81940931058705	-411.51390505541775	-390.8366293000682	-379.0070115572901	-367.9393243140076	-364.26097043132876	-365.0884134747803	-359.99004555105665	-392.99587133062636	-491.3921462246597	-350.7259250097793	-1062.6150234846484	-5877.496975779655	-9432.724662181112
79000	-440.5858371009371	-432.38476794797623	-425.252925524501	-412.88420068444304	-403.3780627071561	-381.90938626249783	-370.2964347080492	-359.6206297501094	-355.5223791230511	-355.9647225581918	-350.96959327072113	-382.1582752726881	-470.44421426718475	-341.89705465616197	-1038.6805277404105	-5801.2626151601935	-9428.422367551013
79000	-472.25497058241257	-464.4188503140352	-457.7911117607927	-445.8743160018595	-435.9945601019214	-414.05248600348284	-403.01450699559194	-394.22227380295215	-392.2685092475594	-388.67658378479797	-389.0317474707903	-436.1891389701558	-567.9887398800031	-379.59141581511324	-1183.2166183000766	-6228.141787034117	-10032.431554963152
79000	-458.21796981524267	-449.678738281898	-442.7001086250446	-431.1134712075618	-421.38571205764606	-400.0584189780692	-387.90273854526964	-377.42529268827235	-373.07532587299545	-373.21832161769333	-367.9534594585162	-399.4253470246759	-494.3273356086495	-358.79677661951513	-1059.0189579376445	-5831.022448687243	-9392.490557623607
79000	-450.7830815794891	-442.8573248650222	-435.31355443998797	-423.53640734007035	-414.50407858576847	-392.60356602672226	-380.9964028524451	-371.3425049679805	-367.3110462183824	-367.32002339944955	-364.0697184347187	-404.36224814964805	-506.4238163803597	-354.35947921876095	-1073.0968017586338	-5973.182025191484	-9685.61089512373
79000	-448.1388212616321	-439.9206194192859	-432.32379497186486	-421.28416805533334	-410.5674980996207	-389.85735406692527	-378.2729121781402	-368.6795631320467	-366.293773221008	-364.913311539709	-363.1893221854602	-408.6086880554206	-518.0918813810878	-350.6077617561243	-1145.1040354661336	-6009.911985305927	-9847.113306073876
79000	-420.8472572035769	-411.8565449737171	-404.414633211787	-392.6271881732757	-382.63343490975916	-361.27241489635696	-349.4988808025037	-337.80693723486934	-333.14968184770214	-335.5436753286641	-325.94719496407913	-346.1489388244601	-422.1481755265351	-321.6493634236661	-930.9858867468075	-5410.550266122164	-8873.117260141267
79000	-395.6044165846079	-387.50725620960543	-380.2817974088875	-368.07028004937763	-358.1536811062973	-336.53935292709843	-324.46658504200104	-313.2915231972219	-309.37247919195926	-310.77501306410755	-303.0009483959409	-327.55721316834286	-407.9538267532558	-296.96985763701866	-874.834630046104	-5631.389786821719	-9262.566895684071
79000	-403.3941127448379	-394.60754099562104	-387.80058129605806	-375.1854936508406	-365.55179741867346	-344.44483233403275	-331.9787471217579	-321.5517026652437	-317.7185910097861	-317.7690588824835	-312.97757291032406	-343.7866248566198	-434.4558280786985	-303.664433727857	-944.1861370321494	-5757.640189670325	-9563.003674696061
79000	-392.0697917546832	-383.0624802131483	-376.07612742333475	-363.97055205003585	-353.8113447621685	-332.8902138195039	-320.3057253560081	-308.3580234376757	-304.05300324183276	-306.78602178522607	-297.3031693261693	-316.60688526279637	-381.65984181591915	-290.89268239535375	-862.7709644552317	-5684.22936052979	-9293.625874194728
79000	-455.8426394508411	-446.87734249216004	-440.27191688447755	-427.62754411699984	-418.22690422033907	-397.5500916177987	-384.7324066508113	-374.24493608374456	-369.3109799243928	-371.3080333204433	-362.7479608331679	-390.3637431322903	-486.7453747221819	-356.4582723626585	-1069.5728833438825	-5563.28158170812	-9068.691489016417
79000	-463.43599313547355	-454.4984155691821	-448.3947005992953	-435.64361059281134	-425.6906577078855	-404.35139183327794	-394.4036105163688	-384.4238385295574	-381.9554758808126	-378.81191851713	-378.888454574581	-422.16060369240677	-547.3720378621193	-371.416258338779	-1135.0709491795938	-6114.912659922057	-9876.205103095992
79000	-439.0780133733031	-430.8335855665442	-423.32633727321473	-411.5087014663586	-401.58928832667476	-380.14654287255917	-368.65308992700784	-357.8676871754767	-353.9472778212308	-353.93786629073196	-348.96122810352966	-381.3257387541052	-465.25854436913727	-338.4492866649265	-1026.9052271476796	-5929.760425281628	-9575.690303810297
79000	-418.77194848595235	-409.6730013007442	-402.8636551068459	-390.2946946982247	-380.7553964247701	-359.7928643621611	-347.2499503772802	-337.60051682696655	-334.2017944339268	-333.1341535721664	-329.151940659569	-363.1465532670909	-456.8047200865553	-320.0427141834775	-979.9429811687747	-5798.746803904453	-9549.650192006853
79000	-401.5189922767676	-393.142763306879	-384.8566529942147	-373.5957900135186	-363.12921478352905	-341.5595454773121	-329.1906112982388	-319.25457714419076	-315.154432251061	-315.60397376441557	-309.70040054861374	-339.2616535552558	-418.1089055848392	-300.8878575790863	-918.8133514143733	-5714.891725015772	-9631.452843489751
79000	-400.87702768873373	-392.7207227704064	-385.24474996339853	-373.54153735038176	-363.9522980028069	-341.68971435853035	-329.9225772716027	-319.1452658533782	-314.69864453172875	-316.08688329444084	-308.64207234618635	-334.93773663878846	-415.8469798780679	-303.92353456386127	-900.0881381967044	-5630.8878958972255	-9348.924648092074
79000	-465.84531392604185	-457.29221361444377	-450.2697399734498	-438.4380434719195	-428.96643462155816	-406.66676618150103	-395.7815943562494	-386.7144974490253	-383.5476097314163	-381.75600055799055	-381.8767161285876	-425.7519701396413	-535.0407146482744	-368.0938376390527	-1173.7486337330508	-6309.176426521541	-10109.929497441539
79000	-403.9603416032013	-395.5902992098222	-387.82248289607713	-376.4410373605491	-367.35413684816007	-345.28876332360556	-332.8287229205212	-323.19547237711714	-318.94417758323186	-319.1105653521593	-312.6596682913751	-340.2422601715094	-425.43671062389717	-305.78332138301556	-912.4518710915547	-5645.624799239931	-9321.271342300824
79000	-391.7736570836632	-382.7186508857174	-375.8308758244247	-363.6582114724199	-353.7530350735345	-332.1973062841761	-319.7386173671317	-308.58161113380714	-303.7704017032772	-305.98466229725926	-297.77015563280736	-319.50422023483407	-389.1725041745754	-292.2163733470127	-853.9551305071091	-5645.80632106783	-9343.82615614991
79000	-430.8243507503165	-422.23401580573454	-414.9962410883881	-403.2752231515625	-393.21193190476123	-371.76660434250545	-359.336885673102	-349.87741637896033	-344.6726447997224	-346.00264016593036	-339.7391152378016	-369.3778627721291	-457.85197712156645	-331.2044823790256	-1024.028340157217	-5761.68359617642	-9562.454919858557
79000	-459.890123926497	-451.3477401870916	-445.0637628236123	-432.2284313860172	-422.2049570526001	-401.0366492159146	-389.67989832733576	-379.2558862413899	-375.54564145072914	-376.0408572997175	-371.87316584377703	-410.6559082406855	-511.83259993024984	-360.75634671432647	-1124.8905503233104	-5961.598417275207	-9621.767762297428
79000	-423.5495263969604	-415.05826305808694	-407.4755978447527	-396.2158072551963	-385.71913840062274	-364.0759429149842	-352.6858950059915	-342.60739225777803	-339.21802791201867	-338.363853899915	-335.18761506823887	-371.37338782772736	-466.3039186816077	-322.90288447157684	-1059.0750066976032	-5965.709627521997	-9852.462793214103
79000	-457.8147866222623	-449.2122911267563	-442.6972855444164	-430.66446771683377	-420.9237361377129	-399.0269020277776	-387.46960676547207	-376.80862105766363	-373.5407795532708	-372.9178270317654	-369.6933663219297	-403.8740996629636	-504.15352022183197	-358.9006759264742	-1066.7369155185743	-6029.435615527493	-9592.918124892607
79000	-474.6951074897647	-465.71332359828045	-459.345034291789	-447.3710750693299	-436.9800177553162	-415.30656192768413	-403.69013684355957	-394.1150433862861	-391.24543068599843	-389.957468200469	-387.9910899845642	-427.90446678029053	-529.925949312308	-374.9483382666034	-1139.7838787589367	-6228.557018871705	-9853.026006142807
79000	-456.21421043119886	-447.89810503701915	-441.02277476394005	-428.7074165166325	-419.4847334050375	-397.85609195011705	-387.03185464816505	-376.6131779566733	-371.7837445389189	-372.57836519878873	-367.75671212987885	-402.20065841680434	-501.57633316434385	-358.829013881423	-1099.9188223112867	-5909.363049906732	-9513.920343350388
79000	-434.4441201852476	-425.7648950269807	-419.22076995397885	-406.57479137574603	-397.40718905752846	-375.9060617679526	-363.8342306781783	-353.72378129262955	-348.8906233389943	-350.13543584399355	-345.640821534476	-380.0180377740219	-469.91309401055764	-335.92608016913374	-1040.2893757964878	-5824.643739558648	-9577.18805549092
79000	-410.4236843318928	-402.26616020039904	-395.1228290624188	-382.8531481754891	-372.49300770162927	-351.6312227527944	-338.75267004779585	-327.61094991026397	-322.8743523719164	-325.0511716198005	-316.578579986349	-336.7986155211931	-405.7434942314682	-310.6104689592668	-927.5912853915686	-5507.496111821091	-9045.881811587997
79000	-472.58676828438246	-464.5476528742944	-457.5512204554173	-445.44010941039244	-435.72026720712626	-414.17170901382747	-402.99051992709934	-393.7037716475219	-388.9720208281523	-388.07215806999085	-384.5563273539352	-422.22886459233956	-525.0071353011159	-374.71632284892144	-1181.8983751636063	-6031.100656795535	-9690.512599234493
79000	-453.8604173782246	-445.6670235807981	-438.8533527331735	-426.6708711545755	-416.789999557893	-395.56357809071875	-383.57342743274216	-373.43011652922763	-370.333841700318	-369.75999044266	-364.2635670901583	-396.88596487837157	-488.6164221526434	-355.51377320381505	-1052.5523396666285	-5902.02972411455	-9470.32964351694
79000	-446.24640498060734	-437.7211146729237	-430.14472268146056	-418.32547954108077	-408.4258551132993	-386.86786119212644	-375.0393320594982	-365.2218323188068	-360.7616120575003	-361.1254737708361	-355.6294471004339	-386.03423718825894	-471.12899023271405	-345.57098544066577	-1082.8212667952296	-5840.794356942154	-9419.819774734106
79000	-424.65361899627015	-416.8173129901478	-409.5017809808506	-397.0496430720723	-387.02758487122566	-365.77826584709146	-354.19894124763323	-342.9170913411346	-338.9577146948629	-340.04443969506474	-333.41654441268525	-364.0100396383907	-446.5186775262448	-324.1344305561788	-1024.5488729522067	-5779.1103157202915	-9455.138566528181
79000	-465.76496791918015	-457.815016967711	-450.4525912578778	-438.3776872432775	-428.59319660181865	-407.19951726875496	-395.31913092925623	-384.62194739725135	-380.01947583335595	-381.45199340902576	-374.9883402282357	-404.2517728701029	-494.896564336372	-366.6429516330113	-1126.8893180232615	-6003.870635431391	-9532.744990233083
79000	-441.09649411953234	-432.1943064979296	-425.2491346312335	-412.5935375777731	-403.5179458583033	-382.67974040834275	-370.99902263736936	-361.1262504173375	-357.0829812879748	-357.3863865345714	-353.35157415756066	-388.9623135299036	-502.7230016925611	-347.70358508637	-1045.0062253761723	-5815.293599623833	-9565.161473379814
79000	-417.7863148024027	-409.5744159990063	-402.43873468427415	-390.4705082701737	-380.74938820976337	-358.3678923424613	-347.2227903564465	-336.72488527143094	-333.0897932237653	-333.46358719932476	-328.7555226680192	-361.22448745623416	-444.64430128627276	-317.87011545577036	-987.1059204967837	-5948.130101158854	-9626.19042788544
79000	-402.16511391870256	-393.97335466711166	-386.4895628640208	-374.1873902541321	-365.13168031468103	-343.2466641171081	-331.31893029528226	-320.8009684345112	-316.88300288622196	-317.20025732120314	-310.92284088399913	-339.1805909242009	-423.1531221727502	-303.4768481855995	-900.2337020979522	-5759.652565065984	-9510.523707759536
79000	-445.1064476589058	-436.59544676503765	-429.49327527294844	-416.7165444416064	-407.577113300346	-385.8295842881375	-374.6965442989477	-365.0027283541566	-362.0053696809643	-360.7621645469722	-360.1142838275916	-401.49341240298287	-505.32645199270576	-346.0112087944081	-1105.6401431854356	-6112.572796146589	-9919.296569625996
79000	-482.6995443138343	-474.182565052011	-466.7662992277306	-455.1186988157971	-445.7300669624417	-424.0482019464012	-412.7854895929019	-404.54338583485173	-401.95637627340466	-398.493434021527	-400.0884729843637	-448.32479431522603	-575.5512389755328	-386.19130881785463	-1204.6966833025026	-6128.847974908069	-9911.572718692041
79000	-424.4963498115264	-415.67228379265396	-409.2560683552452	-396.7788664097252	-386.69030664610466	-365.8059491050184	-354.0195929355178	-342.6946240130609	-339.0556734950256	-339.4508146395007	-333.2924913721708	-361.67108126073214	-446.3500212589287	-327.51032854152055	-988.9471263941598	-5691.0847099636285	-9365.864940057943
79000	-449.3231455991533	-441.0632224121447	-433.5203883067389	-421.2863581573988	-412.03108753349	-391.2657937980619	-379.38842547978385	-368.26139537588455	-364.8656981124515	-364.9493798381567	-358.433538536703	-391.363150330048	-493.57843688792593	-355.4446032217314	-1038.3872198753243	-5689.802837882155	-9302.064101182445
79000	-469.7644898101331	-461.34314706755777	-453.70839159215456	-442.04783231642875	-431.72652830848665	-411.12728943046835	-399.93033667811784	-391.02057040270086	-386.90079236334844	-385.4275879655341	-383.26033251873173	-424.3962192318693	-526.5447956761885	-370.73242368864777	-1131.0929789135425	-6092.655085965725	-9882.466545471516
79000	-439.04350756893416	-430.4937519027405	-423.4985275042381	-411.3995499553429	-401.1544967839597	-379.95766400840074	-369.4920988041421	-357.99554853277255	-354.1737715276686	-354.3796125855591	-349.0090152337108	-382.276644760621	-474.68174672952006	-341.245754114626	-1010.5075021713152	-5993.172831414838	-9611.917840566926
79000	-362.60166459424414	-353.7216038755236	-347.00573870538045	-334.62345430159894	-324.66703871740043	-302.74751562712476	-290.6923599314369	-279.7101082515613	-275.22432506156997	-277.10233154836806	-269.75924235547143	-293.62591095070854	-365.3191155357799	-263.3394928917279	-801.1593170507114	-5646.96206911686	-9606.759080767724
79000	-439.0795644550912	-430.7310357011371	-423.26393519936875	-411.20467251655384	-401.65340859657164	-379.46535070307766	-368.5716549008982	-359.95132553761084	-356.09019327494366	-354.09944278224356	-353.7164141614274	-392.7677379034245	-495.98019851544717	-342.2107244967318	-1055.90676125373	-5960.830945445516	-9673.08208694089
79000	-468.5625761343804	-460.1680857817425	-452.7700456306267	-440.61244729155123	-431.39846304515646	-408.81668832107846	-399.1710643829601	-388.99990355592297	-386.6016914118463	-383.95401475856676	-386.35874449583685	-432.44311979414505	-539.2366135587871	-368.9457089264011	-1179.7704353473957	-6560.0165687826475	-10455.354632410574
79000	-437.63088423045247	-428.9867969960374	-422.019561852343	-409.9017443131579	-400.11994953804134	-379.3526242216426	-367.19694802120006	-358.3546556563697	-353.1227646633019	-353.5974839528673	-351.4657650148497	-388.69485743235623	-498.17815745655724	-339.68937940753233	-1047.877571537483	-5888.14842746041	-9709.243558942839
79000	-458.5133597483411	-450.6060722646496	-443.1813358635324	-430.71489391873786	-421.10904988186957	-400.4009489725609	-388.3521619478172	-378.0981929638893	-375.6111110416193	-374.20581736114445	-370.4272283131074	-406.23304985083337	-502.95325594691536	-359.2187759133157	-1117.8275543540162	-6125.65261448402	-9816.397127240052
79000	-472.60586150926554	-463.1949022788093	-457.1432907098312	-445.6907632356482	-436.10907497696985	-413.0848796102124	-403.2106132019867	-394.66759344794434	-393.0350443865425	-387.8528040655568	-391.74854954591484	-445.4060343648646	-568.8640053273273	-375.5729665008061	-1217.8828248870586	-6407.637789778567	-10241.964781695757
79000	-447.2817070344055	-439.4953342440921	-432.03042375725505	-420.3966766347992	-409.94809302988523	-388.02458024784397	-376.6106711096781	-366.1445221130533	-362.24887248334363	-361.4087473381522	-356.18778389994367	-386.11136179029353	-478.6884060531678	-349.37632973835207	-1059.6055330589436	-5784.855337309688	-9363.659452491775
79000	-450.27989287077014	-441.7998092617087	-434.5020520041318	-422.1268004144341	-412.62687904391544	-391.78178867951584	-379.65418834945314	-369.3817387996754	-365.928506438531	-366.2543749875475	-361.57321852915896	-396.27208118547037	-494.85963248840983	-351.3028058928612	-1087.9879693757523	-5958.15691643296	-9584.097796144755
79000	-416.990059086844	-409.3213397207012	-401.9348751362218	-389.34871601181044	-379.6675936640922	-358.34239575842787	-346.3988557771561	-336.43633595075823	-331.6104781204978	-332.74165500484736	-326.8000756004497	-354.41140752498507	-442.1264475264447	-318.8458760435456	-968.8094494714077	-5784.631227438788	-9487.879295279005
79000	-463.89485183058974	-454.50362056866743	-448.32572451522213	-435.7176002546287	-426.2448253391852	-404.2649196346561	-393.18539123037334	-383.33127176824354	-379.79275694082327	-378.83069874039177	-375.8191462625977	-411.83780549065136	-512.8205803566921	-365.18391781406655	-1105.3626070675616	-6019.439183699421	-9713.391890543111
79000	-435.09353797753676	-426.82936849832583	-419.37662069458094	-407.69223989306215	-398.064729206183	-376.82302890170905	-365.1190490650901	-354.4824068664264	-350.175086481914	-350.7276621498831	-345.54889365933803	-375.610404102403	-474.2047563512067	-341.5537484074634	-1026.4383919833272	-5788.004607810792	-9395.693339938543
79000	-441.4183933916755	-433.10593706060604	-425.40048519706653	-413.6578485408836	-403.8758478861957	-381.99262469239375	-371.3198029740811	-360.3455192612472	-355.0426773853853	-357.08408026263993	-349.72105296321325	-379.102153696591	-466.7740144849974	-343.99415057508077	-1044.2149788067081	-5622.07253372102	-9217.01162815164
79000	-409.7991675651501	-401.23034522401673	-393.6627061523637	-381.84411968409665	-372.19275998382017	-350.5850994526414	-338.5448129172882	-327.96884620402	-324.21830698152166	-324.2422516542802	-318.253044945733	-346.5586049882196	-424.9412603462601	-310.1265142140604	-949.3343253351169	-5867.124848147044	-9528.52193592353
79000	-429.43573085226313	-420.8436606365708	-413.07218247090924	-401.4441919123892	-391.5042137133915	-370.2017909486931	-358.6852767342425	-349.30140256662946	-345.89649236390403	-344.7575036917781	-341.98435777177815	-377.4355066961347	-473.85693320428163	-330.3637786585698	-996.230549357224	-5887.140983373592	-9684.763613193743
79000	-468.7620291928375	-460.64986729822846	-454.20836342993454	-441.6242786384471	-431.63018663340563	-410.48671813888893	-398.50122070210534	-389.60279976205857	-385.09058808899016	-385.44993315625294	-383.4711430495607	-425.39633318715767	-533.6838521262756	-372.15509915868176	-1163.4026487319488	-6030.243713219112	-9817.989669153116
79000	-418.6905307409149	-410.05030735393336	-403.17277918440067	-391.46123217459797	-381.0408380315111	-359.8313114191288	-347.77878326478475	-337.8301029186516	-334.0230398052668	-333.9346879789688	-329.57714626095014	-363.08883264166815	-447.01034300745727	-318.4268066118266	-1018.1472698426295	-5971.508241166119	-9822.298955051107
79000	-413.23842730041645	-404.86129937436596	-398.00924070106856	-385.7136842571856	-375.3272474153945	-354.2257557775243	-342.33077802436816	-331.28607201455503	-327.4496535644849	-327.83328410240284	-322.7632214437303	-353.0384149787815	-438.92109302909665	-314.0285964993313	-985.7301095927058	-5977.040418750606	-9760.283679996664
79000	-415.02866017797135	-406.51871881416224	-398.96139427286465	-386.4512849307715	-377.52198193963494	-355.8613855298288	-344.19623830340635	-334.0320315896758	-330.25155494766364	-329.61962160010984	-326.3331518319062	-361.70206251298794	-448.43038540296385	-315.7689196747353	-1007.4400377394145	-5968.858549515792	-9773.41237440416
79000	-465.4931924515023	-457.9133278465595	-449.57472798881207	-438.1248895609647	-428.1610786470917	-406.37388793429346	-395.7642505159111	-385.8916593168631	-382.2327860669423	-380.32667789045405	-379.35475679568924	-421.1298375072853	-531.2574089557143	-365.7041009585061	-1184.0185905310861	-6061.2689021897395	-9840.270573560692
79000	-459.03101990210797	-451.2977819992727	-443.37739731399705	-431.4136174994462	-421.95665616505374	-400.0499280746228	-388.7949645938589	-378.8178868660982	-373.6746200773765	-374.51858361269484	-368.7228589836203	-402.2971038263227	-500.24882602709187	-360.74932585128516	-1072.552726324875	-5891.675472175409	-9457.173256583947
79000	-406.80555987671295	-398.41632019301977	-392.14140265910083	-379.38462215160246	-369.41312585616333	-347.4889133021081	-336.0358684840822	-325.6331527693536	-321.3221139405611	-322.22573826661386	-316.048004283801	-345.093881992522	-435.8058083690535	-309.66150813622875	-939.1216189341654	-5719.108561657073	-9341.432273292423
79000	-452.28145165239823	-443.9787787369955	-436.9263815089251	-424.5887867458614	-415.6959635673787	-393.2021076136194	-382.0176831278693	-372.70682666012135	-369.2152272580222	-367.7601508242776	-365.12063157545157	-404.1396133764416	-502.86699794025395	-352.95858648788726	-1102.4663249248017	-6075.343811449607	-9911.28788728155
79000	-463.720524455638	-455.7195945491124	-449.5624817025484	-436.49955715869237	-426.64735514673544	-405.42001918633093	-394.6297271101073	-385.7155556429393	-383.55953104015276	-380.1425251622342	-382.9909042629463	-434.32034316132194	-550.1066014851921	-364.739814249703	-1213.8771429410485	-6430.733999230215	-10454.216220665623
79000	-469.8846837361702	-461.38565162472844	-454.2219405187381	-442.4080264588624	-432.5417138540685	-410.7536939467186	-399.41414665863937	-389.331600248499	-386.61441210100037	-384.4265228917285	-382.6664488250864	-422.98251557566687	-519.853715679942	-370.12056891800165	-1145.3862188614003	-6273.849242246392	-10041.131409706262
79000	-431.6137428792356	-423.0717798173928	-416.3629523096865	-403.36250011219454	-394.35189854072974	-372.12882107355165	-360.24958482005286	-350.2334955486602	-346.30929157097665	-346.1883447052011	-341.73708662074085	-374.2227235704938	-460.0876502433513	-330.8339620688531	-1045.085723063697	-5887.379288175486	-9604.641841131866
79000	-428.12597691643276	-419.84365540944174	-412.6469235610237	-401.1379341188572	-391.23401441500835	-369.73236791452456	-358.5903233188933	-348.59315062517356	-345.7400933862825	-343.9153502231159	-343.07358159337105	-385.37359586794236	-488.8723188337253	-331.0038597845162	-1055.8340633088362	-5882.457115476335	-9767.153198201735
79000	-436.886569430895	-427.7248481377521	-421.29016728426365	-409.3175964736828	-398.5214859394987	-377.15132353281507	-365.50864391989967	-355.4412516260017	-350.762742504207	-351.26383707860174	-345.8481233304141	-377.8464655402847	-465.38875666253756	-337.26992052381075	-1046.4086942939236	-5854.615266495185	-9513.351860702973
79000	-424.87350225048596	-416.6950805995198	-409.2064260208535	-397.73646808503247	-387.60168033612496	-366.2406779131227	-353.8025422453133	-343.3643074191828	-339.1851998914778	-340.4426818319075	-332.8717269966784	-362.287330712229	-449.0095360118679	-329.85404387474756	-951.8291566828075	-5572.213262774944	-9116.517875378966
79000	-445.73477492387786	-437.97163496022614	-429.753024905618	-418.611348270599	-408.84036714625904	-387.46548989038826	-375.0069806557555	-365.0103355956138	-360.2365081390881	-361.64201071085887	-352.9747544477374	-379.64813482702385	-476.4304417099004	-349.4830604988012	-987.8764210482634	-5702.022599328111	-9210.396573712596
79000	-410.32320648945614	-402.0845779122621	-394.8610042460721	-382.900927179938	-372.0516849454999	-351.1179375697579	-338.93357396224064	-326.92123808431205	-321.8443223961099	-324.4187709672489	-315.30874046824863	-335.2811937842679	-403.32301189205435	-309.8685355828421	-902.1744886921978	-5668.5837576307895	-9231.32743760405
79000	-454.06217941004945	-445.2887313894633	-438.030573726264	-425.7089363215109	-416.0359470045137	-394.85945424283096	-383.360218777055	-372.3735967221947	-369.15478687268535	-369.34935337336583	-363.4570482935388	-395.47278470253957	-494.5122989061659	-355.31880039578346	-1087.0284987245907	-5930.005041725319	-9549.833503046439
79000	-416.6174085021847	-408.3340480371094	-401.04677557688075	-388.50509160996035	-378.26109376275633	-357.76900224796395	-344.9288704348707	-333.5987762620527	-329.26507823062485	-331.39466737191714	-322.0004553829652	-342.90351864189245	-418.8868829741051	-316.39101159090717	-931.3880866699776	-5613.9251637408115	-9161.448113062226
79000	-412.36092722737806	-404.61861714660523	-397.351883178709	-384.483944092079	-374.5356881802025	-353.8628706250081	-340.84226043778676	-330.3996284893551	-326.11899091344475	-327.1191551671342	-319.6239739375344	-345.4607089865614	-433.56577153820905	-313.8487873812772	-942.4941100765798	-5640.916624783238	-9236.701826824477
79000	-468.35241386322963	-459.6759995332458	-452.26160704231455	-441.546354073412	-430.86676624668706	-409.78184831510055	-397.5507864954976	-389.58863330415136	-386.4284419111206	-384.47243431708836	-383.5691340333907	-427.1548501384595	-538.1339922293563	-378.0127583041819	-1145.354758489246	-6244.2795763552485	-9989.306544404746
79000	-437.4035605860792	-429.2651128512862	-422.834566243144	-410.1308843081788	-400.72346435044057	-378.63269742982465	-367.55678457274905	-357.39338832617454	-354.27198078557194	-352.87008053513466	-350.2788128566203	-390.063152897426	-485.7130923084153	-338.6825056731149	-1100.9335880572698	-6081.142284621242	-9961.70798811373
79000	-462.8926338432579	-454.2059869339973	-446.9480954826848	-435.87181037235666	-425.26720933899094	-403.65439133111175	-392.64286242153105	-382.8446493226504	-380.8976813007525	-378.722363882183	-377.7542151816616	-420.11809921381973	-534.6879234288152	-365.30239733034614	-1134.2152919297055	-6214.009380776655	-10083.668211065547
79000	-448.8399457545816	-440.53942367077036	-433.12777724882636	-420.8443094703981	-412.24434177471653	-389.6025188152577	-378.897805709949	-370.0411945114742	-366.5027589287984	-364.16413922274165	-364.5836611787649	-409.5778781200161	-510.8517585857203	-349.2166385002539	-1154.0782137555893	-6260.143418804751	-10271.336191338225
79000	-421.429400474851	-412.571502199518	-405.7816877337228	-393.3745355116016	-383.4155204330382	-361.94296030061287	-350.24334062160494	-339.59367079463897	-336.23941675004124	-336.1901168917278	-330.5301248696608	-362.764295331535	-454.7109103790429	-323.2660830965402	-984.6776101592579	-5837.572730853598	-9513.043091769821
79000	-399.85858860590326	-391.4835927456619	-383.93564790575846	-372.4972978996418	-362.35039712858156	-340.7188084854609	-329.1046915542471	-317.8145463036496	-313.42288218557127	-314.6603837281846	-306.74896585578654	-332.44161735639545	-417.9889884477954	-301.9191001533505	-920.9796008733903	-5572.754289843671	-9187.361772803488
79000	-434.8017823875892	-426.98256976418946	-419.4323071181313	-407.6442219435404	-398.28087299816787	-376.1102551224979	-363.9289674782311	-354.58215313818556	-351.1226009121558	-350.0146978133621	-347.5603166597656	-384.5873081846738	-487.3524862844513	-335.5791396737551	-1059.1783981135877	-5882.788241567685	-9774.76126477804
79000	-409.65694837637835	-400.63767152901687	-393.95088679463714	-381.01214356332	-372.09449255100895	-350.31359941911586	-337.9945466211136	-327.4737421016747	-322.6742162985682	-324.59726835939347	-317.20263459882165	-342.73953459049216	-425.4798367867921	-310.63925654568015	-928.6610418785201	-5545.96701549178	-9080.775512703583
79000	-433.9585120759804	-425.133694529685	-417.61417711331814	-405.0643584020511	-396.49920082672224	-375.26987506638966	-363.0924078018784	-352.8802713065381	-348.63897086833316	-349.01155878746937	-342.8888696452864	-374.8480496314449	-476.1761106305515	-338.3096009778612	-1000.913941649209	-5674.302838033793	-9330.33989374563
79000	-472.3720914569911	-464.0794037910778	-456.5140823367481	-444.8236169398159	-434.8070343131823	-414.0445537420244	-402.91209293231225	-392.55738501958064	-389.09359878999487	-388.27974469816235	-385.4426062564764	-423.88848408508443	-537.3916225014858	-374.1215857705242	-1183.4729381908178	-5952.686651018193	-9614.403430139206
79000	-429.9586651076658	-420.9002278975832	-414.160801990328	-401.3210737230976	-391.79132681338973	-370.5877206370143	-358.0272348735876	-347.723165369707	-344.315603450249	-344.3582606631034	-338.94791012789136	-369.502869118596	-453.9870542481493	-331.07318696694284	-989.4392007548244	-5840.38730080393	-9435.205132247049
79000	-433.8393923506183	-425.0273740127268	-418.0205058424422	-405.27702807056016	-396.20307425024095	-374.4690338142589	-363.39682965270714	-354.03042893135637	-349.8445679125178	-349.3511146984965	-346.30382837722163	-386.49204580754	-483.4920619875477	-334.5785972819647	-1057.4959822633957	-6155.967527943223	-9968.124790738511
79000	-440.60782479779533	-432.4138890849946	-425.4153279066372	-413.5450100190801	-403.5672713666892	-382.8586976201163	-370.1582782366946	-360.3788821871939	-356.47153640340724	-356.7808629361781	-351.22055444572106	-382.22118861192365	-480.2772067854009	-344.3342495103544	-1018.69039432172	-5823.924501264961	-9497.248356225682
79000	-448.26707513191536	-439.3340106395593	-432.5187658214907	-419.7382585793474	-410.36041342713634	-389.1977675147189	-376.43552495777953	-365.8398357933111	-362.0845095667759	-362.4830752374627	-356.48511833424453	-387.57824901086445	-473.9191002762044	-346.9955633018609	-1075.1219790545517	-5973.747460979944	-9475.584631628435
79000	-422.7149432826613	-413.85189315576645	-407.0139990169817	-394.5973591553453	-385.17042207348504	-363.15207825220114	-351.45878393008815	-340.6633206970193	-336.98893036435743	-336.69984171178345	-330.9927896689876	-360.32691640612074	-449.129826799631	-323.10941783128436	-1000.9475883766027	-5700.47556009633	-9457.700870154424
79000	-445.3716355650175	-436.53381061478376	-429.9482473063022	-417.82452580132053	-408.22441428951214	-386.88027846837014	-374.9139352874777	-365.08502841670486	-360.90224638307444	-360.78625007268664	-358.13441056761474	-393.18752413852195	-484.928146157077	-346.00561740252965	-1096.7630964789519	-6060.503033955197	-9887.806590900003
79000	-451.5958558263103	-442.5807653946222	-436.250403596421	-424.41636846661936	-414.84315972986735	-393.0945298056105	-381.3309113778249	-372.0505720831526	-368.1130703792219	-367.6270934984669	-363.7108170165519	-396.9419897308588	-497.7710913964794	-355.3369897569374	-1064.1563039002394	-5938.932993529774	-9484.49662234075
79000	-454.6789649672523	-446.71116430156036	-439.0136156685774	-427.48868003942755	-417.80646323950793	-396.2154685745762	-384.5079573246407	-374.04188925361944	-370.50398152614474	-370.15944795285856	-365.8610683979551	-400.1051842159507	-499.509297288833	-358.0580013261574	-1085.766661263417	-5847.350612168743	-9514.48824706636
79000	-497.8581204984095	-488.9775607637595	-481.86883353759487	-471.24551917907115	-460.4710847985004	-438.9741666462296	-427.8366718633687	-418.56535694589314	-416.35522723080135	-413.9515224077822	-414.05802647972337	-461.77308486695193	-581.9680162396579	-401.0078741895198	-1224.2216174999207	-6144.926585997705	-9712.456275721739
79000	-436.1088264014671	-427.6946754695333	-420.0494023524654	-408.0041792258305	-398.1872231261856	-377.05805791613784	-365.2307528587478	-354.5576871085716	-350.1646328282982	-351.4588296980401	-345.1190051803084	-373.64285001748607	-476.29575530962677	-337.07572480444975	-1017.129367798895	-5700.371925003665	-9304.525382146252
79000	-454.15798566222645	-444.882427598009	-438.22164273396453	-425.847919535424	-415.8011758109428	-394.47449860768495	-383.0451527736889	-373.55492462038694	-370.4796464095361	-368.80701417179637	-366.66588993243283	-405.1258902833966	-508.7040354227479	-355.1040141171712	-1105.7412110486157	-6225.535561363881	-9948.144559498769
79000	-419.29849455790486	-411.03986043497974	-404.27631354267595	-391.60183087352834	-381.4010815516208	-360.4779076288	-348.13572349551777	-337.3358046143194	-332.82176450555403	-334.7026296348012	-325.99630657301236	-349.7013806870026	-426.13227560860696	-320.27196549439714	-950.6486697280807	-5435.506912755561	-9049.792726771917
79000	-457.9172547573091	-449.02987938916357	-441.9774312618287	-430.1972673558097	-420.1903454876213	-398.9281935796488	-387.35932342943653	-377.8477363581049	-375.17982798642237	-373.1566870880699	-371.9712295489297	-414.90931565326395	-518.5849937620932	-358.7745283276216	-1113.8822001338729	-6378.6118786112	-10227.046485829034
79000	-422.05133465440264	-413.42100741662193	-407.03410366254667	-394.82427441308334	-384.7477057728789	-363.0521764715445	-351.9900550241883	-340.8807037443861	-337.4456214929697	-337.77286219252534	-333.08100884468644	-366.45960645568204	-471.3698945524375	-323.8987523042798	-980.8987852787544	-6023.1016139326275	-9771.25289876115
79000	-425.9024662856206	-417.6906534136371	-410.11460693722717	-397.47133198958556	-388.70208119376	-367.407118818813	-355.0098833324727	-344.5210939655228	-341.1860873123284	-341.0227264008363	-337.22842230889546	-371.61955860431567	-465.8275536205472	-326.42283578869245	-1030.1077293860558	-6050.618871647631	-9814.553289185247
79000	-478.77398223941805	-470.148328405968	-463.33547504404777	-451.2766622531541	-441.84295781800836	-420.5252383883872	-408.74383223567816	-399.484184319176	-396.4818538139748	-395.0078409051461	-393.46510565986347	-434.591692541361	-545.812864840941	-381.2261259856914	-1189.641429398407	-6263.921465663356	-10056.698690249943
79000	-424.42294190269155	-416.685239824953	-409.39523466719317	-396.80031258448787	-387.2584911175753	-366.19523418706484	-354.1601750019282	-345.5667358001313	-341.8912181761776	-339.6001462094144	-339.7616178305466	-380.39144964461843	-477.1747697264266	-326.60662524511906	-1024.5510070602147	-6138.976627530092	-10116.831548590086
79000	-397.4261820110945	-388.92016241018246	-381.73744354235527	-369.85093424317427	-359.82804826561534	-338.6950990612156	-326.4703572890714	-315.7579811000974	-312.4666601770812	-312.1501025747909	-308.6817928737963	-342.3590477395754	-430.60465844365837	-298.2099536054555	-918.0344122659214	-5907.84226606604	-9668.700200184616
79000	-394.3555756076298	-385.77866529251867	-378.88472734246596	-366.4746446209482	-356.5968730203263	-335.05494059404174	-322.9269170595232	-311.34316225356145	-306.7504131393012	-308.84814600811904	-301.38520743811756	-324.0696819258638	-394.05794503373	-295.45515898004095	-887.75125313224	-5667.15001707601	-9257.932294260945
79000	-469.9042942673042	-461.74411081634327	-454.5359250914266	-442.7552696310978	-431.8466453446261	-411.6787840395785	-399.7500516081095	-388.3921860540685	-384.0797579656134	-385.3132134351427	-378.429593460686	-408.0540340289396	-496.57835870517175	-370.27733359444085	-1135.6103414861454	-5702.1276709294525	-9253.129770185082
79000	-452.57779956313544	-443.9284906760675	-436.35205111454644	-424.6310930857924	-414.76178315427796	-393.61489402245047	-381.9737348680828	-371.85727133876514	-368.6735635909432	-368.44137066858286	-364.9214781893355	-401.95879628133696	-509.98662430890374	-353.84765313356536	-1118.5631431382033	-6012.228139863026	-9665.727766323505
79000	-460.77002611296496	-453.5651319208931	-446.03896132517497	-434.0444052730951	-424.2886697398898	-402.57493872981127	-390.95244639590464	-381.74133849112025	-378.5857715888611	-376.56176331981095	-375.55420570979726	-417.50860718050615	-528.528499321588	-361.80921464839105	-1172.345278180355	-6297.75236679705	-10080.576535942346
79000	-383.6085878143672	-375.67407547608104	-368.2912694157964	-355.4305229715011	-345.79320086823253	-324.66120364814947	-311.52735841981075	-300.1732927111126	-295.1384272162101	-297.6557597158088	-287.4174560502405	-305.7022050875339	-375.91917868056396	-284.93578696057676	-824.2448164098008	-5400.7971820366165	-8898.886540900032
79000	-470.95539954000986	-463.87182661991005	-455.50338854321836	-444.5336708830047	-434.19132777902234	-412.2711599475802	-402.0963436940863	-392.79871384307995	-389.10187818984605	-387.64165048171435	-385.27657684958643	-425.29035905016514	-529.5238999797239	-373.85331802647937	-1139.3219881166965	-6199.576029942625	-9856.036466556498
79000	-422.50425719676696	-414.1630920658833	-407.03305748427255	-394.6121714135105	-384.82970425766484	-363.43396458380505	-351.0742420965746	-340.6363696313698	-336.9439697649303	-337.9174490000976	-332.71949562012963	-362.7381631615996	-449.6418796603472	-323.66574430838796	-1003.137591203708	-5806.916437505156	-9514.815889588132
79000	-419.4411683613604	-411.3380366647735	-403.8590462826763	-391.69034208713833	-381.9005548665146	-360.43081981919624	-348.3450053033667	-337.57346409629764	-334.44853875358314	-334.2530162401439	-329.3057778023596	-361.02698554526575	-449.888847331136	-320.17106577621894	-998.7731996985881	-5750.712922939599	-9454.308486549786
79000	-433.0783647220313	-424.286590421246	-417.05608914800376	-406.30214336118377	-395.42264204453653	-374.4734190453841	-362.4219608416982	-352.37311165027785	-348.6785601617383	-348.0834701942848	-344.5981317461067	-380.4415912399348	-479.76283599946186	-334.587777287757	-1049.5296828132368	-6118.403706186488	-9893.00316595233
79000	-446.01704072536137	-436.9081908619925	-429.9163610598045	-418.25877200573666	-408.91807032828325	-388.1161125327209	-376.19533974543424	-366.3153262156772	-362.5655067705171	-361.8530523978179	-359.4769063933408	-399.1803163501396	-512.0980382736628	-351.35122871518024	-1073.8885861646727	-5901.676319772259	-9680.868454539808
79000	-439.931758268718	-431.7058471124025	-424.748784266403	-412.64773413963803	-402.48137634146445	-380.63147542494863	-369.4879915413633	-358.2913636561118	-353.55845172076823	-355.0389763195631	-348.6084532360278	-375.90090754026903	-464.48921816910666	-340.0987546904013	-1014.114541763183	-5776.773557964616	-9283.954998502531
79000	-449.5898553650686	-440.34624531968666	-433.2267821862152	-421.8048249153866	-411.76965559307257	-390.6551704970783	-378.47510386016916	-369.0553152593191	-366.12259857369855	-364.4713881674072	-363.1212978310224	-402.66262211880644	-500.6325316184773	-348.898987889924	-1125.3538208454684	-6159.091439167175	-9894.055304940728
79000	-405.75638223417815	-397.03574139881835	-389.96404523543066	-378.04364286584564	-368.23639444881803	-346.2333398615983	-334.21057608331677	-323.64092687935107	-319.88845219676347	-320.3124531524037	-315.92229115426136	-345.8024819438471	-428.1466099176904	-305.27204232089707	-957.900736340878	-5885.166441633452	-9540.484376551643
79000	-412.63568279546564	-404.0552601599342	-397.0694949133588	-385.1754415230761	-375.77039900298666	-353.4810601505395	-341.6656177604535	-331.5607805797027	-327.6151448647276	-327.5514945431253	-322.85336507218295	-354.51569915402473	-445.00676941917567	-318.64869728461827	-973.5205618296651	-5945.497473095146	-9623.907273395738
79000	-407.30497830531596	-398.9816235412524	-391.4981855787801	-379.4901136336157	-369.761720952966	-348.0229334019665	-335.9239171109731	-325.83950719020646	-321.11141418436705	-322.5409022882166	-316.324625100226	-345.73442350746456	-434.9876379755082	-309.2669240112092	-910.7535411126809	-5819.808801899878	-9762.50268737415
79000	-398.5657081240174	-390.45235739161825	-383.1283524207193	-370.483843851845	-360.5423730834806	-338.69774765611226	-327.17006609374	-316.95882604191775	-313.21386187281274	-313.4823308605635	-307.8119846191857	-338.81068394731415	-421.67616995456984	-298.71584558638955	-935.6692965718507	-5853.689916533333	-9721.37659811559
79000	-426.3978694760712	-417.77603937353183	-410.23807357612117	-398.5758137576163	-388.64044138386157	-368.00033026714834	-355.4943318984643	-344.55114966992267	-339.56230944701804	-341.7519346390936	-333.23400296909784	-359.88420695337123	-439.97696742655836	-326.5085584745378	-973.3398734875472	-5670.867600759639	-9383.090982509126
79000	-439.10709476531605	-431.351563413994	-423.3831169718732	-411.48505255784573	-401.45870059720244	-379.80180697601105	-367.6357233370824	-357.79154499789115	-352.8298548313482	-354.3445826319294	-346.3355561294892	-372.5878772664805	-458.58728802150375	-340.4583265009868	-1002.9268352066409	-5567.3318059705	-9131.700683824614
79000	-451.4687513143601	-444.06048745671603	-436.34887682936375	-424.4168537114898	-413.80119396656	-393.040781603287	-380.71446975222983	-370.074525584035	-364.9683761241277	-367.3736352294433	-358.2905309405628	-382.7867050571053	-480.38590924227225	-355.29259302144084	-1020.8532221343181	-5451.335426478991	-8914.139388138023
79000	-435.806317141921	-427.2853741385219	-420.9481027961321	-407.92701356275256	-398.56180478951006	-377.10308664891016	-366.06356611674227	-356.5461413271336	-353.4174583788699	-350.9507309101774	-350.6296709136342	-392.310621819093	-501.54393913132577	-338.99920380667385	-1081.3799226895521	-6062.871589373104	-9924.175527537089
79000	-441.79993187059864	-433.8518495943832	-426.645680144559	-414.5283089391281	-405.44050045232586	-383.4828304409719	-371.8345227648675	-362.64410815868354	-359.1422277005081	-358.1368701884729	-355.89764539503835	-394.1827884002231	-490.27176387451635	-342.93956118092984	-1083.5534039072459	-6162.517880483895	-9903.667272542474
79000	-455.74336244554905	-448.4533831115588	-440.9828563757482	-428.7302787282837	-418.98333027070163	-397.7894324201555	-386.41907481347715	-375.7913930343743	-371.65765557798875	-371.96298124418615	-366.4574033420396	-399.3392428477122	-491.3956086938992	-357.1621005342402	-1072.732516452406	-5983.144180750581	-9699.460804035003
79000	-421.9688988177389	-414.22044143079734	-406.3907662838041	-394.4130043454552	-384.6326278926615	-363.1897044230877	-351.8361311539538	-341.9212112568353	-338.3732062464239	-337.15902246869285	-336.2598947238386	-373.62098594180947	-467.4883562913405	-322.636287552502	-1059.4521553536895	-6133.916062431827	-9946.26218351071
79000	-441.497217598822	-433.5548702403203	-426.23395617877924	-414.0202458691658	-404.86094494559205	-382.7816041350117	-371.41216522172954	-361.7379002426298	-358.8152599416841	-356.9722858631914	-357.41129676050446	-398.44433346579814	-507.560137249211	-342.578890419338	-1126.5048736345032	-6208.072742995757	-9980.115764949602
79000	-439.17207369673054	-430.61733582718927	-423.5839265086069	-411.9693069235192	-402.1662419779793	-380.4910732170732	-368.88308248882925	-359.91266935029773	-355.95054942571295	-354.58971769001545	-352.3074904075478	-393.43892587829015	-491.9285494324936	-341.4490240223849	-1090.3074335548536	-6202.83617511576	-10135.972469903267
79000	-421.8030041363708	-413.66874133912046	-406.7334156625928	-394.78158448272404	-383.8328449058959	-363.36469417283104	-351.578182678387	-341.03654440012843	-337.27227786157454	-336.7305570972224	-332.4295136374103	-367.227309355468	-455.81951564333053	-322.8058179606783	-991.7373070889886	-6014.37192194694	-9756.948754408686
79000	-446.2948734111419	-438.10574436735976	-430.1999390368464	-417.84565815824897	-408.1850329561171	-387.33688554526265	-375.8308269672036	-364.92362551616753	-361.3113277372746	-360.9423098324989	-357.71200711560545	-392.45707236682495	-487.50893006026007	-345.2068758114871	-1125.2090985555992	-5954.15745528284	-9692.907022490248
79000	-400.263136498678	-391.34352335294165	-383.8311894544325	-372.3745121750669	-362.6100930802511	-341.3303612245834	-328.8672267707769	-318.164347923912	-314.5404914650138	-314.77809213620776	-309.9734732302565	-343.0194748156165	-422.8121458844178	-299.58902335914837	-953.4655299402806	-6047.918377276985	-9820.092717531155
79000	-447.09951584288314	-438.78117800573347	-431.380700443236	-418.65029356061063	-409.3731106279235	-388.2364695648997	-376.49472202378837	-365.86135298528416	-361.91494714308953	-362.3277422657857	-358.6912523702155	-393.794546371886	-491.0879932899285	-346.8595539219827	-1124.2726938383496	-5998.289585555647	-9838.995446984674
79000	-408.7873436723531	-400.68076553913335	-393.9103746427572	-381.40114197607534	-371.4729929185569	-349.7248402086573	-337.9239459251283	-327.9484514117709	-324.57752295065967	-324.5381337941075	-319.5893381996604	-354.1335254750726	-437.88399669389634	-310.4216245594698	-966.9104629759275	-5967.170215237506	-9775.742197957268
79000	-457.7432996657314	-448.95656808424076	-442.3938923965666	-430.194021105568	-420.6114274252226	-398.4864228048962	-387.4403628982149	-377.5435629639172	-375.21472796813714	-372.6197699448458	-371.55092236561705	-411.78940480106655	-506.18925828547657	-358.9426870961118	-1119.9552175902963	-6459.832800162197	-10212.272809238542
79000	-472.94405613485964	-465.12777012063003	-457.47048673793023	-445.9619604629969	-435.3130413536979	-413.83825746770333	-402.89468258577205	-393.60648503677004	-390.4265356833251	-388.17975171876145	-388.4309929928092	-431.9703293475106	-536.5890396847282	-373.7299487394251	-1214.426374643817	-6393.576075798445	-10061.638081587676
79000	-414.4168545058031	-405.95097670903607	-399.02622080603925	-386.81964492718976	-376.7956408273712	-354.4627695232421	-342.9093298006634	-332.78905706005173	-329.79573528927097	-329.0641141123824	-325.01902514075874	-358.97670894170386	-440.8057956976343	-313.4531623069381	-987.896892821531	-6043.336170399843	-9841.586284900342
79000	-427.4716105437661	-418.83165130609825	-412.07867486763547	-399.8567406763499	-389.6054161180148	-369.06715713489945	-357.08547441648307	-347.2762599896236	-342.86776181294056	-342.897399123123	-338.84182858209573	-372.59871696691096	-469.0643132847426	-328.80144175815224	-1012.0993875477558	-5780.6917811889625	-9591.946624608321
79000	-397.5146557212928	-389.2637927336508	-382.6136600674028	-370.2188869067314	-360.675275824696	-339.16063624006324	-326.9503228754277	-316.93615806306514	-312.42584235349426	-313.1249267080932	-307.775270833669	-338.3006959367951	-425.568771627647	-300.1002830134131	-921.1854743038492	-5840.247239155314	-9701.563842009611
79000	-455.17274484194377	-446.79421062988996	-440.4936484586614	-427.76285439259277	-417.03292840735224	-395.74577633200323	-385.31559969994356	-374.1531103420732	-369.92035114505643	-370.5681621440291	-364.93026530640776	-397.24828923953544	-493.1955944274096	-356.4004051214814	-1113.2113980137274	-5803.832984652488	-9469.276848200683
79000	-451.60062957847083	-443.04658156820796	-435.6667956149316	-424.1034924086921	-413.1689185023554	-392.23546134614537	-381.019201830125	-370.90049766765054	-367.4233716251452	-366.9832081120567	-363.5800724773171	-402.21460857389576	-495.142080991066	-350.3611946345092	-1132.9290120136386	-6050.415407373336	-9733.156004969278
79000	-424.2501847595161	-415.69982363157345	-408.13571619437056	-396.6742046300368	-386.42229957555753	-365.01237157144783	-352.8827828926302	-342.21273440933413	-338.44085836504	-338.85385519181483	-333.7370571649618	-360.8527784964058	-438.95356999346404	-323.4828940177982	-969.2317262302277	-5883.068781140635	-9587.256839845326
79000	-483.14655988555506	-473.6328410321264	-466.44123651676927	-454.932865234107	-445.65370587607504	-423.5881598640236	-412.5511329533804	-403.7728861026772	-400.0155558522405	-398.7244389176032	-395.50944896682944	-437.7088974838024	-547.1583311070028	-383.47680936863804	-1222.1608052238023	-6214.460221734771	-9888.322163521216
79000	-443.8132941454135	-434.98045765918715	-427.8194806970003	-416.6389104309385	-406.40900654159714	-384.9632128076138	-373.1642398710372	-362.80784249855935	-359.13587855024736	-358.5632764889721	-354.02643621128783	-386.07908221283213	-471.21822821745786	-344.0935659250518	-1068.6167307736507	-5940.44676490251	-9475.35835212364
79000	-405.38688672315845	-397.0758379969198	-389.8680089203405	-377.17310678678325	-367.3741516523665	-346.0955187006649	-334.13587520041034	-323.986281203723	-320.6225455742156	-319.73350909871647	-316.70549563381553	-351.29913134766144	-441.10902454462575	-305.2734130649966	-972.7156385997325	-5913.825330017061	-9745.764354907531
79000	-434.8565927890095	-426.72183223727177	-419.3305233607103	-407.79691370139335	-397.75230070752445	-376.30883256371055	-364.9911232087532	-355.51894713939555	-352.1368223624048	-350.4195997896455	-349.800222779872	-389.75737090867636	-483.16688191209727	-335.59370599818504	-1058.7335856866298	-6087.897199361451	-9901.967849156967
79000	-441.95352057947485	-432.90088184189705	-426.1557484559168	-413.969973204546	-404.59839336444134	-382.9679717376546	-371.9965922040547	-362.05748961533203	-357.7718938005772	-357.38309459476983	-353.31883580060565	-388.81608375666457	-487.58050915291295	-343.7244807054522	-1064.8125284631058	-5924.42495018014	-9707.93101584766
79000	-404.74275041172103	-395.8990870414316	-388.8711324676213	-376.2471236799622	-366.6296334255717	-345.3396736557875	-333.3391707705766	-322.8754185170517	-319.13376264557553	-319.27192076286616	-314.7229855626537	-346.407645344498	-427.2254980452569	-303.9657866933007	-949.0042810182428	-6087.333532211696	-9868.739962391872
79000	-462.67684792449046	-454.87754972639783	-447.1724826770101	-435.37009275927994	-424.79103855630973	-403.4820057304569	-393.1087972897609	-383.4302750579463	-381.09282136634823	-378.1886460226361	-379.293260843981	-425.66090641036743	-540.3721417513723	-363.5879719236463	-1178.2625052365788	-6181.733446918071	-10052.318974412392
79000	-424.6418031551169	-416.36152938071575	-409.17615122105434	-396.4998782359337	-387.1198331805478	-365.6143691860877	-353.975794395858	-342.71666599422747	-338.8127450025121	-339.0120657804149	-333.82409346256475	-366.31379815975237	-447.7986397809448	-326.85007450109964	-1008.8718992406835	-5729.187820372461	-9472.247815962592
79000	-413.2941430653866	-404.85459493942477	-398.1155892525797	-386.0079300964252	-376.0653224114117	-354.2113704110532	-342.42750914438983	-332.6768275070322	-327.84268723907434	-329.4548302606735	-321.9961540403237	-349.9888189745607	-434.11740779274174	-315.5615827684987	-950.6992465221472	-5717.120809143844	-9321.33181222797
79000	-445.36079426626	-436.78129885019376	-429.7769872948575	-417.6414137222299	-408.19133139003554	-386.68810607045845	-375.2598961273801	-364.9061329176941	-360.98836163040363	-360.9862261095559	-357.42294172878735	-391.73806930116376	-493.95695331286447	-346.1659116181594	-1092.775528593221	-6076.282530770636	-9739.268947399602
79000	-394.81222355380675	-386.65961573652095	-379.263218119059	-366.6694186207726	-356.16322027390515	-335.8103388468814	-323.21867984805414	-311.84285919130207	-307.48023066494346	-310.19217381337853	-300.44963360186307	-321.1490996852595	-393.1707613378444	-295.4206721241665	-867.7350432622735	-5425.908793890314	-9017.617352115267
79000	-435.59640111134166	-426.80822571744073	-420.1128406641515	-407.3287712367703	-397.76736990157264	-376.3576299655007	-364.67638596903527	-354.34071374225334	-350.4639321633952	-350.2668160486917	-344.9718480582493	-375.1908934152359	-470.1140433273989	-336.48580180977746	-1025.8618484460242	-5795.608918836103	-9414.985261165464
79000	-403.2674030325979	-395.12577782094644	-388.43723903996244	-376.0003049599802	-365.7105624828206	-343.64424417561844	-331.8414750255641	-323.00713408546505	-319.0778590693324	-318.07065751190095	-315.8908372081658	-354.4145754084115	-440.83943972675274	-302.8886566322404	-985.0503196496497	-6233.884406176879	-10158.785638954958
79000	-424.32232791948053	-416.10538523452357	-409.17273222690204	-397.35078545045997	-387.1738810557639	-365.2897831870028	-353.69611898881305	-344.55790896133897	-342.0762152832027	-339.37636915720225	-340.4312278218538	-381.95304684506766	-487.8202066000023	-326.4883694176737	-1053.4204540313895	-6366.218108920108	-10308.101280547655
79000	-448.32635771920417	-439.5303046448363	-432.19476142534467	-420.5476737108156	-410.44068528792076	-389.50604238019423	-377.2981464618569	-365.8251007780704	-361.7257621413265	-363.1737002694945	-355.90659156923374	-382.6538333940298	-468.56120947214197	-348.63034007928576	-1029.319334427432	-5714.9305388821285	-9185.919629163656
79000	-456.1802710313549	-447.77111774655464	-440.7483842375522	-428.40874964790225	-419.00618871903043	-398.0822500587264	-385.7787761865763	-374.8756384685668	-371.5124594495234	-372.22817916559137	-365.66693348545203	-397.4486614619588	-494.2266867241176	-360.89922921612504	-1084.3998934015178	-5667.811281307563	-9234.112722195328
79000	-403.6399247750237	-396.0527142231607	-388.6248062693941	-376.18233382850644	-366.63677050611494	-344.54204205278074	-333.1087724694953	-322.8543567889933	-318.55749384895347	-319.3973851751435	-313.57499867278796	-343.1901973686378	-427.21691644012225	-305.3376479299872	-937.8705993136456	-5794.79629055994	-9465.97643498462
79000	-425.266046443862	-416.4317172849311	-410.01924085016145	-397.9804046711489	-387.7806731506936	-365.8075179928812	-354.18884188373096	-344.7846525152774	-340.41697108909864	-339.74661781244316	-336.0750182458252	-371.0012360110993	-456.5576343821156	-324.6064513826939	-1052.539568666663	-6038.949654072492	-9836.87938022206
79000	-407.75307174181427	-399.30653130320763	-391.38513833793166	-379.849681859058	-368.8857811998256	-348.1521288289097	-336.34039548843003	-325.87627258695335	-321.849665887156	-322.0674794927304	-316.40192555600004	-346.4052777017144	-436.4133606079681	-309.94054729088737	-935.3224503786843	-5927.565724427602	-9626.20264195795
79000	-425.81973357842384	-416.79574356623266	-410.46063295110747	-397.3706471863944	-388.67658164432163	-366.62598768963943	-355.4407030878978	-345.4204926945224	-341.23062972343405	-341.22548250819807	-338.0742278047028	-375.72570626738946	-481.3017461093186	-328.09553985365	-1028.3207329584252	-6139.2557301303605	-9929.515131914986
79000	-441.64894288038397	-433.5467960568687	-426.0685015683243	-413.9208855779973	-404.2371751421954	-382.66486134706275	-371.0410327332209	-360.80202742127545	-357.0151797556155	-357.37552889626755	-353.65426844098903	-387.81989895779026	-478.84387092945303	-343.18285708560273	-1042.6689886130637	-6156.850515987004	-9791.08238099368
79000	-407.5150356040994	-399.4738343652874	-391.70382004234665	-379.47819984205387	-369.581133397329	-348.12071498855715	-336.2092161818479	-326.08864482412713	-322.3184195797308	-322.21873332324026	-318.27432083344314	-350.89936898510507	-433.03397449117756	-307.1680543310758	-968.2245487080689	-6051.221842163719	-9782.303237937134
79000	-457.5961850049445	-448.5742075521619	-441.1078875194143	-429.56298922510473	-419.7096424708129	-399.27007379982797	-386.3478644068556	-376.5016587893714	-373.34661447163006	-372.81979769253974	-368.6064290632851	-404.77600095544057	-505.20068254987694	-359.9483728032467	-1073.4635765798769	-5967.9377500941055	-9579.429270348224
79000	-420.3285742781797	-411.5976752824158	-404.37222616483444	-391.83888289052607	-382.65764120924257	-360.6199411958807	-348.9271642123036	-338.49243212325587	-333.3907191202663	-335.12505123053467	-326.82364340169084	-353.9552416889265	-434.85016596365966	-320.37273868369897	-966.7588155097249	-5667.336602830495	-9309.439357695417
79000	-435.7237523439971	-426.8197083477068	-420.41632322010884	-408.446146457698	-397.78987701148094	-377.1044234569787	-364.873008081672	-353.7216628858196	-350.8246586058705	-350.7087412573073	-344.4468075583789	-373.7961853666539	-454.70473858349254	-335.4390296999372	-1014.9745516286147	-5944.836963499529	-9524.805779971091
79000	-452.19095879748284	-444.0505286369602	-435.8471246879696	-424.72862644480506	-414.8525287407368	-393.6501504306451	-382.0631355099072	-372.54139213993335	-369.46954746408767	-367.84582403909894	-365.796350276141	-405.2715399519589	-514.6643555723779	-353.8658122422547	-1100.5883979048283	-6069.314750997163	-9759.717694461522
79000	-437.9478985592827	-430.21379609565435	-422.0360748465676	-410.2975913825269	-400.2826863539672	-378.66002559352216	-367.9117644185341	-357.3762304347953	-353.8578684010549	-354.07256646114377	-349.3722939511637	-382.8168368394853	-483.34784126748383	-339.4678043720146	-1059.1810024615274	-5874.848167539668	-9584.122147041502
79000	-440.73895538899865	-432.75921286092176	-425.56625128239824	-413.2011289316288	-404.06230875463194	-382.2098113142895	-370.4943082336292	-359.4983175595674	-355.93052998657436	-356.28980262546014	-349.67432254816833	-377.1005477724444	-466.67839580326296	-344.0852579861031	-1023.998622148508	-5841.087657664982	-9398.176141940177
79000	-433.65162950355847	-425.5933525287351	-418.7707273961517	-406.5850148419147	-396.7639972014071	-375.04498757133456	-363.90366205649497	-353.2068577824686	-348.69491656708567	-349.5767668827827	-344.6242766611698	-376.304196435413	-474.0723438913938	-335.92106577501215	-1026.246572016939	-5898.515346477075	-9492.270052984199
79000	-412.8475542643644	-404.55433055239274	-396.9752677483605	-384.9247765881514	-375.1040105324286	-353.2469655418319	-341.9696900544904	-332.6745663492619	-328.44506882388447	-327.88178020807544	-325.1183035495438	-360.0584151372985	-453.1773833705979	-318.6780955006828	-951.482111343986	-5941.322275025393	-9773.080916613219
79000	-452.2052875867325	-443.35927180298415	-436.81621789528464	-423.8379966402474	-415.1751066251493	-392.88323060520923	-381.4038051366195	-371.5563758585015	-367.89450867789003	-366.8670370632799	-363.91326365957735	-398.68054399749747	-493.95720165794336	-352.7190428127047	-1118.9910968038787	-5947.084969663729	-9625.453989203963
79000	-432.6022499892958	-423.4658017055669	-416.3717145029662	-404.43519460625294	-394.6239829679684	-372.85425088657587	-361.54548765278093	-350.59986402146944	-347.2946154063443	-347.20435931666856	-341.7202279779109	-371.8243662271695	-459.3534576571431	-333.23976438462466	-1010.5973648446961	-5951.959222028147	-9704.251311477059
79000	-440.1259536011781	-432.0960333465103	-424.9527120156138	-412.84988861615125	-403.02168307056667	-380.1765650804394	-370.3399177772925	-360.45288851079374	-357.35191042439965	-356.0066404747049	-354.377246301402	-398.201376571199	-500.17724527322247	-341.5809961042946	-1105.927133157449	-6321.723897738121	-10233.960314789476
79000	-440.7199996552055	-433.1978051447306	-425.29158013984903	-413.7454894855664	-403.8732000083098	-382.2792649820613	-370.57917376820984	-360.4803233548154	-357.04308636322696	-356.30091231076756	-352.99269585850266	-387.3204038722938	-489.59407661764584	-341.55579934284975	-1073.3288564710338	-6047.08590194485	-9811.011794571486
79000	-429.7230635161407	-421.13275566302093	-414.2468244602001	-402.1135303268735	-392.25700888166836	-370.632330092023	-358.7642996119667	-348.90858768758153	-344.7536787299608	-344.41269649241843	-341.1428670269559	-377.62146697764973	-472.5405935045544	-329.6676828300973	-1073.3286973030285	-6102.196429175412	-9869.085645433935
79000	-447.50939880314365	-439.04501614360873	-431.2399921485375	-419.52981800632654	-409.6993097715856	-388.4356939972131	-376.5925077452256	-366.24236438275307	-362.34645028862036	-362.5860207690528	-358.23781259106664	-388.6233681852446	-482.8614790291639	-348.55618073197076	-1051.8343725008776	-5884.774075627913	-9514.42493344392
79000	-466.6597066271698	-458.4428683786208	-450.8947182811449	-439.3079431247138	-428.7890343306452	-407.9187738363016	-396.391377531901	-385.8478741830803	-382.03687265247873	-382.2433214696759	-376.5197888883296	-411.733802682782	-519.1983212265966	-368.883662981377	-1120.7739489538046	-5854.155493376689	-9572.165713658986
79000	-416.2739638080733	-407.64608576819546	-400.6256693656505	-389.4480320862368	-379.06878310060137	-356.8557369406655	-346.15223205460956	-335.95506284278383	-331.6736830497639	-331.9661950209825	-327.6644850773875	-362.69675060463334	-457.22189272803445	-317.50615827384	-985.6583822225947	-5922.237084901029	-9711.678453887473
79000	-456.8007250671149	-448.94996119583374	-442.3204908969588	-429.31787869370635	-419.2193069518191	-398.10545347730863	-386.59783453928515	-375.7539160824591	-370.51141810722936	-372.2603116853233	-365.3797392478109	-394.3240336612909	-481.87545193077256	-356.1348007243925	-1120.4373925836635	-5825.610212953184	-9338.2547770968
79000	-427.593914351092	-419.7069871482479	-411.79084768067077	-400.02967031950755	-390.34675683515496	-368.820351286687	-356.9233763139696	-346.5117654980383	-343.4600686431665	-342.88017161525335	-338.4318278613875	-371.43293714798125	-467.83491544289456	-329.1348407347522	-994.2581968842408	-5975.552928382841	-9819.662526479344
79000	-439.79716922968845	-431.5374913034053	-423.7689962676655	-412.97955298894726	-402.3831296953774	-381.4269665140912	-369.41441882635667	-359.5281089807481	-355.4166305997447	-355.4313247053259	-350.15150041466666	-385.03379981863753	-487.9937954510241	-341.2634560759363	-1058.257820061156	-6000.133813707462	-9728.498807765196
79000	-430.0822224730918	-421.36081437660846	-414.31026353926046	-402.2343223226409	-392.439901008064	-370.96526596611955	-358.88097032107765	-349.2517234470328	-345.72329474591777	-346.3286034417071	-339.4396366483299	-372.6634526087293	-464.3903532216758	-333.3406397074638	-1006.4350970255388	-5714.421321709865	-9455.079210235457
79000	-461.21916175014974	-452.6765019388733	-445.71418805833724	-433.0696729898766	-423.5560132735467	-402.13671968780244	-390.5098551727074	-381.05834185253667	-378.23823726248565	-376.9003917110204	-373.6812619641362	-415.512727048673	-525.5103529710382	-363.1088954621603	-1144.1527007135676	-5878.735277334312	-9730.023418982832
79000	-472.0219407333012	-464.2627338397993	-457.05781187982683	-445.312719003226	-435.28859485896834	-414.69621000420375	-402.9832705860908	-393.72258284791275	-391.15469185093895	-388.92030980381423	-388.6160559765719	-434.7659801648737	-556.3038839999938	-375.8734640090755	-1201.884450306968	-6190.531696690077	-10005.38081669168
79000	-452.501889025903	-444.0092334045713	-436.44692998810564	-424.75851917408704	-414.80569472597324	-394.1790920576926	-382.7182788538111	-371.7014521961142	-367.9555863225383	-368.49230734437776	-363.4994677999222	-398.6905953982891	-501.36953315978036	-355.735930828138	-1094.6633487793881	-5799.609035105489	-9575.525475531955
79000	-424.4988782450066	-415.92129187543844	-409.7919220341061	-397.10481013125707	-387.1317858581349	-364.9912095848745	-352.9965424401922	-342.2842166885836	-337.7320815150124	-339.46349811657325	-330.8759848430091	-355.9229930339712	-433.1385005052546	-323.410260405705	-994.106047716064	-5688.008773261144	-9353.925679424276
79000	-466.65960730729296	-458.8200234463446	-451.3394670505964	-439.3502933657488	-429.83942175009605	-408.8080688497575	-397.52306910889786	-389.1787473344551	-385.1686308934679	-383.1562626127416	-381.8717454779779	-425.5619787959516	-548.1904973581185	-370.91479565554647	-1170.3425847974913	-6145.319685606128	-9777.744310570088
79000	-466.80836980655585	-458.92210872905827	-451.79671085517697	-439.6979815938381	-430.41054459450356	-408.977953231695	-397.58493613800727	-387.54178016262017	-385.743815214971	-382.2906222564753	-382.7575179269496	-426.4162924782325	-538.0246280917205	-369.47502344510275	-1186.9996611092117	-6229.999557987903	-9939.092011831324
79000	-437.77511989054585	-429.7781089070201	-421.5246061372383	-409.99973809833057	-400.56528404762764	-379.2780180631082	-367.58766186006704	-356.255624372537	-351.5648650311885	-354.1246021472513	-345.5705720200716	-370.34215067328824	-468.0343886318876	-342.593563386103	-1007.2004985854796	-5471.744784304467	-9053.215231984934
79000	-437.23555536706823	-428.1608637015379	-421.2360135156685	-409.04423901220366	-399.32402709528566	-377.84296510092986	-366.05676860725896	-355.8357615843873	-352.57934644488193	-351.88744284739704	-347.71791766121976	-382.52495043784745	-473.47791338666605	-337.3878217582343	-1044.189432371051	-5974.717706530409	-9656.599721241097
79000	-433.2305426134027	-424.2291363078111	-417.5024139291083	-405.1940280922091	-395.61483322195795	-374.3916830891116	-362.75320623762934	-352.3090713733055	-348.43793848679417	-347.9063197888583	-344.7046206235038	-379.1243681044896	-466.338586141372	-334.0433525353083	-1054.8023193686788	-6100.349360831339	-9827.575241896693
79000	-445.84009457686284	-436.82762634562096	-430.64812092227857	-418.1799501320072	-407.81564037418906	-386.9167223354605	-375.44242945710437	-365.6212459802285	-360.9067504204402	-360.7676998443645	-356.6539441674072	-390.33720269599473	-488.16271784607403	-348.29353288181056	-1060.0128142505703	-5769.78458127427	-9535.255979762434
79000	-423.43948069908083	-414.48071774011856	-407.24088561848606	-395.3314275720171	-385.799301149582	-364.4089432945964	-352.41546333989703	-342.5386858989709	-338.3572853342101	-338.3955777853315	-334.3292213750377	-368.17488931609245	-462.2422987532113	-324.5341476893328	-1012.3495342475122	-5930.729135160478	-9594.307024613263
79000	-414.76241622971634	-405.1624440961046	-398.71086356450877	-386.9303209628765	-376.95702346768064	-355.956685184677	-344.1954903312265	-333.8589511306142	-329.2512807338261	-329.582990004405	-325.16516387274277	-357.9392574042757	-450.6910574657205	-316.5858881431047	-960.3558909413738	-5859.990828612844	-9589.1860932434
79000	-439.2774732345903	-431.4327234493677	-424.31829236578443	-412.2024253581126	-401.74222390134355	-380.3635615142014	-368.4926176615846	-358.4712899754381	-354.35355928963185	-354.9246780799456	-350.16293796562474	-381.23844192618066	-467.66902916397146	-340.71473431157773	-1020.5422709333624	-6016.592018979529	-9715.81157343729
79000	-463.5183487744744	-454.93693401035085	-447.4180125525575	-435.89405456788904	-425.9046994523776	-405.37756397714486	-393.15683367208595	-384.00638648021067	-380.04517077303893	-379.23631099669444	-375.5915383834355	-416.04181973698	-530.0203808844385	-367.305633908905	-1144.4290567538933	-6010.280320575873	-9692.240223953038
79000	-456.5819368915459	-447.85065620800736	-440.6257711317224	-428.1251611231846	-419.71535479807596	-397.90855518092786	-386.74304310927374	-377.0874056093817	-373.19963997998286	-373.049632348856	-369.7887468301659	-409.0407552459567	-515.8582543902107	-361.8897926285006	-1081.2649531740783	-6155.565464711324	-9788.830787285153
79000	-439.97854122315596	-431.9653345449177	-424.39015218852666	-412.36245283450626	-402.86045929039244	-380.87744801062564	-369.6971743021008	-359.7883459579606	-357.15186996542434	-355.37529514699423	-353.3434086265862	-392.67241857901803	-491.53079204071975	-341.2061326686761	-1065.5534310542462	-6211.649178474489	-10044.429640405597
79000	-451.98767670356466	-442.8111059007447	-435.88974849713514	-423.5333505451068	-413.97594807774124	-392.7463921989432	-381.73629796805625	-372.21431922066864	-370.25459637791124	-366.53394682579204	-368.8110428848053	-413.47735294981527	-522.1564878964527	-352.73389007629606	-1146.6150898255223	-6434.053795496975	-10331.97352710396
79000	-437.75250824584947	-429.39397578725396	-421.46935487082993	-409.81154299643947	-400.2919984383672	-378.2517030004128	-366.9642939523058	-356.89182234549304	-354.132854409441	-353.2456847848976	-350.36720764479423	-388.5829503671442	-487.2506167785041	-338.7428298328622	-1086.120791970516	-6162.403262685589	-9958.66249874264
79000	-378.3143797328948	-369.8494806450962	-362.2389457704306	-350.15496156275503	-340.62656199903523	-318.419793941318	-305.8194728449673	-296.1404839745845	-292.1163268456723	-292.85879150805914	-287.74765892740646	-316.26370057951516	-390.9114550311967	-278.68010807618776	-848.9790499350518	-5819.163701011812	-9696.376771788704
79000	-412.716002112187	-403.8892171659473	-397.5106243126789	-384.79293421506407	-375.4491623318744	-353.43790855621046	-341.57990382070216	-330.9435005138109	-326.9203390471356	-327.6973099455232	-321.2439027946208	-349.07583738254556	-429.71107669729207	-313.7085988826316	-945.8826034846622	-5655.102637864374	-9290.328112197834
79000	-417.9151509224953	-409.703080937165	-402.44402867477896	-390.3392741343529	-381.12238635354686	-359.4581048915883	-347.57254107286303	-337.22299266462574	-334.1704988512155	-333.2449025859994	-330.5913428895659	-368.71507204786036	-456.27555087318297	-318.0841946514087	-1020.2908155879312	-6185.579097916109	-10141.52771010585
79000	-423.2251448473974	-413.91343739742985	-407.5650988579367	-395.3140669306446	-385.48463514098216	-363.92371204297075	-352.78813375816463	-343.87395535487474	-340.28039563640294	-338.8432542099909	-338.5122081951702	-379.9128978371572	-484.96144421425487	-328.02215599542853	-1035.9698599663407	-6086.535271650278	-10139.906137754944
79000	-452.53203380870684	-444.1959710449761	-437.14179331450526	-424.6853683777787	-415.1393595199445	-395.1597938088248	-382.1240183146742	-372.0745715596088	-367.7703665919455	-368.59426203344265	-362.6624672699752	-396.1789998369463	-496.9095158757982	-354.1349906272911	-1098.017122712609	-5930.453400310356	-9498.613040143193
79000	-449.80904486060683	-441.6330786695979	-434.7127091903754	-421.99032108866186	-413.07839773364907	-390.89079300643175	-379.12839011616063	-369.8785414092242	-366.1619404724184	-365.0820623974916	-361.64498121257014	-398.37859373067465	-501.47324116348585	-352.6354364564249	-1066.1126466711542	-5879.637968446066	-9606.12913236931
79000	-400.46964599257717	-391.70660637092465	-383.94549603544584	-372.138426703434	-362.3196749092373	-341.3243742081442	-329.13755619154705	-319.6911134299607	-315.5689515169965	-315.32692937757116	-311.2648445331192	-344.90963866790594	-437.993566177797	-303.0013425488047	-964.5697643365785	-5873.855426002179	-9865.750577658077
79000	-469.14360804376827	-461.83973932180413	-454.2340111076275	-441.62468591402023	-431.5837720191381	-410.50721826504105	-399.97116748611217	-390.27443842098296	-386.15416776798395	-385.5366025946734	-383.3825547445827	-422.97712741223376	-537.0469492578081	-376.8235576803903	-1101.4177420657038	-6027.521195891561	-9709.241012209335
79000	-477.4848757627683	-468.5578348601365	-461.11238368192613	-449.55633878872004	-440.119599740718	-419.11850220892626	-407.70895388977294	-398.1118041961901	-394.7285564352831	-392.7078253503575	-391.0246943427739	-434.80272727313576	-541.4141678656308	-380.36395980253025	-1193.4187544988108	-6113.883035513251	-9757.276089060426
79000	-416.3341852983777	-407.86052142410665	-400.8057691157098	-388.4182987321135	-378.70696219037615	-356.94379768864206	-345.4301730377742	-334.82205972142003	-330.70778927864933	-331.3484149947869	-326.1395896473535	-356.26049502852305	-443.93195750850566	-316.3525738624755	-1014.851203299983	-5849.53190651394	-9642.366647523588
79000	-432.3072217783817	-424.39053568034615	-417.1343312248301	-404.74398102080386	-395.2365747541917	-373.8850794128694	-361.95148434993604	-351.7342429154521	-348.1208033677907	-348.8844976623258	-342.40655354975144	-374.77170908882	-464.9210197849065	-337.3124497579653	-977.1765669341486	-5920.430674564678	-9517.136970808036
79000	-421.97586745160004	-413.57172686113415	-406.50052323554945	-394.2837575996341	-384.3466657320532	-362.7924457344027	-351.48590045155856	-341.19585677247716	-337.3975579452845	-337.19264204711817	-334.1815152860585	-369.2768347909344	-474.3361181384907	-323.2121155101083	-1012.5531128118841	-6023.086940417065	-9848.134935979233
79000	-417.7854611994266	-409.94674871348946	-402.7582691545645	-390.33604587845537	-380.31482933086136	-358.96647561340484	-345.87802635144226	-335.4141948730586	-331.7372115678282	-332.7857261110567	-325.0544260292481	-350.43312669148145	-431.1474758880739	-318.19536418221514	-951.5301264055212	-5609.655569763856	-9244.83146789535
79000	-440.243156422788	-432.10108918055334	-425.2254456732856	-413.10305409197065	-403.55291221919856	-381.62820049465864	-370.32087635302116	-360.4561650992524	-358.0359500741328	-356.1037251858742	-356.4652121831198	-398.328005822157	-498.8148760328737	-340.8772732118681	-1101.1231335390182	-6130.443339571473	-10034.217593625945
79000	-456.16549813501143	-447.59329791555035	-440.42479867064793	-428.17323674217073	-419.11953168812533	-397.2283338329861	-385.92737078471043	-377.0754048363726	-374.24403877365904	-370.32861478467703	-371.644997883542	-417.6575383101224	-524.6229205168901	-357.90176715944295	-1128.0401433211757	-6166.418834125828	-9925.860974980424
79000	-452.99037135846487	-444.79353967165395	-437.25321716119555	-425.790331109157	-416.04663676040695	-394.46823297113076	-383.1299526139122	-372.15050389831697	-367.6379397168357	-369.0786181810252	-363.6951021718715	-396.30032268203075	-489.1990872428191	-354.45512273900124	-1095.5242618276832	-5896.121750353462	-9583.786194846654
79000	-390.47937904972565	-382.3817396342589	-375.35609910889576	-362.29392687554014	-352.2333868601478	-331.1175364425345	-318.67790295527595	-307.79862406275345	-302.2217646240026	-304.9712706860277	-294.7313336995818	-312.9047820284171	-385.7111344955643	-290.61295008215774	-845.7592669322228	-5379.892414331767	-8974.500713245767
79000	-431.0453497381913	-423.21824213203524	-415.58789546602753	-403.66813422935286	-393.9158246426386	-372.28644074582814	-360.4777127804069	-350.70815602292294	-347.84342306943415	-346.02887850219884	-343.9555419838431	-381.66120626881036	-478.1105736771818	-331.54413211568146	-1049.3917685557055	-6107.246231705162	-9896.47487257258
79000	-417.7546667126934	-408.9701467316977	-402.55829111061115	-390.31522169739117	-380.77831605517457	-358.39825271607344	-347.1212101632122	-337.2227608699522	-334.880139807009	-333.1038138941552	-332.3441295689788	-370.8754380010707	-464.3367869088105	-318.03702104229797	-1038.2862323096874	-6185.111190810891	-10028.639372815971
79000	-405.41928459771776	-397.77409884027895	-389.8799907097004	-377.93426574170246	-368.38685998187935	-346.59955566902613	-334.227594906497	-323.37596514968925	-319.12776478204665	-320.65566656624145	-314.462204653747	-341.0118098460324	-424.6764541164675	-305.28583881485804	-930.553619715253	-5688.3592356717945	-9522.534992207678
79000	-430.8710581975365	-421.4848886512992	-414.39460389762604	-402.79753820504675	-392.6493391558603	-371.2905089235146	-359.1266266299855	-348.94111431946794	-343.68450193615337	-345.41677164339944	-337.9724363526168	-364.3586153144753	-441.5071169145802	-331.32853028910296	-995.0031759497248	-5686.973470655729	-9274.079707820769
79000	-433.0202176308142	-424.3768412291429	-416.79357995890456	-404.7064640611369	-395.30440278299864	-373.5324425536001	-360.93274116749984	-351.1203036234144	-347.62943919494694	-346.75964219388067	-342.84158603917376	-374.6109354848682	-461.7285708247893	-332.5056683084977	-1008.6831485430258	-5958.532021155073	-9628.705994584467
79000	-447.22455344963015	-438.8428108381106	-431.905103086593	-421.342612359471	-409.9559929549904	-388.35105606942267	-377.1423028092918	-367.7890050609326	-363.7259284558498	-363.4488663763937	-360.2477881592103	-397.19215056253444	-493.84484818153663	-349.9240618113615	-1099.9504639507309	-6002.069621706701	-9785.811247188944
79000	-462.53490042442485	-454.4577510771416	-447.419102120828	-435.05326388472406	-424.7728543246354	-404.1465805132686	-392.03161093928014	-382.6985038414945	-379.4715831497896	-379.0948990649741	-373.9006174423881	-409.65998892097235	-516.4273014722279	-365.2821352843799	-1100.3317372726406	-5843.33850873552	-9551.075620813363
79000	-435.0205103444733	-426.44035340130154	-420.4029445915807	-408.0000997203339	-397.7327316544591	-376.2140307575558	-365.4176999207195	-355.52755271190637	-352.6942669784687	-351.1932729909517	-348.75617360430783	-389.0299468710064	-491.7390411107204	-338.1280752150028	-1042.2385442807097	-6122.074576661118	-9886.203760471073
79000	-398.0079351295805	-390.02006097416063	-382.5771726792462	-370.566895456834	-360.45035244154286	-339.08136996002884	-326.9878440938192	-316.66834215130854	-311.89080838994914	-313.2610538435213	-307.20096025815633	-335.48814421268224	-418.6621411413887	-298.44309789941707	-931.4337979161943	-5779.65806893493	-9494.127815872922
79000	-452.0066253437303	-443.34493855004797	-435.86432228044856	-423.35592881924777	-414.30679199282775	-392.7315199530283	-381.672340404213	-372.6389656390255	-368.8917925919531	-367.63633392607807	-364.13501708236714	-404.33692972742745	-503.99957847449605	-352.9312189222032	-1098.6556565156934	-6054.534378507019	-9776.62923419516
79000	-415.5295754063608	-406.8973498457718	-400.3684436584819	-387.72140437407757	-378.1307999864932	-356.30394739221896	-345.2851424063671	-335.4875337928433	-331.65287373378646	-331.0182291579807	-327.13806110433023	-363.061382199695	-458.561329818125	-319.28050674254666	-981.2347175067116	-6045.890840817638	-9789.684397205068
79000	-451.3495023657574	-442.46281109143484	-434.93525602824894	-423.3502714963472	-413.3737863126745	-392.6373846163964	-380.4258837856904	-370.8056439244372	-367.2213504216631	-366.27480676185996	-363.58658482168926	-402.14740026728	-502.9887498035885	-352.4535312767059	-1062.162709524606	-6041.167900838777	-9872.682705348889
79000	-447.1353679902328	-437.79567051756106	-429.76630890699556	-418.35608202584103	-408.42901105062543	-387.7532400739678	-374.4541909906084	-364.2803046058383	-359.41419815917493	-361.9320663533372	-352.4345192221948	-375.36822724638563	-453.50209448665095	-345.6755483964452	-1015.0075536946773	-5570.986989719628	-9167.111306190618
79000	-412.70536856584397	-404.0968368453541	-396.6186655980362	-384.48698824614394	-374.44442561865276	-353.2894724849999	-341.4414508311508	-330.2976314506731	-325.96630541315983	-327.26113239550796	-320.07114381960525	-347.5668635155457	-428.33389900247636	-313.6680337724896	-919.1456403653974	-5786.995823305181	-9369.42876746726
79000	-435.15580340064463	-427.1695263038963	-419.52512484064965	-407.72767552476887	-397.9653003831271	-376.47199542818885	-364.3434981192734	-354.46681530381505	-349.93673199603006	-350.4795873340936	-344.5385079652644	-377.584774951121	-469.30340681391357	-337.02982165580454	-1037.8532031342104	-5824.174679937195	-9499.658613017547
79000	-465.02972381573113	-456.2880183631988	-448.5685680975086	-437.31578985610804	-427.58696907837884	-405.4683468017214	-394.9812969418196	-386.1790091169319	-384.0401163104192	-380.69411504425653	-381.68286721185973	-430.8831203951193	-543.7193325292657	-365.8556500640797	-1200.9692337005658	-6379.981511804158	-10286.139038531745
79000	-461.2363432568703	-454.12721847689664	-446.6841201606407	-434.18732075651053	-424.7603623111601	-404.0551316659124	-391.6284549091547	-380.7779112706568	-377.31017923316364	-377.51982901154173	-371.74071113076474	-405.1872619585602	-502.9946959497105	-362.3046997282394	-1130.0765021854934	-5975.273560628327	-9505.280539269736
79000	-443.1973432364582	-435.01575144324045	-427.28549400156027	-415.0780302632602	-405.2968034729372	-383.36900327139074	-371.83414645006536	-360.7658548642077	-356.29001646812225	-357.5249863726701	-350.16584052368256	-375.83622404560043	-459.18895094604596	-344.2114362233133	-1016.9672894310434	-5575.663386412649	-9013.334925412799
79000	-437.9708157469603	-428.6794433605274	-421.718235680349	-410.24204640074436	-400.9193443892512	-378.423583016881	-367.6678658949813	-357.7216310097823	-354.83684233247106	-353.7359568997815	-351.68001748914315	-391.94930516833057	-494.2090349027297	-342.1868560208359	-1024.0791447836962	-6054.611766729844	-9688.411692664557
79000	-453.1009510266493	-445.03412044670057	-437.63246190205194	-425.426533811334	-415.9845316342631	-394.0287084879205	-382.8371533568629	-372.87192623396544	-368.4099127838918	-368.4061142166177	-364.163801188575	-397.8372452366888	-490.68630584139476	-363.49023457572775	-1080.892165846452	-5934.094564617107	-9642.061650710486
79000	-439.62932855691065	-431.17205550849286	-424.0269538852827	-412.7182776983517	-402.93167175417454	-381.58261644120927	-369.7453125028444	-359.1561554710989	-356.28569172812314	-355.9984526490567	-350.0996888600673	-383.1067986671446	-492.0582427176635	-345.4237489278639	-1015.1097703610585	-5772.334030709589	-9336.614452522812
79000	-470.50478630650883	-462.33287524801807	-454.62834070157584	-442.59276277369247	-432.95631198350804	-412.0135494964528	-401.36462313057916	-392.2614572024262	-390.13716917289105	-386.46694233010203	-388.726750857563	-440.0483543348798	-555.8454825241403	-371.60225059197444	-1232.584863995678	-6388.671156793155	-10263.403544377725
79000	-462.62008266393525	-454.71882128563357	-446.7877365525666	-434.63987087872886	-425.8033086008845	-404.2520119139083	-393.7303581435085	-384.04256311208496	-381.32857688194986	-378.32194903146086	-379.8399912935172	-426.24455759660015	-546.8088168055033	-364.7516988076416	-1186.8327708072302	-6314.310147386289	-10219.513776219528
79000	-420.9540410767997	-412.5973875217159	-405.515184749513	-393.48148370837214	-383.9453072253683	-362.4017601874618	-349.708939231534	-339.58132871555483	-336.0028825514365	-336.10439219146576	-331.05434580430676	-360.6128229783792	-444.5642787156624	-321.36298231757354	-980.2335341134874	-5908.636751594478	-9690.91945617015
79000	-419.2949535490072	-410.4404680154374	-403.23670271187626	-391.2588145207586	-382.1934171193574	-360.1503059824589	-347.9076216514205	-338.1205629087204	-334.8445997478751	-333.98721304730327	-331.2561873439418	-367.0506416773631	-463.6543990437943	-320.4437003699587	-1010.0949853406431	-6094.260804906212	-9910.924016411145
79000	-447.9403985638093	-439.5399107744111	-432.6328619084422	-419.81113377818417	-410.33072699917096	-389.1000807840425	-377.90146147467823	-367.83398055642033	-364.8137560292497	-363.13305394155464	-362.5544418287938	-404.7656666216654	-507.05004666908394	-350.48755804952685	-1082.4302024195763	-6016.532085199489	-9738.51236104686
79000	-462.3309708082603	-453.51046094093215	-446.8371542984308	-434.13773662129483	-424.8451994606461	-403.7158760134107	-392.30121033006645	-382.11429675775605	-377.98292140067457	-378.3857848282044	-374.1114610412753	-410.9024933950169	-516.2207654224554	-363.06021928415583	-1125.3310758244902	-5902.4583031756165	-9530.339373857929
79000	-429.3092229739788	-421.1854005244288	-413.0468561634207	-401.18074827845237	-391.7869891061599	-370.2856958235611	-357.63129678026314	-347.43904116544763	-342.35638670828985	-344.9570034599884	-336.4237900903783	-362.8311554756024	-446.24213724746534	-330.30056846021193	-953.223760458078	-5749.133962511139	-9365.522056362339
79000	-459.73909838524503	-450.52421646301815	-443.55197029226696	-432.0869856968725	-422.2624694345486	-401.459115077272	-389.8122906319208	-379.7564105576678	-377.0306901252487	-375.04662825251484	-374.57877213630667	-414.88219330531166	-535.7055889871258	-369.84943318389276	-1157.449342242762	-6116.771948301365	-9862.732398184573
79000	-433.4206870352997	-425.20437667457304	-417.8345597638914	-405.80546287850416	-396.21188193703296	-375.1185046056492	-363.1086190504553	-353.27767176060894	-348.9940007221994	-348.58229989049875	-345.8093332563906	-381.23072373359213	-474.3354109402049	-334.02224432056715	-1041.8710882095575	-6004.348558287786	-9814.097433017403
79000	-385.6088444090309	-376.9610935553163	-370.1457585516402	-357.28637410166687	-347.6844777999973	-326.3244320177654	-313.8120209265677	-303.12994251424215	-297.9533383735708	-300.22182349460417	-291.119973296488	-312.60001329501875	-380.440536155482	-285.38748074703506	-849.0574698221558	-5460.009488111963	-9120.075608281564
79000	-441.06377680254	-431.44596928837836	-424.3540705523623	-412.68528487847016	-403.6363649302697	-381.818328287151	-370.4174519053243	-360.84805303218053	-357.69289311504264	-355.88648352029077	-352.84423700562064	-391.9041172297807	-490.00992724776813	-352.1479895554143	-1040.0381588858088	-6090.925772008195	-9891.961466900655
79000	-448.3018887668678	-439.59987448043864	-432.15298742726856	-420.3286508719864	-410.3232217662055	-389.75902424960543	-377.54976090118015	-367.7018244589059	-364.64713950612975	-362.80185706303934	-360.47173075626455	-398.01207544397715	-499.43541162800966	-352.3963888176614	-1080.5056303590313	-5942.883564277548	-9607.048551613509
79000	-427.09585651625315	-419.23699659162935	-411.76001682585746	-399.7418938770355	-389.6747702773705	-367.9256715206496	-356.64257027266757	-348.2569781298578	-344.5411776887219	-342.28495286826416	-341.2622189414317	-381.580055235717	-492.93499652765826	-328.3862775962451	-1061.862140293669	-6214.002974408774	-10170.69078426026
79000	-440.9075215634601	-432.2818996701806	-424.5274328591957	-412.25667165128016	-403.4621015588244	-381.1751990112399	-369.44830389165105	-360.2858843942993	-356.2758205970519	-355.45379468795124	-352.44458387832924	-388.73347285601454	-480.86426623330067	-340.3000590594506	-1092.8523297930333	-6109.431282513199	-9910.384923909676
79000	-425.7866853140375	-416.97778801038965	-410.62867354922713	-397.89475458009304	-387.7396122911321	-366.6120799135248	-354.8774083378234	-343.73334983460865	-339.68517635115415	-340.8618833733358	-333.05221743804026	-359.2144098226061	-440.72225586305177	-327.62471544232426	-997.8307284485159	-5800.557382327299	-9373.858917883546
79000	-420.62540709258684	-411.9499949597949	-404.73394480100086	-393.0220194179019	-383.22020584416214	-361.47431913699944	-349.4638967832279	-340.2137362506203	-336.66173135013594	-335.7973176858019	-334.1402338865755	-373.84199340418826	-479.9988952914502	-322.78493725283994	-1034.0140832355994	-6157.221927536653	-10092.855517317987
79000	-436.84144096882926	-428.43835813864735	-421.514958182012	-409.2998821536685	-399.86290952390345	-377.6375074910427	-366.3368280787597	-356.2516249790238	-353.19298153234007	-352.8249809918936	-346.3756503449203	-377.94849508837177	-470.2078995799019	-341.0361878521408	-1006.1389101910487	-5759.645356406799	-9338.962047706438
79000	-434.07758230471467	-426.70171847480566	-419.0279578100222	-407.0902074533169	-397.1792579729852	-375.64967714107564	-363.9920899720729	-353.52304148799726	-348.838253379748	-349.32720834254934	-344.5415497898458	-375.2725778380461	-463.54703466228096	-334.3944406137831	-1027.6536196195618	-5913.452509137677	-9502.225232064222
79000	-462.4049117154142	-454.8170070356656	-447.5340485245088	-434.8951581606085	-426.098988119437	-404.41182457650905	-393.2622230460078	-384.44908496300883	-380.86511267877455	-378.83954677012713	-379.01661042945375	-422.5661976982681	-537.6098930792868	-369.23265984404145	-1184.0651227993121	-6270.346436157446	-10103.526964891622
79000	-465.3169396836812	-457.5624116235824	-450.44651511138187	-438.7696561041423	-428.44044560202553	-406.8634681994662	-396.2581855644881	-386.38958583755453	-383.5486033658287	-381.7132427271003	-380.86207253084865	-426.41486799908716	-532.9190868327416	-368.7669282271235	-1154.2008134627897	-6305.523493977906	-10156.76967025293
79000	-448.0861787228805	-439.2476925517588	-432.18407531903216	-421.13199708749994	-410.6274598636802	-389.71352046314416	-377.75288880776395	-367.5919594648872	-363.64371337553376	-364.2599064669228	-357.93273347659203	-392.262170217685	-499.23694393386126	-355.3328592093374	-1058.7701852570183	-5795.685900254862	-9497.896958352392
79000	-429.07707584003873	-421.74570913839483	-414.1430138988482	-401.79181361399174	-392.02710961210994	-371.05091238201356	-358.4354827439156	-348.9812843712738	-344.23960265738214	-344.71362026579146	-339.31658559649287	-370.08833861257267	-459.4879787017303	-331.0994969487915	-1019.5027566910827	-5925.072986502443	-9656.964811362208
79000	-414.0167942927393	-406.18194683763966	-399.1278647769847	-386.7806951941875	-376.772333900624	-356.1096710573254	-343.76104871043026	-333.6218430569014	-330.6255388253356	-329.54807171192357	-325.5026912349788	-357.10768087646875	-451.57202653168986	-318.4085778513793	-938.1013190837535	-5710.0295299341	-9513.834524066018
79000	-442.1252897867316	-433.75615514163195	-426.684277767403	-414.17907730821776	-404.3715083772069	-383.1049073143837	-371.21996143185953	-360.5316305866023	-356.48879357495866	-356.6334104075068	-352.24112545231907	-382.17266837078387	-472.56509409809246	-341.98239207248383	-1085.857141552546	-5674.907638971914	-9410.205679903354
79000	-472.7801094091193	-464.23541923464353	-457.1138516129677	-444.91774515001	-435.42914620552943	-413.4515875414568	-402.1760669925285	-392.9959215314923	-389.82702231532795	-388.4321767579352	-387.8976084473068	-430.5981300229858	-547.1221199267898	-374.829169756791	-1180.1395708844402	-6310.821365038935	-9922.653110017896
79000	-440.1294392011822	-431.0867063675168	-423.8386289240819	-411.90132872568915	-402.21423186110593	-380.6717910289293	-368.85936551111337	-358.9749939374571	-354.58882725777664	-354.9814571014873	-349.85353467698906	-378.6840726150994	-466.34471786487825	-341.36373789412136	-997.6038075051025	-5774.2648943438535	-9303.71432898829
79000	-442.0039799531912	-433.61321087590255	-426.01789580505925	-414.4142200889354	-404.5623533711615	-382.85950719782966	-371.7965910705711	-361.63030855412427	-357.9237380889841	-357.25620175776055	-354.7565298307009	-391.49326280435963	-487.5824016845565	-344.4819164504003	-1083.2502161863795	-6190.537063992936	-9952.165688856936
79000	-433.8193585795131	-425.79063766222214	-418.4920263362715	-406.5144664973668	-397.5772149746995	-375.27726923928253	-364.0088495027381	-354.3120325296443	-351.55149436984635	-349.5849503010657	-348.61758986303437	-388.8654847154503	-490.1711368611794	-337.28091158836384	-1075.445796445614	-6027.923436949053	-9870.30207063452
79000	-441.43546452757795	-431.71559538892205	-425.6153735600596	-413.38306324504765	-403.8441470586407	-382.132273980608	-370.64254246106236	-361.41311500229466	-358.99289686764985	-356.2345759391217	-356.59068855775644	-401.74855363466764	-511.5857042833544	-343.42570909124584	-1091.5530837273548	-6202.74701767072	-10200.833731960633
79000	-438.30626358933046	-429.8535162283257	-422.6707347500391	-410.3839845401709	-400.4968173702322	-379.43570882405487	-367.2223270594914	-357.3053164691114	-351.4804357430623	-352.3698734225216	-346.52967944361757	-375.062611800358	-463.052053198518	-338.06848779568196	-1045.7131297947112	-5538.059843146818	-9160.098986935871
79000	-410.0167388214343	-401.5718968896767	-394.1533299307143	-382.29401555860375	-372.0972670299543	-350.6724450905786	-338.3738696359978	-326.228260132113	-321.2961032174177	-324.4333599142344	-313.3969754798953	-330.310440093458	-401.03592634507015	-309.41167879838497	-894.766322497962	-5510.753379132251	-9111.175202182152
79000	-409.3132210498936	-400.268107183752	-392.881861546215	-381.56135616213317	-371.80445546750707	-350.10467224894046	-337.9111815536977	-326.7496331879038	-322.48038589980445	-324.53154753240074	-316.59150356019245	-344.0660300835765	-429.737137831932	-310.7647250646059	-923.8854393859115	-5750.364518586383	-9458.544617749621
79000	-485.21666323207023	-475.6582185357258	-469.7762906405656	-457.47394953335754	-447.4232545521426	-426.26551916337195	-416.1254896475741	-405.85979849770945	-403.77171322548327	-400.6885983223805	-402.3033967264011	-454.2641118651489	-578.9337089936704	-389.3963964509522	-1232.057535573552	-6466.762824296429	-10245.958338452438
79000	-412.7542807744576	-404.2060243877118	-397.42557040949106	-384.6966987237238	-375.0107474323068	-353.4501253513669	-340.4302792951615	-329.8019364453179	-325.0752162391145	-327.3316428220816	-318.18745327293624	-338.82960894458336	-409.885250682547	-312.7772335148567	-902.1260443587157	-5645.940877186878	-9259.26367252421
79000	-469.93666467613684	-461.6053062703686	-454.7375662663015	-442.80412485211275	-432.25088871754076	-410.48120687556195	-400.0731001654111	-390.0010885052055	-386.0975721296484	-385.63366275462846	-382.34377519208135	-419.81708321915517	-518.2816915111035	-369.2121886505599	-1178.5429157422034	-6208.044555992423	-9938.034745164125
79000	-446.2288864152186	-439.0315415703975	-430.92566294507384	-419.30296655258405	-409.1189773023759	-387.52672115615496	-376.04721395439844	-365.6480367966456	-360.5541723952806	-361.9397663151011	-354.35083076659146	-382.58318228274754	-473.1884725988617	-359.5469061143443	-996.7508072260938	-5793.3819132842455	-9275.333416507623
79000	-458.5950297174454	-451.33917878150595	-444.0666692473571	-431.603447517536	-422.9291907725416	-401.4358713782275	-389.08441544518826	-378.7613278444145	-376.17515675571974	-375.18301773764546	-370.7768371920274	-406.27584038105437	-502.50002401298275	-362.7551378807003	-1073.6198704733074	-5891.053852644627	-9660.21841195385
79000	-441.5438212845242	-432.1209639820981	-425.9351278792755	-413.4368874644896	-403.1870581035678	-381.84931075206083	-370.91950382930696	-360.31102081942004	-357.8191849102623	-355.8838466805775	-354.8611082520807	-393.3393361299379	-489.76117593459225	-341.09891381918334	-1080.847131882524	-6176.428171693293	-9932.946570850367
79000	-456.7640881010739	-447.71825548846584	-441.05754827112133	-428.86171321456584	-418.685101198681	-397.34305135722366	-386.24492730527413	-376.13285525265644	-372.74830342551417	-371.87394964920526	-369.08981814481524	-406.7288324000907	-508.3862866767798	-357.27757132316117	-1122.2687744741697	-6007.961497713222	-9600.957514357251
79000	-414.8571084582802	-406.73731193139827	-399.5019335609273	-386.741444179577	-377.4036422739478	-355.8643283841968	-343.4667111036614	-332.47940706643925	-327.8089447254677	-329.7763095764364	-321.9242116149509	-346.921867782255	-423.587493465689	-315.14147069984404	-963.7597711831421	-5552.079612869553	-9207.124049049524
79000	-432.24471185863393	-423.28777592667024	-416.6411368974454	-404.3079741054173	-394.59042261150137	-373.1551422968048	-361.42053229046485	-351.4198574806332	-347.7016659617393	-346.8613314965412	-343.8849106215059	-381.41976846359023	-475.18693578995754	-332.0704482329833	-1077.3264400606217	-5975.644760822432	-9744.051104794235
79000	-462.8053873395841	-454.1194030830484	-446.99799634827326	-435.4269345069688	-425.53145467373326	-403.88180691154895	-392.34445518351873	-382.36233727198805	-378.5661429981239	-377.9571550523	-372.3443731956673	-404.7594589759282	-496.2697750723001	-366.3092321453473	-1095.8058866755593	-5903.7605752750815	-9358.943902800873
79000	-452.24575002140807	-443.00668489605704	-436.13343237699877	-423.9076542954383	-414.4256580262548	-392.7502638133676	-381.29745970412944	-370.15509713713243	-366.28583241378686	-367.0986446790164	-362.31747945754654	-395.0322164298572	-489.8900164789517	-355.240327939554	-1059.8347247146874	-5859.452917770249	-9477.003627052292
79000	-410.70472102515487	-402.8358394543925	-395.4575957854352	-383.5192212078264	-373.08616965943776	-351.7972402920836	-339.2190426925523	-328.050577400542	-323.2987429651899	-325.4642132437657	-316.4368262992075	-338.19541667619376	-413.4479067996971	-310.68599391924755	-947.7770289372527	-5465.980565445898	-8970.088013065844
79000	-437.97046357232324	-429.45539661917513	-423.3593606189232	-410.48741660878886	-400.6385630693015	-378.9956918154087	-367.5834410740576	-357.42995985407515	-353.6809754904128	-352.9631013369386	-349.74466849486794	-384.0611257174337	-479.3563875196647	-338.71430130342196	-1067.293517979876	-6087.204994354802	-9754.536206234938
79000	-434.9525117550149	-426.53897125087326	-419.2190567144531	-407.7890113191511	-397.8836592421975	-376.19401360666757	-364.2544976922236	-355.41109214278333	-351.7751715665429	-350.0603692879091	-347.4675680887564	-383.03039042163755	-484.97459944530254	-336.1052099391248	-1059.3582091013284	-6090.318961003169	-9801.060103526781
79000	-422.2798167722301	-413.4665674621425	-406.49342848273074	-394.58656541446385	-384.9280889860956	-363.34019280238954	-351.4650193384018	-342.06355162627926	-339.04144051155015	-337.5369920978935	-334.7460417713622	-373.2361505084224	-469.8318014248299	-324.9113275120038	-1003.1538901549453	-6093.859665636511	-9923.891035997618
79000	-456.5181454855752	-448.47588213840476	-440.7661784499995	-429.11894515252743	-418.95480931513185	-398.2005523074115	-385.69343024498136	-374.79229190236964	-369.96470576121317	-371.5515065933762	-364.6743307939821	-391.0129422141951	-478.7260191501946	-355.9374886544765	-1069.4708057958385	-5973.809948823071	-9665.153828355995
79000	-422.392770489152	-414.32762414803733	-406.7579445554772	-395.13719357486195	-384.6348890853666	-363.474308203704	-351.5916342965433	-341.77324554876685	-337.2340186349813	-338.18304948378307	-331.4124832405786	-360.69276952884013	-447.1640259992192	-322.9505285286885	-994.3839114066857	-5917.081013642548	-9618.768363650865
79000	-472.2410436685022	-462.8994037055254	-455.7251170843044	-444.55062341450207	-434.84695236048094	-412.76222405980764	-401.4500007961258	-392.15710585977695	-389.27712298436734	-387.82548353962085	-386.93918813205505	-430.50827119246327	-539.6413192073607	-375.5728431874008	-1175.4744372611908	-6136.036448188954	-9936.797825827496
79000	-446.492321346156	-437.1328313184207	-430.25393232807363	-417.9468149003111	-408.27102400598255	-387.4913065214705	-375.6055875160543	-366.4142190628787	-363.16820759806586	-361.4384532200427	-360.4961150188849	-400.55794543449275	-503.41795080165946	-347.1293261712072	-1115.2467960575761	-6108.196391232044	-9992.757553714073
79000	-429.52106234043237	-421.16155063588	-414.27367491750323	-402.18723074431296	-392.13715287673165	-371.3069907709573	-359.3063960992357	-348.6695588334984	-344.3887982952495	-345.2954415029704	-340.25403112104055	-371.2607551695167	-466.5107259255755	-330.50500117821747	-1034.0616730368893	-5863.387317475708	-9651.553549083581
79000	-412.2077786657316	-403.5154809802124	-396.1371673432124	-384.3608988222627	-373.9013748647381	-353.1578869840725	-341.1653277263732	-330.4720470481864	-327.42561786786047	-326.97099722182463	-323.60515867361124	-355.2995625440247	-445.4272251081478	-312.5700929005023	-970.3722193914512	-6045.294461502754	-9763.655628029397
79000	-436.2062758987361	-427.6739472025443	-420.18874129982675	-408.531310903021	-397.72892600072646	-377.1902234549319	-365.37074276590425	-355.4489394882587	-351.36037328142197	-351.2287147672332	-346.0240968487906	-379.2407821068284	-468.5219147829187	-338.5495549967235	-1014.8141497668527	-5763.938383548937	-9388.009927248473
79000	-428.37005726357637	-420.2780646579219	-413.45950830030944	-401.0587452087383	-391.4830961807988	-369.9320019524872	-357.45889507433384	-347.96439970809365	-343.772797122095	-343.5253954074196	-338.9193461946674	-369.12712335497406	-465.02885445687104	-335.05026127238307	-955.3113828730249	-5826.832548012689	-9527.577218649301
79000	-427.8205877712607	-419.64463659160356	-412.9223414081394	-400.1905982420768	-391.18621116533734	-369.1734303215937	-357.9730387965459	-347.2416337790401	-343.1864432804338	-343.5301932317878	-338.43473711483796	-371.6632830586445	-476.38187431124993	-331.17790738928494	-1024.4645547740488	-5706.842629229289	-9479.148538688301
79000	-440.8995668249647	-432.41920303427605	-425.04869584554064	-413.04720190188743	-403.7218630882347	-382.05622827412003	-370.73308071617487	-361.9016574276014	-359.05145783450814	-356.6482501078919	-357.13521863418543	-403.8114219629509	-520.1709923207871	-346.41294033870867	-1132.553382749292	-6162.576155729018	-10088.529923759854
79000	-441.20403207269624	-432.9340913556444	-425.7227511806761	-413.5143577890186	-404.40533740478077	-382.0842490006106	-371.1325232548621	-360.7543160628885	-357.2412115719819	-356.0254712556004	-352.363147674579	-386.930968008069	-479.2898148063679	-342.10084949362704	-1057.885961682991	-6053.906088979803	-9776.888890833385
79000	-465.2467878404388	-457.50614305458527	-449.61135871638356	-437.914414395363	-428.2397177002457	-406.50409538051736	-395.80778000099616	-386.0137118260341	-382.4779640393911	-381.8072857090397	-379.7182792610814	-420.9011187725282	-535.3682338605502	-366.8066913534515	-1189.00613543001	-6012.964949157976	-9704.338340039541
79000	-430.1902400456304	-422.462261225363	-414.6228720494092	-402.44760391302464	-392.68582525063084	-370.76269431820845	-359.1895638543389	-348.03537504914004	-343.7479776150052	-345.33071190170733	-337.264165915658	-363.13560739097363	-446.5472275846182	-330.92358952905295	-997.7772285400258	-5705.1611375398215	-9373.7932904716
79000	-433.7200560831261	-425.90070699202295	-417.99608532755843	-406.6721347313131	-397.0359253657228	-374.74711808883706	-363.43064122675673	-354.4843947308667	-350.1966483380616	-349.67052488796446	-346.24995636173486	-383.04165822325	-475.17770755466057	-336.974873351854	-1044.753470924135	-5945.404188745984	-9801.833627700184
79000	-401.5685318413827	-392.6250116849981	-385.9273685957125	-373.2432794337632	-364.172947976811	-342.1935637619506	-330.39884036152495	-319.39529454764335	-315.4891022661087	-315.737439288387	-311.4787211787473	-340.1799690025904	-420.28021006088863	-301.31385117629065	-940.7340875729649	-5903.5705787922925	-9575.615037127916
79000	-481.5845058636519	-472.86384034536536	-465.80607657307627	-454.1795713416411	-444.0830593298278	-422.96212186800096	-412.3495950566026	-402.39478257828546	-399.02837652712867	-397.5911599564128	-396.27136829303237	-441.1129992546017	-557.3440269416366	-384.5676999484367	-1211.9933572441767	-6057.91068825667	-9755.463263068885
79000	-416.0266222614748	-407.5805670106503	-400.2326966781116	-388.6078601558162	-378.6756268156156	-356.5392461091285	-345.3663456163201	-335.2772658851903	-330.92853278257854	-331.4631849502169	-326.0798276992724	-358.21244499138294	-445.423210484558	-318.67295140000937	-984.7126807762579	-5801.43106321632	-9577.001820895679
79000	-427.29733891551723	-418.7681578789633	-411.3982437927726	-399.7087167109768	-389.5926482974013	-368.3908293012862	-356.3666699413451	-346.39221257572626	-342.459125961994	-342.7795000026307	-338.58656445335066	-371.5521960861186	-464.5867350567121	-328.0037756827564	-1024.8933699143838	-5887.637159491069	-9567.68402605445
79000	-403.95176045233393	-395.08525045511203	-387.91037616020975	-376.2104862493562	-365.86282982773423	-344.6954208987369	-332.0526655372648	-322.02612083684977	-317.351660645365	-318.4198691941243	-311.95568632993155	-338.0954932104497	-416.08899037003556	-304.35179961654467	-903.2606349319727	-5943.185470325274	-9713.923028902625
79000	-405.7901728662362	-397.45793048666764	-390.0116659208855	-377.78404258570083	-368.93567686676903	-346.5360938736478	-335.36920245959584	-325.12694461747594	-320.850872661248	-320.7265126363512	-316.07376955671685	-348.60074164756907	-431.4203058124401	-305.705121283347	-972.3408836607257	-5784.434504116854	-9610.84207178314
79000	-442.73715026225574	-433.72745690227083	-426.72752264458705	-414.5428742030797	-404.7353631809743	-383.6745008156008	-372.49000616126654	-362.20800038662776	-358.270345291695	-357.22298149475336	-354.14799639073055	-392.7583703449253	-487.1858142974615	-342.6369512470349	-1103.927866417196	-6080.987666930347	-9869.276969446415
79000	-431.4148968566262	-422.93835357567497	-415.6713035998168	-403.54353522051827	-393.9501592761967	-373.0023593684989	-360.6236590874464	-350.06835576843514	-345.1176862064008	-346.7640692162301	-338.372612282924	-365.12356383266336	-450.4220060469704	-333.7560626161037	-988.3686027554827	-5652.931829064641	-9163.93428619908
79000	-432.6160890849252	-424.25354136735615	-416.75946909158057	-404.61354526188006	-394.9741254742931	-374.0077109447308	-361.5634240035347	-351.58503303856486	-347.8782303915378	-347.5088474443755	-343.8293085925376	-378.88684330092013	-469.21090093317605	-335.1832584100703	-1008.123596170394	-6004.146053097564	-9724.871661560843
79000	-427.4792279146513	-419.0901249863648	-411.43403307693353	-399.94101986467297	-389.78920643074605	-369.246616571488	-357.30997832147756	-346.7128217249959	-342.18769780140275	-342.55741777860356	-336.8445514499955	-366.39484753457134	-456.61740727104586	-328.4717164942491	-978.9441889837049	-5720.00105696642	-9334.318599750077
79000	-394.52089242496385	-385.8813516664514	-378.5640397525064	-366.7684759239596	-356.42362148539877	-334.8387236640201	-323.1836822868808	-312.1190911136659	-307.74503892402794	-309.42853235741575	-301.6325401317114	-324.80503815909043	-402.91315420749385	-295.8464008817447	-878.0961862499865	-5571.10521547792	-9321.955916307239
79000	-417.031273329452	-407.5312749899879	-400.769393902534	-388.77831953422265	-379.17724841323377	-357.8750109838897	-345.46307962849306	-335.0127605099235	-330.1283197397561	-331.50304797675193	-325.64066364333513	-355.5695053052507	-441.4347312073416	-319.75340010710744	-946.0129372577295	-5763.764496083297	-9531.224522896167
79000	-438.4936044466735	-430.26586327963463	-422.8001859094874	-410.47745528079327	-401.3128995295279	-379.68234964112645	-367.5061222605196	-357.50092044080054	-353.61299775980564	-353.3110594308325	-350.2759143531975	-384.95129463559834	-475.87392458790544	-339.08739584929833	-1069.0130976729922	-5946.603434322392	-9723.82711400044
79000	-423.64761334106504	-415.47851893325895	-407.95070755802584	-395.8946862652624	-386.21603628796737	-364.5243814492842	-352.34886786687974	-342.50892557135205	-338.55495813247734	-338.66057265904595	-332.6188022967214	-362.93185096975805	-447.0922823131768	-323.9886139421218	-998.1206678382545	-5618.532868331937	-9381.312559644233
79000	-463.20201441231626	-454.94437779906116	-447.780975241861	-436.15182577514304	-425.7580640854965	-404.49261279768166	-393.77921790494474	-383.57803370078244	-380.78273040400467	-378.6699151509833	-377.97170038693946	-421.24979531130367	-536.6263806920872	-367.92866852522286	-1131.8312427716558	-6207.089979665068	-10009.957550026573
79000	-402.7880910262518	-394.2869456604938	-387.29575289994585	-374.38706429941055	-365.4940310531762	-343.32350512961284	-331.5716576936915	-321.72759532576833	-317.7243280251369	-317.79654302469027	-311.8533651708236	-340.62099478496026	-425.4624688333861	-305.1507503212958	-927.1467617445996	-5727.461142666893	-9518.096823127733
79000	-451.6037418951128	-443.53214796472827	-436.07664898312754	-424.3040517724954	-415.02252720142775	-392.98303617527927	-381.2391227628537	-372.92640248014794	-368.5392967830214	-366.98406356299375	-365.66082525492664	-407.17330228802246	-502.13188521395404	-351.5672363181817	-1136.7626656794232	-6093.749970942465	-9941.81008240845
79000	-390.99501228172716	-382.5487080596296	-375.89179296417916	-363.3631136051956	-352.6290698265464	-332.4671413064855	-319.9379178333274	-309.8280511327137	-305.97105468973956	-305.6570024420772	-301.51589083203004	-332.54451252322104	-422.4630704483553	-292.77784675907964	-932.8418191502107	-5958.126232919306	-9742.5924325677
79000	-403.67674098553783	-395.69385076980774	-388.257366223459	-376.3156332324537	-366.52500117193006	-345.16987315774196	-332.64208919034104	-322.5196214166045	-316.61687551140113	-319.5865616782457	-310.8508033750336	-334.244129556393	-414.36999121092305	-306.07091144295	-896.8201027384276	-5559.421045689322	-9171.171412644335
79000	-412.3302171773639	-403.57798056444653	-396.5244307107794	-384.2496907319662	-374.40126306712904	-353.04316749936436	-340.2351767485569	-329.66949099264923	-325.0421793987154	-327.28637128832736	-317.9581117238705	-340.1273297739516	-416.0668840766292	-311.7615700999184	-941.4951184170167	-5549.99629898267	-9255.841084087315
79000	-422.6976994034851	-413.75010846330156	-406.72992023101204	-394.5470061890163	-384.45941809587714	-362.8886192807392	-351.7773628891561	-341.4804543433229	-338.031516415285	-337.24188162723027	-333.5669687844483	-367.22315877543434	-453.3515212939856	-324.194168314959	-985.3604162635178	-6008.807746484512	-9701.440747184677
79000	-432.61449079980633	-424.33746226830544	-417.49770344458926	-405.5121035643664	-394.9702518318888	-373.87344311870584	-361.900836510074	-351.9498611285332	-347.36884245290776	-347.61278482407505	-343.1179015073242	-376.0698717607845	-463.0492412379976	-332.3707159976295	-1034.101286315675	-6019.314628430271	-9707.38405257927
79000	-452.73524996560644	-444.41231433430755	-437.7230511521814	-426.31463270315305	-415.8884980227454	-394.2150763720913	-382.69952880298126	-374.24154894895184	-370.87025168730474	-369.3188983756539	-369.2352056408394	-411.8376472246693	-523.5237881852496	-357.572687127997	-1099.7694776875505	-6240.818051551963	-10072.14766398682
79000	-458.1055942367129	-450.0547004827986	-442.759212446185	-430.87012241651075	-421.17934590443787	-399.4084566052464	-388.4258364031386	-377.7793275063842	-374.0101627002611	-374.38496615996866	-369.2419453035778	-407.2007215347102	-501.4359649788305	-363.620729190413	-1113.8680301110385	-5981.695833542535	-9572.246413198585
79000	-434.0917322805459	-425.1728247375654	-417.65250436985053	-406.3227463035719	-396.2047573685785	-374.9677013500809	-362.3183657609765	-351.40589825279017	-348.48731563460535	-348.5299441874159	-341.96452174390885	-371.11467730277866	-453.6935000868247	-334.8808102734303	-1012.3460041328841	-5775.585261748073	-9305.064738134422
79000	-410.3622517862824	-401.9154621246713	-394.93583657853304	-382.3443801177244	-372.6774002832979	-350.92909356131025	-338.7868148164724	-328.33333781577323	-325.13647413170617	-325.3412172310473	-320.7951060796962	-352.83094250264367	-435.863751915633	-309.7585072170397	-983.7859853110582	-5908.989520311986	-9708.517595387113
79000	-403.4151573655521	-395.21047041088804	-388.0821590095721	-375.68419952508987	-366.25340113803395	-344.22652866557746	-331.9356728439894	-320.60238143386357	-315.3198990403018	-317.78990155397486	-308.74424535184124	-328.6540709885048	-401.4372451745905	-305.7116667691052	-878.7780364039013	-5442.8828053105035	-9067.755865331854
79000	-456.77132838683315	-448.5431023344192	-441.1673724606666	-429.73761944934984	-419.59547087276803	-398.0784677513027	-386.47489012371267	-377.8388303400043	-374.3913837774404	-372.3141381950895	-372.4932637072651	-416.0166532036326	-523.1334376937218	-357.21416738522777	-1173.5701424211652	-6301.401347547087	-10187.86786945323
79000	-433.6982406027678	-424.94163736140007	-418.01109010008685	-405.56041364300665	-395.95185411127943	-374.618746500372	-363.0134450746951	-352.80731317732454	-349.39436501917504	-349.1233804130114	-346.4503804509941	-385.3318865325536	-476.6885320255736	-332.73924560683224	-1067.2197567317378	-6187.962500399792	-10039.63682812301
79000	-441.2154472429081	-432.6492370874201	-425.2282168404925	-413.03026022355857	-403.93832462451365	-382.09179147884873	-370.43825770930306	-361.5070513136726	-357.0890491568751	-356.8479236509956	-353.85540074247535	-390.85655203381754	-485.6210577044599	-341.79598395255925	-1082.540023207934	-6029.599803218105	-9848.159620822309
79000	-458.0680250512937	-449.2869973262322	-442.7856215225135	-430.9692812062002	-419.84064417661943	-399.50739571843417	-387.345313305745	-377.85406339078236	-374.64323204497134	-373.3842176653548	-369.16734112463894	-404.9336027427264	-504.8610704337697	-359.9251913267718	-1102.720132442095	-6021.423208085716	-9534.728898809004
79000	-451.6725053560797	-443.4046269642665	-436.1260710392682	-423.8900830094609	-414.06084533191165	-393.7358666423832	-381.1896191405512	-370.36505468831433	-366.22189948386244	-367.54877232366874	-360.5772288291436	-389.56838154192894	-486.52780917182554	-353.9777231718061	-1013.5434243616459	-5735.760325569123	-9284.404248899358
79000	-457.0486693238995	-448.02436712988975	-440.995835101895	-429.2590652093181	-419.79576108093954	-398.95369532625074	-387.1452104286074	-376.94057727102495	-373.7726296898986	-372.47590770488097	-368.75081977053463	-408.52989996164104	-508.6868398607596	-359.146324554522	-1123.9237364878702	-5985.165623255234	-9660.466815690024
79000	-432.75678634611756	-424.12874004967176	-417.42690071087833	-405.2488740961312	-395.1250760313501	-373.34117693066065	-361.6233784898207	-352.9531959919522	-348.9566618384117	-347.66666242442096	-345.9553757502939	-384.22742196176586	-484.213969556347	-332.75394485115123	-1075.1634593087906	-6155.450747100616	-10067.28189206775
79000	-399.51891769258424	-390.32019258010075	-383.5040347794383	-371.1550709649823	-361.35007601959893	-340.0340307122367	-328.1824666588501	-316.6349899207102	-312.92413851564373	-314.124562161041	-307.31966509631553	-334.33062907678703	-415.5868539244665	-299.10408051390783	-914.1611174799923	-5714.283564020652	-9525.843826809818
79000	-433.2748685975501	-424.9865105065651	-418.27693240560217	-405.29945237914274	-395.866299246517	-373.98078052629216	-362.06167996962563	-352.63699287405717	-348.2592722558455	-348.1453453086421	-343.16760162389727	-373.046144277991	-469.1065168685342	-334.0733097706812	-1000.8127611483916	-5823.665707855845	-9475.924168307596
79000	-409.9441784017824	-401.6280055607753	-394.85297313488337	-381.20711558513585	-372.1718262376741	-350.5023339373337	-339.16525998205066	-329.1802059221576	-324.5229995432193	-325.6359738844858	-320.93603099183974	-353.4856276164718	-444.67389932320805	-311.0206100319355	-955.0573004288038	-5857.977402957	-9612.915197245055
79000	-448.98440443074963	-440.22907810195164	-433.3411495110634	-420.81664226172416	-412.04028180348087	-389.5869476144413	-378.54409074373643	-368.4535658478895	-364.5973689291523	-363.7787254968092	-359.91674994572446	-393.6071998377323	-486.461395672747	-349.74301266665105	-1091.3021119016084	-6007.769126016794	-9753.037263645465
79000	-384.25277866857016	-375.44239242806196	-368.0319085968493	-355.7696977381968	-346.23207971917554	-324.38441571491234	-312.53730242416276	-302.0474122184165	-297.4449829585811	-298.55959929924734	-293.3738077107501	-321.29305084842673	-399.24203871994644	-283.91823644669057	-869.5952010538882	-5724.526857382146	-9517.273058504472
79000	-443.10787214439074	-434.69943862800545	-428.3740193012472	-416.0342939489418	-405.86133697811005	-385.03283473526375	-372.52180483540394	-363.4132055267033	-359.4085090799131	-357.992389051159	-355.9651776741371	-393.4357862984889	-489.2526200835818	-343.03981545094126	-1107.4364514227548	-6003.932228140977	-9762.212598425374
79000	-414.63905503010966	-406.4667837941247	-399.0709768167562	-387.3878465990907	-377.0325452788586	-355.5882223473047	-343.1599364178121	-332.80372152964185	-329.2071696094776	-329.8578077527574	-322.99567662861415	-350.90768106516333	-426.7334982602293	-314.334872573487	-961.0359203237124	-5886.392880924866	-9593.054224576279
79000	-396.918286613151	-389.4292265502835	-381.98164547547657	-369.0735829053531	-359.6618520780826	-338.057439706046	-325.7670609751665	-315.82027287724543	-311.4326009398075	-311.62295862919666	-306.05955225713143	-335.6894213446147	-415.4473249822656	-297.07486856121574	-930.7798880503261	-5846.402713797477	-9694.948098719578
79000	-446.7650048527889	-438.34420164329515	-431.5524933368286	-419.1247779036793	-409.8247382438436	-388.2919002347852	-376.92759855848783	-367.8870779583998	-364.19394044475945	-363.24170859172074	-361.1154279879989	-399.69041128460213	-509.1170423759333	-353.94958693611153	-1075.254043990734	-5939.050902559423	-9600.94743399963
79000	-419.4015601226972	-410.41074754876337	-403.50487290195343	-391.36535428101377	-381.495397144925	-359.8084614275268	-348.03001292720097	-337.9392269681014	-334.50087594871434	-334.66070559117725	-330.0302653012319	-365.5342686223784	-459.40054016970413	-320.36521523750105	-998.2646419433974	-5862.797948546603	-9827.942119170306
79000	-417.53348940947956	-408.7393935229609	-401.6954659622434	-389.72415804352806	-379.86132965891375	-357.93820671842514	-345.8436265150281	-334.697096300833	-330.0799097739074	-332.28365179449224	-322.2265487101947	-344.2195654519634	-418.74675939500514	-318.7576367195936	-963.8520442712883	-5555.049423459743	-9187.515286107773
79000	-442.16981146755904	-433.4875622640894	-426.4578435179448	-413.57740408326674	-403.9784495299831	-382.81378984937356	-370.3127152317068	-359.50774420036015	-355.91461439635776	-357.60016970071945	-349.82956231141696	-377.2750650171923	-460.52583425240726	-344.1771428318514	-1021.6766802640964	-5746.733131895684	-9417.815959612151
79000	-466.90433851693115	-458.04961345245687	-451.12935255996985	-439.0287916194658	-429.13785240282033	-408.7326210651423	-397.5856421662502	-387.7086401756966	-385.5090030409458	-382.8211795447958	-383.2328671693828	-428.67441300333513	-552.9649593656491	-372.9205825384172	-1122.6833538887379	-5978.116952457241	-9689.902828613169
79000	-408.7324372329242	-401.012939967632	-393.4562190534958	-381.29593436662515	-371.57867897489126	-349.580406647235	-338.1443271065278	-326.9697995783251	-323.2761544977259	-324.1792657965225	-319.48111845289225	-349.2386505969185	-429.6423524148136	-309.3858310720314	-977.1440121953852	-5750.479141469772	-9413.286648809062
79000	-421.2914190190159	-412.77835872725353	-405.3728447811032	-393.8149217135882	-384.19074305308436	-362.0330765252561	-350.15988736010684	-340.48240508112616	-337.35725063920415	-335.94822077490676	-332.93892393650214	-367.9983934711248	-457.95019692776117	-321.19893505988273	-1004.5975783632408	-6288.138858850547	-10046.613467710078
79000	-456.6685701826237	-448.305320215057	-441.7101725968567	-429.0178416498658	-419.2035916367536	-397.0622411677115	-386.6740682273185	-376.55523228172854	-374.0676734208209	-371.73939076518644	-370.6869227000029	-410.4690157548774	-513.8336453353123	-357.1456000562824	-1159.9299332245637	-6273.234280203969	-10015.103071087206
79000	-380.1961533900868	-371.5280678574742	-364.74346072563486	-352.637500035701	-342.72873957303847	-320.7998092184402	-308.86640758041943	-298.1006645201376	-293.7072738815039	-294.6095281082809	-287.4553252154011	-312.61557604159105	-382.47906692899863	-281.53490743431485	-850.1527442460024	-5671.431170194108	-9284.197135641985
79000	-455.5547986396729	-447.35984340536135	-440.38514095020895	-428.5435118364659	-418.79789061801716	-397.0417916149837	-385.64227208641825	-375.45725179607354	-371.900378021203	-371.57799731312525	-368.3572481844272	-405.5851591073343	-511.17363089328734	-359.2920004843346	-1114.6056832475342	-5885.657460827138	-9553.09863710327
79000	-453.07658342747294	-444.62495394962366	-437.8065855829911	-425.6198351675779	-416.35872243045736	-394.27205673822607	-382.84935247682836	-374.0385032627755	-370.40845557998756	-369.4026443899282	-367.3714104848783	-409.73467828863704	-517.6904332994288	-358.46894230178685	-1117.2628180265574	-6066.881927911309	-9898.167700444039
79000	-452.68576438718776	-443.8958208554798	-437.20126491311186	-425.0236079979252	-414.40474711822225	-394.00038870975783	-382.21546475770555	-371.85245766541766	-368.10323274902	-367.6368257141791	-363.9496760439058	-400.6309269129034	-501.41761212437655	-354.02137860951433	-1114.5589894348166	-6035.994806561317	-9791.188922115674
79000	-452.99219667357505	-444.55616822229484	-437.1902732919106	-425.0050310592645	-415.1808825568642	-393.7955809079205	-382.1519139542188	-371.56242751066435	-368.75670301550605	-368.2527497273891	-365.012296268479	-400.33514653982695	-496.38472737380044	-354.31895937462343	-1111.076485304299	-5855.178358131329	-9594.779275728664
79000	-453.00785845122084	-444.7428195100555	-437.5291134986747	-425.64537841122274	-415.76645509177234	-394.6620899192658	-383.08985223269207	-373.35557961495437	-369.41759554533826	-368.9571672201517	-364.85050582327835	-402.59959605939054	-510.54192362919827	-355.12027973740646	-1100.1849818084288	-5791.565337773842	-9471.884406307032
79000	-450.8397656582326	-442.73111250199713	-435.23986255524966	-423.52218681120064	-413.5859060780594	-391.988307413867	-380.42087002910137	-372.4987494521077	-369.7416957519884	-365.8532797354083	-369.8972785890502	-420.1391611836168	-536.1964334804102	-353.04390085008	-1158.2218914500893	-6309.759896487103	-10301.754937933265
79000	-398.039613449129	-389.35402899606333	-382.86266740861953	-370.7738010054396	-360.5865058761682	-338.9904055355674	-326.60072004500415	-316.22068305107126	-312.7317701357524	-312.95617388772837	-306.31699732674656	-335.69216830137304	-427.12087793216233	-301.01625938587995	-893.249483681152	-5817.6249785428645	-9697.316223152066
79000	-385.4210143420694	-376.73910682176296	-370.18608400098327	-357.4816393170182	-348.05622739628546	-326.4131838609266	-313.98531234343267	-302.7390080519666	-297.77995037933954	-300.508016913538	-291.30909868642647	-313.32338602687867	-387.20824980005	-286.4299741267559	-846.5829257091532	-5609.256531550432	-9319.840427509711
79000	-402.8014436543685	-394.21200747361905	-386.3317503588914	-374.52067094529355	-364.7776160219345	-342.5435473515875	-331.30739600945003	-320.31515061361705	-316.4523256136376	-317.12743465877725	-312.3388775234675	-342.3567812812863	-425.8721535175589	-302.02672825394933	-941.7508082246279	-5868.775687385014	-9641.963665254378
79000	-442.02087828645125	-434.01141454198086	-426.44853359693906	-414.7239781599711	-404.91923591669564	-383.039945470937	-372.21554343353387	-362.9929145256513	-359.4790960364566	-357.7403657643735	-357.48702207098603	-399.9465107542103	-504.3530433328355	-342.82431656906704	-1104.7164025422953	-6266.665912724472	-10137.37904604711
79000	-442.3642983898701	-433.44916503898764	-426.5458576232456	-414.9360434773672	-404.6681262848594	-383.5138985478817	-371.89674597828	-361.5558805341889	-358.699673240501	-357.10638188612006	-354.3475524963539	-391.1661872740818	-491.12450677061616	-342.45848349020713	-1079.8963998840736	-6032.921867048836	-9817.523417772294
79000	-425.28412387983724	-417.303762019524	-409.8089590065212	-397.66667105361296	-387.5599009517	-366.9756188431307	-354.78354290000306	-343.16778633996523	-339.81052283418717	-340.96264582940415	-333.4966723507134	-360.2744341016412	-445.5246412963015	-328.1431279176378	-917.6937755600254	-5778.052455058658	-9249.571382203803
79000	-442.7944022833182	-434.4780682779301	-426.5164705621666	-414.8629268999026	-404.67238658215064	-383.6884883375322	-371.7437302084306	-361.90028764230084	-358.3757013132721	-357.6128346977872	-354.07742954709653	-390.59045753891	-484.7619979017789	-347.9608942720182	-1033.4548241190018	-6071.120982795987	-9737.008533891852
79000	-429.50800318310456	-421.5712931619582	-413.7101268172108	-401.52490710017923	-392.0052632836285	-370.4249458768043	-358.4036638505081	-348.11489834117634	-343.891136710146	-344.6738250921162	-338.7475405058383	-369.63347897564466	-459.39486977970887	-330.9439109153111	-1040.531729269286	-5746.975867103171	-9424.157194310328
79000	-425.9909257456472	-417.2039000283475	-410.22266043573023	-398.2084402106981	-388.36696004550726	-367.2971014007004	-355.120458826373	-344.79163967570804	-341.86094256645663	-340.97524356146454	-336.6412803466546	-369.25535146474954	-459.93563819161926	-326.1264203173894	-1038.967560547833	-6021.227305850927	-9794.193446250032
79000	-430.4386479081709	-421.0722181435955	-414.44732883225726	-402.20726985995793	-392.10966626613265	-371.0833770632235	-358.7241964049259	-348.2713355735798	-345.4204346263548	-345.23361343855885	-339.31726749365737	-370.91992618245564	-459.7425054646664	-330.03169686875725	-999.4271909341643	-6049.150760396042	-9764.178806613416
79000	-432.12412975922484	-425.07237634083623	-416.7380191703481	-405.0855894699664	-394.9311480408863	-373.3344522493198	-361.69316219963446	-350.67911226686437	-346.1284231657425	-348.18648609968795	-340.42176820284305	-365.2550849704114	-453.9811099398275	-332.984597840893	-1014.1060376814394	-5610.551743476914	-9222.510818956738
79000	-449.01419649206696	-441.1348493988873	-434.2160698705622	-421.58642434352987	-411.9248034924432	-390.67222902141924	-379.16062908962346	-369.1634723808152	-366.0642060541658	-364.99439211825177	-361.58502107946526	-401.5140278820789	-502.5418406684087	-351.79252652642805	-1102.8999136569864	-6095.544948932432	-9890.95211848819
79000	-434.0585683172596	-425.38241939327304	-417.9306047837245	-405.7155140104902	-396.36226796625635	-375.2280057860497	-361.99696298696267	-352.0538772071061	-347.55906973008223	-348.8599359030153	-341.37090510425986	-368.4985617951807	-454.1949483847021	-335.38757662790215	-995.2707256158642	-5665.661231128466	-9206.888824199566
79000	-427.2032256363702	-418.4050589859303	-411.9318949888878	-399.328718631739	-389.49471579201946	-368.6462032255145	-356.36916902499604	-345.1312064281924	-340.4070284534252	-341.5051586981057	-334.2961804621949	-359.77158423327353	-445.7423088935786	-326.82670153048866	-993.5200820936436	-5613.523915965588	-9248.879587180953
79000	-466.9268511912735	-458.9273998591301	-451.4945057754133	-439.41891546643785	-429.70490601345074	-408.97679799769975	-396.6921388596325	-386.53261486901465	-383.7685273178766	-382.62210984438497	-379.18687944151833	-414.5500430718842	-517.0863348451167	-369.297781235737	-1078.7113809719983	-5994.680246458011	-9496.724885509815
79000	-419.6506464618133	-410.8782301823485	-403.94128250377645	-392.07820374561413	-381.85939822939105	-360.61994085529267	-348.02109490701883	-337.63611443446206	-333.05306285900144	-334.5941250449585	-327.08517814404456	-352.4943914616774	-437.14799078538	-319.8681865791234	-957.5788580957972	-5813.920330234029	-9413.367674326315
79000	-420.2895441618195	-412.6965317181857	-405.4768842618784	-393.74968076326047	-383.41845884568073	-361.6584146050178	-350.04456046438025	-339.27705679366807	-336.01900498903836	-335.76877938257485	-331.1910466537916	-363.6880087307419	-449.88648732343864	-321.3766994599263	-996.5479290254001	-5834.189629531093	-9526.60933675547
79000	-456.4769764681786	-447.83566735062055	-440.7509173220337	-428.9422290921734	-419.07890497149384	-397.6637602383791	-385.8305741803963	-376.21272022345784	-373.62616833773734	-372.1397408860563	-370.68221997460506	-409.76730675642915	-511.4341899218911	-356.88852124293686	-1147.4478341032861	-6401.039355835951	-10104.10587885904
79000	-413.3804184589532	-404.82775367578273	-398.25108756699564	-386.06649598086597	-376.13570589830687	-354.90230287852916	-341.90196717800126	-331.6693151358215	-327.3015200594417	-328.98905797802064	-320.7909425486812	-345.1340926061837	-421.4327476271751	-313.5339623508163	-934.1199970462542	-5830.946151983226	-9467.167062913964
79000	-433.30424212848004	-423.9287028231553	-417.0694437816873	-405.9768154674001	-395.6088455597059	-373.7030333797166	-361.8346481532402	-351.33176100338954	-348.2916973499486	-347.7624836111133	-344.36859884375923	-378.39712069913406	-464.62675099796974	-333.2897620160847	-1065.7411836763647	-6024.497037658086	-9756.800584320947
79000	-383.3812846326787	-375.6100960171744	-368.5067277886705	-355.41776404497455	-345.86539394840565	-324.77124488888717	-312.25573967781094	-302.12445092233645	-298.20234581765357	-298.30372768363424	-293.8258431323124	-328.3875355826191	-415.6627446331304	-284.3326375576371	-917.1574242814997	-6043.060808392193	-9880.193856708423
79000	-439.3711006305478	-430.6602065909582	-423.7432717716417	-411.66857872148114	-401.68725298327604	-379.7279683401134	-368.7317600235617	-357.5285119666575	-353.75476262438787	-354.24686335606486	-347.38543124077745	-377.76750709208886	-463.7289874077575	-339.4213811746479	-1001.682687268952	-5909.535554254819	-9514.82183431672
79000	-481.51002466947614	-472.5069354527494	-465.41345766279375	-452.88762261240436	-443.89764352466256	-422.6891640803827	-410.65797220617577	-402.19043196065627	-399.5395670430029	-397.0475990398741	-397.6106009014733	-444.19563765947214	-552.9591398657424	-380.8756030126381	-1200.7124454636798	-6529.4065634092485	-10288.29477872738
79000	-415.5478967905296	-407.2188455371377	-400.5609867237234	-387.7033079602893	-378.8745715259834	-356.50259849516544	-345.21687273946327	-335.59097294150394	-331.54092582244726	-331.16308514096556	-326.9316213052463	-362.54518483419236	-458.9506551316657	-317.9807235280575	-999.659844384898	-5933.323137964827	-9694.480153355107
79000	-423.88882073778854	-415.1455256909282	-407.2497656220109	-395.7938337643254	-385.461950107007	-364.1156044816053	-352.69319319781505	-341.4179727654208	-336.6464119495751	-337.9492665636419	-330.21808848017787	-355.0855078398866	-431.747789269291	-324.01073836638875	-966.2001785604463	-5599.377734600057	-9163.668523102795
79000	-448.1139412530693	-439.7439951859542	-431.44399054669424	-420.04597616412764	-410.6684988503464	-388.5161228212646	-377.66955877237785	-367.8535581048058	-363.7701775776317	-363.1347352721952	-359.8128775510312	-397.19583621079374	-489.6604873826708	-348.60752568849796	-1067.2150776995572	-6018.093574275611	-9770.609099936213
79000	-417.0155899724578	-409.2122636752979	-401.14544395966897	-389.6808434487608	-379.59675514413084	-357.7815878288401	-346.2357007899838	-336.32893537201954	-333.5020858456266	-332.1060415435037	-329.24367995495163	-365.18094083489063	-457.9230956306611	-318.04027435636374	-1003.3804332722434	-6085.195198257217	-9926.177443113762
79000	-433.7621438342286	-424.9549588268801	-418.1660180209022	-406.4068952291258	-395.86086720457706	-374.2760475610328	-362.3659201278774	-352.8359857252681	-349.60979310944697	-349.2435701007991	-346.69879612134065	-383.52963784635045	-485.2424506525018	-338.2530167795258	-1021.7427192011211	-5957.177032574501	-9757.446946814653
79000	-409.22105715907327	-400.66933712398287	-393.3272940837722	-381.51873968722975	-371.79252238346476	-349.9839858729777	-337.7179700407487	-327.4101146985844	-323.4768396593294	-323.5576008911754	-318.7629986473337	-349.7860080736647	-429.07968642060973	-308.4285534405803	-950.495179956177	-5870.393428666301	-9689.270092093766
79000	-447.1734664494459	-438.46176588595375	-431.8498567346641	-419.25224930686534	-409.0344380869533	-388.3215294701786	-376.05044629609966	-366.4193607400449	-362.26335761894546	-363.34812645893834	-357.6552396801207	-392.7889565622552	-490.93495937155757	-350.46376336181066	-1041.7557513313404	-6078.085560116539	-9861.578175305267
79000	-455.33709742369524	-447.4707850976825	-439.230488688	-427.63290873598555	-419.00277015035414	-397.59631241546623	-385.1019682762084	-375.51866452954096	-370.7026092426591	-370.9165022757491	-364.41870167195464	-395.0449767518976	-504.67134394159507	-358.4480041363267	-1033.7663883382402	-5635.867755402273	-9237.832050575686
79000	-424.3610455305076	-415.2094857682979	-408.6823934580735	-395.81330944222543	-386.4805007055665	-364.55465134515714	-352.9765123590306	-342.0893163646297	-338.2182079990976	-338.8021302673259	-333.195461040564	-360.296531396679	-444.9270930808845	-325.5494385311928	-963.0087631208393	-5788.538145497414	-9367.72995534272
79000	-423.4027198279205	-414.41379017055834	-407.2468298515459	-394.91038338600003	-385.1547657305817	-364.2145367199034	-352.1530336849527	-341.2897403491462	-337.5917264417372	-337.758384721269	-332.8354411724839	-364.78840294550264	-449.66071979201985	-322.18923123796793	-1016.7884398829701	-6017.429431173215	-9711.894492418647
79000	-409.31564932198427	-401.25683347417987	-393.94582838141145	-381.51046600789596	-371.86482254939943	-350.54812543326346	-338.538596611714	-327.548589015853	-323.039400864784	-324.53875527753934	-318.02840997384	-346.81003151878843	-435.4454547574325	-311.8330161458147	-941.7882314460205	-5795.435824695879	-9475.3686464795
79000	-432.85494444168353	-424.39499186406726	-417.64927301126994	-405.3913735350776	-395.59268253185695	-373.9123022942781	-361.79952788494364	-352.3576045568773	-350.1431222197299	-348.1092208956756	-347.33864851523356	-387.6093925578294	-490.4129228128137	-332.98226393698866	-1088.8694824250656	-6123.061903527329	-9955.325763952818
79000	-407.5479690075437	-398.87543280039114	-391.8241040144407	-379.9283054050927	-370.0725820945586	-347.9019055447862	-336.31106270768674	-326.53004320520597	-322.74344066568943	-322.789889971406	-318.1084969037508	-350.48328588099037	-434.71419171449304	-308.60033076376664	-951.1718723374138	-5923.779314184756	-9718.015252738756
79000	-410.2730519495752	-402.67065206815363	-395.2534046210372	-382.57929852456937	-372.8707093710657	-350.92888645719376	-339.1565390448874	-329.1487276096588	-324.4682075116595	-325.3827805361964	-320.02880378286864	-348.19110719386236	-433.5025854659329	-310.431034361034	-942.2139057092708	-5708.40401584722	-9436.46821076466
79000	-421.4551846448885	-413.39386063912497	-406.7272965872966	-393.6146902535521	-383.7713135303525	-362.57323893746843	-350.9472458666395	-340.22557830253845	-335.04753840282825	-337.0075200296205	-328.05565834607324	-352.18176968962297	-436.4344885088574	-324.49326341617365	-936.9767084242924	-5482.759828581496	-9095.30457198563
79000	-483.25451301381753	-474.80203288882075	-468.0830500008313	-456.3730734282851	-446.0386784799076	-424.4686818993548	-413.37395290910064	-403.8693630170684	-401.02344497656026	-398.56728530887864	-398.818534192555	-443.73279982028714	-557.458665191364	-384.57262231428416	-1259.0023825783394	-6297.5788375454285	-10072.050556790344
79000	-461.17720214769446	-452.72898682662606	-445.18349585331356	-433.3081200967331	-424.2055771730063	-402.4296390195211	-391.6628595114554	-382.7626259887929	-379.84611465780176	-377.6467543053533	-378.40156161280765	-426.1130420831823	-554.0369916513071	-365.32737845303274	-1158.5299577603578	-6075.891213533695	-9961.856373565299
79000	-456.6051955473279	-448.657681853632	-440.91382040198886	-429.20843947464414	-419.79678167134307	-398.0604306477626	-386.582628785972	-376.97335551811085	-373.6755668273737	-372.1690229241842	-370.324279532729	-409.61733905849445	-512.2159450685507	-357.4987396000396	-1199.0632275857304	-6271.6850264023105	-10105.144276216111
79000	-404.6138259053584	-396.25888867517796	-389.6457605749485	-377.2093391444138	-367.2493699693521	-345.32817499096296	-333.93954791893947	-323.0328659943093	-318.69629491860735	-320.0001846135967	-312.6464955731919	-339.9084004943662	-421.35056455380095	-306.3222132286604	-903.9105231429818	-5713.789177156022	-9374.739689207689
79000	-447.9812274866649	-439.61104985625593	-432.4506273946609	-420.84666133698886	-410.98989547110216	-389.1462382299313	-377.9613000068143	-367.994498593731	-365.8656519604334	-363.4036667898247	-363.9557560349883	-404.8024327732473	-507.7105309027974	-348.73297665074114	-1108.6622731426971	-6337.7511179110625	-10278.53428374711
79000	-432.7902870738195	-424.3520922452129	-416.88651705018384	-405.40808727845683	-395.3919022772977	-373.4537104600842	-362.7793314147121	-353.88394732411683	-350.30514190369814	-348.0670877298602	-348.40406849143704	-394.1117127751413	-496.0939071345862	-336.5106435386044	-1084.9937073411986	-6191.834932393615	-10143.695541869578
79000	-424.97471699081194	-416.7129973407307	-409.51588622239893	-397.21102944315453	-387.5598248733824	-366.3376481643411	-354.03317271087286	-344.6678637929791	-340.78698012699857	-340.37592741806543	-336.284020868643	-371.55201789011534	-461.6249854629353	-326.338772589518	-1011.6754900400856	-5785.771337997089	-9622.920590439984
79000	-463.56806050285024	-455.35223851812333	-448.5226293066898	-435.308252079574	-425.89230711622986	-404.84344977874736	-392.79243569753015	-382.6884343469261	-378.35978352233514	-378.9173169756021	-371.4694014798886	-400.00878716324644	-488.69499180750563	-365.42505847988735	-1103.8933141128832	-5693.838976087405	-9064.619562858092
79000	-433.4563971924988	-424.9425631739534	-417.2993336782433	-405.8979033593132	-395.7976924322585	-374.3752037461576	-362.42554157188346	-352.15428175313076	-349.03283412494187	-347.7652191696509	-344.1997233843358	-378.4445552404839	-466.84185920959686	-335.2314866719081	-1037.328863633307	-5991.774351849052	-9696.116815801284
79000	-433.99298198236835	-425.71727891449984	-419.19164263639067	-406.70574683215807	-396.839309545119	-375.2755368360044	-363.8442905263508	-353.68581674822946	-349.4952873966203	-350.2866451431499	-344.8301838262264	-378.1625586546094	-477.10094324744585	-338.80247377358086	-999.8342123289242	-5922.216324099291	-9639.926332034645
79000	-460.66503026892707	-451.36939625516493	-445.43529295778677	-433.14668447462736	-422.7749582651782	-401.74382701691184	-390.40324837518534	-380.6409275080191	-376.97562867949006	-376.46165012217716	-371.8223278317934	-409.4726782400383	-517.1547399386333	-364.43069413382557	-1111.955489576281	-5590.647009423449	-9185.38087861765
79000	-454.48916097554223	-445.9403207862598	-438.24608509047465	-426.9966803953223	-416.9086270852726	-395.71706777013014	-384.31639072749266	-374.23297192522017	-370.80324776682465	-370.57465250887583	-367.75793302616097	-407.13494668497816	-507.37314509005324	-356.16783415620495	-1096.011359998806	-6052.747491760934	-9759.228583197213
79000	-465.0350849097	-456.6665304406385	-449.45854471055344	-437.5111512600828	-427.37745154310096	-405.9783320733388	-393.4113087467623	-384.24512506853523	-380.2759155892576	-380.9797897361536	-374.5695840492513	-406.7624936932448	-501.39260077118774	-365.99154745199087	-1096.7548079393587	-6002.028290802015	-9526.898754186888
79000	-387.70341621930424	-379.38752034343355	-371.7723537133251	-359.96500148085033	-349.72027979950275	-328.9750330176537	-316.13691952496873	-305.4351061684011	-300.93800689112635	-302.5637186335308	-294.0992588246827	-315.0986019193779	-400.04311419621314	-290.7190824808214	-838.6748973043669	-5453.304562856941	-9096.514430218464
79000	-384.72458052812686	-376.26293209918146	-369.3329580925869	-356.86140939959614	-347.1495980356551	-325.0349111242096	-313.3750439787097	-302.18356990750715	-296.91239971358857	-299.7586632155144	-291.54591907404495	-314.89489130613424	-387.41167510272936	-284.8517087613803	-879.0171214486943	-5598.799210310291	-9272.770191113508
79000	-419.02204208391345	-410.14264283885683	-402.437518592613	-390.7034686306165	-380.88166317473775	-359.78391411459893	-347.36099640504534	-336.96461818713607	-333.00634826522537	-333.61079578470395	-327.1783073749124	-355.40436575920984	-437.49501078936976	-319.39435349730996	-1000.839073698854	-5756.339555445664	-9537.99206782295
79000	-408.93605767929284	-400.09265517508226	-393.2069290513767	-381.4841502627528	-371.29857878712346	-349.6052009901539	-338.1794791788852	-328.1036540485584	-323.7188798329417	-324.35061971131233	-319.3404383117565	-352.1286492959902	-449.9918067477442	-310.10807308062675	-955.8724409433676	-5886.802966585315	-9691.010467689246
79000	-455.70745429286256	-447.55815749306515	-440.784952654458	-428.0476301942284	-418.0897169055879	-396.6261015700276	-385.54289703714784	-376.3444359095637	-373.78067988976534	-371.38783628793897	-371.97540479378364	-416.62229807535306	-526.9891024017813	-357.08612024307615	-1142.0300726673806	-6302.045658395265	-10148.795603977858
79000	-435.8796972044288	-427.46175940311815	-420.61525150453673	-408.0471746468297	-398.2383421532782	-377.0587465005207	-365.67167876029964	-355.84788251709347	-352.6530724207952	-350.7452656068719	-349.8408369187065	-389.65854879930123	-485.1738716799704	-337.462126087327	-1074.3136414961778	-6377.93681718011	-10172.173085733775
79000	-467.1633735512057	-458.6402902567547	-451.11626094612694	-439.7647669251602	-430.1141434393286	-408.9074358600273	-397.44188614113057	-387.7732160984638	-384.1940201196064	-383.26684036536994	-381.26649815553156	-423.4490476834878	-529.2792245852218	-368.8155293084527	-1177.2178445022173	-6192.155883567214	-9925.495328052508
79000	-443.1690162641222	-434.46350922451165	-427.79347233989876	-415.5782749754759	-405.82561555219235	-384.8140547968192	-372.7438536529156	-363.27996736948995	-359.60894941491284	-358.3242093937295	-356.7653525134329	-395.74488251150524	-491.05199281865606	-343.7524922814612	-1114.1542229043594	-6111.331360310005	-9907.323567594212
79000	-445.14581861981196	-436.51291619932357	-429.20528115546864	-417.1711962174852	-407.9459924286079	-386.17693174484833	-374.8699725384943	-366.3361264705957	-362.1633886481036	-360.55396501910917	-360.4328222029323	-403.5963605050943	-513.8241807745328	-349.5803433699803	-1121.5662816845631	-6225.66548232038	-10058.92994370028
79000	-434.9505977283508	-427.14887383770343	-419.2474641132322	-407.64961257040375	-397.84184782859376	-375.91526016817096	-364.7223641911295	-355.877460697067	-352.79740081730637	-350.2681417858769	-350.6357814592174	-392.0269571188755	-493.1842325760654	-339.9295658307323	-1085.9151775004277	-6127.321288126433	-9943.21197141714
79000	-471.3429709594464	-462.9271633240365	-455.65531070022706	-444.4258405481439	-434.68577958200166	-413.00733035465794	-401.64429809931204	-393.14323159573564	-391.5404751410584	-388.2217473525886	-389.16299432637595	-437.25002898013776	-553.9709661213111	-372.15142532625896	-1225.8963229740257	-6381.744251521647	-10196.545601924852
79000	-429.62616884092324	-421.4619241583752	-414.49600485811817	-402.38923274715114	-392.9568734296742	-371.11363425072136	-359.7893146045314	-350.27093657265556	-346.4099136116012	-345.2869201081796	-343.93524102438937	-386.170251624912	-492.188216894296	-332.734688606758	-1039.3691757748552	-6066.564293676609	-9874.944346341737
79000	-441.0347474772073	-433.3693819596339	-426.2221086690757	-414.2212679353844	-404.7627631729299	-382.71360000887597	-370.6860648496772	-361.06800028809766	-357.237444056716	-356.50593757548904	-352.1244980382559	-386.09104575159574	-478.7435129915786	-341.77100777596723	-1063.3567855332913	-5972.1994530771635	-9698.778791483204
79000	-427.63005401552283	-419.7277248462457	-412.36083314343085	-399.98990714269087	-390.05858523651494	-369.1118212339171	-356.4493990956283	-345.4973940655964	-341.4270582256087	-342.6478180190908	-335.38180524028905	-361.99678678875205	-438.40706674841937	-327.9092213120789	-996.6882434449	-5814.260285867473	-9467.985901958707
79000	-420.852524346535	-411.6830815409971	-404.49309643400653	-392.78129986906674	-382.85559622039216	-360.690993646568	-349.9716911794988	-339.52550721178693	-335.2630210255739	-335.899128210994	-331.08575978881396	-363.25265259425976	-459.0770171405923	-323.25964370103543	-988.0629186108948	-5870.098423337843	-9614.95109433218
79000	-436.164554322669	-428.5687094729798	-421.1492579940945	-408.8382810215172	-398.66775636449694	-377.40879440568403	-365.639740682654	-355.30746964302807	-351.01567566841436	-352.0069752316967	-343.778690631331	-372.90157366241596	-471.10153587476356	-338.8167761184247	-1014.970023467658	-5634.972723413885	-9216.945280118356
79000	-461.3118221780842	-453.5103946271727	-446.72421907295535	-434.98424182242445	-424.77589447148097	-403.38600087807646	-391.57296756905674	-383.19152793587324	-380.7471412950279	-378.18561660550034	-378.76672891519166	-425.77636380213426	-536.3668461771327	-363.39449080192793	-1186.1790430058018	-6294.689580445747	-10168.926961646477
79000	-451.8528385513395	-442.3508279152458	-435.84699718967846	-423.221196575528	-413.5442791402551	-393.0092145935814	-380.59467003694846	-370.5499300494889	-367.1744952904001	-366.7516550841331	-362.8736809846204	-397.3460559885074	-490.53498402822675	-350.6945893724585	-1094.5751426683169	-6016.454705137282	-9691.575355322928
79000	-429.47295598554825	-420.49169911122425	-413.66166319907694	-400.88409874595607	-391.70710971728454	-370.41625347614513	-358.6786300280892	-348.23657642946944	-343.9872538996912	-344.1993380864451	-339.12736136843677	-370.5891710182724	-457.17735405629054	-330.1156052508288	-995.8341686501234	-5975.974211346589	-9619.144754777386
79000	-447.2296811038771	-439.10057113637976	-432.27506074224556	-420.3897380438649	-410.4869593288499	-388.43031590813774	-377.89808130478076	-368.62724055805364	-366.4000437903083	-362.8958375627678	-364.0249393798716	-407.70545918792243	-514.497778542218	-349.9716880752584	-1112.7894283528512	-6223.129462525976	-10065.84462304161
79000	-458.9959028314722	-450.42401201832774	-443.38578601849946	-431.1476686297601	-422.0423164393263	-400.31443617085904	-389.39405686117414	-380.77337556197557	-378.2772352198299	-375.12705607583166	-376.9782869775624	-422.914602466297	-536.2002124055135	-362.5765696732709	-1160.046608431143	-6332.8495623438275	-10158.109083962096
79000	-440.5503943771627	-432.3548011084062	-425.7461969089423	-412.75951255104496	-403.3941235912674	-381.89503591632223	-370.35297468089016	-360.7138066512284	-356.06293379915377	-356.1354745320677	-351.4382284736222	-384.9631837979553	-478.40242224091827	-341.70615263056277	-1080.736548860123	-6028.897114183683	-9740.549427559172
79000	-442.26240550038716	-433.18479575818645	-426.56669593431053	-414.42673838279836	-404.7207213815616	-382.43622419448513	-372.2645229136685	-362.5909528163799	-359.7392543274691	-357.3451832649668	-357.71252396192693	-401.55228669271884	-506.40200248561365	-344.093862670689	-1093.0314957259425	-6304.565946817742	-10080.65619883163
79000	-388.84094755710476	-379.994801559293	-372.63097643464556	-360.7830265011604	-350.66334583797044	-328.6509795710975	-316.409164731342	-306.2754786413655	-301.5784845432986	-302.8139637566811	-296.2896246955764	-321.4973059532092	-393.55343465481025	-287.9843269550198	-890.6481567811531	-5613.861540647537	-9488.873177611962
79000	-416.9670693222676	-408.5494505640355	-401.68086194082167	-389.1708163480206	-379.1243638065213	-357.2936119195799	-345.6755113799905	-335.8658564306863	-332.80424846915855	-331.3043929908948	-330.0280785249117	-366.4411925777958	-452.9059899645916	-316.0066373721089	-1003.903456777868	-6162.948258661149	-10020.602453983352
79000	-446.95615494198034	-438.43368757312226	-430.90354574478823	-419.89455633713476	-410.4971924021954	-388.66545419971214	-376.6645990693604	-366.67925319328805	-363.3701703852425	-363.0868828759681	-359.21638986644865	-396.114330519011	-488.6959379557394	-349.70237399864544	-1049.599319229224	-5950.452430695022	-9741.913643614816
79000	-421.7776209017559	-413.3949027164928	-405.8909190535614	-393.55973568651837	-384.0645417234459	-362.77901358355035	-350.8183014482181	-340.28685297931935	-334.89274754496233	-337.3728841052301	-330.08882531944806	-356.82849023773804	-445.51770784674943	-325.1402734557217	-959.2509854219917	-5519.761917709543	-9261.043687214851
79000	-451.77719601764295	-443.5788027354392	-436.35996928020364	-424.51053150311236	-415.4521867315354	-393.38506845611386	-383.0029852197269	-373.42600441864613	-369.6168290739754	-368.09778497350845	-368.37264830064464	-413.7731917505894	-529.2656556981555	-353.8383734085944	-1148.88018459581	-6315.268134200958	-10130.89397151235
79000	-425.04269153157276	-416.0359461311401	-408.9533624732506	-396.8231484848085	-386.6199481029669	-365.7259852680828	-354.1147858067541	-343.8728812724071	-339.8703645967297	-339.3674164656727	-336.4924073463088	-369.6163851952598	-454.39512740971884	-324.0917139436293	-1023.3153575185397	-5961.1061836336685	-9704.562945194537
79000	-406.02195251202403	-397.5651501067348	-390.9374494222049	-377.9642588634307	-368.4976359497872	-347.0797553128721	-335.1435796530564	-325.2080090437391	-321.43756601925895	-320.95879462005934	-318.2378761233588	-353.688685943647	-443.90267741990107	-307.2683738222682	-981.3864405252843	-6022.90219361959	-9950.626002600711
79000	-467.9868683447017	-459.4449662650783	-452.07660137928	-440.8049382976592	-430.89773269029	-409.78023487170975	-397.6887400273029	-387.87756148723884	-384.057879783065	-383.56463510790934	-379.8144812539899	-415.8899680169393	-510.79260534388874	-369.6269101653897	-1127.5990201455454	-6009.286959937828	-9630.160960168392
79000	-386.2633926155144	-378.14032813968413	-370.62371270137095	-358.6970749126907	-349.4415488851223	-327.6415110763977	-314.92732031535326	-303.9311586922169	-298.81582032721303	-301.58505676879827	-291.9401522578573	-312.0044549196521	-385.2300389027431	-289.0725681010136	-853.2328820989454	-5529.024800103592	-9125.171023704803
79000	-437.61930461917206	-428.89407772240304	-421.6940305236422	-409.5309631731726	-399.60464251613405	-378.0350774429091	-366.57822532056394	-357.84109640868706	-353.9145532890513	-351.9992064632177	-352.43124698735073	-393.4906762738719	-490.5619689967844	-338.1665765875786	-1084.4197320103715	-6317.1207940867935	-10131.791380953211
79000	-427.98162537380404	-419.1669841389391	-412.1604743092574	-400.28431475487946	-390.49639876111894	-368.5168172454204	-356.57600367355377	-346.5183641944118	-342.304293384243	-342.8316838661274	-337.3623228353591	-368.34192918651314	-457.84627560314135	-330.04387902097113	-989.1713348996888	-5833.3383561469145	-9564.537924356453
79000	-442.98838593798536	-434.1664211839723	-428.0014297409861	-415.9993837774525	-405.9220725781322	-384.6306072748256	-373.1514876671268	-363.50302383104497	-359.2744555192738	-358.67695451736927	-357.21368379095594	-397.1565411476966	-504.6511922247842	-345.96416865590027	-1028.7012081538528	-6049.180684842645	-9795.453090473895
79000	-447.3212552586185	-439.6225908941772	-432.6503636399519	-420.02915316136944	-410.5649063150246	-388.4907213750593	-377.32755012576916	-367.85994605136045	-364.2227647795775	-362.8398150788975	-360.64358889026	-398.2355801341298	-492.582016423895	-347.6450257748736	-1113.9269315633242	-6117.962241129837	-9939.66810606207
79000	-429.96543881387555	-421.3464938662046	-414.33405828738324	-402.44891707241277	-392.2011369667299	-370.4863405979468	-359.1022697678764	-349.39408486449366	-345.05084693599173	-344.5939460946289	-340.92203018810625	-377.8056349665502	-465.3552180397612	-330.029756735987	-1035.8553872695702	-5985.982189055232	-9785.753179050109
79000	-447.29196598561595	-438.2363579796247	-431.0254557246505	-419.1475282930155	-409.40345349395113	-388.6238593447257	-375.5058987567344	-365.7197603785097	-361.6063699010909	-362.1297012860898	-355.77246157920257	-387.9462577780799	-488.281982084637	-352.1947094439082	-1061.5163360073425	-5746.5711209960145	-9331.416711850272
79000	-451.8512883945786	-443.7310599481295	-436.1421474086506	-424.1911359663162	-414.66426935824796	-392.70122266271665	-381.03423413925015	-370.95818968947884	-367.35124957280874	-366.7197323426075	-362.47401136207856	-397.33857740193645	-492.29095072076274	-353.2925021641247	-1063.5751657238666	-6091.521840135903	-9875.596448330609
79000	-459.583611353574	-451.7432201723241	-444.5864018350574	-433.3633605524735	-423.3248641381262	-401.55898291579217	-390.5619545217865	-381.25862604382615	-378.32236161305997	-377.08452140859936	-376.2700331600003	-420.96658827196023	-534.8616244494996	-363.58303003776854	-1138.6889311217192	-6186.469656528802	-9997.127753109899
79000	-416.6890806989771	-408.8394574043278	-401.56487184346673	-389.415516687527	-379.26510454156124	-357.6880396918674	-345.4414653210111	-335.2685689834903	-330.75389982844285	-331.736551674169	-325.68669134225024	-355.3682339021119	-439.42442376242775	-318.04814162314244	-977.303235717535	-5882.381716121339	-9648.544454712146
79000	-404.30323017469107	-395.1795285668132	-388.73836620562264	-376.15190831801806	-366.17859805772366	-345.00784438574914	-333.06326660313414	-321.35024295025937	-316.6664830628707	-319.3530569661922	-310.74203384126696	-334.7979476507371	-409.1856558227358	-305.54263417929144	-904.9558248451325	-5591.952839445742	-9217.253335444204
79000	-412.89626353223736	-404.3853154057016	-397.18732041498	-384.8849589003372	-374.4857076706627	-353.7399419085746	-341.28474236169825	-330.8266395020723	-325.860931023522	-327.4997986477534	-319.7023497253417	-344.7864024298191	-426.03521388526144	-312.7275214112111	-951.3154598841746	-5563.889058342338	-9197.833201475185
79000	-427.78560758950886	-420.05334710339014	-413.0054273942789	-400.17937693227896	-389.82286176694623	-369.4279104386559	-357.15894595149746	-346.37356436226406	-341.8447521495513	-343.7274926100682	-335.5581150063858	-361.88116241806773	-439.2342443571643	-330.2916302946081	-965.1440240009332	-5473.504018517735	-9064.260962710458
79000	-450.0070612036567	-442.35565558805473	-434.0840432679558	-422.90568220670866	-413.264373898521	-391.7333750900747	-380.5982035193404	-371.59314655552635	-368.7245600890464	-365.9161460208741	-368.03917154572684	-417.0524099188774	-530.6126329439372	-354.119493994383	-1134.5437364632633	-6113.37320305574	-10085.171742344863
79000	-385.99253898975866	-377.60689344098023	-370.094239383146	-358.2286619796347	-347.90473265730617	-326.9261104048088	-314.2656786913248	-303.94066620161254	-299.2926553656226	-300.8398066598404	-294.4172252462303	-321.38202683894394	-396.83160693151297	-285.2324179110046	-895.0071220761356	-5846.647095486654	-9665.579597128779
79000	-431.63542587109674	-423.2280244479136	-415.8242521566694	-404.158408211636	-394.1913970522721	-372.69078927233073	-360.8511412301807	-350.608053023423	-346.92904506788875	-346.96626222368724	-342.18377071114145	-375.8911550959423	-464.32143255272103	-331.74099326273773	-995.6388819338398	-5908.380214881841	-9559.544849660919
79000	-410.917403792147	-402.25698324081145	-395.05395394126396	-382.98357337230004	-372.9675731431203	-351.63768364545734	-339.8004500614697	-329.94144041604994	-326.474096878735	-326.6000717128187	-322.56443597270004	-357.2516302280879	-448.7957442547028	-312.485194652745	-955.4733776239351	-5750.363092548437	-9538.259818875016
79000	-431.72197662469733	-424.0357278612618	-416.18012781665965	-403.74250780002217	-394.72935924656883	-372.9314000453701	-361.4995510226016	-351.7788910807991	-347.7422573373755	-347.5086898120309	-344.02066946197067	-379.90303293498965	-469.8619369783609	-332.1906153334055	-1047.7318428979427	-6053.394845517982	-9779.28240307213
79000	-400.6520752718576	-392.58298738388453	-385.34823399858095	-373.63343565611103	-363.7235432030848	-341.25569918044937	-329.61205036713983	-318.48009370327657	-313.68352350420145	-315.3678119880019	-307.63925792090254	-330.79618094688954	-403.7983338365275	-302.05033273133944	-909.0349070235764	-5665.26890546686	-9325.760979670786
79000	-395.2353854859114	-386.6064286645228	-380.03782305034696	-367.4063214065493	-358.32910135395764	-336.26381399627627	-323.9852772041292	-313.78619072790065	-308.43962916884186	-310.5527052346714	-304.22547930084056	-331.53716711590766	-412.04768106625966	-296.60461509331725	-911.2827479876753	-5741.6808088741955	-9459.014486206921
79000	-441.68934038260994	-433.27883169516684	-425.31444322534304	-414.28357005289115	-404.17201533565486	-382.4758279557305	-370.5670736970433	-361.0232907731433	-357.34464153403394	-357.0154058748663	-353.29794605637227	-391.4703153453042	-486.65785767301736	-344.1378949349093	-1064.146051954772	-6092.033320010454	-9753.809921925798
79000	-421.20532612066825	-412.5252418178955	-405.67045930940327	-394.0081927728762	-383.01190160482895	-361.69087749813593	-349.62618758781406	-339.8172503414586	-335.8789977835202	-336.44962632444316	-330.0668130892974	-359.3363963076946	-437.12212726609124	-320.0179738649274	-1012.0964189438278	-5922.436816480075	-9610.020674334179
79000	-454.0117662011171	-446.5596760048322	-439.0488981476903	-426.88177408602667	-416.9183690949525	-396.55303406112205	-385.01808830402297	-375.2452216457892	-371.8019336581222	-370.5804000709696	-368.81898174980296	-412.91760005123155	-523.360117114171	-359.92047641695706	-1128.226853292287	-5916.911494650804	-9818.14573668101
79000	-460.9522839007664	-452.30076619452075	-444.3861958177608	-433.646058740379	-422.85609072421016	-401.81163869694467	-390.6654122058783	-381.093539331284	-378.4026680224793	-375.44946074905766	-375.81139674474025	-420.872400503914	-524.2586288468442	-360.2251140154076	-1190.4787081238292	-6433.836198297906	-10175.503413648035
79000	-403.31942763133634	-395.1177026030202	-387.54350695767295	-375.667042651996	-365.7267175591819	-344.8822352109493	-333.2483916759721	-322.1716743086465	-317.6494946910285	-318.7822372414279	-313.3880077892813	-344.4474482763511	-434.42743017687695	-306.3940381451309	-918.131555188939	-5719.321310932128	-9505.350924944416
79000	-422.597693779678	-414.3380922759779	-407.0390065764414	-394.57860599854405	-384.98779118861506	-363.68014532746844	-352.0336412013875	-341.71202678460963	-338.54926260709215	-337.1413388035899	-333.00952473803363	-366.0299044081056	-460.4616817295947	-324.6703859916347	-1024.0654206327577	-5854.67781761818	-9511.944390493898
79000	-440.6709212196812	-432.38516488935034	-425.00842725073716	-412.7476333928772	-403.3242946851173	-381.77214405671856	-370.38984290080367	-360.35632587906383	-357.13459766413035	-356.0602295075514	-354.3860038340416	-394.1488768242612	-491.47865266306593	-341.4823220339748	-1074.71453903256	-6179.354050256349	-9971.326346599017
79000	-463.959812892632	-456.1488028332299	-449.22526794112883	-437.1161613380732	-427.11342254941366	-405.2032246386544	-393.7932801114724	-383.9682426234572	-380.7817669690678	-379.3682619898949	-375.0712301492926	-408.59608228481704	-502.57677011392065	-368.2850090114711	-1110.5979765836253	-6052.904693063897	-9575.715378916802
79000	-476.0276119809689	-467.7118876911411	-460.3611055481096	-448.7825025532758	-438.90580433982507	-417.5880513171502	-405.94792054318356	-396.4266380966602	-392.900890929556	-391.9737904928558	-391.98127186544707	-436.82803593368953	-555.0556354931311	-379.9535133955283	-1181.9842281189563	-6324.514655743619	-10040.68357671535
79000	-415.14227733643685	-406.39678153366515	-399.551663244301	-386.66873412568475	-377.4575982758761	-356.2495507222387	-343.7866667994686	-332.1834914701216	-327.6994540062583	-329.64045408287876	-321.25575015384754	-343.09471336501525	-423.2123503997045	-314.8867664887173	-948.8187239673815	-5508.94932906979	-9110.900604019444
79000	-438.899899642321	-430.48979985822973	-423.58199740305844	-410.92404206551237	-401.8500188011189	-379.95518562964486	-368.60192388651427	-358.4159302705788	-354.5122243112859	-354.84570971093706	-349.70082381268526	-384.1160218982156	-477.61735983295944	-339.13785073830303	-1059.9230181546839	-5905.272750825347	-9553.389181146256
79000	-407.21691506767365	-398.41450204842437	-391.1188957040045	-378.97527425552073	-369.0663648429436	-347.52152645070487	-335.9752263418067	-326.1555819391517	-322.18350449372116	-322.2177276578493	-318.3647151910335	-352.9264744768255	-438.761836026941	-307.14481770044324	-966.365091659261	-6161.594425901449	-9895.281467389277
79000	-424.9610728987887	-416.0420852337443	-408.9860748615724	-396.84229152268665	-386.98314430498795	-365.30804147534076	-353.3943441880046	-342.8668988999769	-339.41148375619434	-339.20278357268603	-334.7613489733628	-365.63561739840634	-447.9331829967201	-324.214494125005	-1024.0788838788596	-6044.139447856313	-9835.96103131214
79000	-473.1541889693457	-465.9583501347991	-457.7637606335433	-446.1677513636199	-437.05515348004894	-415.440869461519	-404.4907800411639	-394.76701551085216	-392.32263214150527	-389.8385690205063	-389.65902541360254	-435.24113338586477	-548.9551197169038	-376.3503631195026	-1186.262615592006	-6282.70414160349	-9964.924481612745
79000	-432.2476875929209	-424.1066424597805	-416.4598192482935	-404.751367102941	-394.9229993811228	-373.19560033153965	-362.100907525405	-351.70300590145774	-348.63594673223906	-347.9148567229768	-345.56149531331164	-383.7837268941951	-476.4972217433704	-332.367188637544	-1058.7517397261852	-6141.546382305753	-9879.634114943736
79000	-467.28281519764556	-458.74295610835264	-451.9998649039405	-439.43090691069995	-430.83031857291826	-408.34684599073296	-396.89632242082075	-387.2513882783277	-384.7599411758954	-382.3955218175744	-381.29846947704465	-422.28633563134514	-524.0903006787282	-367.2724699971399	-1161.2084325797061	-6158.783873385733	-9886.568774262589
79000	-401.18072387368704	-392.96359284928434	-385.69931535349514	-373.7112303108062	-363.69501588244725	-342.0913679572425	-330.4695968157617	-320.24834682967685	-317.0853368111401	-316.3000408571245	-313.37675941961976	-348.4801880570765	-438.1974872488951	-301.59094321601685	-968.5911530443811	-6073.130752035549	-9946.61404047944
79000	-459.3511764616217	-450.79376437050564	-443.66557127542995	-431.6655137815179	-421.644827075049	-399.979192914941	-388.94525520398275	-378.88646000220524	-375.5724808472915	-374.78373312458854	-372.48411024726755	-411.8272856426049	-524.9312785969503	-362.64611453775103	-1175.7249167239547	-6062.843899766038	-9736.877995391082
79000	-408.7578316240299	-399.9311457680263	-393.08698906552917	-380.4963788344438	-370.9621169300178	-349.5790031969773	-337.82235003393146	-327.2905113181796	-323.152633159986	-323.41426364337724	-319.1160968293636	-350.32705004707645	-443.29381736284955	-311.2066955736182	-948.4820155404441	-5932.43003286837	-9570.233380290281
79000	-468.49168720259894	-460.5198459195137	-453.1607551384546	-441.3519871363417	-431.1522925840612	-410.1936328895851	-398.79679449525713	-389.7105459829104	-387.07635588629154	-383.99153175006944	-383.85589457130436	-429.54590774763653	-547.3264919507484	-371.74235098585956	-1181.4309308537977	-6202.548595155065	-9946.36657404659
79000	-449.29149896014576	-440.5293196067848	-433.84053812014605	-421.75570933666154	-412.4708827979552	-390.14664185925704	-379.09131041541633	-369.86798935201136	-367.7971072839702	-364.8285530281805	-363.12371301803455	-404.06933481526863	-513.043557987063	-351.4370102320291	-1110.3880972786897	-5929.883492462294	-9654.3621933577
79000	-417.56735198237794	-409.5028282259376	-402.8953173028088	-389.95868986122537	-380.92876834296453	-359.2314649023802	-347.95782176964536	-338.36391741665636	-335.64554961963114	-333.4770597860967	-334.249562372109	-378.90662694541066	-481.57931940726513	-321.2078896774805	-1032.3981702921578	-6287.2089048707485	-10194.297020581147
79000	-471.5076998203432	-462.94222764169945	-456.36785368447903	-443.6332961514795	-434.55268476819344	-412.8759876011772	-401.72116978097995	-392.7709664459923	-389.31854390856597	-388.04374843375143	-386.3917308751564	-429.4444468141134	-541.4116754691452	-373.28294776701193	-1176.1625746608456	-6254.281626793494	-9925.579348072304
79000	-413.29863665458754	-404.73253404878636	-397.9332547549424	-385.53520204501376	-375.8457974141918	-354.0147766066756	-341.83340238433556	-329.90911501358767	-325.550515304872	-328.2909749558425	-316.73389012797026	-335.87579805177523	-413.36038366452846	-314.50382054501335	-927.3148282464339	-5478.108910103801	-8953.672905075582
79000	-419.4440957140127	-411.01315226894116	-404.0294916723689	-391.78008151005895	-381.992402432895	-359.70107530547415	-348.1887261441057	-338.32283615117154	-334.0262840034875	-333.9889154704625	-329.8491246001929	-362.7598534400165	-448.8188755591191	-319.57947336741375	-987.9678828563153	-6097.185730957243	-9839.378154588117
79000	-445.1799277938396	-436.91499619402657	-429.275293111301	-416.3030776632339	-407.9092202338033	-386.70456456079893	-374.3904234080952	-364.4200966497561	-360.380562703159	-361.0688371341984	-356.3598397189524	-390.9670586071756	-495.42978873750604	-348.81840318449036	-1041.8495672010274	-5707.5358987932905	-9434.303256016237
79000	-445.0413632345684	-437.25003068993965	-429.37907833236187	-417.9201310555484	-407.9185115950546	-385.64193598680157	-374.0666978994638	-365.31506092198475	-361.03363462734603	-360.02807964738076	-356.9626735526301	-392.07128659671184	-489.7528860308221	-345.5185855331165	-1090.023514816857	-5979.177085887766	-9673.320522456577
79000	-438.20684971449583	-429.73892554849914	-422.67369493901043	-411.2006674646475	-401.2638587811067	-379.2060572017572	-367.3507344647346	-358.2161356851012	-354.3754988951469	-353.18617602177187	-351.01868019173946	-389.0468379645421	-489.2653403929449	-339.86682852517373	-1040.4971486988222	-6279.703158624238	-9980.940142971162
79000	-431.3085698919946	-423.98871443796725	-416.63672017134917	-404.88055117076374	-394.2342195924426	-373.3683462385833	-361.0331147203477	-351.14238191359004	-347.3815797911342	-346.92434612876224	-343.70522444569104	-373.8558327203188	-465.760660791006	-332.6201629000984	-1026.5056167066246	-5940.293362071818	-9604.912950341408
79000	-445.03961302132745	-435.9207942324889	-429.1159859409891	-416.7682525475494	-407.1936404893368	-385.13974191315117	-373.623292515832	-363.9986836041582	-360.58166977293513	-359.4081049067879	-357.5363915118225	-396.0580969973159	-501.2333036181448	-345.469824397634	-1078.172028917298	-6018.947306937579	-9739.898907659772
79000	-432.3114791389809	-423.7395133754695	-416.32142257790946	-403.6309577569947	-394.6172394076227	-373.04816467374496	-361.41945500830275	-350.45909772986306	-346.0901668341394	-347.8724933368268	-340.94860270626026	-368.66715812383063	-467.86828319991156	-335.3496119977879	-998.7713041870298	-5758.891476969211	-9438.795567944708
79000	-411.7717214538372	-403.2024745026441	-396.2310222373895	-383.83218835088303	-373.99890410508334	-352.6459311287178	-340.37206982511145	-330.50758389810943	-326.2666749361263	-327.1714834133201	-320.79074182805783	-352.25822620796254	-444.2152182135423	-313.01014307045955	-964.1412206032563	-5944.011786509656	-9821.481147389859
79000	-432.0210855701581	-423.3637876986233	-416.48028416732376	-404.62950392119876	-394.7516940148431	-373.5949941872815	-361.99795340538225	-351.70299844624935	-348.0284191223706	-347.6410908514625	-344.6170671728096	-382.23656432862015	-482.55743621813775	-333.0289013895767	-1045.4248634572007	-6132.041428639875	-10011.47096442444
79000	-471.11303310775367	-462.8400409410982	-455.39600180972315	-444.33731092809	-434.16049434443585	-413.3365048982312	-401.248758616078	-392.74172273391474	-388.9216344695828	-387.8232834627553	-386.0095566637377	-428.55961004119627	-543.6100447471403	-376.45818083756257	-1130.963731590139	-6044.197476635527	-9784.577828490945
79000	-429.52390311850536	-421.16302640042136	-413.9428724691441	-401.7832012995341	-392.1218577391445	-370.6199946734692	-359.26621641704827	-349.29491301318797	-345.91119773438805	-344.6000262652802	-341.6506632250851	-379.5764174044023	-472.6295454263244	-330.0362359726239	-1055.1853450492429	-6184.63959904469	-9989.435072639602
79000	-486.9593913823094	-476.8948541880837	-470.6660702792016	-458.58306373510254	-449.59869696039306	-428.33164157128465	-415.9210969367883	-406.7503505074206	-402.70305262536993	-402.1604869296267	-399.249301650031	-435.8290717799716	-555.1687392383368	-389.2626070978212	-1159.6861738502735	-5980.41277906834	-9498.325614102529
79000	-414.58645889300635	-406.4715404005542	-399.0616112883594	-386.4613827721912	-376.7054137313741	-355.9934612959265	-343.75912545393004	-331.78412617169187	-326.9151202433013	-329.48422628280133	-320.7674982704361	-342.7135660137324	-416.0265317276314	-314.91532007552104	-939.3562805039904	-5688.360536985919	-9227.157124688158
79000	-425.1971475487326	-416.75551374223943	-409.0851915101626	-396.3961508707058	-387.0112522561181	-365.70673468084254	-353.35665277695324	-343.94081661344	-339.75970373005595	-340.45475232237305	-333.8635253848784	-364.68682685264474	-456.47053581046214	-327.1016138716732	-969.5773783946289	-5733.026855108083	-9380.287373375846
79000	-428.48067592280745	-419.5181514219436	-413.03619657077655	-401.28902764325983	-390.7351709347145	-369.55358217204724	-357.64918070673383	-348.1250953320966	-345.42575563354404	-343.2392538399107	-342.9726592361208	-384.2565492663986	-476.4794127356061	-328.9368602794103	-1064.4925307470237	-6095.615875305045	-10036.23064614544
79000	-433.7033333059898	-425.0692432986402	-418.1623513253559	-406.35362221275216	-395.8450040196802	-374.777433975309	-363.0475488497024	-353.23963010013	-349.27474970391455	-349.0387918934458	-345.56076546361874	-377.82595196510005	-472.96705960180964	-334.660534649654	-1038.6182983008339	-5853.040508821461	-9616.91948772964
79000	-418.17896864492576	-410.18588274090973	-402.9316132409206	-390.9439505809863	-381.8070783497495	-359.60436486737456	-348.1460821757388	-337.1048792978356	-333.98126713115033	-334.47695901996343	-329.8267666935053	-363.0280485421691	-461.9093588721393	-321.43684965695405	-990.5044189821537	-5857.4322633171305	-9647.058285789917
79000	-429.15782570463904	-419.8456988261977	-413.00357014232037	-400.70393161115373	-392.10001631053046	-370.4158213628944	-358.0117975872368	-348.2986462655607	-344.8792647968483	-344.34126749424405	-342.43771438412506	-379.93476636175876	-474.7777612599856	-328.84628489332255	-1082.3252041428452	-6109.3259004465135	-9963.881488323426
79000	-445.924206113378	-437.0021374346978	-429.8934989882345	-417.8544246236636	-408.7037945161436	-386.195274147583	-374.9286413976632	-365.28374905008184	-361.71032190979616	-360.8853770712068	-357.8164348607823	-396.2217558514529	-489.89335779176315	-344.93274875635586	-1131.4240906199307	-6009.6256231727875	-9730.22347720827
79000	-455.2487089842555	-447.6598983395742	-440.22582940904323	-427.7960000087505	-418.6547105157477	-397.1818161567089	-385.69090666962353	-377.4554033225062	-374.47285038305523	-372.5595815787415	-371.5257060852592	-418.55476589352963	-545.5909668120951	-362.57675986490557	-1117.1513529922793	-6106.159595400797	-9935.859825626903
79000	-414.5904540253779	-406.1012057230834	-398.8621311289983	-387.1883990195229	-377.2863862302743	-355.72599733624577	-343.70566061215357	-335.0454110718348	-332.1960548116043	-329.73453649854633	-329.63603677992705	-370.331330624237	-465.82532676053944	-314.77278231480165	-1026.8696085619795	-6180.897598286625	-10070.573885472775
79000	-421.8288643181363	-413.4449395358034	-406.13995673413405	-394.15509265889614	-383.7562779576773	-362.6773009016759	-350.7912703620621	-340.6265363085218	-335.593839758152	-336.66745207220856	-330.21511169635744	-359.42144989740336	-442.28313724014134	-324.06467366684893	-987.1195770696352	-5657.988907298093	-9411.35581357891
79000	-427.9939785076385	-419.7721786270481	-412.3383852624325	-400.0777849858323	-390.2885456564552	-369.3542769473706	-357.1429151218179	-346.6729910401354	-341.8068173249418	-343.31744754373005	-336.1038922174202	-366.352654346339	-447.1034239006316	-327.3358631619425	-1032.4118870227019	-6037.45167608781	-9844.31298842454
79000	-451.3763862699448	-442.51658626046884	-434.87764241447945	-423.0470986416917	-413.5009026470307	-391.77758510114074	-380.52475222974385	-369.7419972621536	-365.7476793589298	-365.6488578419387	-359.8630363515661	-393.2539076870886	-479.89831141443534	-350.4238916825816	-1090.9719602658183	-5819.916788884456	-9503.243586873721
79000	-440.4476650146562	-431.59478414451485	-424.54848550771914	-412.14157996160634	-402.88538376277285	-381.2808464386932	-369.09215514701316	-357.8632560275126	-353.93818261588916	-355.4894874747216	-348.05078660460487	-376.1935413209644	-457.7226763365495	-339.2969826849161	-1045.5968233937224	-5808.875042388998	-9472.67187341002
79000	-423.1772036783252	-414.2490378836516	-407.1895914590113	-395.0845276449925	-385.3102543529135	-363.90381909045027	-352.04138841731873	-341.45308152426446	-337.1151895732241	-338.0894071465511	-330.31154052763867	-359.36473809016303	-449.4265818550046	-324.3912600306792	-999.0415789580775	-5853.897592090156	-9501.456549139122
79000	-418.1293503329088	-410.10877096272685	-402.99426194002746	-390.6305438504794	-380.7577151408282	-359.36859566147945	-347.49638824026835	-336.4220217718867	-332.790606616648	-333.404779377806	-327.74629820858496	-358.3867975887518	-443.14664368694685	-317.52902825999575	-1034.7628445258192	-5961.855684155525	-9652.6085473285
79000	-437.8568259893564	-429.20797651291355	-421.96324104453987	-410.0796191768909	-400.61143039466054	-379.0701111521977	-367.20548404999886	-357.57144071281215	-354.7207013808345	-353.1202524085723	-351.45560842451647	-391.0958295439167	-500.4786005288741	-338.9597483938732	-1055.5227859265792	-6164.790435653079	-10015.241568750576
79000	-440.7241550485288	-432.2615777580396	-426.0825592260216	-413.4949646949824	-403.86340099983056	-381.9533016626742	-369.2642534608611	-359.63675795518833	-355.10244232225637	-355.7864594593121	-349.85020449535926	-379.3585874112776	-477.6653218876251	-341.6688446085463	-1017.8389440150314	-5797.880601792634	-9421.563727056717
79000	-408.27363898303236	-399.23404341389846	-392.5362757620846	-380.2343841166396	-370.44588993747436	-349.604359943355	-336.65746604828814	-326.5385305350667	-322.5633852289396	-322.8070668963326	-315.86802178658166	-345.8199192470407	-426.41567554991406	-309.0269786494898	-943.0562382047557	-5595.043392972412	-9296.483471358184
79000	-404.8117969122132	-396.9203772766915	-389.46975420081986	-377.29053056170574	-367.47837827175215	-345.123732627546	-333.3429515096864	-323.6266763022212	-319.849840461297	-319.94923243007673	-315.49745964415837	-349.2268420937578	-434.42576297178846	-305.63132695033744	-977.479731204403	-5856.121171853332	-9648.926154536353
79000	-431.2722127700489	-422.85440693819817	-415.8953836184434	-403.3172250637897	-394.1075082213564	-372.29585580505733	-360.15981040337886	-351.58987095248887	-347.74541245322285	-346.2229469990571	-344.3225605647385	-381.0579291886775	-478.2299432317367	-333.62307980318957	-1049.3683134550463	-5899.353134715008	-9788.33366261585
79000	-398.88882270742437	-390.45034648744627	-383.1174664429146	-370.91346299123154	-361.0923339401486	-339.8143371070101	-327.7643328289703	-317.5608933532992	-312.8240852714694	-313.652141569456	-308.5579155857946	-338.11669284381566	-421.03737881665785	-300.9631515770115	-925.5230790401664	-5936.903240292255	-9705.4514063083
79000	-383.05997886094593	-375.1068064050416	-367.7636363753424	-355.6527484374926	-346.39941383190455	-324.2676406732842	-311.86989556149865	-301.54924614122655	-297.71358675946493	-297.7949342412483	-293.47505245766376	-321.65666191286493	-404.75964783337554	-284.9754078640459	-884.5840521939117	-5769.92614908375	-9461.929525849862
79000	-474.5494684920661	-466.10586382156185	-459.48898112820604	-447.5117427143622	-437.7680904243983	-416.7642769348315	-404.6240308796638	-395.1012346610384	-390.7571618362293	-390.16781338646786	-385.40909631072776	-420.83577772616286	-534.9547563783497	-377.1160904355383	-1148.8036496484153	-5874.295021451799	-9394.623284238785
79000	-428.8594832229819	-420.91095824773754	-413.51854479977663	-401.8553342634631	-391.2903633225866	-370.28965292729987	-358.4617822278067	-348.21509997202463	-344.53395755697596	-344.3012821013667	-339.770480397986	-372.8589593938679	-464.25738924217103	-330.35981520641985	-1019.4004016021091	-5970.688401476162	-9719.40373634286
79000	-426.8497959998395	-418.4962135166133	-410.9614806551105	-398.75521323084774	-389.7767331285788	-367.2959835324801	-356.7030566019533	-347.41414847765446	-344.37588885755036	-342.6056012855107	-341.3125942665604	-382.11752696392045	-492.78618241925614	-330.4404656242178	-1051.5632424924913	-6069.984958025543	-9862.36207989015
79000	-408.93991453671873	-399.38755985268176	-392.8589839523675	-381.40903587152866	-370.9819169195418	-349.4086648842813	-337.06969383844455	-327.2516825245212	-323.75390657970837	-323.50243722233546	-318.9113870710927	-353.1917409086789	-446.0350999644511	-312.74046303565615	-984.273602441154	-5878.169376043316	-9640.009890933079
79000	-417.39362566985466	-408.8237354953843	-401.2077899261264	-389.26690604433975	-378.7471019414444	-358.0627451666833	-345.695879552429	-334.72880920245933	-329.2116212819614	-332.50112721230755	-322.736327885376	-345.61250176119836	-432.5335138443251	-320.7801309596269	-901.2000205547478	-5648.492934120543	-9142.879965368815
79000	-435.24415712781416	-427.9101812610978	-419.79563062171036	-406.92951903518133	-398.23346151795806	-376.2381967628822	-364.1695508125235	-353.887681568799	-350.13320058221086	-349.90270685780604	-344.4833692091434	-374.2110261526276	-457.9591118329434	-335.19839238639196	-1017.7786530977738	-5783.671397784148	-9424.013309713979
79000	-441.1941465949992	-433.0031806959019	-426.06507263798363	-414.28872441016733	-404.19737084853415	-382.75980269267166	-370.92385769595495	-361.04650345625197	-356.9935361202457	-357.0317456268115	-351.07659435896693	-384.34371097569067	-481.62724302006285	-345.73057374452475	-1015.5280112772592	-5871.716297541157	-9572.990770615957
79000	-442.58071464381106	-435.0699700609518	-427.36739048857004	-416.09135846464005	-406.2113987036588	-385.0129595466987	-373.32661806383845	-363.3626318271391	-360.23475101939897	-358.2566266352306	-357.62198740952255	-397.04453072681184	-507.94476191659413	-346.10887628955055	-1079.9988884646664	-6009.251481806774	-9778.362564959245
79000	-412.9691642740065	-403.65551643222113	-397.1014602835509	-384.2617802017854	-375.3914311864474	-353.8028982979117	-342.0062806444827	-331.4197998928745	-327.51095377414697	-327.83687438248074	-323.28712787620947	-358.38182545687744	-458.2023731349464	-316.7289852116255	-979.3088539830397	-5816.582951062272	-9551.213608828264
79000	-440.44667974736444	-431.3733659568977	-424.26627933498804	-412.7941958968514	-403.11033085981364	-380.7408712042941	-369.78345054824354	-360.73188312899526	-358.18545359759116	-356.21955308107175	-354.53110054658043	-395.6559833908895	-511.1380033915471	-343.94257198116395	-1087.0480946329048	-5956.3068328085155	-9816.616251834597
79000	-428.18162181259424	-420.31848517183704	-413.3118429302796	-401.0952487311803	-391.47618921146005	-370.0378454757458	-358.34824019657106	-348.0148617675911	-344.8347976219474	-343.9772332263556	-340.54765556210657	-378.66397439626184	-475.8563698226531	-329.7202901954583	-1022.3464987634217	-6057.713621225296	-9822.078828233842
79000	-436.73446419384857	-428.4449286860344	-420.4196474937484	-408.70758277761513	-399.1468866115093	-377.76991881092226	-365.5767654875726	-356.0704353527889	-352.03432117536045	-351.5778452909052	-347.39359064223817	-381.0246844081718	-474.17667271790805	-339.409433810789	-1040.4853213105052	-5978.988350449239	-9693.932586538796
79000	-439.0092395316448	-431.31902471623783	-422.78144921530367	-411.351549817697	-402.01889433462696	-379.88200473068775	-368.3096643179709	-358.71368565846467	-354.070803131663	-354.6097650265026	-347.8111370762057	-376.1628702054544	-469.56833935294003	-340.76704758836786	-1048.0011958411806	-5660.039921401614	-9273.667992123756
79000	-384.73954783234626	-376.5564015020575	-368.8682474599771	-357.17322107422456	-347.3506999724139	-325.96423064437147	-313.6262597885933	-302.86126742958004	-299.9646842107562	-299.5067455669127	-296.0601463877013	-327.71721574043085	-411.9133133890063	-285.9570619272714	-891.1955792355942	-5955.2786096352	-9828.358624748973
79000	-457.36030461639587	-448.2753125003655	-440.46694294473804	-429.2560395095961	-419.3259469001357	-398.00808758096304	-386.4891913218925	-376.3712544384248	-372.1920490038056	-372.62073956097294	-367.6925024211057	-402.4577441524523	-513.9499257108419	-359.101962366384	-1115.5794652172424	-5911.414701946152	-9516.526455823843
79000	-456.48630979018367	-448.0776937504469	-441.53817369395216	-429.16043341705597	-419.99881277500936	-398.0775062096574	-387.5973667552286	-378.0619577699503	-374.23431501447067	-373.85900768444645	-370.83302005368984	-412.20381777436893	-524.3887515335883	-364.9327036459423	-1097.8970724274604	-5934.864122960058	-9612.329670197216
79000	-419.8521379955942	-411.30664224359776	-404.04028946331476	-392.76515379877253	-382.65722720983877	-360.6106372179185	-349.6951475813867	-340.4048194723974	-337.6676321355377	-335.0050371452278	-336.3199138453706	-379.0405986142243	-478.73640840229467	-322.96981888473977	-1009.3050542246102	-6234.467856813509	-10115.42092093645
79000	-405.65593931610255	-397.5524670400315	-390.7245067131524	-378.1402822984211	-367.9588735825583	-346.1427568649473	-334.6861458161986	-324.03956590354835	-319.33211562928597	-320.77922637485	-313.5061388689524	-341.8187192819887	-420.90025261355635	-306.4581049620016	-915.5030699076558	-5843.793313901301	-9501.669241769101
79000	-428.37291380716135	-419.2961112095613	-412.7746894319451	-400.40546847781434	-390.6679708118898	-369.1296228059799	-357.89242258433706	-348.00730534232076	-344.7891830065228	-343.1086287857607	-341.577091647884	-379.6047099272156	-474.1370105385858	-328.2248829815965	-1065.5743361074572	-6023.390337950317	-9894.4969898861
79000	-394.81428582456516	-386.6559531872948	-379.11698165816125	-367.5783152959457	-357.33006269154004	-335.47413631876486	-323.83834197689566	-313.11375910022525	-308.1818350735265	-309.68801761210597	-303.8954666571586	-331.7635260423744	-410.86061482757816	-294.7622133000864	-919.7519453266673	-5771.773642526739	-9618.598277323965
79000	-443.0623731965726	-434.74246989916674	-426.60771787528375	-415.75321695643095	-405.5424384476918	-384.0611501311915	-372.0237337902601	-363.1888608808658	-357.71651407127274	-358.20643142279744	-354.3916823073321	-392.04991983741996	-495.13942162819956	-344.2329907381407	-1093.6708073424686	-5987.763087363266	-9693.976013740106
79000	-439.5971919509524	-432.2715891931679	-424.4031051834921	-412.38307269302913	-403.2472324749451	-381.4216653399596	-370.24042822187675	-360.68129452646184	-357.35154956417585	-355.77644794855524	-354.1824403021186	-395.0958359003326	-501.8623217856252	-342.20191382436417	-1106.8225952721268	-5955.31187263962	-9778.711300144443
79000	-430.14085355196	-421.6487844295178	-413.9806597320808	-403.0685873728246	-392.5287508933385	-371.57115319667776	-358.9775907305889	-348.7951104081017	-345.27694383933425	-345.6822426924528	-340.8540131222989	-372.99634869907703	-472.7665817011646	-330.5842335105359	-1022.5500991978761	-5799.6254777390495	-9460.507307469858
79000	-438.7471309921838	-430.12153181290745	-422.59980066359964	-411.07621270441996	-401.00865055652196	-379.216276393899	-368.1553763410879	-358.33891074666934	-353.61786728796	-353.6978783225256	-348.6206244435676	-382.64268510051267	-482.5054689114099	-339.24608407705796	-1036.3666019037948	-5792.307895853948	-9370.44770305724
79000	-441.07215290185667	-431.91568457602295	-424.3313106203778	-413.7238916322875	-402.7568929782581	-381.70475293935795	-369.3624474846873	-359.03055440420655	-355.0285886736267	-356.1502228583436	-346.73499885256774	-372.98551446643995	-464.6983328572608	-343.5527903424233	-1008.708310172852	-5477.485196669519	-8981.909369679192
79000	-464.1726268033262	-455.47116432269956	-448.0947977682925	-437.0378101129154	-427.43001883090363	-405.7733373092605	-395.18120285968445	-384.58418381988326	-381.7622844313613	-380.3048443220819	-376.5370870009391	-416.5569831631595	-541.8159408636001	-370.14074309216153	-1113.5580140105717	-5962.017553522771	-9571.408091029793
79000	-409.0684395402173	-400.56785805680033	-393.2035932546307	-381.54307053600087	-371.3264473051062	-349.9689979848557	-337.344436620909	-326.9114065603045	-322.2687727899278	-324.15265128335767	-316.8178917262148	-343.4739790274732	-421.66305537372153	-309.57109114176035	-940.9052987883309	-5617.688698837229	-9255.879224466396
79000	-435.76714658321373	-427.636980415014	-419.96387870910024	-408.807685410363	-397.90740223842835	-377.44339087478465	-365.415122777201	-355.74015273916825	-352.64283240625525	-351.26423525928567	-348.51458610664486	-388.5955715118759	-489.7755082954184	-339.84863372294825	-1082.6728453328826	-6037.727320927126	-9703.063313633442
79000	-430.69276189336375	-421.6865093975661	-414.99508976571104	-402.9622679319863	-393.1025095826342	-371.07115682004553	-359.31414652347127	-348.5234310381268	-344.5559964208072	-345.8717069322025	-339.0698521079214	-366.28533895311756	-458.3627388831937	-332.88392115806965	-990.1606817430318	-5679.42927515995	-9211.61691950756
79000	-404.89863949553626	-395.8642503871651	-388.5753916003244	-376.96033734490675	-366.85560470216404	-345.36098812288543	-332.92568750940404	-322.58124513157014	-318.40978300020043	-318.74553007150627	-313.3903661839102	-343.5638852712082	-420.96335131953185	-303.73116139534824	-931.6221773949729	-5917.302455942477	-9730.207631906336
79000	-473.8962587967191	-465.3656582154183	-458.0378937272429	-446.0849218631723	-436.22582279133604	-414.8709748379156	-403.7699369081386	-394.01141158428896	-391.759594092982	-388.98094701309174	-388.53633153604915	-433.8652426708142	-538.7472196779418	-373.5365754786906	-1210.7380276828592	-6221.309323303039	-10051.891631276008
79000	-424.42108894068843	-414.95285719822806	-408.1353965149804	-396.7500161902659	-386.6800250827835	-364.64124564672267	-353.6209155801332	-343.50065379638875	-340.22730115790233	-339.5227704545328	-336.7410963318272	-372.8377058789935	-469.5193197045713	-325.92127065607116	-1018.1368318601361	-6014.122844551932	-9780.463316511177
79000	-483.8869870492021	-474.8644611476325	-467.684869348517	-455.07090370401363	-445.8096823037323	-424.580510624585	-414.19931254480633	-404.6934016289342	-402.96014029558876	-398.5905759171646	-401.46639863528884	-454.3747931202357	-571.2609685528165	-383.79507017948464	-1280.964080115202	-6635.681746807616	-10570.06256820178
79000	-458.45639583035353	-450.2926561816124	-442.89572026023865	-430.7648722132881	-420.78736919097	-399.1334593688006	-387.5526683490029	-377.3530019797666	-372.5833585906209	-373.57069004408316	-366.21577377055837	-393.2680700251761	-479.9453849395856	-357.5517618468033	-1118.2790996141412	-5723.250318301145	-9292.251507466006
79000	-438.38270853141296	-429.02565101746814	-421.6857177431311	-409.56225581265255	-399.67902851300875	-378.1570987834861	-367.860251715008	-357.5511797645843	-354.80666017143136	-352.66372216349686	-353.05248806854723	-396.78702549587433	-505.3305569486969	-339.255817070213	-1106.0317863000741	-6392.394289874448	-10220.789148175221
79000	-440.3555323386965	-431.4673665070284	-424.2421131340215	-412.41971945401474	-402.88840945312563	-381.337643246623	-369.56961259186824	-359.70587460167235	-356.0244064418081	-355.2677121396487	-351.37501935068525	-384.4294797978098	-481.74438137076635	-344.0547579575427	-999.9394509296997	-5858.8021572544885	-9467.887253625737
79000	-429.2401396693212	-421.05658314890866	-413.15533954795325	-401.7764805688362	-391.4408404763343	-369.8973406481166	-357.7541836130322	-348.26442297823013	-343.9540776125881	-344.27516360264826	-339.0597616568415	-369.0628398005633	-460.1384657902997	-331.5060432273504	-997.5127071396803	-5702.067741049621	-9377.756413882269
79000	-434.2333025325718	-426.1653710245509	-419.1139890955099	-407.3965568260933	-396.89320808857497	-375.7011393265809	-363.6100708664451	-352.9161105413733	-349.48144973870745	-350.00143578658515	-343.81112759305904	-373.8992767760323	-460.69247649324416	-337.6536312691346	-993.747937226933	-5789.765820206575	-9470.728681147057
79000	-416.91228251644134	-408.1330913198719	-401.6695063636367	-388.95787142788834	-378.9723909463779	-358.30986493265834	-345.45893298361193	-335.8598926552433	-331.79127824256494	-331.036627958766	-327.1218501294703	-357.6557979144421	-442.7126616129427	-316.9725892057929	-986.2457264787408	-5853.011123733752	-9598.279920906414
79000	-453.1804538420887	-444.0969919824546	-437.1501656499782	-425.83930596571633	-415.9468102072119	-394.0101381656651	-382.2394134902365	-373.2335937650656	-369.59341107989394	-368.72200989460583	-366.760039414157	-405.5248989115494	-509.9526441173105	-354.6915914785706	-1109.1177769065905	-6072.513842571237	-9848.635616196547
79000	-417.1395986736482	-409.5030336392616	-401.95383091012656	-390.3637125774982	-379.89550378491913	-358.699398969409	-346.2554797172517	-336.7520114967914	-333.3296681911792	-332.00521531941394	-329.9536158063883	-365.41976204137706	-454.63094360971746	-317.476778045525	-1034.7208669526688	-6154.20377889749	-10071.370539732085
79000	-435.2925425233354	-427.3368199837108	-419.82401792365573	-408.72631280426947	-397.8265314587961	-376.7115728779079	-365.2536719934517	-355.4501593901644	-352.72031952778315	-350.91853852944377	-350.28182196366356	-392.6783299572349	-504.5677077351218	-335.16677517950814	-1106.179065451354	-6395.931746626414	-10309.566865919667
79000	-431.2927410971898	-422.7412763836289	-415.65784447834204	-403.2408966608913	-393.92660792570246	-372.11208873167897	-360.550350242162	-350.90101357578135	-346.7953621151864	-346.5959305506279	-344.6158467337952	-382.31150593673607	-476.29856849559764	-330.36715027932377	-1094.4320662636794	-6145.88868877684	-10033.968155729617
79000	-438.13355786551216	-429.7889868947662	-422.4252202831918	-409.8114184226031	-400.138858376579	-378.48918333605553	-367.1372442782678	-357.0752384442532	-353.103904795387	-353.07381548052484	-349.0002846782549	-380.86615632984604	-475.5776296692331	-338.64806048069363	-1067.9754926002581	-5874.818629794842	-9481.899297263742
79000	-420.91968099181247	-412.2159349262068	-405.2791381687562	-393.10751121337205	-383.74335939080447	-361.9257749089368	-350.15889654982243	-341.0530062992005	-337.5699864906432	-336.4323661773514	-333.7795724072905	-372.94819672777373	-471.23999471166695	-322.3650192886641	-1022.2536155131681	-5920.220430235951	-9766.36609984839
79000	-405.7031590631294	-397.48032158900054	-390.2952091146239	-377.94231305932965	-368.2725148241943	-347.1063472774682	-335.39895236580594	-325.1065581008701	-320.9446784184856	-320.60871792227016	-315.09229613453425	-347.20337557122525	-438.9768981159988	-307.9849494657851	-985.3523905373318	-5787.039912276771	-9555.743698833816
79000	-416.5450958242901	-408.74770708035635	-400.80690339368977	-389.14079763475945	-378.40467765791095	-357.6237334973974	-345.7228913947822	-335.0708961236276	-332.02029065709723	-331.75344011271415	-327.12918503227513	-355.5968158346715	-445.8127172189198	-317.7623050539264	-989.7340139830981	-5727.5083220095585	-9365.89849170991
79000	-447.14705364777836	-439.4024740709501	-431.8860130985043	-419.5184100608192	-410.6231474194823	-389.09472229216095	-378.15126483162305	-366.9258658101626	-362.8551480240295	-363.13151984754325	-358.2997399965654	-393.756506799168	-506.9416885789679	-353.57670783703253	-1067.9088893939513	-5828.150397164544	-9444.770796946383
79000	-405.4821626651305	-397.357023445494	-389.96664598764386	-377.4922943590841	-367.2271939084789	-345.72111548642295	-333.81457743546673	-323.1669529930932	-319.4078741135088	-319.8706534359439	-314.52930067697656	-343.09371204133447	-420.91141583519635	-304.8751929484534	-945.4809906712615	-5859.5992484892895	-9526.90645644586
79000	-437.06166323951504	-428.95835400680994	-421.4147106068695	-409.66407127111904	-399.8494149137358	-377.9997940181498	-365.90622664672105	-355.98815191046765	-352.9713290263607	-352.38645905617335	-348.6496449043976	-381.6747247735174	-467.6900081130929	-337.28250670258234	-1023.7396072656677	-5922.364842813069	-9617.271994210103
79000	-435.70080469791407	-427.983518329834	-419.9455252344057	-408.27125601137027	-398.504816228274	-377.06887369747	-364.8009524735358	-354.07744099700767	-350.0902351363638	-350.5133768686799	-344.43568107518786	-373.86736500419573	-461.23027710416693	-335.03430975361255	-1019.2278409428673	-5850.973746049634	-9455.251782320966
79000	-452.2003083210229	-443.4449298350428	-436.3444444005816	-424.25579106465557	-414.2229103448644	-393.41694034431987	-380.54638876368466	-370.54946953596465	-366.8897409993693	-368.2678757755621	-362.30013520440906	-395.49169308673544	-491.876690013011	-352.08309731179133	-1101.1993747682425	-5897.60224143787	-9563.654037904347
79000	-427.7077764144578	-418.6265397890642	-411.81421206690806	-400.3458292767832	-390.07615789282073	-368.52453429794485	-356.92408243306875	-346.4286920787865	-341.4748857854432	-342.8740698678202	-335.2723638424043	-361.78172860613597	-446.3462082843934	-332.2139910562125	-949.2882464185475	-5638.396506685366	-9262.418273512314
79000	-440.9221256249461	-432.5021138998981	-424.56664350971727	-413.2087665596706	-403.4687565067582	-381.6024883999482	-370.203775821887	-359.81209111828707	-355.8501693283419	-355.65685461432247	-351.68472229601815	-386.84159955290903	-478.10396486461644	-340.1090771592815	-1091.4402477721906	-5995.786904257777	-9809.349879699685
79000	-449.2148385099196	-440.6009343347704	-433.3496137266333	-421.94169514134114	-412.41687032933294	-390.4802731765068	-379.88836695953876	-370.41389148675637	-367.40601751655464	-365.425411337586	-364.40249573717347	-406.59596005860175	-508.56666466720924	-350.2381643063119	-1126.4537716179577	-6067.75805630696	-9923.501116696041
79000	-471.25222983341706	-462.6404675649982	-454.8518545780948	-444.126874723525	-434.12425122548433	-412.58726265397524	-400.8953062207558	-392.4901154760431	-389.94121639214586	-386.70604377746326	-388.0292104782583	-435.91096603848683	-544.9192429000155	-373.7483814836812	-1171.3705895793273	-6326.482094793652	-10146.56400882443
79000	-441.21145251666957	-433.94231137840086	-426.2374438603785	-414.3294091689645	-404.86067884723025	-382.19065137316204	-371.82164139703843	-362.9551868344639	-359.5888759918808	-357.64963168209334	-358.5976391081124	-401.15263030828714	-509.2652269979783	-343.14680122782414	-1122.6757726011933	-6326.817340446097	-10234.878957970233
79000	-439.2229768987582	-431.6527083642373	-424.00426372934254	-412.0017016542895	-402.355256795289	-380.2099564013562	-368.6607292179604	-358.3904510580095	-355.01643287295747	-354.0082078712687	-350.50272062601465	-383.92371195187087	-473.49480920181554	-339.1086265427015	-1065.1887339812931	-6072.932031458104	-9854.175681030754
79000	-493.09417036291376	-484.8275932581851	-477.90146757721965	-466.7098386739816	-455.7410563625541	-434.8596084144415	-424.07374839206017	-415.29887469270994	-412.101086925926	-409.4124281688218	-410.14516771262936	-460.6560737935767	-596.3158837025142	-399.9595886002875	-1260.0555452257377	-6461.316994380276	-10228.334091336592
79000	-465.1582491652799	-457.263852957625	-450.3440673614595	-438.82824970210265	-428.4621104150502	-407.414878841391	-395.3703125666289	-385.62789558185995	-383.09804455365725	-381.07287528882574	-380.8405624794072	-422.9839789771196	-530.0221812661398	-366.12827637111445	-1187.1774743415704	-6303.241883869036	-10144.16415517898
79000	-486.23957529382443	-477.2955285508336	-470.5490065952618	-458.6799198500237	-449.33752152582605	-426.94879532978	-416.84652983688295	-408.1441196212493	-404.7871145282188	-402.296252002212	-403.43739607406803	-452.3153178625567	-569.6552789848661	-389.5175131568323	-1237.321330752269	-6287.891482982678	-10029.06382425393
79000	-411.4843108018668	-403.1598153344105	-395.1122615005517	-383.1331306813986	-373.2723268485731	-351.7326974624021	-340.54240490487626	-330.3179244043506	-325.4787665834764	-326.2497408826366	-321.8068476749505	-356.1315484908821	-437.0101978921212	-313.5163053679616	-933.6792898538384	-6057.483905546976	-9772.697373739637
79000	-399.60049000622075	-391.075799704211	-383.262713872726	-371.15533645763094	-361.4337371540145	-340.3337573199416	-328.0490806327537	-316.99576992535515	-312.3966745440751	-313.20598892332185	-307.16997782528586	-332.525343515394	-405.29927872872565	-298.91078081984415	-907.6170606897587	-5909.550670890392	-9576.113853438983
79000	-451.22722653605075	-443.82267450142496	-436.56542596032244	-424.46729013547406	-414.4436224241179	-392.87661542703984	-381.355889941421	-371.7957271366457	-368.94407686061993	-367.64612051848445	-366.14599067425985	-407.6383740390098	-514.1240104113333	-353.63292862056824	-1116.1640953685126	-6182.629804897363	-9985.430128718966
79000	-421.0935112066219	-413.5038583449945	-405.5450087026649	-393.6452893171788	-384.5008362840148	-362.1842702897698	-350.7708051587496	-339.85661246611465	-336.94498514291485	-336.2981383810416	-331.0911464137113	-362.5600111594273	-449.81579271233187	-322.8503252325018	-996.1257189917586	-5999.925281863872	-9756.057216414125
79000	-424.51410561294216	-415.89618847216764	-409.11407825184784	-397.2046744583497	-387.4464732836134	-366.29780096033153	-354.087427995026	-344.3785975560911	-341.005089302174	-339.7803917538877	-337.7464414784103	-372.7436010445676	-471.5911688048295	-326.813440407613	-1021.4172299951824	-5958.942858795657	-9815.100852341951
79000	-428.9281064897295	-420.7479314913589	-413.1142570115364	-400.569981292373	-390.81691241741385	-369.7464018442879	-358.14668424579526	-347.4069823085618	-342.8791232674576	-343.6978409932282	-338.415975539446	-369.83967074486054	-460.34449170236553	-331.0225619663035	-1009.7799415434419	-5919.6170321256295	-9490.778142202349
79000	-453.2043201839709	-443.9995287530876	-437.5269483224769	-425.2139977148795	-415.52182362905455	-394.04225351747203	-382.20661966213345	-371.4551584510017	-367.81974722091525	-368.01021329422224	-361.5621772782372	-393.31568539970647	-487.2473010570397	-353.723436820274	-1085.0849686197416	-5895.357627502367	-9438.354431193953
79000	-461.666915348548	-453.0186742026851	-445.3761542219459	-434.15507725656005	-424.72781860177236	-402.30275093520146	-391.35676911181366	-382.8197670630387	-380.24543449593307	-377.088919775674	-379.42491209219554	-427.2374431393327	-535.7780640686626	-361.5650318287748	-1186.814886468943	-6462.106665318062	-10399.225548527651
79000	-402.88791355808337	-394.52163093817416	-387.8881051599705	-375.54113571869084	-365.70251120748367	-344.72622283371413	-333.58137056952995	-323.07381252483293	-319.97078770471165	-319.045324419792	-315.9824607314521	-354.0932683574054	-457.0474330093284	-309.6475114349114	-959.9065737280746	-5905.293254806731	-9858.83071375756
79000	-446.78104536768427	-437.1173791101795	-429.90742952034253	-418.33203771475644	-408.29575481367357	-387.44344875248464	-374.73316110491817	-365.2537200836118	-361.82382333121785	-361.3678672023114	-355.36287262196515	-385.374407645705	-482.3483128452815	-348.5282483936189	-1011.1187891840474	-5703.104878520011	-9343.576294288054
79000	-422.2854769703386	-413.89342410375036	-407.2530061139317	-395.03883880033015	-384.6952451793062	-363.5447561680995	-351.5345155649265	-341.86708903191925	-338.18052941026144	-337.4180467767772	-334.6587417518459	-370.57475887823597	-457.6587007398027	-322.1731811746286	-1018.4819203596663	-6244.77537145168	-10012.171368484333
79000	-421.4108610767021	-412.86365003895594	-405.2090216117494	-393.45085058393227	-383.35638014356584	-361.97212387568413	-350.35327244746503	-339.44961484632705	-334.7174343128522	-335.99342024056403	-327.93886144930764	-352.3749454550396	-434.67718490200224	-326.1304569722554	-935.4162255915738	-5657.981039852238	-9269.521625134086
79000	-460.3350112119525	-451.6078408063965	-444.3397848652757	-432.0740867093749	-422.5386076879115	-400.9090227248704	-388.83135753588635	-377.718308370126	-374.8341972509083	-375.1003838999913	-369.427214184447	-403.133199563701	-488.99197692667053	-359.2455590067505	-1093.0220272725035	-5928.311373233205	-9514.943980856193
79000	-417.6291100042897	-410.0976530521898	-402.87094536306523	-390.54648199979454	-380.4750062682695	-359.07333597318666	-347.9422880812134	-339.251698642969	-336.2324461573381	-333.58794238443915	-333.0156706917474	-376.74631205880115	-477.4155451609593	-323.3811805373254	-1018.7265604923496	-6032.4420417186275	-9943.275013988827
79000	-432.3607667306003	-423.3214156241774	-415.4553096594164	-403.6781570895197	-394.0376321339648	-372.62483156247316	-360.5901843305771	-349.9935014738305	-345.54671463570105	-346.8935924163394	-339.0339222212485	-365.6429406559823	-444.0923324488852	-332.8736872057142	-1009.9177493348711	-5779.739467406418	-9491.693013906504
79000	-432.36239125116595	-423.71321020574106	-416.5421538802946	-404.5728399713847	-395.6165595173942	-373.654182084477	-361.806876112739	-351.7127735704516	-347.9561100758592	-347.5738211103123	-345.071335776516	-381.85301919297626	-474.6913933834603	-333.2436016193057	-1055.9668220254093	-6147.426107632818	-9900.614272380286
79000	-447.4509230373333	-438.883062053775	-431.3696579387583	-419.58173038243694	-410.0867093055302	-387.6660673959001	-375.8772290983656	-366.6718116170318	-362.2303935089511	-362.570068472302	-357.17522387442847	-389.50975017927317	-478.01981356669313	-347.6778766838807	-1068.4366228045005	-5904.4848832321395	-9521.459624676732
79000	-419.7096077628143	-411.5025681101991	-404.40129262707507	-391.7445695831225	-382.31755642247686	-360.7347677081009	-348.24984391358635	-337.9627179428493	-333.86470311700225	-334.81645030532627	-328.56678032017805	-356.7532545456428	-436.1785195723558	-319.3068960440145	-998.2339806101838	-5751.58334371602	-9493.878962806966
79000	-473.3113431644078	-464.7621788623468	-458.3176412792299	-446.1984398829047	-436.58796160659944	-415.02120712719443	-403.5267088754242	-394.18663253334194	-390.8056613257854	-389.4957886348639	-389.98920998009413	-435.2078468833971	-545.5309001993543	-374.30625825565824	-1205.655762172486	-6141.291130392672	-9945.950638813456
79000	-416.3168192877502	-408.2726545706964	-400.6443565116519	-388.98155985196377	-379.59086695505766	-357.6891318960678	-345.52072751867087	-335.44119212730334	-331.40632221461755	-331.2437117478698	-327.2615889863123	-360.8597461372786	-454.17417323036756	-317.09939060930986	-1004.3859400661017	-6021.5631778375155	-9704.665091667728
79000	-457.38355141756495	-449.33277765235346	-441.61717347167115	-429.5565399927175	-420.59365354232824	-398.8701098381599	-386.7527378713056	-376.94681738147483	-372.8699754637511	-372.4414979838417	-369.2756299127744	-404.18261046237853	-496.50246221018074	-356.7612844176372	-1116.6240346972645	-6047.264761427548	-9753.527920005823
79000	-433.74033656029	-425.64883617506797	-418.8199049980422	-406.48298204754724	-396.7573074887641	-374.86154503275515	-363.64933006343966	-353.41234093724967	-350.4774100130983	-348.88021425760996	-348.46447734446645	-388.16724906748505	-486.6340726619785	-334.8081683865578	-1096.5044443828067	-6216.435316943278	-10211.906330128388
79000	-438.52713046654384	-429.2952673920231	-422.964423020727	-411.09618683925976	-400.377594286947	-379.61666086388624	-368.23839888188223	-357.82064911884237	-354.93967707647533	-353.245912691082	-351.1623476650822	-387.6124585486713	-499.13486163513755	-343.62765866504066	-1066.6189669608798	-5777.683768898665	-9548.896172346133
79000	-426.40903460270414	-418.3981104551999	-410.85321794572604	-398.8628791784997	-389.14990144327334	-367.24183792026975	-354.90543925152883	-345.40528469004784	-341.96077726697393	-341.2629380088893	-336.98642964269493	-372.11652821049233	-459.84711975503	-326.4707326682742	-1024.2800148865747	-5923.142974252606	-9635.262779452518
79000	-407.9921595287724	-399.4601856885983	-392.79566909096644	-380.8210159475103	-370.87943024948464	-349.45636157236345	-337.84458036852897	-327.62676567368646	-324.0963365589673	-323.6983518097631	-320.49292767221175	-357.97720229526556	-458.3343297458951	-311.72825605631357	-989.5355092393746	-5744.701279993725	-9633.387984097817
79000	-414.9155061177992	-406.28421748440866	-399.1443817196803	-387.0624762911083	-377.13578353417097	-356.014652040267	-343.51864330350634	-333.7514640404109	-330.18243023924833	-329.3597662839942	-325.4911450311839	-358.2619084928356	-444.8581995282768	-314.6358739027522	-969.6082111262082	-5960.916805549048	-9738.998272086325
79000	-425.1358943796103	-416.27208010784085	-409.0721053677792	-397.0727630607963	-386.8684430965602	-366.56656675913734	-353.28489711218134	-344.30791728082215	-339.82287285812436	-340.46200250157216	-335.7303815396502	-369.0077898502549	-457.8206402778606	-325.4107381474402	-1023.4934761677276	-6025.270115864907	-9804.6733399044
79000	-425.6807081893195	-417.6907129387569	-409.78918294866077	-397.27289805318105	-387.82591966286816	-366.61037428243225	-354.53544958316155	-344.2327611448689	-340.39349953597576	-340.8136339830875	-335.1325572123599	-366.18642456892985	-452.92449362913123	-326.33266380927574	-994.2123163392778	-5801.492101694704	-9472.787111142276
79000	-440.95745628518455	-432.699368807936	-425.86316887688855	-413.1061620456296	-404.1527738159343	-382.3968930420754	-371.3101665441281	-361.8036270444625	-357.9433374960463	-356.63424497600744	-354.20104269874764	-393.1630568553435	-488.76761169980836	-343.084339569293	-1065.8771924953282	-5984.049593351023	-9847.61914330587
79000	-422.5739952564229	-414.13193207924706	-407.080089846932	-394.8591288843554	-384.53050863486476	-363.95874517420947	-351.2823367041796	-339.944969322613	-335.9691956990006	-337.4177036994814	-328.2693752204181	-351.2554924195427	-432.74638044341987	-323.37703888001874	-933.9188307007648	-5773.153078365841	-9301.170086048909
79000	-418.1921820882825	-410.00018271403724	-403.2277117393242	-390.5912177562651	-380.4853872851319	-359.3723580450389	-347.91413196922076	-337.53296255583354	-332.87441027442634	-333.1045068634082	-329.05519097372337	-361.3841290288378	-444.4545803308715	-317.8320254288368	-1005.4842986719549	-5920.41486288373	-9754.902292920737
79000	-428.27346480610646	-419.65861887473494	-412.81152804213053	-400.34374639986436	-391.47939920147724	-368.69597448739944	-358.25332911615305	-348.15671899658327	-345.87007444306795	-342.88583554661847	-342.18970290891855	-382.39245538869204	-485.2089056000844	-331.4880719494793	-1030.1359321140349	-6224.221518033537	-10009.309794503351
79000	-438.0231074736198	-428.88982813447956	-421.5436405471809	-409.5139205838541	-399.52398840767097	-377.85486855342344	-367.02997163398913	-356.88586806785725	-353.4733553274402	-352.8097031793267	-350.78061730097824	-390.65326799593737	-483.47334134940587	-337.59392525107364	-1069.5403167782438	-6300.365151435051	-10149.419102213857
79000	-397.03429352364884	-389.5693019625169	-381.5967025620959	-369.3078069756709	-359.14288326989714	-338.25138407458223	-325.52077274325956	-315.49616877555474	-310.38828168358935	-311.96788410736843	-304.843659492108	-329.8354721855833	-413.26350919005154	-298.3600429801848	-906.0307293806343	-5783.633540984845	-9556.515681096214
79000	-445.0481934863527	-436.80767675269976	-429.3110224094243	-417.45949446558996	-408.15742578762195	-386.71991048464236	-374.47198989986333	-364.5893781055419	-359.3172732372321	-360.3825743653068	-354.42064586185427	-385.8483835230965	-476.88806737370925	-346.2962934379092	-1053.6352561565989	-5824.898462681105	-9457.906970279571
79000	-447.0721788051264	-438.7060418015489	-431.5663161976617	-419.71310913925515	-409.740115228818	-388.6425511014474	-376.36915951237677	-365.24924771463384	-361.6690992068284	-362.0411244016285	-356.0937407667858	-388.77146618970295	-487.20760578645036	-349.28914689152003	-1066.0957952838012	-5840.935797019317	-9483.714633604393
79000	-434.3167636523363	-426.63812760295355	-419.17681420349635	-407.1576622976511	-397.3361638454372	-375.8573718600258	-363.9523409250825	-353.22120114672424	-348.532105588926	-349.99025602811497	-342.7410996017779	-371.296445234088	-458.1153270813774	-335.2430108383435	-1050.4165512577815	-5697.580805340835	-9362.587006354594
79000	-403.6917666957274	-395.0622645239858	-387.5668747827561	-375.6477311524351	-366.0461681408884	-344.71762240483343	-332.43076851621646	-322.3300025423382	-318.59524743455495	-318.4240799970175	-312.2969334895617	-343.5433959648126	-424.1718105650579	-304.0070125291398	-938.7645067837896	-5854.700622069126	-9670.466639490189
79000	-461.35139240150045	-452.89182765150315	-445.5264798390062	-433.60488767232766	-425.0163905704265	-402.41445232144935	-391.2596701608561	-381.6419002373926	-378.4039415001429	-376.9956319754599	-375.69444076429505	-415.1179258460764	-517.0632862490048	-362.37868174266646	-1151.7051906185247	-6125.888944056518	-9801.231612662801
79000	-421.64497632736754	-412.52555506108047	-405.29073238035704	-393.49151332958934	-384.2005168661632	-361.5160529586315	-351.3283501601764	-340.6255485323172	-337.00774369608354	-336.5020647194878	-331.83194603579636	-365.42915078261	-455.7274451938812	-321.8323329792515	-1006.3680885354428	-6066.031635667865	-9747.581567643829
79000	-454.4803705217953	-446.27384302570715	-438.7338324762149	-426.39501132314535	-417.52055625754224	-395.34270565785454	-383.4395003420351	-373.21423241674137	-369.6239206119093	-369.0527228440058	-365.16038017052523	-398.5421874631109	-490.2206544813643	-354.8696756519889	-1139.6111428173144	-5922.490735883357	-9586.32912229841
79000	-378.3208184593186	-370.3127150173588	-363.39621252722264	-351.3281497742614	-341.30819166535736	-319.7729086433924	-307.2544425454039	-296.95895268525675	-292.81470000360474	-293.63879371488724	-287.94547515975546	-315.8712445263972	-397.5870068149523	-279.13318659851353	-867.8926516658089	-5871.808783595396	-9655.210193504876
79000	-424.4882849617194	-416.2126029885042	-409.1711959646561	-397.7564223480043	-386.78050548576044	-365.2200038596786	-353.60594034734606	-344.72672209030566	-340.7082407596579	-340.69665145827673	-338.2738499272781	-376.8556805242688	-469.8434280607536	-324.2876990422459	-1044.1977107041362	-6247.826852122884	-10154.427968514703
79000	-423.2333627369046	-415.30266703989844	-407.72880036225223	-395.80494776899104	-386.3112250651007	-363.95998155090825	-352.7616238693334	-343.41910169458004	-340.62927916035767	-338.65962078833104	-338.59348250652914	-380.13741293413966	-476.8003121370116	-323.32273935867624	-1055.5968739603916	-6407.009472916524	-10247.379662059884
79000	-412.0385419135048	-403.85613602827107	-397.2375328008921	-384.47607516033474	-374.3754836905065	-353.64895800053057	-341.11912498811716	-330.30025487303664	-325.55640849892256	-327.3706761797719	-318.345826245577	-341.31005696111276	-422.00779339020994	-314.0867678869103	-906.4812075055711	-5554.242302124998	-9118.567684915368
79000	-419.8991406838495	-411.56936066360345	-404.6013328486676	-391.96624080678373	-383.3561012310919	-361.647293054925	-350.13064954073707	-339.9813910149913	-335.9439038669876	-336.4106745974893	-332.9859906623997	-367.78328142784636	-460.48014033533053	-321.20807593851106	-1013.2394427376923	-5971.075089893088	-9851.300725276364
79000	-426.2978259576551	-417.1401736952193	-409.7515128042082	-398.89349474333494	-388.8057324442237	-367.18523278436226	-355.8716895062464	-346.4618671358695	-342.9581891398106	-341.8445564327398	-337.75394990877544	-375.8751652160949	-476.359298183536	-329.02140757713295	-1033.6076450573228	-6008.271650341105	-9747.4565393168
79000	-444.5544200164941	-435.74281616757474	-428.8210330996083	-416.30117355714947	-406.9700077591108	-385.02106948761906	-373.9325998954752	-365.13437846011857	-361.65840313688517	-359.33641594473755	-359.8731332225527	-406.15991485355755	-511.43844275468285	-344.47686248229274	-1139.8866372235002	-6253.762614492962	-10235.446678381288
79000	-417.0864167456151	-408.6427869073582	-400.89429710802773	-388.947005184973	-379.06387374167355	-357.6289154260822	-345.492986895812	-334.91436522974186	-330.7451474982576	-331.80446847283935	-325.65195987389427	-353.6369090197668	-434.90343214674454	-316.1873905584501	-996.1488958917491	-5832.674041917345	-9471.874486491113
79000	-446.9013081275826	-437.39024468843616	-431.0628287396872	-418.6027497931045	-409.00241429886734	-387.8327720376568	-375.8367084809205	-366.89552511391844	-363.1886964538453	-360.9013350118873	-359.4833349975459	-400.92645517282307	-505.7805544821925	-347.4292689026744	-1105.522967043628	-6116.34331346951	-9855.623624974622
79000	-406.95348992830947	-398.5373193507357	-390.6098319657146	-379.24552864369275	-369.0713937932127	-347.75372693694123	-335.8623299024431	-325.6557004813659	-320.9769761311285	-321.8421676783275	-315.554929962315	-344.6233756749315	-428.64189420762614	-306.7400422394223	-978.4440641200871	-5903.4015442307655	-9674.709207939968
79000	-418.2734720999411	-409.80684242121526	-402.8538801489519	-391.0518488005273	-381.2509136010761	-359.37518214744244	-347.64076426051315	-336.3115140006694	-331.13301317637723	-333.4301914226236	-324.40872407739926	-348.2442476762955	-431.8005609979187	-321.6023287570226	-915.490957472625	-5683.9479545378335	-9314.353785484722
79000	-463.01671903085537	-455.6590515969557	-447.323566021516	-436.14663332526175	-426.40401389558485	-404.75827945470286	-393.1222002229916	-383.37111391604094	-380.38745999574417	-379.12216651490223	-377.64326155052237	-418.31560006591934	-522.6219489013068	-362.7912213618705	-1171.6290517095897	-6250.947604219915	-10008.122536531086
79000	-423.68325015124606	-415.04523372679887	-407.72669689109824	-395.4075627337843	-386.0381852384686	-364.4469684519204	-352.29133859101916	-342.093165934208	-337.8548705388884	-338.548781914827	-332.58975839271216	-360.91530933574955	-444.91068685374756	-323.9141561505059	-964.6514261927341	-5739.339848291049	-9330.133361987948
79000	-421.28777376141176	-412.45327795403637	-405.13694372051583	-393.2632108614107	-382.9681065105296	-361.8822376359041	-349.92309251502087	-337.97444351343324	-333.8055430998662	-335.88564924363874	-327.6745313585625	-353.05518378598913	-427.7608432711816	-320.6246092119876	-931.5579622237216	-5927.553831895579	-9442.179642065903
79000	-413.66657070762625	-405.327946471849	-397.61240608144175	-385.4707809060402	-376.15736968176225	-354.5741939663306	-342.9370639787664	-332.7092688778372	-329.4823149218783	-328.57898219549895	-325.5776686627038	-361.0475512415218	-449.60257885944105	-315.2780543633008	-1005.7320731926794	-6053.663080446134	-9898.325407081033
79000	-427.6012361276324	-418.9325416398744	-411.736079243079	-399.7778295993397	-390.62703044647714	-368.48358537515594	-357.20831885057265	-346.29324932790297	-343.20783804248975	-343.53290699488446	-337.31140073935484	-371.12609092836925	-461.2627523022668	-328.8084918265994	-995.9688258793227	-5762.840294861043	-9558.836274329735
79000	-415.7908783441377	-407.31216574162255	-400.25468872596906	-388.1507754575109	-378.6487163704945	-356.71166077242157	-344.3782382923961	-334.2242138847597	-329.82826318846463	-330.80290553104516	-326.1816392781164	-357.2523996809586	-448.53764702554514	-317.77266693522404	-962.9690845393443	-5998.501233740604	-9719.52448766318
79000	-412.9409656093499	-404.3102009920703	-398.0530445851063	-385.4014344715422	-375.00452946497205	-353.63372991265123	-341.79017177101616	-331.7755745408627	-327.69420781783583	-327.71448213266575	-323.6738423404423	-355.2783067979606	-444.1312845801462	-312.6470864049661	-1002.3359478245059	-6038.3253435498455	-9754.338640074544
79000	-448.27620015032073	-439.4009057127968	-432.5274964616868	-421.17486479772697	-410.4516161863345	-388.92193715386867	-377.56498251354697	-367.225278715794	-364.21436253613365	-363.81557870196065	-359.73884203198776	-395.3323411964821	-492.25278829194986	-348.199670365035	-1061.2104148755723	-6065.4425207667755	-9833.634013582956
79000	-451.5937184980806	-442.7932956609424	-435.03813883266724	-423.1495295450959	-413.61651932979277	-392.2761992551554	-380.3136133938434	-369.97244630424615	-365.0728020155188	-366.25726414473036	-360.3685313655766	-390.71407160346587	-478.6184190499946	-351.1500281045106	-1094.3525363882459	-5795.4769768722035	-9503.953020945874
79000	-439.33465671097616	-430.3234391646985	-423.271207181733	-411.5612720890498	-401.3620784711536	-380.1188988568047	-368.12644311174273	-357.50773074539086	-353.48446397682864	-354.16439033103796	-348.8604063080626	-379.1177459425976	-470.0161358246322	-339.86372243937166	-1020.0512516287597	-5780.059976283904	-9428.19901283739
79000	-444.2368362567531	-435.6852445373553	-428.31419792151377	-416.4785371050082	-406.80664919843696	-385.1767880647489	-373.39847591001626	-364.032403241612	-360.80993911841296	-359.58484575700885	-358.0982201691482	-396.65601960407423	-496.37640049495633	-345.83397018435033	-1064.941611551939	-6182.698075338996	-10012.264803474793
79000	-441.0230391160211	-431.74423437059926	-425.22777173491346	-413.01638947484	-403.1077180937883	-380.9703745913611	-369.9176350246576	-360.6849964139532	-358.16043096913296	-355.7960355875216	-354.76964558874164	-397.81767515037046	-497.55253884505066	-342.09186573690977	-1110.3438621751593	-6235.640243119568	-10131.871118028912
79000	-430.7885266873498	-421.9247595703662	-414.660980183983	-402.80263219904145	-393.5029615735946	-372.0227091572799	-359.68198561974765	-349.7175057156745	-346.27023176721343	-346.509599952898	-341.26749135863196	-373.54147421453723	-465.1072676103035	-331.8665483653607	-1008.9353371182691	-5901.265354251408	-9585.50883669581
79000	-398.25722483698473	-389.47523975051126	-382.3795023489866	-369.83463976008636	-360.1722275573152	-338.5916795065923	-326.85760760293573	-315.75173969886106	-311.5127977541546	-312.57246496479286	-306.57705016735235	-335.8651527681443	-413.5550666080078	-296.7535660859022	-966.0030017293527	-5989.202652768363	-9721.136587020812
79000	-408.181787004866	-399.62065418736927	-392.460177454812	-380.3365652032646	-370.5443002107213	-349.55555519766466	-337.6056712604839	-327.1386419553313	-324.1727175210916	-323.03493856968333	-319.4369647041701	-354.4101656373759	-449.0586953261968	-308.6563058367409	-981.0972898781722	-6038.916434104935	-9791.437928047175
79000	-424.18187743436516	-415.0523702585124	-407.66106780184003	-395.6021133665988	-386.6641981085116	-364.72577151045584	-352.73390863806617	-342.35754287153185	-337.8901484925165	-338.28085967951824	-332.8355788321419	-365.41403350906756	-454.4078360643413	-324.01890159636173	-1008.1514204983764	-5855.388609955173	-9468.041493644447
79000	-414.85056883297904	-405.8530074914126	-398.8664325666959	-386.5330819224405	-377.00948403057487	-356.1108795844239	-343.1666651803891	-332.3492998178764	-327.32320550711745	-330.08346868332234	-320.6326828690432	-343.15884133307793	-423.4496474520705	-318.9836678256047	-930.1269342241467	-5448.386823588826	-9072.84120829235
79000	-413.2551473106785	-403.56784304856825	-396.7015725665063	-385.37089201188087	-374.4760690814584	-353.5391499364631	-341.48918829200306	-331.0696516756467	-327.37874100780465	-327.8638404755424	-321.98229930859657	-352.676429590038	-449.8524252728613	-315.1633717346275	-940.4649758325739	-5790.388059716292	-9498.028402977385
79000	-405.22426457393937	-396.94463706699946	-389.7934285198623	-376.8713937070088	-367.7928177182686	-345.8781112053486	-334.37425410607347	-324.97587615285954	-321.36456262234066	-320.17623938251927	-317.49996723220175	-355.0864619482112	-446.4540116510311	-305.0083121448855	-998.4120468437804	-6003.36219612531	-9878.237736601943
79000	-408.8533952382086	-399.95013898151166	-392.62779636637373	-380.5594034967103	-371.5424298344186	-349.3227783803902	-337.59900328656425	-328.3224210619556	-324.0932802667316	-324.0425653621597	-319.585682866694	-351.85218239394663	-448.4445266066552	-309.77568367218043	-945.3640113843124	-5883.280083943634	-9719.958465019472
79000	-436.76777411963513	-428.48310693905654	-421.51796962953136	-408.6337658602613	-399.00629186323977	-377.4626006593526	-365.2113119137402	-355.0323739504274	-351.5850858500068	-351.71846673017143	-345.5925774030149	-375.7486731012753	-462.09072418223974	-337.863926997079	-996.186710340242	-5909.542266439868	-9494.266776912309
79000	-406.20771916493857	-398.18699692469954	-391.3753376812228	-379.29614858283844	-369.8228760559976	-348.25500079408766	-336.6836432768313	-325.66387936519766	-321.4555907830785	-321.8807568358243	-316.89141743457867	-348.7636249587319	-434.57577243381184	-307.7894357132383	-985.3422990101369	-5844.121403335921	-9562.947355256732
79000	-417.4642077462258	-409.4348988602757	-401.5859136919309	-389.93561300923864	-380.24174148578317	-358.4831191097522	-346.8300989380144	-336.27169199973343	-333.42218260911903	-333.3302067769615	-328.7301173859477	-362.8980406506766	-454.6178688677106	-320.5748480777185	-1005.9808986702093	-5819.48306751861	-9678.240381412872
79000	-452.4100940588767	-444.18114370686015	-436.26805735938007	-424.11853062314196	-414.856198923372	-394.092392754668	-382.2552957374032	-371.40795784449864	-367.18943619998754	-368.28912358035313	-362.446402360387	-394.95185679242996	-503.7602638811731	-355.88479951950256	-1051.8268988878908	-5832.199503023939	-9476.026111420593
79000	-441.3812047110514	-432.20831146475535	-425.20977433466186	-413.7651312935883	-403.3186645541635	-382.02632752845136	-370.4044271057673	-360.8951327832656	-357.389097599581	-356.18303027627854	-354.2241858575209	-390.40003256496846	-484.12360613792697	-342.42388534890733	-1042.1355647499593	-6269.833381494047	-10013.242392185757
79000	-390.0583187362084	-381.9580093225186	-374.6420113295782	-362.36715967321334	-352.5727956841659	-331.03924588363526	-319.02829212328345	-307.9291204317411	-303.6989289032194	-304.86784948611853	-297.62111691483307	-324.9579849460613	-402.0808669456909	-290.04242788133564	-878.6207920236844	-5776.641132521792	-9412.22279731886
79000	-400.21629618056227	-391.6010164188826	-384.74942932104153	-372.9085531221589	-363.26102691462484	-341.3405599465381	-329.848991715471	-319.5542631740919	-315.39947385696127	-315.27402161931064	-310.49158806879944	-341.18012474390736	-423.32231936945743	-301.03446459969206	-967.1242979768112	-5872.991780668189	-9655.62393993013
79000	-401.3068770055012	-393.36971556292497	-386.10383475772034	-374.0372574463953	-363.91813276150197	-342.48002718075537	-330.25479816148544	-320.2612326420049	-315.80906590628655	-316.67499956756365	-311.3198035426745	-343.0184661598235	-429.801536335566	-302.9159855283714	-945.6167024881634	-5815.028116208362	-9568.012770467196
79000	-428.45007832729664	-420.0351292977855	-413.0877163346534	-401.3618228699495	-391.8462712334916	-368.9998017730225	-358.09095293822924	-347.8679257169732	-343.95294406890457	-343.3982717612186	-342.04189885814276	-378.65255169133684	-469.64978229430056	-327.78577949788894	-1052.9531915592497	-6190.6492117630805	-10091.291338084191
79000	-419.11099618913244	-410.4111496383868	-403.2242730022237	-391.6767490101711	-381.6055047361855	-360.35215129858074	-347.7923285506087	-336.4901090448323	-331.8483115230454	-334.2866262865102	-324.2745386659312	-346.611490586669	-429.0629534547817	-318.9362634661092	-931.1507361099744	-5587.336134725923	-9168.616829714201
79000	-410.5587594398018	-401.8062397591587	-395.4937654282882	-383.27284167868265	-373.63089528896853	-352.03329719579	-340.15860873801114	-329.7886747168376	-326.54546222197587	-325.6812320500381	-323.1932157764658	-358.20640805780624	-446.9210193673925	-311.01741403849087	-972.4968436750988	-6070.039151402992	-9908.33470400948
79000	-423.11690324742	-414.9063376323583	-407.5851705884481	-395.5244369773767	-385.6224994979331	-364.0745469367452	-352.37690797244113	-341.6758209893592	-337.997158930851	-338.11331289151735	-333.4788558774366	-368.11316863416744	-464.8194434277801	-323.394049753024	-1004.1104136933249	-5919.635987779687	-9737.702812574118
79000	-423.93549409511513	-415.99302367464344	-408.9495840397954	-396.40921875258437	-387.288543745043	-365.3365153361193	-353.863607022592	-342.9280930475732	-338.89179931038285	-339.9231735492456	-335.4170212929187	-367.60889959751233	-453.8086471487051	-323.99860544592326	-1050.8707481111799	-6115.90302335803	-9979.573320451802
79000	-453.8251580875559	-444.68521958655856	-438.2357398849428	-426.5368150079155	-416.3834041420339	-394.8950858119326	-383.167612311141	-373.683201193501	-369.0093016763342	-369.6108927790097	-365.03201053938255	-398.99962824077977	-506.63486493819175	-356.1981613372193	-1084.5678086198031	-5924.712031637308	-9540.757616356534
79000	-435.76561043674974	-426.86587323382685	-419.43339052730227	-407.95491051324336	-398.1381030663423	-376.7840901991173	-364.53776984004804	-354.50590926390174	-350.09957008782237	-350.88019209676975	-345.5381045765231	-376.46639097457836	-463.9887805327041	-335.2452340340793	-1025.2969514003114	-6082.3425031906645	-9690.297001145569
79000	-398.53724473227413	-390.1884641796305	-382.94324981788844	-370.66071047740763	-360.8759990368953	-338.88755446464296	-327.56380924271997	-317.4578210717227	-314.31209954637325	-313.4542792976826	-310.05263840361965	-344.73751728206486	-431.0217624782989	-300.53831081386375	-948.0601789348498	-5925.71533060494	-9723.994788286747
79000	-453.9871581019756	-445.40395785704897	-437.8227767989435	-426.5352051091677	-416.75249145210535	-394.1467852671439	-383.8440934648164	-374.52275810618073	-371.4012271389557	-369.70755424759545	-369.1610807056746	-411.31240182490905	-523.8761146321899	-356.19643241273286	-1106.32739924416	-6054.885210238049	-9845.724875533078
79000	-471.9626459796655	-464.23611006181756	-456.6859430910782	-444.4064156544774	-434.69871929812246	-413.89824486105823	-402.6834176602318	-392.33505356119207	-388.10186120676315	-388.42088749471924	-383.04173163012933	-415.8746248770208	-528.3840715024527	-375.5148773228987	-1119.5152442062083	-6007.370121189601	-9544.173615135407
79000	-403.7074565790873	-395.6730177856801	-387.98554845703126	-375.85269534960764	-366.1638198880715	-344.21611207837395	-332.6090860162712	-322.6415266164193	-318.77287639041117	-319.0247742679911	-314.8871974806835	-347.4751487133854	-437.7701654199089	-305.4731103358886	-958.8582576793397	-6079.440837706845	-9986.789674941201
79000	-433.56429967574786	-426.0572775698179	-418.9107930170798	-406.1269209819852	-396.2379972649076	-375.4270501886347	-363.60512689569447	-353.89090521297675	-349.8171306872732	-348.91855172710734	-346.0969542089293	-381.79238283304727	-481.6375504092514	-335.769700666104	-1059.9025871168383	-5957.413073973404	-9724.10743640909
79000	-411.9084569867721	-403.56340100497914	-396.79043299291976	-384.0939521375817	-375.26125648885187	-352.58026150480964	-341.21823430573414	-332.6619612365496	-329.19836781051555	-326.9744721533604	-326.71378293809266	-368.3645204367103	-465.5066865629211	-312.9106446204889	-1028.7748318651948	-6299.825023154589	-10375.825404920924
79000	-418.01277332459915	-409.25337977558735	-402.37418266205253	-390.74532462991056	-380.2949276959577	-358.2793807267428	-347.1302391855821	-337.4702246998369	-333.0671045908772	-332.29347043896627	-330.0464028019991	-365.5104776366734	-457.1708715651022	-321.2661221565965	-968.6405788482385	-6023.089126706783	-9787.347364345353
79000	-451.47400782029064	-442.360191313188	-435.3555921225314	-423.5446317720766	-414.25336027094187	-392.3408156004925	-381.4252102192316	-371.805664328906	-368.21633758404505	-366.4175293516516	-365.7600217836487	-408.364302661242	-512.7303765845602	-352.0618308823547	-1135.4571334381023	-6120.82001945828	-9913.26232730598
79000	-465.84011885782184	-457.9348038645299	-450.46280757700976	-438.927898589871	-429.76503067088674	-407.7693141947806	-396.72119059115505	-386.7088451686681	-384.0989673093758	-382.02578704859445	-380.31256534589994	-424.01512936345796	-543.6809664634832	-372.0677659979313	-1159.2813631548624	-5908.609313385469	-9712.125645229013
79000	-421.58166642109535	-412.74296837326244	-405.01375355858653	-393.4785209598051	-384.0237205987846	-362.36731151085627	-351.02927839375	-340.5293240083533	-336.4059256142959	-337.17080470375424	-331.1850451929317	-366.0611259617904	-457.0850923232794	-324.48996203365414	-1008.1912443013027	-5844.8042839174195	-9534.195307230424
79000	-436.44559864460024	-428.8573029331859	-421.46601422203736	-410.2095808655066	-400.1006898652014	-378.021266805728	-365.71577909634385	-355.62836199771334	-351.975137290555	-351.7333215146317	-346.64361169945414	-378.1054803235172	-474.4074606235154	-338.34407094256574	-1047.6553370967088	-5837.740965612591	-9702.064553371825
79000	-391.8222667825781	-383.54070477666573	-376.5701668476631	-363.9947827873202	-354.3953177095121	-333.1064336811231	-320.9302243797142	-310.060323414332	-306.0245597206502	-306.7147754047792	-300.8202632029126	-328.3990610038536	-405.4751802580858	-292.24134493287295	-905.4024281677698	-5896.8434991419035	-9719.319539430093
79000	-407.9172527798819	-399.79106837125414	-392.083766342416	-380.06595201480184	-370.3341028144883	-348.7028232098853	-336.7159004466162	-326.40378799525	-322.49708752822266	-322.67808644166695	-317.2828875695631	-347.11339785757696	-432.3987731342515	-307.5013037809498	-980.2857152342747	-5829.1792191288605	-9546.304099256715
79000	-410.94884262210456	-403.2205271791968	-395.795699527154	-383.99399475655434	-373.7177094463991	-352.50568106211983	-340.5917663483572	-330.45940252195913	-326.16888836113964	-326.82650083225707	-321.86054677431326	-351.37675997607175	-438.4437539446966	-313.5420022232118	-930.1674258974125	-5795.763919359922	-9483.89607510777
79000	-424.31687339981653	-415.87142311001634	-409.2749143154105	-397.39108087662703	-387.6870631805725	-366.50669901942325	-354.7632292888301	-345.4678775356749	-341.96569904124607	-340.40248789033126	-338.25212464893593	-378.33197743461534	-470.54242504879454	-326.2725781957225	-1036.4871404353073	-6207.233851273258	-10083.74352688986
79000	-444.32807489367525	-436.1868380836572	-429.3035928478983	-417.6532996649886	-407.506796509082	-386.3716071812458	-375.2372045322736	-365.51522381883075	-362.5782447150129	-361.6798522629737	-359.4132988206709	-399.5052224791801	-509.70718914451794	-348.20776910878817	-1102.9288372615085	-6040.608241128756	-9853.188159599651
79000	-408.92376835993286	-399.9700258659381	-392.7057969526897	-381.03247028447254	-370.8402108604214	-349.255056884032	-336.8330858996245	-327.42085720109856	-323.5084109138067	-323.43577523259665	-319.4922422430966	-352.05874713927574	-441.5804694081069	-309.0000934035416	-987.0756943112892	-6036.25562336321	-9802.284361416863
79000	-448.9394271426513	-440.8905111044057	-433.47471184695604	-420.93690793735595	-411.4685189411042	-390.6660932050391	-378.1085236678619	-367.66766443579553	-364.31158790560096	-364.47780550587095	-359.4406902906543	-391.6936342546604	-484.976219358922	-349.52655701002516	-1078.1221603719548	-6067.11580455302	-9619.297312901896
79000	-412.43689315850065	-404.1985776475165	-397.0528986959459	-384.39567700109694	-374.6746885242637	-353.4020049242668	-341.1013611867259	-330.20664836801524	-325.48428172978623	-327.37049462499976	-318.4650487218434	-340.7504372509611	-410.7615691165841	-311.7159899928221	-935.924065197471	-5637.710735137811	-9238.473265831224
79000	-407.76295751523156	-399.7654870868008	-392.70230661657894	-381.02676695902585	-370.1823491396405	-348.66229964681986	-336.2822026217377	-325.7845575868678	-320.76185197067997	-323.18695049629383	-313.5813092518676	-334.9460754770275	-406.04451163322557	-307.88980551892854	-909.8466389929406	-5489.956973500376	-9057.05175302101
79000	-420.3508556576946	-411.64167210007014	-404.8426794080628	-392.7139352476381	-382.96967549407094	-361.29484968486565	-349.2317294093858	-338.3043347079698	-335.099700313964	-334.30171482611684	-330.17511024283266	-362.1954588989614	-443.70863787247464	-319.42717761251504	-1005.3969549031597	-5992.72837944281	-9772.16232603577
79000	-461.79557453818586	-453.53436153684714	-446.2514914020772	-434.3678760685914	-425.27085986370264	-403.4619221032174	-392.566472013316	-381.7495690147507	-378.35720932146086	-377.4367205554697	-374.5021288864571	-412.0204731589842	-519.4764968624061	-363.8354293276879	-1140.0222222071452	-6115.625221144194	-9892.42473455766
79000	-449.9024586165095	-441.4874778694192	-434.5986715848317	-422.34164349396326	-412.6379897087699	-391.3344191674494	-379.65190400283734	-371.28725247017957	-366.1708450526789	-365.9632535403239	-363.81496281464143	-404.9303189814547	-521.287789213855	-354.99156105723324	-1090.2886446584575	-5911.861360508252	-9750.708277346912
79000	-449.59981546638863	-440.89210199829614	-433.8404049558348	-422.2126184755509	-412.49332901550645	-391.4942094226145	-379.41502929998217	-368.66504911787183	-365.554359233169	-365.4451693625781	-361.07134662137383	-397.4911283804894	-505.058518961744	-351.6489152478198	-1119.6197497635721	-6061.086078516417	-9736.094154132994
79000	-436.11444938760354	-427.59112482846234	-419.40541580091696	-407.7073575864065	-397.9277147166656	-376.430516151728	-364.0890180593509	-355.1722196565793	-352.3923924157804	-350.3464839029949	-347.72419335383387	-385.804827132982	-481.97553564422424	-337.51619053583704	-1052.1560774807865	-6049.64932705275	-9780.575953573187
79000	-431.89244406348024	-423.5445301503028	-417.1738445266372	-404.999497016743	-395.6674011082677	-373.3134492449979	-361.1666238486145	-351.4877796047668	-346.9570233615038	-347.9540289920228	-341.95102600060784	-373.5015483317436	-459.60411606824596	-333.25018484209033	-1016.2805813757792	-6022.266222958294	-9681.480425008807
79000	-446.08434937161405	-437.00640129998504	-430.307820905288	-418.2252119740692	-408.1372722287158	-387.25477511848777	-375.1870408560076	-366.6356449272512	-362.2692944418506	-361.37503528747	-357.4475511671832	-394.6638492285338	-503.9126135937383	-350.0483356520156	-1066.8623906095004	-5878.356236613762	-9524.7130999624
79000	-452.6955524604784	-444.77352979280226	-437.6744295521668	-426.21911683874043	-417.0781575151412	-394.77062996227465	-384.038004657834	-375.8818839376676	-373.18392197637377	-368.7992311275803	-374.12397361926077	-428.21213599765474	-550.8122095715398	-355.7314803351185	-1165.9580100293329	-6507.860848468278	-10612.472896763127
79000	-422.0543362722386	-414.3091065347288	-407.0135425948186	-395.2822863155594	-385.30771416150765	-363.9433552309453	-352.06512525867345	-342.4371550830643	-338.61765032375627	-338.49970166918484	-333.21543280002646	-367.3174649540213	-463.439042349299	-326.2492337104198	-1005.6271197583677	-5775.278778954044	-9496.703417601806
79000	-438.6187059469424	-430.5708218059523	-423.7496002508415	-411.0737076659202	-401.90661249575703	-380.0284177249349	-368.81322829918565	-359.48121477995124	-356.9325432790845	-354.1776907876819	-354.9344907451392	-399.00287531160313	-504.86414305667313	-339.8934996327319	-1101.0385855483637	-6335.247131896077	-10254.984335350731
79000	-403.84619550675376	-396.02278347324693	-388.3582219036072	-376.51285750370164	-366.07375447307663	-345.3338182520523	-332.7357311807139	-322.33762663179226	-317.3686603455692	-318.51570882040534	-310.6245156287307	-335.28261196473727	-427.4006038015252	-305.3855494930538	-912.8003487387987	-5598.120816614296	-9274.9694917888
79000	-411.5649961700139	-402.30089789525965	-395.58029194073555	-382.7291292091718	-374.12841905519383	-351.3070651604575	-340.6465871011628	-332.1446656157231	-329.03810643239495	-325.91471482279616	-328.1990426357566	-374.22306932030835	-473.13752122938405	-312.440512058205	-1033.8180728792295	-6299.905374825835	-10249.005127016326
79000	-420.54974629217537	-412.37626002319126	-404.8947286809993	-392.6816125679434	-382.9342847735935	-361.93270331994665	-350.4391738731638	-340.6738209849918	-336.88608009297906	-335.1893729924926	-335.15540749823816	-374.7077131193288	-475.0645734181381	-321.2319134625546	-1052.2355580974922	-6152.20523021342	-9990.126246642036
79000	-441.23472272096785	-432.8901708781501	-425.7711106177332	-414.63440903476317	-404.27717887518463	-382.78072250648637	-370.7554337440783	-361.1031357841397	-357.10494818131144	-356.63313035338956	-351.58370698320664	-385.24504257610835	-479.63453119693895	-341.6884075294495	-1072.9727493822425	-5826.634599750215	-9479.572206392148
79000	-415.3039002382561	-406.7872058417026	-398.94139854137467	-387.062569219485	-377.9495186293645	-356.0316487048369	-343.4062005863125	-333.0587871022952	-329.7285422286834	-329.8332460439799	-322.84930051525276	-349.0038995088764	-424.94151754783496	-316.9604903327765	-918.0971652076715	-5744.636651887044	-9388.665608283583
79000	-430.56820042162246	-421.93757404542185	-415.13270641308947	-402.8498011635322	-393.2898125616598	-371.24582802110433	-360.04495345598946	-349.8289389053827	-345.2642086905105	-346.179661182955	-339.60057768290045	-367.7231570552562	-449.80751540569287	-333.2158888862512	-948.6979855044237	-5705.984573427708	-9263.060389946742
79000	-462.8265148562741	-454.4640657930446	-448.1588499673873	-435.5999308462084	-426.10995104176965	-404.66269862496097	-393.23817464770616	-383.48327542360937	-380.3013109222403	-378.7257589729396	-375.89109390210945	-415.95248921532306	-514.1937620963863	-362.84619389496663	-1165.4278609433195	-6333.8575386415405	-10171.529569413657
79000	-443.6846551688621	-435.91466706812827	-428.0400511423239	-415.9600907034828	-406.2811154713142	-384.9464088125091	-372.9546784025718	-362.74305544120375	-358.98230702324753	-359.9790850912243	-353.38205380734064	-383.28507527832187	-480.43976910292196	-347.74517112027394	-1031.1115131620193	-5806.2913352443165	-9363.946324567365
79000	-418.97385687502367	-410.275512684815	-403.3917312143615	-390.3498659933837	-381.03186547010733	-359.49919741620783	-348.15217323536973	-337.5551215276561	-333.8362678608984	-333.87296429776086	-328.6239074567985	-361.80828901257763	-444.81166237421314	-319.64275165518615	-1016.5177456704654	-5901.396741494567	-9622.647509647819
79000	-418.68481578751494	-410.6069789509384	-402.9857906024179	-390.80022112169445	-380.6621232053102	-359.1907066007767	-347.40252620820576	-337.21029539618837	-333.04527296361795	-334.126282805191	-328.6058238191362	-358.5593011070984	-452.3158767358543	-321.9557569272103	-937.5956951175141	-5860.847388412159	-9680.726193295952
79000	-453.80301097799736	-445.66072905378513	-438.26380284220846	-426.4262439122873	-416.0027708550245	-395.0236726411044	-383.7379541166671	-374.00201783280335	-370.4258705503182	-369.58557053823364	-366.21780792452057	-405.56845617075277	-510.59080505190326	-354.9326859621309	-1112.8469397324695	-6032.690525675187	-9756.044016504864
79000	-477.8209923914904	-469.4434861663675	-461.74570484749216	-450.00700938381203	-440.92665923375637	-419.40102687309775	-407.98567507654604	-398.794894933816	-395.12706985367123	-393.53508604016923	-391.6104586178148	-435.5884096696514	-554.6062115420249	-384.01798267970764	-1190.0763415253816	-6130.432871732079	-9853.475664097046
79000	-438.1876146627272	-428.7827157004583	-421.46819165062055	-409.4636194242986	-400.14593244549695	-378.70752011342296	-366.3113487020428	-356.59113566747345	-353.0766650409334	-352.49807784576143	-348.99504914919356	-382.2797733519342	-473.0128015378607	-337.92926060540657	-1060.6432464499624	-5813.188566858701	-9572.980331747105
79000	-481.564161903235	-473.1734479363624	-466.8318311892471	-454.8697709415799	-445.18857466767815	-423.13867769921785	-412.58941605233105	-403.1393808621161	-401.58205929196225	-398.09850251488155	-400.33770979242337	-450.67953619693975	-573.050986745694	-382.6729078417417	-1232.7476662964862	-6361.234505472517	-10214.014569854691
79000	-437.13769971666744	-429.1868356550529	-421.8081555971515	-410.27827074078164	-400.6374841752351	-378.6635670906676	-367.4124832829606	-357.8606599746823	-354.73702260832675	-352.3622858654897	-352.8204099075782	-394.9438397514019	-501.1304506091641	-338.3216894306554	-1117.9519480417869	-6320.1430373904695	-10195.54949304214
79000	-400.34015605516583	-392.998059073887	-385.1255767171064	-372.734094623155	-363.40479127852717	-341.8849774780792	-329.0203045006477	-317.7292677531221	-312.58117763029725	-315.9942671221247	-306.04880265586894	-326.94122556576997	-396.511768092805	-300.47818450524585	-895.7009168679051	-5469.662106247362	-9221.745494535426
79000	-453.01650264393385	-444.0213554683883	-437.5968392366348	-425.79693844089684	-416.19470438216536	-393.7318422520353	-383.0237878580124	-373.97872124061337	-370.6624285837222	-368.4076090246479	-369.7295170546201	-417.890406326546	-519.4156401842687	-355.3219226207754	-1173.9978783333906	-6535.624880992315	-10485.22217012188
79000	-451.81373845150546	-443.22117541800594	-436.3650909571713	-424.3350624969821	-414.1886296471512	-393.64177695889003	-381.40344439245183	-371.6241654924251	-366.5580900154788	-367.10744530953775	-360.5214864354528	-390.445948289522	-486.02821744909824	-354.40449929491484	-1050.9789092873941	-5636.2063859750415	-9247.47089183941
79000	-441.4143133191411	-431.75688158921423	-425.23541745089966	-412.7629918075455	-403.5972764027382	-381.92565550591127	-370.955923886215	-361.1989779233627	-357.5088736900868	-356.4808003139806	-352.4328275545381	-387.33921385486275	-496.65646676781665	-346.33636555554807	-1064.4233093516293	-5856.328817039312	-9574.423345977388
79000	-434.5505306096936	-426.64129357110005	-419.16944958585685	-406.7927958076946	-397.6368908215276	-375.6696494694308	-364.49276494907224	-354.6707992740598	-352.0890318810695	-350.35259747745886	-349.4905882534289	-390.4174120666323	-488.57302717159814	-334.8913070678965	-1088.2781676224886	-6220.139383604095	-10008.171924649778
79000	-452.71767841518107	-445.25100836001934	-437.3761005213491	-425.58478418279947	-415.654467150127	-394.3264514870912	-382.79175062407455	-373.2705015931388	-369.9637955190154	-368.1474143904577	-367.36227032493196	-408.1782955604729	-513.9619869193461	-362.645731684377	-1145.9498680602617	-6037.986620860741	-9906.943291003789
79000	-439.4847092473965	-430.56843302101123	-423.5402761580088	-411.7178245016494	-402.3911960932478	-380.75458697860404	-369.80548314655186	-360.1315642988401	-355.78177154695464	-355.12983272878137	-353.01880470619545	-390.9915743234461	-498.7866005016222	-344.3218405375325	-1054.0242004551174	-5998.664012639185	-9693.109888332408
79000	-433.4752138373446	-423.23109556490334	-417.2004669733927	-405.7238626609053	-395.3448191076568	-374.0753313426185	-362.5585636752056	-352.24043435184416	-347.26857471316004	-348.67585514197566	-341.7331608619907	-371.76473583366186	-465.8663727286667	-334.659084386343	-1022.7850936849517	-5635.6125527145105	-9254.754345620582
79000	-435.1264944940443	-427.2513217333939	-420.10717928924765	-408.6787269425288	-398.7081760435146	-376.72989315878857	-365.25864470910284	-355.3021643714385	-351.45598508071714	-350.5724876124002	-346.7992549659199	-383.548717949435	-476.2871633952886	-338.3123513229267	-1044.7873169778027	-6060.690781498345	-9842.951426426813
79000	-427.9630377745744	-419.4291278018977	-412.2974109949958	-400.81094073640986	-390.45949040238094	-369.26234243689936	-357.0527024916239	-347.26092449849625	-342.273889099671	-342.86179923112246	-337.3999124508464	-367.72417619242	-450.5597529624071	-329.10943454476006	-1014.9413350965883	-5871.776301592284	-9555.866985918468
79000	-430.4097317748682	-422.524293439812	-415.4539253050411	-402.7292028009567	-393.701579918276	-372.0891121096401	-360.00932726533034	-348.75053071757907	-344.59046574961405	-346.5811935091201	-338.5103504015696	-364.44199053440457	-445.75980464346895	-330.52294090930155	-1014.3709235663833	-5626.359026279915	-9221.088767866042
79000	-426.2418492283502	-417.5447828205506	-409.7502006755937	-397.92853086933576	-388.2226092590991	-367.07912581309216	-354.61711926523276	-343.5464944262131	-338.9504144344369	-340.74193481129396	-333.6362208875128	-359.164242314919	-443.7934915128198	-328.23454360315895	-958.530791492912	-5598.920522455541	-9181.501574715428
79000	-417.20877703301636	-408.62337369217187	-402.08061890055495	-389.59863475360976	-379.3864586787018	-357.8094648631412	-346.65482453942514	-337.5865698066776	-334.37321384173185	-331.62787539316867	-332.5167008425587	-374.89443827403824	-476.0009463281677	-316.8983062738148	-1046.248796422134	-6288.267926937901	-10263.581072586627
79000	-432.9023642109701	-423.7057305879951	-416.91429914695783	-404.38030474658706	-394.96368608136027	-373.426614761017	-361.40866437959056	-351.8417951220557	-348.2502581151707	-347.30888561186674	-344.0889965592337	-379.4220608287564	-474.4220687526793	-332.8119780813165	-1053.583280461238	-6055.967478019861	-9704.91077326407
79000	-411.6558397384645	-402.915273160476	-396.03415828313285	-384.247022666047	-374.40482299600967	-352.49015077589405	-340.65587706323953	-331.4135668976847	-326.6585482541821	-326.7586786957166	-321.9637410165038	-355.97331456588813	-441.3136349399639	-312.5312645168076	-970.2495663090076	-5789.970940013519	-9568.94112275208
79000	-406.38199956791937	-398.5830820098937	-390.98766826022467	-379.16221775640963	-368.6767362192913	-346.8846476158933	-335.67159743905114	-325.1476193879462	-321.3531791258492	-321.37987014640714	-317.04471726842144	-348.3598288568547	-431.8120836159085	-306.94646373693115	-939.3740518566171	-6078.355091235094	-10036.908453998381
79000	-449.31465765864453	-441.4266430956948	-434.6576224004212	-422.41798916647497	-412.98338641295834	-390.57322089748607	-379.41431050300827	-371.13748380362614	-368.1267551288133	-365.36024482025823	-366.3487203197284	-411.96428837356166	-518.4884237327132	-350.0560415634818	-1146.9298686491309	-6467.912198607714	-10263.54136394397
79000	-480.3734478762156	-472.4647164155233	-465.19800311093474	-453.6525589505967	-444.63633958727996	-422.3228935411886	-411.4869558146161	-402.4684166372089	-400.51459047999504	-397.21242603758117	-400.1716493680229	-453.2655520957522	-576.6530409213241	-383.37007363178174	-1242.860772642094	-6507.783496335274	-10410.695476025849
79000	-459.7297192456627	-451.3778821176243	-444.742554177095	-432.0979028341975	-422.9587949613329	-401.50185218925225	-389.91694729350013	-381.2387320571233	-378.5553735832082	-375.9365248514658	-376.11530050402075	-422.67059584691214	-533.5337813235117	-361.8456511861402	-1155.7584233143807	-6277.039068463421	-10109.1268545933
79000	-422.3849213895593	-413.71608255954396	-406.9561056805239	-394.7563240721098	-384.571878175398	-364.09936562632964	-351.5011095409879	-341.87614677894453	-337.30204240717853	-337.8685525867973	-332.76190329592197	-365.1288237266902	-457.07405317736885	-324.37817707639306	-1002.6373312318143	-5742.027939030352	-9477.017394279519
79000	-431.4424984010479	-422.7759464317721	-415.4103040824561	-403.4615716287901	-393.52934767885694	-372.18944266729164	-360.3141667053419	-350.54347485500523	-346.67287427736363	-346.23733149914875	-342.86647980824205	-380.21213605317286	-470.9283444850254	-330.48726801029323	-1035.7816833184968	-6115.759232290951	-9877.946095925987
79000	-438.9878600482678	-431.0107022096551	-424.0776029377053	-411.6001470640325	-401.88669786034	-379.91155034134476	-369.00593534379584	-357.9034374336789	-354.57538087373945	-354.3554960556577	-348.83721574481325	-379.9513624729009	-470.5046637422697	-339.8908304245789	-1044.7476784965083	-5796.441662939535	-9483.93171252029
79000	-422.8037942386933	-414.2991182184905	-407.0805676415154	-394.900559888482	-385.1585667188608	-363.02791358081646	-352.8853955794915	-342.4706048155947	-339.31203803940446	-338.2116748105003	-336.03475575235234	-373.71444330109955	-467.72553502252543	-325.16966414851146	-991.4283997877984	-6146.927106271045	-9892.346275221495
79000	-419.91844451480557	-411.37010509932014	-404.1034616082724	-392.1287266472374	-382.5978664290061	-360.5028797032994	-349.1689219105761	-338.4836776601624	-334.16421442773395	-334.77731449869975	-328.9010512095934	-358.28131959037256	-439.94363071990466	-321.3200058241651	-963.8245759926552	-5748.166936775074	-9356.5414153938
79000	-420.29873720929714	-411.02381193806247	-404.4098440077775	-392.68093915339364	-381.97190580324764	-360.72537263735484	-349.1854809397396	-339.581251181987	-336.113149520765	-334.7082950861152	-331.6496408420718	-367.46943694118295	-463.78772423740674	-322.6556375178276	-1001.257381623311	-5903.9932543027235	-9811.31377408574
79000	-426.31955072063715	-417.78376069899264	-410.7278727275771	-398.3068347019014	-388.8741762722998	-367.24604204501	-355.2949406800107	-345.30313570154203	-340.86133375793474	-341.96717150105576	-335.00933638483605	-363.9205911893273	-456.2049237252278	-326.74411852852734	-991.9529064526807	-5744.287431206597	-9419.394602584081
79000	-476.3106838289565	-468.7645119053074	-461.6389524116135	-449.43279125246806	-439.1740605082583	-418.89062038423856	-407.2714159895988	-397.7491770949782	-396.1446183744403	-393.38863614450923	-392.6265421800186	-441.812219001868	-562.7243506001483	-383.0438534181139	-1187.022631461959	-6239.119489471759	-10048.17495524694
79000	-427.4996332396133	-419.3868691862445	-411.8891564543814	-400.7719516746116	-390.64710983112604	-367.92500181748517	-356.46628565010576	-347.3531557808542	-344.3060208304065	-342.89220573565274	-340.24993255137605	-376.16680824091145	-469.5407357943233	-329.9817176377708	-1020.9456784293077	-6218.717090856384	-10046.965425944027
79000	-415.68784366488717	-407.300707916708	-399.82606205677	-388.14977183077633	-377.99545964829696	-356.09803056031615	-345.258246375255	-334.5108545950187	-329.8801014855162	-330.4975598120168	-326.21491989951295	-358.14715848941796	-439.78005113260747	-315.14962935509686	-997.7265555780842	-5921.391334820894	-9701.354362772976
79000	-435.64306901216185	-426.35537645920294	-418.99908726810867	-406.6829483568355	-397.5538455870766	-376.1241943540773	-364.2319967343324	-354.200863337605	-350.9239391828673	-349.69442193968865	-347.3106529476074	-385.9010309370687	-478.3673835243127	-335.6011903541763	-1061.520148352283	-6046.416700205347	-9909.191501285866
79000	-419.28005157902714	-411.3587378457616	-403.81412340484775	-391.39700175123255	-381.96363014935986	-359.63559894929523	-348.17366910308067	-338.1553190690386	-332.95478111112436	-334.81780780519836	-327.68228389031003	-354.9974875191662	-438.52092030888684	-321.021796949259	-948.431914134227	-5785.145058646875	-9293.539848944636
79000	-456.59699521763224	-449.14709510229864	-442.1071576764784	-429.4981664699326	-420.2700570117936	-399.3379299374636	-387.40998880702205	-378.4851353788049	-375.0507602206538	-373.18473052410775	-372.81083020920727	-417.8081693741805	-528.8201503953453	-365.3293668488796	-1148.3864304521485	-6108.789224154749	-9984.76825659418
79000	-420.20261007468764	-411.5774297930596	-404.7028280251474	-391.55563622035527	-381.154909446773	-360.5381723967995	-348.52873101767244	-336.6927293710869	-331.03008040413397	-335.20911080396445	-323.31567558612096	-338.4727253544972	-415.2981327273297	-324.6575194022237	-876.178553985147	-5265.417478390378	-8665.974970860378
79000	-463.54183275216576	-454.9823173976899	-447.5950517183854	-435.9587701680141	-426.27261662568304	-405.0221759457584	-393.8550846767304	-383.18950569078766	-381.10867696795526	-379.51289341776794	-376.33961401750037	-416.3693459537564	-530.0252274680545	-365.78592571630213	-1130.8206896101851	-6213.916090313578	-9909.137294494927
79000	-445.34896498708713	-436.2234801672107	-429.5707886405634	-417.8648738377191	-408.1741721185257	-386.38104719950195	-375.43054932021556	-365.8784223324442	-363.37776113269786	-360.581275022024	-360.7321798587957	-403.4024031844122	-517.2943656234188	-349.7195682313891	-1069.7633127157367	-6330.049039657357	-10106.9673841554
79000	-433.46331443867973	-425.601800878536	-418.3976721572108	-406.188369763429	-396.9396644675377	-375.30391554792925	-363.35992640184935	-353.0926972696374	-349.4980992389682	-348.02861256234644	-347.26867146177455	-385.05842330457176	-476.6944938516264	-335.42670679534444	-1083.7041433688967	-6081.123613977369	-9900.680399848217
79000	-421.791667243063	-413.62087267973294	-405.56566884965906	-393.4403704093153	-383.6586820031311	-362.8911277326738	-350.41601104564376	-339.04374381348316	-334.4526273033571	-336.2025140436153	-328.5983072260506	-352.4204165568442	-426.4406468861509	-320.4835121792716	-961.7593306086446	-5886.2151700691065	-9569.394911384583
79000	-446.659678236009	-438.8800099561999	-431.69556813273056	-418.9962173421982	-409.885345820613	-387.70215701789857	-376.47336101171226	-366.75075861593956	-361.9269225947539	-362.1638944927269	-357.01296795413333	-391.80154049478034	-490.24155700889986	-348.7214736856426	-1052.4123061787177	-5868.862891093867	-9522.92979090047
79000	-417.629707850802	-409.30295271077716	-401.92654879368064	-390.416300872717	-380.60045483278776	-358.3781148545441	-346.23550091140356	-336.65819791480385	-332.69725458316583	-332.208901895097	-328.06068997494333	-360.24876189645556	-444.90604550712777	-317.6389754786073	-996.8698347107978	-6017.332705552142	-9673.4516212247
79000	-424.8244412371319	-417.32606791406397	-409.8770930400411	-397.42875590054825	-387.3769183165628	-366.37078724116566	-353.7225620701483	-342.9314888730686	-338.8708597493402	-339.91563645241445	-332.914984631788	-360.4133360487618	-439.27764370911143	-325.00758169973625	-1005.1905781739534	-5860.18549573904	-9605.27547946703
79000	-396.4403272022022	-387.77834814808926	-380.7419436374709	-368.32518814040384	-358.72227898279715	-336.9170770370345	-325.437066232394	-315.54894785074214	-311.68863024383495	-310.8642345805904	-308.1741417260601	-343.28043383071207	-436.0454075615914	-296.962195855919	-955.3543328878419	-6038.428106369683	-9885.562714756416
79000	-421.98275750128937	-413.73202229362715	-407.2573248699403	-394.0326016500346	-384.8087665995884	-363.4296870643682	-351.10247393122825	-339.61902708886345	-335.2643489379738	-336.8698945044527	-328.7799594368044	-353.4933974384434	-439.5883477809487	-325.7015404625977	-930.7350914213325	-5818.381067057983	-9442.736252836978
79000	-437.3190036941055	-429.09642679153916	-421.78373808250973	-409.75510650022727	-399.40016750651176	-378.59410911489226	-365.9915414096535	-355.51157634316115	-351.1803439230749	-352.81968764621985	-345.6026477858651	-374.10563932818076	-456.6288610191196	-338.9595104379744	-1002.7192947882079	-5985.082207861293	-9590.69690388555
79000	-440.9345602240445	-432.05610236243814	-425.2805310103858	-412.5516592242292	-403.6208020124719	-382.63036827794554	-371.38185828880273	-362.267960001602	-358.9319638118966	-355.72763920178625	-356.8071893390634	-404.0053399635385	-521.4008588703846	-345.87836435402306	-1127.219933693331	-6276.124904960451	-10212.159755759969
79000	-449.52329367092005	-441.8832510273904	-434.0929493874973	-422.00705399906417	-412.15022674399904	-390.7857911869706	-378.92460170576555	-369.43044488590607	-365.7204049659735	-365.2716298220262	-362.4904881883884	-398.30843069172664	-496.7845185964647	-348.6601282505191	-1092.4052350404859	-6164.619609064402	-9890.441256854654
79000	-411.14368487740853	-402.93817141398455	-395.7599388653609	-383.6817308106	-373.8457661703633	-352.4367288043678	-340.4794787169312	-328.9305886276473	-325.16744143632053	-326.1787245569401	-318.0031660911255	-346.541835804941	-432.8980272566972	-313.28862396162043	-924.532657853639	-5556.564371948778	-9214.651816654541
79000	-410.35689568477096	-401.9382117971045	-393.67537297628877	-382.2581189662809	-372.6355611481483	-350.72541823786173	-339.00546697175065	-328.95314197916076	-324.9997461390999	-324.8422931258245	-319.71927654363685	-348.8653072449118	-435.17849053464425	-312.0307752711164	-933.2570966509325	-5577.175417785626	-9315.836161300398
79000	-450.04233166941	-441.66092073457713	-434.7710822194087	-422.59063502685376	-412.30580176313526	-391.18915342303563	-379.3564600113126	-369.6880269858829	-365.84644306640286	-365.62228166919954	-362.66531433581986	-398.92376423318024	-499.04630777665886	-349.91272156806264	-1124.4433327656157	-6238.3580956929445	-9969.35618742629
79000	-422.8325342913994	-414.22319231721127	-407.20624540308296	-395.2298609094955	-384.81603906778514	-363.16138865331806	-351.3691600712905	-341.54446779263156	-337.8548314450843	-337.9048468269147	-334.02189895340695	-368.27941390681866	-454.4025225496991	-322.03128439542206	-1045.3493563749448	-6040.017602276503	-9888.83187848224
79000	-439.9564236871824	-431.98649967830204	-425.00892460943163	-412.4403295982095	-402.7141833896208	-381.06527496922337	-370.00787030335135	-360.6638937166529	-357.11977543262725	-355.34814665837047	-354.58604979739994	-395.2599334781787	-507.8422746886303	-344.12877714154513	-1053.336708988343	-5943.006689072656	-9747.587106687419
79000	-489.0114161689201	-480.7598863859841	-473.9143056120436	-462.3315356912933	-451.98432420675465	-432.0106678200797	-420.33920716832665	-410.6155059288265	-407.4793745741477	-406.31946436272466	-402.7241650080908	-444.8677061104573	-565.1041994782285	-398.1590502394313	-1201.7777992524077	-5771.0126484441325	-9392.412611294862
79000	-424.1503522253885	-415.61080472663787	-408.1924363411421	-396.5128918653031	-386.63652164869524	-365.53200544001055	-353.6194867191126	-343.051789497311	-339.82836959620374	-339.1630154191913	-336.24932357296126	-370.9176826784359	-465.66921178707753	-326.511749324871	-1009.9959099453264	-5910.4380617713605	-9703.417060226366
79000	-415.2602427059123	-407.1503916744006	-400.0266772996361	-388.2935917799517	-377.86106920786466	-357.1542118124669	-344.2129309837864	-334.80023738186077	-330.44513158447216	-330.6213170833271	-324.228333940456	-352.3545461000389	-439.9143710947038	-317.4398683239464	-953.6808636058456	-5839.046258410956	-9579.382359289111
79000	-444.82885683586244	-436.215483760804	-428.7393342425767	-417.51529072047185	-407.72033656158004	-385.69006344072244	-374.7514234184165	-363.3383015361988	-359.40411438053457	-359.82064801514355	-354.52264643884575	-384.0899488460245	-468.0659059812947	-346.65199570233005	-1068.1625266910075	-5849.900487510686	-9489.442903081475
79000	-443.4588446782879	-434.59227407582085	-427.46400792568915	-415.40913812522774	-404.84409427925914	-383.9404874629772	-372.59804508295457	-363.259682713826	-360.3470442758925	-357.66319400840734	-357.24240853816855	-398.1449780390008	-499.95838296148565	-344.5618929499354	-1079.5805046163416	-6156.562207907814	-9931.348666565968
79000	-412.3998128299114	-404.4847384855811	-397.0974937396017	-384.8981354637524	-374.85456023682707	-353.4770399731809	-341.7820856162823	-330.7534846760976	-328.0080548979494	-327.2284371939056	-323.81868086655555	-355.8997364365377	-440.8448056193412	-313.07284461819927	-956.9910067289505	-5903.606250573737	-9748.368397859374
79000	-443.0588027771945	-435.2194820423981	-427.0903780326593	-415.78553257566296	-405.4835074030915	-384.15541527965627	-373.43086313697734	-364.74671646368625	-362.1073200855646	-358.49325675207785	-360.78241537494415	-407.6706041385571	-521.8913758585569	-344.5969903297822	-1109.0611668549782	-6280.554576786134	-10144.66045318107
79000	-442.79138015176824	-434.0225548296862	-427.2685894521081	-415.6184540971648	-404.73315134917993	-383.7195459873322	-372.22376712931907	-361.856463271558	-358.0537239929182	-357.9379904174864	-353.1194480025829	-387.83064640717765	-484.0328566904497	-345.4062526944441	-1055.164912595299	-5713.250324984114	-9426.94338060911
79000	-411.4910018128197	-403.8290856746426	-396.2681571387565	-384.3499130950214	-374.28282887979606	-352.6733488197534	-340.4157627779235	-330.3650921852205	-327.31295963669226	-326.13769674381155	-322.39963304843894	-356.01366457118667	-443.1323835013156	-312.5709864467796	-956.4877541639415	-5900.3269952561905	-9787.033331681136
79000	-468.29881248229054	-460.00991738373403	-452.42123812167625	-440.9073621970193	-430.50789418510004	-409.4435518996609	-397.818235227624	-387.32334051689384	-383.63194089813135	-382.88694234182185	-379.03116193753806	-414.441143830983	-506.59322687879296	-367.7954402134932	-1167.2718691674443	-6135.6922451316	-9803.76613531827
79000	-412.1809053996149	-403.75316017090626	-396.4213976958261	-384.4326432014295	-374.83374866353654	-352.50769103403434	-341.36892646493226	-330.8231727172512	-327.5166532292798	-327.43684609188614	-324.3732683069582	-358.23871852905535	-461.0193892388403	-312.99624539033147	-972.2410202672702	-6111.442596597528	-9927.383918511461
79000	-456.53815899851907	-447.14566477389934	-441.2851152463116	-428.8184286599969	-419.5220307628018	-398.1345938668179	-385.8922714806777	-375.34664826619655	-371.4606872110982	-372.0109797263842	-365.4004072309967	-395.5930227826382	-493.91977431412374	-360.6530650454322	-1055.952836761711	-5759.882104529904	-9325.402010975355
79000	-463.7494307053278	-454.5583926487399	-447.9367782670933	-435.71593553661694	-425.4168427726954	-404.06147218076904	-393.26357828508134	-383.155406363942	-379.5810777543716	-378.4319897469413	-375.01380329314253	-414.92747024745717	-526.7629756725562	-363.6024130165363	-1153.1776489707156	-6060.7256516299	-9762.828376836746
79000	-442.6183628625198	-434.38854129695153	-427.0424651284448	-414.7364777473475	-405.25874591830626	-383.8953965633107	-371.34846893616697	-362.0087706352443	-358.7024224870286	-358.19838977688914	-354.49022658071436	-389.60079872769455	-482.1416193582938	-341.7671677973394	-1122.5324711909552	-6122.024630692401	-9829.380371190511
79000	-433.9862519982518	-425.5581267365357	-418.9872001030017	-407.2277760781785	-396.8705049890249	-375.3329629115991	-363.32252162663553	-353.3974367949215	-350.1532637874842	-349.5769228574195	-345.4803260508676	-379.02543664170105	-474.0370700571852	-337.61263625028874	-1025.8185351752616	-5952.644347457331	-9712.185116271052
79000	-458.0835426832683	-450.1024887380969	-443.1295938571357	-429.77443673797404	-420.9116848010337	-399.501370551827	-388.59409084231385	-379.1140166511802	-376.3247314908135	-373.6803742250242	-373.6821473388632	-417.03779238657046	-533.8217846304105	-359.8044438217473	-1139.8769033908284	-6308.362612413001	-9994.963486832326
79000	-417.21580494306136	-408.663540662384	-401.77585898175636	-389.55665322897414	-379.7503061583077	-357.94747096388204	-346.3823634071643	-335.52699333274876	-332.51437806726835	-331.84646537141725	-327.642165169071	-361.41548273656645	-445.814879809011	-316.76814061834904	-1007.6017574862285	-6003.047683853124	-9814.371187678244
79000	-425.5507378567131	-416.96272223265413	-409.855173152683	-397.81562174567875	-387.5301057845852	-366.5806632572162	-353.50559214556716	-342.7323068337635	-338.3776485690581	-340.41301721564315	-331.94903875377497	-356.0679693879796	-439.4562405840502	-325.1826669185208	-979.022135621004	-5601.349518761429	-9118.39599072939
79000	-415.38652868125024	-407.33224119640505	-399.1899219647939	-388.4143318358166	-378.94202319390405	-356.976926758226	-345.19837282910584	-335.7761069414903	-332.81144934683175	-331.901533007499	-328.565519100718	-365.9197064414665	-468.8648864724932	-320.1345312277246	-977.129265768847	-5833.782679978783	-9588.080961901895
79000	-448.63268282994886	-439.61890975974865	-432.5821552478341	-421.8048791517542	-410.44605432845725	-389.58350826488163	-377.9236906207427	-366.81502552226686	-363.03410675412977	-364.6806759173196	-356.6646931706091	-385.2906122809662	-477.24007886702583	-350.34462593505157	-1024.5690401766842	-5787.865949147743	-9198.407909936996
79000	-419.2542901878389	-411.0061129874548	-402.7747549506126	-391.0326485098657	-381.4109681136167	-360.1777863613674	-347.84706436357567	-337.81207068253707	-333.1667937273913	-333.4859762691705	-328.3867540309946	-359.72702460482003	-447.45661029754586	-319.71715564186775	-988.3695871199905	-5758.927826930005	-9461.486930388743
79000	-485.2689091388398	-476.72772770448057	-469.65059783030705	-457.28205427837065	-448.116814513005	-426.6725561468578	-415.60725317474385	-406.91891065224286	-404.846958391663	-401.4802171461009	-404.7323716581374	-456.89384898921725	-589.4845168207876	-391.7747927477456	-1257.3308760808598	-6232.402870072667	-10002.903469216342
79000	-405.5863763600009	-397.51040780009333	-390.4906577283587	-378.8767477322235	-368.6092662501687	-347.71680027921906	-335.29135493511586	-325.3678784373873	-321.1971179502486	-321.1128452665888	-317.107511230486	-348.01268125203836	-446.9723427329589	-309.6620405199929	-912.591628610973	-5687.5620371502055	-9380.691171684819
79000	-449.3608139182214	-440.9815801768395	-433.2771472692854	-421.1482879779072	-412.7716314580315	-389.94091234154314	-378.9974446892452	-369.7896569887615	-366.81038878423686	-365.48621340741926	-365.14417455739635	-409.908711852454	-519.4350791109309	-351.7336635592913	-1137.379090245924	-6275.744031002123	-10098.001989310102
79000	-435.39220414143296	-427.3184452738243	-419.5606421552904	-408.5435122008819	-398.3041795974846	-377.1975509910849	-364.84555907250774	-355.9313919081064	-352.60814931434356	-351.3147019555299	-352.1119884407683	-394.1501119932704	-497.52469091966816	-338.97381331881974	-1082.3243765653785	-6070.346503246202	-9975.476791940015
79000	-428.41570747496837	-419.35835824076764	-411.86853259395997	-400.3471986042081	-391.8071529203051	-369.7055722609262	-356.7984243716659	-348.4051828858623	-345.1148487550435	-343.45316916016543	-341.53455913215254	-380.6217255831784	-490.1826858848013	-330.7645481614005	-1019.8808137450932	-5835.4882311399615	-9728.376805729144
79000	-426.7134235170237	-417.7074975522863	-411.0881674225387	-398.8131886777629	-388.83151027106777	-367.72634054796356	-355.5992397319608	-345.6434191670781	-343.0792261230507	-341.5000424456882	-338.9532869671825	-375.42423470510465	-465.2646495392765	-325.7995258699438	-1069.2792494826856	-6024.533378113741	-9799.028574209258
79000	-428.75096636402657	-420.5732154022495	-414.62705643758096	-401.36878676837557	-392.1866039968782	-369.8647599280688	-358.5999015485277	-348.2092508378886	-344.4054583179908	-344.5069986492932	-340.06572922206675	-372.7741410749026	-460.760768809443	-330.3824720110635	-1005.8310560787526	-6039.413333629897	-9784.572239420928
79000	-464.6498559108165	-456.0683354516697	-450.010791248226	-437.780642171198	-427.6375692674776	-406.17764884904085	-395.59498020186965	-385.87932677250444	-382.8285172806639	-380.2806789761725	-380.93101693815873	-423.2600036101755	-531.7181385097455	-368.0620444970723	-1138.5271046184264	-6211.724215628518	-9970.275824228405
79000	-414.2655038721328	-405.69406615695	-398.9486326693752	-386.51354266172314	-376.30757091235387	-355.2316179498939	-342.9730616127387	-332.2721522257797	-327.92371153945334	-329.47109965344254	-322.503486753617	-350.97993102524566	-430.8157437453439	-314.5832202668209	-953.9892634632967	-5822.70625312461	-9566.770881835275
79000	-424.8135932555914	-416.1529250657018	-409.68284985760596	-397.8842774409136	-387.79228105846016	-366.481109192381	-354.47644018891117	-345.2098521168737	-342.58258197572627	-341.03592099088013	-339.43294652005477	-382.35584568763073	-481.57810135489245	-334.06508462309125	-1042.4519463221723	-6191.481827627983	-10149.933908322126
79000	-439.17093687276713	-430.69915704634263	-423.393598315264	-411.5433512701454	-401.65914241287607	-379.3483888944195	-368.1087803983705	-357.03600323920045	-353.4200295684654	-353.95863397356	-347.98388587478854	-378.90513384413833	-469.5446947590289	-339.3885633400064	-1070.5016379449085	-5821.310525583601	-9502.47252171144
79000	-415.8397309300191	-407.95193941135807	-400.7928509047052	-388.5621878085791	-379.2912272928443	-356.93448914096194	-344.966540435642	-335.00984055777195	-331.9527083438017	-331.7001634697498	-325.4151391585671	-356.18248678015146	-450.38825259129607	-318.65294124054395	-945.939246440763	-5728.19801352285	-9421.063282137562
79000	-459.83487702644635	-450.688869614206	-444.7499968087364	-433.7580069367258	-423.4782785660568	-402.320105846396	-391.19846040459714	-382.31763710565815	-380.2212337853152	-375.5271058889694	-379.51404149763385	-431.8939967565426	-556.9034817462705	-365.2023526133708	-1162.5659511074302	-6310.646046989841	-10276.988649110905
79000	-456.25908728714074	-447.60624783225296	-440.3211047997159	-427.97456602505406	-417.49666153488744	-396.72551850413754	-384.5278723038173	-374.850201515865	-370.8149806336107	-370.3832200694512	-365.20300103394993	-395.5506808839207	-488.71449257940196	-355.5834546018161	-1066.2589892869962	-5855.715308731572	-9478.035336270736
79000	-439.42838404638695	-431.2625745085844	-424.69067283927956	-411.904863004409	-401.51247129988724	-381.05230394756245	-369.1754133111403	-359.1852026649096	-354.2209738405746	-355.5919201760739	-349.44414936945867	-379.33888911512594	-477.7891147919613	-345.26550040450644	-990.8005728900545	-5702.955053772704	-9322.368410238278
79000	-410.8332146748166	-401.4134872433225	-394.5423172617438	-382.62782554496675	-372.55804874268676	-351.4836613899645	-339.28763560813354	-330.1247698750409	-326.0914738652977	-325.29691978018826	-322.0525093021262	-359.0007831233042	-473.6918174801474	-316.2751275081986	-942.3146935202145	-5893.622023349001	-9644.077430372601
79000	-444.27647054744017	-436.1563914251093	-428.2453778320582	-416.21444405077875	-406.89566337279314	-385.2063715830892	-374.3653902998497	-364.3597259016415	-361.20498341115666	-359.1223417011921	-357.9499546130637	-399.29864518171433	-499.2985294299961	-345.5796603603092	-1097.7385416873065	-6114.282144413902	-9882.320051946617
79000	-427.14443162924607	-418.87547946139796	-411.8958956576976	-399.7591363094351	-390.70749137983734	-368.5588010187185	-357.3167560980306	-347.407028760934	-343.68777582507397	-342.0656716999727	-339.598631228461	-377.5509414492108	-476.180852071914	-328.18654496316776	-1017.7080299295125	-5781.602552716544	-9639.543845427073
79000	-480.0865078667306	-472.1545951538153	-465.2332873969546	-453.0677665984547	-443.14686480927105	-422.0195137735987	-411.2543254109892	-401.5744488770298	-399.8457530387818	-396.3110820373521	-396.2497184273803	-439.6638345930922	-555.5187683590592	-381.4821279375491	-1215.1409822763767	-6414.424477084862	-10197.901853421396
79000	-452.5694326935861	-443.9528513541728	-436.53354569713264	-424.6141737804626	-415.12166211167334	-394.10654861687607	-381.8456788834006	-372.36688193765497	-367.72400462479834	-367.6335138477408	-362.53268419841976	-397.2474754311333	-492.1214759179855	-354.39620316123916	-1029.3677745207067	-5880.601104621018	-9535.77049176128
79000	-443.14655295940423	-433.85984728455867	-426.81647713414674	-415.26073962005717	-405.09386912396354	-383.6162777638898	-372.3511954821283	-362.7011725275185	-358.4971553829436	-357.83907056259665	-355.97683490271334	-394.451485706067	-490.3654507397784	-343.38263927843786	-1074.4963176724004	-6087.739343013326	-9903.773468804146
79000	-395.9888799396794	-387.3417197543652	-380.3684416083617	-368.3155493374228	-358.3966088267592	-336.2503654529705	-325.3894693691777	-313.7655934165915	-310.2717163681086	-311.07230063148296	-304.7691611712463	-333.607315549799	-416.0871296457836	-296.3565891495691	-904.5720719576395	-5724.312843978428	-9437.014560896318
79000	-428.64049447156407	-420.105116146954	-413.25306030983273	-401.73066554026536	-391.3736523480721	-370.36821581066926	-358.43349457377536	-348.2584009849078	-344.39014885716773	-344.1201819629058	-340.70938087235703	-377.2697003245553	-475.19018407727594	-328.89370697970946	-1084.5574184932038	-5999.308664629247	-9851.38640322769
79000	-429.71554898744597	-420.6025020782244	-414.2455848580716	-401.7506036287409	-392.8310589771798	-370.4013843708602	-358.9669694143917	-348.41477179923106	-345.183393094816	-345.6137027893938	-340.7335892877274	-374.9092157043802	-476.0530384914752	-332.32089439443604	-1031.8768877891353	-5856.107543119171	-9611.491960610136
79000	-409.12849113972635	-401.34220288167853	-393.5842406774023	-382.05467832016984	-372.14869700138394	-350.14921651922737	-338.57916610955044	-329.1346081155471	-326.13478552622234	-324.13179248614125	-322.7584560310819	-362.81858372154335	-456.58537611530613	-310.3091256830714	-989.9509170412291	-6156.282729770925	-10198.419349770376
79000	-460.82442178531784	-452.34906234689225	-444.7234081779606	-433.3259105606338	-423.38775890524386	-402.3356405168458	-390.3667334822679	-381.4633073219585	-378.5232857426875	-376.31479748080386	-374.50021833517343	-415.8541453199399	-533.3295912935041	-364.4568877484575	-1146.0852127819026	-6137.287926535135	-9902.253921963314
79000	-448.1319712199949	-439.46813543132265	-432.8338121500056	-420.3530944914063	-410.8725746757853	-388.88599625498233	-378.11190562021176	-369.2851134039502	-367.82384867787647	-363.7663301837398	-365.6786693005095	-415.4211942185391	-519.6335424517295	-348.306919493127	-1143.0340265735226	-6596.344773782917	-10562.31157294725
79000	-435.5759905357893	-427.23448300495124	-420.1773934049998	-408.81947710817303	-398.5926021592703	-376.1188660294775	-365.84180181237616	-355.5573682672522	-352.7581243195546	-351.1758524125188	-349.58435456142763	-391.350670561836	-501.7991172124841	-337.75645649255404	-1066.3772358294004	-6126.257430835785	-9990.292970321425
79000	-402.70533927038053	-394.5143996934353	-387.6200536591327	-374.7821909268396	-365.4193916473476	-343.9650569457604	-331.5905575111861	-321.3534714495403	-318.3826209305	-317.72296644023	-313.20314487383763	-345.2422964103924	-432.7522942885809	-303.7335828477116	-946.2540311188081	-5868.938703098859	-9689.213486072813
79000	-401.38185835254734	-392.91173084265705	-385.7103126635414	-373.99869045085006	-364.0007105905135	-342.36677128643225	-330.3091301789043	-320.39054458571775	-317.2657308991612	-315.8691522899005	-314.07581964419205	-349.83524008089995	-433.4975426677911	-300.83659254874397	-988.909476376283	-6209.168647280605	-10068.577004901694
79000	-425.92638768842517	-417.2418008300717	-410.29160607807836	-398.1532819732299	-388.98733926771297	-367.0891772344394	-355.3413233797268	-345.52441031121623	-341.96109310871384	-341.68770508171895	-337.5147797387006	-371.50930291817986	-469.79294607516346	-329.7138777592552	-1009.0978196277979	-5758.650479141946	-9630.283955312218
79000	-447.1651359942507	-438.1247352419965	-431.2446922927075	-419.7911637618845	-409.8576170682961	-388.37986518426794	-377.2368243038657	-367.45578319147955	-363.65707275285166	-362.26986173011585	-361.756257913267	-403.57841794462075	-515.0303683755462	-350.04933575643696	-1128.9673501491345	-6003.864876476404	-9901.165703801456
79000	-462.18091740014955	-452.9928094209116	-446.20806457731413	-434.004719594951	-425.4943366726324	-403.43143861446373	-392.8607920167462	-382.63289388993115	-379.88937044616057	-377.5510507851836	-378.4315038985828	-425.42322678075163	-536.3677918446892	-364.6084559494839	-1181.3290552586896	-6313.866747401548	-10018.273534685886
79000	-439.8971575181326	-431.5057869805135	-424.8455528638406	-412.261612425094	-403.02164059879624	-381.23594093483814	-369.2520799839805	-357.580330995819	-353.4528198430455	-355.4407929995293	-347.9269025393866	-373.89177591637076	-464.45951733675014	-341.7267735066946	-1037.579297950073	-5497.790506294809	-9063.410041221427
79000	-414.8923988087904	-406.1164982245913	-399.01825465092855	-387.1652661493672	-376.66254546018286	-355.86127154515543	-344.2915494745483	-334.33229255835016	-331.4499453982652	-329.9091817666201	-329.3991649255209	-369.6561592719699	-469.9489257755086	-315.85927319464344	-1024.3989528678105	-6191.963901414645	-10018.413287527159
79000	-418.04225678563193	-409.61003968673083	-402.161900918262	-389.56218747847083	-380.05500027015574	-358.59774129604756	-346.5747485926591	-335.748630938908	-330.9397558716217	-332.6194103992445	-324.4715474640446	-349.6583793817607	-429.0018063742616	-318.0667471566451	-936.6144264954306	-5774.161589302683	-9396.046472388081
79000	-419.8294387191356	-411.46579949011846	-404.68955409724884	-392.36546402385807	-383.3416917793964	-361.1037163259954	-349.39664708745335	-339.46933031367826	-334.82918064523767	-335.6306464871995	-329.25876022598374	-362.42457883199205	-452.358048862518	-321.67441891609263	-994.978681947768	-5798.733568293135	-9533.356446055877
79000	-469.9957803298533	-462.0104920864123	-455.1209566788702	-442.5012049371112	-432.8897751451454	-411.0998898193813	-400.5580513237144	-391.8239347612357	-389.22113132703345	-386.4531950063411	-387.1690597468803	-437.2526522597419	-570.4597967483551	-373.38473497185726	-1171.960746011103	-6389.497540173819	-10263.666163133492
79000	-425.8819901748133	-417.4168938979525	-409.86646150833934	-398.6655369637118	-389.5117072877549	-366.80508410468724	-355.04073817605695	-344.02994648672495	-340.3958771941404	-341.64284412112966	-334.7736349495781	-364.23001088004804	-457.4714867814021	-328.75397941901446	-976.3127968645272	-5733.376169951313	-9369.834494452882
79000	-499.86713334454043	-491.99875698471106	-484.7160363169947	-472.92791425206235	-463.1541086476637	-441.4620464181464	-431.2755743983531	-423.73366200839087	-421.2383965308656	-416.58313738851643	-422.55168542027735	-480.1900950145727	-611.4805573254765	-410.0399106359392	-1354.814468186645	-6734.5383676571155	-10789.73161617503
79000	-502.78921128453936	-494.72859854170576	-487.94094767138387	-476.17264543593024	-466.49845532893346	-444.79840615361275	-433.23161356939255	-424.0512476287863	-420.98910732922616	-418.73801280342013	-417.858133573043	-463.59968738847164	-578.4292818378104	-404.26619562927584	-1265.8467135281928	-6220.600661319443	-10021.20398335935
79000	-440.9928729700408	-432.0431427541852	-424.75993796034896	-413.4003038378522	-403.59411779593756	-381.81028765841205	-370.5146686796288	-360.8617125516495	-359.17242646604547	-355.7766631949108	-356.9430865307997	-403.9708069583535	-516.6351475184923	-341.8266356718202	-1136.590648221085	-6180.435009276725	-10150.18334366088
79000	-428.4571871708312	-419.5774941279925	-412.48372698302677	-400.48251935340113	-391.52743740585385	-369.1887102752065	-357.7117407781446	-347.6808552452852	-343.9069462659684	-343.5023831226213	-339.82909886206596	-374.5430654700434	-463.6731951276506	-329.02295973912516	-1041.0258838371285	-5948.847698929773	-9757.409393663696
79000	-430.16061576740725	-421.43512604249827	-414.1323127354082	-402.7248204505787	-392.90430845780793	-370.99061142228237	-359.492770907489	-349.6704219662409	-345.96654342750963	-344.7850508614139	-343.32875869593306	-379.33901877159775	-478.9398774837146	-332.88541200363136	-1041.8984541918549	-6066.379834764618	-9776.866407275755
79000	-456.3748062343273	-447.6113679143421	-440.8717977113117	-428.7031338987199	-419.4200080916414	-398.0750855419218	-385.67542412384915	-376.25175877981906	-372.8706550965	-372.03649289014	-369.0952481756316	-408.44605936949864	-519.700041808788	-357.9352897101995	-1142.8406247230273	-6129.085346957576	-9859.636393405139
79000	-405.57994367333765	-397.2772324722242	-390.2690742228444	-377.9160865260808	-368.0046985102927	-346.819728566158	-334.65951942314354	-324.0190934773949	-319.30527989863555	-320.87660745167847	-313.2932014566763	-337.6500685266233	-417.6176154863204	-306.94678026665616	-916.9251577045549	-5594.56504569933	-9279.506072695405
79000	-441.1765605269944	-432.4486486915558	-425.5103850706766	-413.3766250083854	-403.8819203034474	-382.3470354565293	-371.26925167964447	-360.68069812648844	-357.1609037174354	-357.32128307142864	-352.61211543090553	-387.0318116797545	-486.5399951195125	-345.12776745841666	-1048.1953695691261	-5716.492577425337	-9456.200866097985
79000	-423.16239370306073	-414.5958260595669	-407.51379079880365	-394.99971135104727	-385.69798891886734	-363.99492490433136	-352.49825897806426	-341.44961746582766	-338.04576137602857	-338.28392901417806	-333.7277798919803	-365.1955397022359	-453.5895881007375	-323.9464882420426	-983.3725425264704	-6110.991557362181	-9769.05821354304
79000	-448.29681658376575	-440.6069373973287	-433.19776454468894	-421.6026925076362	-412.504490426227	-390.60658202336197	-379.28923800804955	-370.56753556282894	-368.3594681882382	-365.373732924708	-366.98416752041163	-417.1211440654516	-547.6652309082634	-353.942670827807	-1144.6018764245196	-6205.736537952534	-10127.851763012683
79000	-462.47471694470244	-454.3230833682275	-446.4433252094888	-435.03193351667744	-425.0268446436901	-404.020798302862	-392.89043458158676	-383.48059593419896	-380.7898030695841	-378.3868965901349	-376.66208961906636	-420.1468702542847	-529.3462712447463	-364.70173799549775	-1172.327620386025	-6137.344914790016	-9924.008717926903
79000	-458.1556369991766	-448.96545737602264	-442.2092563130282	-430.0660573215422	-420.3758508154707	-398.6974348406725	-387.6175524464258	-378.06848049478975	-374.19936752878345	-372.649259879866	-372.32838557167264	-413.22540966662075	-510.2136234873813	-357.7226188923418	-1149.355086076105	-6190.778462611789	-9869.632017299531
79000	-440.57691507301155	-431.9280954617979	-424.75194159550864	-412.17636825250486	-402.93297935026345	-381.21121208317106	-369.84647005376155	-359.9048836496102	-357.6936349916421	-355.7236086829189	-354.51440164140496	-395.8312773935586	-499.44237193703947	-341.37875480894934	-1096.1542112284822	-6144.556331058846	-9930.226828134513
79000	-442.50177093270463	-434.6425967269972	-427.835568955406	-415.96554953642544	-405.6254513676945	-384.37710508994724	-372.53677961126886	-362.2539003155589	-359.73083221963634	-358.30399927041844	-354.6385816810974	-389.5756432229302	-492.61587037899534	-344.9127018734486	-1049.5622071460825	-6010.651092898377	-9711.781982802777
79000	-439.69813605089485	-431.6094110720212	-423.561742524052	-412.0666302046525	-402.28788322714547	-380.983767521359	-369.38826375755565	-359.93829738853304	-356.2282661322689	-355.5881560758684	-352.9608484255059	-391.85180922323826	-493.9516012383021	-342.98805195327475	-1063.0867747427933	-6045.922795343096	-9791.404819309742
79000	-420.7284295976565	-411.41902136660775	-404.97098504074376	-393.42307986080016	-383.76170154983663	-362.4142064540193	-350.28043573029635	-341.69494502422083	-337.9928662108814	-336.02163856690385	-335.9576911322412	-380.11200954164303	-493.7622779543695	-323.5259424528177	-1040.5553138038124	-6184.672367040294	-10135.153415574161
79000	-417.55940892291255	-408.32431265014316	-401.13303242773446	-389.42394259456466	-380.30218774100024	-357.6062129928917	-346.3905663935242	-335.4199494745726	-331.9426370329273	-332.8123708859698	-328.0068764499172	-359.42302001350987	-455.2935070109895	-317.9495301394136	-986.2387979864661	-5631.551282487031	-9391.669139095458
79000	-464.070024376628	-454.4108597595808	-448.06610218869554	-436.4710760426914	-426.56440958199386	-405.5049469011731	-394.48684024811644	-383.83127682794134	-380.83868038568744	-378.854602734233	-378.13995280070975	-421.02809020516315	-539.3501904919402	-365.37654372017215	-1138.0993301320439	-6000.69399310708	-9658.906268464987
79000	-431.50364493484307	-423.47888563010196	-415.70252599813097	-403.67554732137773	-393.9990528702503	-372.71608162370006	-361.0787828432905	-350.64818081625685	-346.8674549501604	-347.59628978154126	-341.8415310918532	-371.35684928128666	-464.1446151394386	-334.77467848788393	-988.8331961199099	-5784.3605506334825	-9628.163868955287
79000	-471.13011652690113	-462.4941797510659	-455.3914097650946	-443.28733972553425	-434.2567743557177	-411.84223304748514	-401.26538388279346	-392.37944023324417	-388.8663680143508	-386.76363078056625	-387.34006428957	-432.9555436652419	-548.8206531879995	-373.4685566143494	-1177.4590662985304	-6114.331451107616	-9948.256920800275
79000	-503.3157009139414	-494.4957424804315	-486.3746937788009	-476.1772933320849	-466.47279649268637	-443.5517871146671	-434.0999577079197	-423.829578507399	-421.29274968241197	-418.6085043502649	-418.17261056847155	-463.1856981494639	-576.5802299446885	-405.4520352129819	-1293.2305365692835	-6099.933569029029	-9733.50044660889
79000	-385.31087257834986	-377.005377234047	-369.70691722949033	-357.64301108188954	-347.9148837746793	-326.0593083099844	-314.04707280634545	-304.46824344588475	-301.3340808967897	-300.01741048631953	-298.21781406410537	-333.9823627299796	-416.27615211613204	-284.8278540851437	-925.8369154574484	-6188.608228740381	-10205.024146292904
79000	-408.58381147574886	-400.3845405941119	-392.53163752058384	-381.1275574434568	-371.33117523501244	-349.7595626972708	-338.2314244133841	-327.46896443864586	-324.1043472578458	-323.8623446970134	-319.62936253246227	-351.4062108134106	-439.48778384169674	-310.32053917728337	-966.8087390950689	-5856.142483731274	-9619.750182839762
79000	-429.14399813202493	-421.46648850580465	-413.9477317651345	-401.5170690398294	-391.4826435001106	-370.17945103418174	-358.7701692566322	-347.91781224048714	-344.2402320903192	-344.14857262778025	-339.42948553635773	-372.3049495829177	-458.599487736043	-328.445499500598	-1050.8802351722302	-5869.469954604865	-9597.40573289812
79000	-443.7364375235613	-435.18846298543747	-428.1776653139423	-416.13788810372705	-406.19056255092846	-384.425921944171	-372.8877770679868	-364.1233199845211	-360.3010400888973	-358.3873763594482	-357.94685293255026	-398.91008915417973	-506.0014470174475	-344.7275412742033	-1115.8550955030382	-6252.583797881966	-10007.879120263591
79000	-460.69308066654514	-452.55125714946627	-445.45319766898245	-433.0355444819046	-423.84377596514463	-402.49713280311755	-390.46079722858445	-380.7642996190612	-377.29970495823403	-376.67496064312917	-373.9001358428719	-411.5080484594053	-505.13843428997683	-362.1796168455824	-1132.0707787068595	-6106.698397777621	-9739.504787617936
79000	-464.6376527983722	-455.08227501115385	-448.547031787403	-436.2375969520957	-426.49992947146654	-405.1135702493554	-393.00357564463934	-382.3309176442582	-378.2659505220914	-379.83934214650117	-371.39304669346234	-398.99209067256356	-494.6208640110349	-365.1247225727839	-1150.7691474280039	-5713.899244481968	-9214.564940821156
79000	-400.6479661608185	-392.77114920383684	-385.06247463552387	-372.6809553446542	-363.15364264774604	-341.6087214597405	-329.1521199504923	-319.4893916992353	-314.8530839987506	-315.0563370532446	-309.09412780333525	-335.07126036470305	-412.65036167276895	-301.9649949396748	-890.269518775945	-5785.449412592983	-9428.646339689421
79000	-425.1094623023218	-416.24729441053364	-409.24878271800907	-396.769380592709	-386.9389993770996	-365.7721575594534	-353.9071107767779	-343.20409128810337	-339.62737209225594	-339.7370272934102	-335.32714325425053	-366.73525206146576	-452.2256944160953	-324.878774470557	-1003.2434499851344	-5945.100782431565	-9569.536321654728
79000	-415.82783911737675	-407.5465212023237	-400.2121476938989	-388.3660428424927	-378.0619364959086	-356.6650424124018	-344.789244622423	-335.25904736816153	-330.3912559104269	-331.24213244525885	-326.8811899313643	-360.2456770198274	-447.3604031061227	-316.130913657019	-975.5902116732301	-5890.090161715633	-9749.50490706466
79000	-430.42187913853724	-421.90412256225056	-414.70013657130875	-402.99336654271326	-393.28898291596755	-371.8891328614242	-359.9637005856488	-349.8677450758702	-344.92118586465773	-345.78743316309436	-339.9379105595616	-369.49106748911214	-454.08140127584505	-331.73505082978636	-1019.0327995950221	-5767.952060768	-9410.517379319073
79000	-486.86528928602235	-479.245524283206	-472.69448673253356	-460.38786671635455	-451.5125193574965	-429.4589808434513	-418.8188114803655	-409.1023509433991	-405.7730957272726	-404.5218318934324	-404.123557293776	-448.6889813404945	-565.8106938219566	-390.71191086779214	-1234.5203589674047	-6259.912269373927	-9942.45417962499
79000	-421.47702538885807	-413.54997807913696	-406.0172175929037	-393.7974368204234	-384.0049985919716	-362.4625677774915	-350.44691076364444	-339.1788000781982	-335.13377247640597	-336.92791727031266	-329.22296991222066	-355.59002499476884	-438.5697700136363	-322.09290806981636	-961.6368921890473	-5667.393038795504	-9215.890345169892
79000	-439.6423338524598	-431.51397366772807	-423.54002247200043	-411.81781379491156	-401.6960092624627	-380.3105400231489	-369.0477696899129	-358.2824152970093	-355.3758099397792	-355.580113353411	-350.96232135351374	-385.78113105560817	-487.36952308205576	-341.7157570858384	-1063.6665654883268	-5991.866325156329	-9776.644904673638
79000	-471.22020144729004	-463.32224949547043	-456.74680050421335	-444.00507838425904	-434.1993871598417	-412.7328669709822	-400.92344701361395	-391.72782590297044	-387.9822610633386	-387.5740812631052	-384.52294960117337	-422.3374456560494	-527.926482889073	-371.61946238403664	-1180.9836876090812	-5838.142286587446	-9585.06297837984
79000	-458.02266062311656	-449.33049419870656	-442.8052720265924	-431.1798863216069	-421.54280930084497	-399.5048348122148	-388.97173358841314	-378.6361547122574	-375.9753686475271	-374.01041388892185	-373.724110941681	-415.7903743475851	-533.0959569239562	-363.4149715269554	-1122.3737692028947	-5989.485348126301	-9883.328141418107
79000	-429.28589459544435	-421.27844868472965	-413.4878925870657	-401.202564143064	-391.47052688932007	-370.7028143287926	-359.80313402129315	-349.88164301080707	-346.04789828747147	-345.00193705197614	-341.5982204207404	-378.2269868605707	-480.65020587798614	-332.8551021525428	-1029.1968825306562	-5787.33256873405	-9575.029959753516
79000	-428.2914165213491	-420.18332688751184	-412.79668151927143	-401.10875861705097	-390.53813641856925	-370.3746848208528	-357.64747277399266	-346.5984451952848	-342.6927811678567	-344.05634392962935	-337.2545757691347	-365.0096694677129	-459.22155865306524	-329.846540832594	-988.4602335446893	-5796.576132994049	-9441.258830953479
79000	-454.8580915347886	-447.94113495495947	-440.04715964842177	-427.9356396731233	-418.48788583491455	-396.58632699946065	-384.53741214397246	-375.0514891564873	-371.6073087830773	-371.47792695252116	-367.666119619122	-404.2243527798233	-502.81350622567214	-357.23128479484905	-1087.4535913601128	-5904.644462591554	-9622.892740348982
79000	-421.6283850889422	-412.4793882410207	-405.2273507920717	-393.9286125691252	-384.419879599606	-363.2017045657508	-350.55647512710175	-340.8542625390432	-336.35157959895724	-337.3481779771288	-331.52290431907085	-365.6001333139014	-467.5393634762267	-324.3532321779408	-994.285210150612	-5742.7979021718165	-9378.11462113608
79000	-439.9836090033451	-430.85389768560543	-423.76922185166694	-412.37762806710793	-402.4150070551097	-381.37231838789006	-370.16097979394266	-360.10627019685717	-356.42083526546367	-355.60009538271305	-353.2107791916914	-391.15065467348813	-495.4515135843148	-341.7569546217338	-1059.4420737473486	-5771.026325276295	-9424.411893942566
79000	-415.0558122099559	-406.63497983978664	-399.9934485607235	-388.21721474535434	-377.5656444571037	-356.6406125565314	-344.26114295753155	-333.6730053521978	-329.54919958217175	-330.1535909608098	-324.98153248211196	-355.5279946307397	-444.26641598159983	-315.66566260948656	-966.6180925755489	-5834.567686423621	-9521.497020287976
79000	-436.95542387034783	-428.7860108349683	-421.0203457716871	-410.0586760848147	-399.5484775919086	-378.3149713372021	-367.08475190312095	-358.09380605246355	-355.0759172960929	-351.9020507264133	-354.4377557149481	-400.87545780630785	-513.019444478375	-337.4441696548037	-1133.6836963651335	-6575.962662763622	-10578.002507468376
79000	-437.48628180614725	-429.18725968022744	-421.70031269294594	-410.04510803339224	-399.956405385674	-378.9535535514985	-366.80723000522846	-356.42856459138324	-351.7487399899217	-352.45712015735717	-346.96550793264765	-376.1847740673249	-466.1405774901761	-338.1394106910666	-1026.6929831824805	-5590.172411666273	-9330.526833202968
79000	-457.11139326070924	-449.7460951438576	-442.157277316764	-430.8592129723311	-420.5542374420585	-399.061015197032	-387.7088021943008	-378.3041480639244	-374.5585088895888	-372.98660213066415	-372.3739294273889	-415.14840509167703	-520.3279706521411	-360.61260276141746	-1150.2024862092164	-6131.778964581782	-9960.66564608422
79000	-427.97080240074297	-419.1025366514807	-412.73834489962957	-400.0625121353336	-390.6538095284841	-369.2636114631949	-357.40384538193894	-347.0968814327388	-343.30460737445657	-343.462587139572	-338.67213660162565	-371.03483131806445	-468.99103882957667	-329.8288224577717	-1004.3766472502981	-6014.892682086666	-9733.341732426903
79000	-443.0123295604774	-435.34884801741555	-427.178953514807	-416.36345110358013	-406.0960366409367	-384.67584386987744	-373.53999978657254	-363.79512344527336	-360.7609383244007	-359.2593699692092	-358.93025290972673	-401.90306689617256	-507.78585357365085	-345.5021942692224	-1132.2972771188174	-6241.465883809441	-10121.800619174783
79000	-426.07935230935533	-417.6205598927136	-411.26798981802216	-398.5593603567854	-388.70000471981865	-367.4354055919598	-354.86320654841603	-344.01305455174753	-340.0712980756746	-341.63080856669404	-334.3504846587776	-359.9021439788746	-443.06498909411454	-326.3242237134738	-1020.970015490807	-5830.783600873582	-9359.490935443688
79000	-392.46815683602034	-384.30889414987547	-376.1690831075147	-364.6914977017926	-354.15608931111336	-332.92807084276683	-320.7726224064775	-309.5852246226098	-304.9760698613821	-307.5494286331908	-297.8383219498057	-318.63061890458727	-387.33160613299145	-294.610854042509	-820.3964669825154	-5422.041859755769	-9093.314010604865
79000	-401.2299514053168	-392.62732236802333	-385.6493540617561	-373.3863319050972	-363.44709333396173	-341.6825612281471	-329.8585133282392	-320.022697452269	-315.07358947460267	-316.03010867842806	-311.78540017787606	-345.4285777344463	-428.7733011624992	-301.8818843669661	-946.0455058877671	-6058.00756842935	-9858.070725208454
79000	-427.2970670506139	-418.6168609236875	-411.26985519169335	-399.6598832754071	-389.8152414699549	-367.8716287614644	-356.06797771098337	-346.7140720511015	-343.1686155152787	-341.813461189184	-339.5052584272577	-374.25561399470934	-467.45208299154007	-329.0220950594019	-1033.776257070841	-6067.589294992749	-9862.183125327909
79000	-430.4862060660566	-422.5646296159938	-415.0890943854843	-402.313805522708	-392.79440424423683	-371.9146817991931	-359.2611249353176	-349.4157582566568	-345.3515499560063	-345.98413983587875	-340.097585538736	-370.874272600313	-458.48176829100004	-330.38750601820476	-985.6466701847912	-5930.562747917956	-9535.51256599881
79000	-401.9235501046806	-393.3526003076467	-386.10285577117685	-373.7864089710703	-364.110550670204	-342.2860645989935	-330.5390306234067	-319.8062131349885	-315.2703609317247	-316.9731220471681	-308.3448988034396	-330.08898382860974	-405.4445414728638	-302.00755977128966	-903.8824873983433	-5561.912536375431	-9167.94469122982
79000	-427.1995134653156	-418.9645921912382	-411.29400411667467	-400.1684485287792	-389.7952539161438	-368.5625059371177	-357.19971642078406	-346.28792074969584	-342.05790768096625	-342.71223949886115	-336.61648421114717	-365.0568009852109	-460.9722377163806	-330.2821388121794	-976.5463389254328	-5502.133594278776	-9147.189774300725
79000	-420.4150739838126	-412.09553935782407	-405.41929274333785	-393.09940019490466	-383.6513646291219	-361.25691036027234	-350.5561646355936	-339.71084025478166	-336.1434127621673	-335.72378382162304	-331.28899119228697	-363.97402181470994	-450.06894587131677	-322.6412067125801	-1000.2897775678563	-5964.984226910845	-9687.885630841618
79000	-460.03617441923404	-451.0417127172284	-443.0893084752327	-431.87522069172417	-421.8376317872136	-400.13406783932214	-389.2510635786521	-379.1070153585458	-376.6333769017744	-374.70264400879097	-373.45462059248473	-414.5700052574853	-515.5628066996505	-358.84866311464174	-1176.9752124854235	-6135.336886057924	-9939.538684263476
79000	-450.9757253768283	-442.90499810779346	-434.96739036350806	-423.82163399046624	-414.06067064981414	-392.97178837795593	-380.50855278049045	-369.9654947770721	-367.08385083403	-367.15421433191625	-362.1098108813138	-396.5305290876951	-489.9027441774976	-352.30867352980795	-1070.0053398273503	-5988.176390144561	-9643.206480196304
79000	-415.8647430264352	-407.03148368334814	-399.8675813785674	-387.66390731623517	-378.3564038327014	-356.75059503742074	-345.4559669824386	-335.2926438332442	-331.9871078246298	-330.87280635517584	-328.61806993662077	-365.8596432981198	-462.856455953138	-315.57139546518647	-1026.2619684545134	-6085.441000652724	-9928.648401248422
79000	-452.6796975544455	-443.6662695060275	-437.7075085148687	-424.93386241920837	-415.2299777782342	-394.1415529832357	-382.3275043241466	-373.11104760244643	-369.4600039984065	-368.24584135191037	-365.4752220675153	-407.8718910703033	-508.5443358671017	-357.09871043138753	-1104.0844613199374	-6023.805441664108	-9832.229557993927
79000	-439.5954261220301	-430.9981946928555	-423.80086087565115	-411.74739751299114	-402.0550871610326	-380.253552359914	-369.13750579625355	-359.0091951585946	-355.9359703010825	-354.3260468978457	-351.45819355795646	-387.3201163464898	-486.4139485017652	-341.00628034360375	-1052.4101743156505	-6172.620580754306	-9849.226046688127
79000	-449.5138124605372	-440.5573638323006	-433.60030491558103	-422.43133011030534	-412.31821965379146	-390.2486331795966	-379.58340946609155	-369.53600729301	-365.3581856433427	-364.677271620522	-361.1222550388307	-398.88173681930016	-497.97944442117165	-351.67351743501996	-1084.4061651144802	-6111.720938684712	-9874.3630678113
79000	-419.1101724053569	-411.35236605310286	-404.5536427198471	-392.1886598953405	-381.5061019219917	-360.22561789062297	-348.9087660397938	-338.1434393551794	-334.1148831875647	-334.8819708559014	-329.6776119838149	-359.9042771350181	-449.0563448193912	-320.05777610723413	-978.761241030862	-5899.378538754259	-9638.207960281308
79000	-427.24865236977774	-419.1025001244662	-411.53493552339756	-399.6041553896614	-389.85948117465233	-368.49975597019125	-356.6648803854868	-346.4885920838777	-342.7380369931426	-342.9865863784584	-337.3239603675913	-368.79021261929194	-463.3826283836293	-330.4618496073607	-991.753117235688	-5758.626584139602	-9457.944820537743
79000	-488.9816100426468	-479.75329125520426	-473.3077735191558	-461.7584567574785	-451.5148690114601	-429.4304676678723	-418.8639096509509	-410.88432648559854	-407.38982720233736	-405.3070388750834	-406.1917478500949	-457.8780218187505	-579.1476442023774	-393.91594836802034	-1238.2343975958033	-6416.908208027741	-10190.648718448707
79000	-444.4734852283299	-436.403064665072	-428.8367387858537	-417.4698070588282	-406.945212696108	-385.20739718316213	-374.15583843138324	-364.35492850655834	-361.25207051881466	-360.03530440437356	-357.9178586811909	-399.17777506742107	-494.87162966362814	-344.38023150226053	-1108.64224066713	-6108.839525480345	-9870.078267192028
79000	-453.6998289887011	-444.9295315988181	-438.4315139422844	-425.6510854016162	-416.3817409562098	-394.92972969106705	-383.26279851612486	-374.2482987269985	-370.2974497673029	-369.22764855711154	-368.0074449379233	-408.896028401235	-515.7859440583541	-355.69211008135346	-1121.6498181260013	-6184.812255927321	-9989.211841091932
79000	-463.9020794428867	-455.3671025389319	-448.7197977843403	-436.2470488252666	-427.41067747723963	-405.4255370294099	-393.84069345981044	-384.28638427224644	-379.83936468252364	-380.34314579945834	-373.31363533871155	-406.4951608930512	-501.33948304773804	-369.3825746224054	-1085.3138041282832	-5655.078338119721	-9176.74720911641
79000	-422.2511828333813	-413.5162088111972	-406.49751573998054	-394.15444676980565	-384.70122919873785	-362.93522052758146	-350.934761210476	-340.06902059953984	-336.4889042374098	-337.44471329870646	-330.898039628154	-359.4966517351818	-439.621927167015	-322.171228392664	-1008.3719211859186	-5700.36740449494	-9448.699216851577
79000	-415.6181380895158	-406.36332574500096	-399.6299086828013	-387.5339556718783	-377.9887082960698	-356.10857590869193	-344.20716968516774	-334.2207783881753	-331.37399936519637	-330.1454341076345	-328.23874610012103	-365.54100426896275	-454.66923896992273	-314.8367347123041	-1027.4159684213419	-6114.603348762869	-9959.883429085392
79000	-396.94060838224476	-388.9610864383203	-382.24474799581986	-369.6670364218776	-359.8769295317416	-338.40480323686955	-326.3574374300537	-316.37349309576075	-312.80342181727684	-312.1485580798801	-309.3906278150848	-342.2254801114564	-425.5520917194069	-298.59965188180524	-957.0542523619591	-5937.451681358364	-9760.377410089473
79000	-402.3398614202139	-393.651870720876	-386.9974786113691	-374.76105541664583	-364.5247713701921	-342.57407010489436	-330.61732053806145	-320.59607092581143	-316.44127639527153	-316.8728395609331	-310.9228701651624	-339.2526515276478	-420.0045637880136	-301.94432416615354	-936.7900574003622	-5925.212889187172	-9672.877119921612
79000	-414.40272086481565	-406.1850722381423	-398.70781701125367	-386.87336783468993	-376.42991566685555	-355.301294562666	-343.5432167222834	-332.9962985369295	-330.29302708252385	-329.0201177247596	-326.00334902080687	-361.44381875713367	-457.88046880480556	-315.0189074834845	-1021.0444897073978	-6003.7597320529985	-9793.823506707338
79000	-436.34360841437945	-427.26107359275136	-419.9513081581668	-408.1953298425765	-397.9660757351867	-377.0699362792738	-364.57383859055085	-354.03957917814967	-348.9764323407467	-351.0641549974047	-342.84557378837366	-368.3474726574432	-453.40513548606174	-339.3579468200824	-1020.1649778223045	-5686.165701897399	-9213.545214722662
79000	-398.1690146258341	-390.2988966714017	-383.0746869039347	-370.49688807409905	-361.1666878347767	-338.9459129908692	-327.1815859868243	-317.3841658990854	-312.8788121112479	-313.1950155221394	-307.8810405899116	-339.2597071452641	-422.1525282195567	-300.3073102845212	-955.9753878620287	-5910.256680054915	-9774.145940666538
79000	-446.58635686141866	-438.00714491598114	-430.8043142966447	-419.26547177694385	-408.96942180961224	-387.2502400628413	-375.6994944241996	-366.01822967631665	-361.4010727723811	-361.8849525240085	-356.4618302298025	-389.1185609945114	-486.06750192487146	-346.5195994045032	-1071.0196643965771	-5969.967416594875	-9613.52961530968
79000	-402.6346682260347	-393.94689330439	-386.60750713727845	-374.88102180177657	-365.2647727916025	-344.0121111792274	-331.0946898354545	-320.3473552264561	-316.990738623542	-317.713639678103	-310.03989388351175	-334.63169945677186	-414.32369958338654	-303.10169772153415	-911.0621483686027	-5789.714761144027	-9371.933791486545
79000	-447.46639634661136	-440.03497591040286	-432.1748911177512	-420.5466098524096	-410.8582762463009	-389.7633066434251	-377.6307934969155	-367.4525262920583	-363.91084746871496	-362.8761606646266	-360.5511780782864	-397.87474573712433	-492.0549299957238	-347.729677634255	-1112.9429474740855	-6102.8270336439155	-9775.241182546944
79000	-438.8265680587719	-430.51528276079586	-423.3732177950299	-411.32366615156536	-401.3316620826353	-379.70217483312086	-368.076345893668	-358.89891508971573	-355.65677431761037	-354.2169131109978	-353.0650770444544	-392.66396869371056	-488.7132254294247	-337.93333932758964	-1092.1660811081208	-6304.717048889344	-10177.825623084786
79000	-442.27723231991206	-433.2256515385951	-426.33410571658675	-414.04136660027166	-404.84678139109894	-382.82716169043414	-370.797906788024	-361.3356708565828	-356.4398117956671	-357.5396975170987	-351.3030848853046	-383.2651579661548	-481.3167712041496	-343.9809018760669	-1024.0589158604444	-5818.831519772245	-9582.064778440066
79000	-455.66540503060975	-447.2198854985353	-439.82781579079807	-427.95232726150846	-418.2289492744286	-396.535133137939	-384.4873722405604	-374.06719160992793	-370.4195489009989	-371.0971841702416	-364.73314578556636	-394.35755080890584	-479.1160447017937	-354.98018225834886	-1071.5535993201609	-5745.838227822353	-9394.91199029642
79000	-438.50689098968763	-430.65887562329965	-423.01719452074775	-411.0383302793034	-401.96195306597923	-379.83299795491183	-368.1444661463435	-358.6346842942851	-354.07895096180124	-353.4705818041801	-350.5566518648269	-384.9058037937896	-484.9972286681572	-341.0803770874787	-1098.3062118958035	-6004.011925182416	-9751.06265923733
79000	-439.4753508973362	-431.450913378781	-425.058016685519	-412.64721537824846	-403.34012330433507	-381.7815791666222	-370.2972116425377	-360.8092039751057	-357.0939319801756	-356.4365082857194	-354.45953057354336	-395.11407862661724	-495.97011915006874	-343.05024237221494	-1058.2149602544812	-6076.571838222355	-10036.962830470451
79000	-448.8009385099522	-439.6797358401089	-432.87599648448173	-421.2585845038293	-411.3787957582407	-390.44786600759545	-380.4598643796839	-369.77858427541855	-367.45973166359437	-364.46205658430017	-365.38586228603293	-413.1550611361478	-540.0329169248319	-357.527422388512	-1118.0116435193177	-6234.332674148656	-10031.955041255891
79000	-449.8895478259862	-441.76981770171767	-434.70248264053095	-422.61381526773334	-412.771743071012	-391.1767058940505	-379.29736460133375	-370.1164690398484	-366.4255588053996	-365.26949029504476	-362.9360654219236	-400.6667888539885	-507.5432459192806	-350.0459142713337	-1113.2752675772836	-6166.707801146621	-10049.601004786411
79000	-395.08758517628064	-386.63635059705473	-379.37318896026915	-367.3196304843036	-357.05563587613443	-335.29381692327667	-323.70221256979204	-312.99999128837527	-308.6708462739124	-309.93594009839245	-303.4534863603835	-332.35169808519726	-414.3224425609813	-295.9582995206996	-930.291713603782	-5985.901999294243	-9674.682197238786
79000	-475.3250185448756	-466.94551965766016	-460.2212015506421	-448.44849026223494	-439.2520513545434	-417.76898589140717	-406.26681316853455	-397.2267386482349	-394.0110528765049	-391.8526852121898	-392.7027915989351	-442.4254871652884	-562.6026681156856	-377.5796054076771	-1245.143398391137	-6174.71810411071	-10029.537667285898
79000	-441.0586114432689	-432.5174230645996	-424.955833724501	-412.3934834192197	-403.4935724847049	-381.4955235587402	-370.57073371722504	-360.8921915067532	-357.5523785472544	-356.0452017150093	-356.0400564726289	-399.33207371662326	-497.8118211196341	-340.33190489599735	-1132.2882592097633	-6394.9665287516455	-10302.733007446273
79000	-451.9958885597073	-444.19395692029354	-436.996990962344	-425.26743435825654	-415.68200700595025	-393.2715368168783	-382.1756594187249	-372.6672219625763	-369.51034408740196	-368.3216017935157	-365.8785847881861	-402.0262760464608	-500.6639977184698	-355.08576995277724	-1083.096898613282	-6183.600757577478	-9825.0542745024
79000	-413.62450897973184	-405.1069973098207	-398.0879276157461	-385.7501747291428	-375.8451879746762	-353.9155656305235	-343.40313616943763	-332.9501687060064	-328.3883629359175	-328.7875902772735	-324.2835094157097	-357.74271874509697	-445.156690538397	-314.7402158084161	-952.767006357668	-5798.731528787727	-9551.325437758916
79000	-413.0106705235972	-404.342441425874	-397.4293939755076	-385.5512527594735	-375.4710504549822	-354.33834299735355	-342.4515986180988	-332.20587772712355	-328.497813156123	-327.70044994965775	-324.7208166408639	-361.05304850529086	-460.54244201270086	-315.2033178427144	-988.1393433059314	-5885.365657992362	-9671.305293271418
79000	-438.5467637602203	-429.4885184838367	-422.94502150746024	-410.83628142044347	-400.56118892416816	-379.3410134506539	-368.65943351850035	-358.34650883503207	-355.6035127233335	-353.5977243940638	-351.88039854079324	-391.4655797980138	-489.68629272308806	-341.9431200179305	-1067.7455212632854	-6032.431641296733	-9837.351616424385
79000	-410.44510340363803	-402.165736292201	-395.3778247532934	-383.37726162559954	-372.9055776727951	-351.2399369777237	-339.6242501724231	-329.22285114779453	-325.38237859593164	-325.55173319078045	-320.92270302286795	-351.52394094167573	-433.53129162655677	-312.1297376918255	-957.8307734790405	-5977.908239206053	-9727.976840975216
79000	-398.36993747076815	-389.7470151513734	-382.3794685353899	-371.22521716045617	-360.4585967586188	-339.3911432335235	-327.14608617879327	-317.5799601062134	-313.7462203680625	-313.8851561361784	-309.91351084860077	-343.0112684282777	-447.5389516890704	-300.7380652601406	-935.6510553260105	-5859.407150723395	-9789.067397030192
79000	-457.3690363838551	-449.0717650696921	-441.10743250106947	-430.051793036445	-420.7340558764804	-398.90788317253686	-388.66487334214463	-378.3585139399634	-375.46541792470464	-373.68408479864297	-374.1983196399163	-421.76044518831196	-530.0319822468847	-358.7420343700554	-1158.7478491793734	-6527.911063136905	-10326.211332472167
79000	-435.43014239385815	-426.2673269317297	-419.76154432069876	-407.5007210878787	-397.36833920276246	-376.3075947577593	-363.6419481148193	-354.3994246795371	-350.3850740867826	-350.181361548026	-346.24656682757154	-381.42132702306975	-467.91650262334883	-335.19885735875965	-1071.3421213678753	-6193.609802602824	-10021.037079367807
79000	-406.35194064530174	-398.2902358331405	-390.989655208943	-378.56461649965877	-368.35541599272165	-347.7256581122691	-335.6636336613417	-324.14232764457154	-319.95792365223775	-320.97005429067144	-314.1697022145241	-341.5305564704943	-420.58647750010874	-308.0897482322417	-900.4130189055298	-5723.520277517931	-9319.800631186039
79000	-447.04790907279715	-439.0663716538133	-430.5995981552009	-419.19193646442113	-409.6452296977393	-387.9514505485669	-376.5546483738939	-367.2330242290793	-363.84965712355296	-362.5244118163128	-360.4522473137051	-400.7018985727557	-510.72507328041576	-348.8722371699052	-1090.2381274554687	-6156.535241513896	-9837.371319243977
79000	-416.8849789974235	-409.0804217509168	-401.9049420730002	-389.49672944882604	-380.0290342781327	-358.2876318927299	-346.03468334203745	-336.7727683403504	-332.93966995005934	-332.41266814030024	-328.6803384805967	-362.8928478971212	-453.09258430621145	-316.99031853319775	-1014.4011941176501	-5791.487123674377	-9598.316702518523
79000	-416.53259348853214	-408.7706259894754	-401.40853192892945	-389.10226125671363	-379.4961390514445	-358.1129801558128	-345.30049832439335	-336.3629828044136	-332.47318561434633	-332.1124699053531	-329.64060460566094	-365.45693266045885	-458.24420619211764	-318.57995993145954	-1004.3421235744437	-6092.806855348496	-9969.248137153312
79000	-407.0274606813145	-398.8739876184315	-391.6386872275497	-379.34165833581267	-369.9610810287977	-348.4671054128823	-336.11791026737535	-325.1456835778716	-321.6014567028613	-322.46943838114004	-316.5127706674116	-346.3222955037597	-426.5710250496555	-306.66334916893686	-959.0241468930353	-5684.719148613948	-9463.588782337012
79000	-397.9245663410049	-389.88998235874044	-381.7545443996393	-370.30639257702535	-360.41605040041406	-338.39992628253714	-326.1984860104559	-315.990696806363	-312.27357939117604	-312.78788541199935	-308.39416786640794	-339.7310837464591	-421.978429702028	-299.8618354780804	-937.8627361177164	-5893.1648310288665	-9761.880519424309
79000	-455.4229750381778	-447.36607999288736	-440.10459385164876	-427.68380761438436	-418.14440907937853	-396.68764253796525	-385.119753316073	-375.08067573209667	-371.90378888441785	-370.651710715371	-367.39047777818644	-404.94731882215945	-506.1395262243091	-355.5974080846278	-1138.4903340728802	-5824.79201628795	-9575.07673523121
79000	-457.08601389448967	-449.5864682290591	-442.25697841708103	-429.8039607788904	-420.4466386277739	-398.98079238775836	-386.7448363703181	-376.6250931737986	-372.98119249084516	-373.2306921036993	-368.8643506641745	-401.20074432879846	-497.36444088901777	-357.97140176237605	-1104.4100706984545	-5921.745215286726	-9577.587491785514
79000	-442.2197877545585	-433.1879454645965	-427.1100301344273	-414.84478195230565	-404.7793676388178	-383.5503814231882	-371.19074281548274	-362.47237203219436	-358.9597737545115	-357.5123143745591	-355.08427832723083	-395.17238628110823	-494.84360442200034	-343.30003145913935	-1077.2097391674952	-6157.828709980086	-10041.23480092522
79000	-403.7161951727521	-396.04179333702393	-388.83520854279146	-376.3640036671693	-366.7671003013976	-345.28902618526854	-333.31481831555834	-322.6490325198835	-318.6879920235626	-319.9448380055802	-311.60346425896813	-337.485288803403	-424.9216483050046	-304.99120505966533	-921.9226529359763	-5624.1863055018575	-9374.029818439538
79000	-432.2697118068478	-424.69553080602907	-417.2106374834007	-405.4419727813489	-395.77552230831907	-373.21334425532496	-362.70967740689184	-350.71902621182477	-346.18916536151704	-347.59520461654813	-340.1105006032821	-363.535690429457	-449.4941857554986	-334.38035429331217	-1000.9727968461824	-5509.413550219822	-9166.10496416789
79000	-433.7147702907163	-425.3614697421485	-417.22368079442487	-405.67525348372055	-395.9008215381318	-374.66813906451074	-361.9001100397153	-352.4821096415302	-348.61850561299286	-349.5639066990857	-344.1629563496156	-378.3826272759111	-473.35580238880885	-335.8025903674162	-1029.3670876721749	-5904.380615270179	-9660.650834968812
79000	-463.7179786909818	-454.7527693307607	-448.34177501610674	-435.6018043843894	-425.84393140593687	-404.36351681391744	-393.63362693958715	-383.5468884296933	-380.0544480759128	-378.9327985541933	-375.65407401959754	-411.6360957409866	-519.0931299132777	-365.8959549786848	-1113.6299856252722	-5984.855637305236	-9584.290325418166
79000	-423.3729176791017	-415.2009330336372	-407.161303655004	-394.84617824371094	-385.2652086217455	-364.1487316655856	-351.61317943829863	-341.9076268677769	-337.988671526552	-337.82753470814237	-333.66883594525933	-366.07754589985643	-454.7095172170776	-325.1003599367031	-1020.6282998804443	-5894.913634484948	-9610.29948692367
79000	-419.4912747167737	-411.3858740454234	-404.426583577161	-392.0997967439067	-382.40899094364227	-361.12329718185293	-349.0904770811404	-339.70921224539137	-336.5748120595566	-335.4012382464235	-333.16675981458116	-368.59420314189794	-467.55235447743723	-320.57995663927846	-1009.2727412538967	-5930.692679819495	-9711.700687014894
79000	-379.3678712458534	-370.87307168446216	-363.9700966131932	-351.8974872125425	-341.21646849685675	-319.72409107546116	-307.63375760311175	-295.302830586061	-290.39417194142294	-293.3416558570603	-283.05908523740794	-298.8270228571434	-359.5141392802517	-279.015370176387	-807.704631122979	-5565.109582091905	-9167.724857562926
79000	-411.21831235560734	-403.028109084844	-396.26088265772825	-383.6705094013562	-373.4143993144351	-352.24645039400247	-339.43421894908585	-329.0256205284377	-325.2592582355111	-326.6268311934129	-319.1157345554624	-346.78303694935823	-432.9106484154665	-311.9177970898658	-973.7431791514159	-5788.101091589992	-9519.586548325298
79000	-437.0578537618764	-428.73332155328137	-421.5547266735137	-409.3758658582101	-399.41840655676026	-377.8902838738417	-366.01734906118253	-356.32844800268975	-351.7264977569694	-352.3834850375357	-347.1467316251168	-380.0127786573629	-467.0090640299378	-336.7184846176233	-1059.4227464790647	-6011.80573330739	-9752.8278822142
79000	-435.46996999437147	-426.7827443698687	-419.5092850133728	-407.9362313022152	-398.08510016415136	-375.96916169503305	-364.17611449547894	-354.4103667425751	-351.49849839660703	-350.08353691456534	-347.83182146680394	-384.47889677046294	-474.28282029737215	-334.1817597513187	-1073.9456464139078	-6263.580743640656	-10049.421378267625
79000	-445.06080199687597	-436.7454144979551	-429.70374077126786	-417.82027845862456	-407.88993709387614	-386.1272678074822	-373.7138148538896	-363.71343054851735	-359.9000248709942	-360.3429873197984	-355.51793848838406	-389.58038037304533	-478.5448580714638	-344.1478077707426	-1092.732005940221	-6042.171748887217	-9818.67204701431
79000	-470.145488924737	-461.34672593929815	-454.78562387548124	-442.4800994389831	-432.17604630321483	-410.35797680094703	-399.95484648940834	-390.08608843433956	-386.8440957179779	-384.5573699818868	-384.4875881456761	-425.1733901933028	-528.2675289827544	-369.2265864038971	-1155.1928879948075	-6298.516661515103	-10091.159509242947
79000	-441.6890802019604	-433.566557139902	-426.50774026259734	-413.63700856489675	-404.35120874829613	-382.4363946250072	-370.8089902373668	-362.06655660791245	-357.7711129224452	-357.24057555060955	-353.85398497704097	-388.73164602576526	-481.303627211282	-342.32949991931724	-1061.7733440858283	-5724.71994611768	-9498.738526790146
79000	-442.0720923695363	-433.1664735363193	-425.6244201044652	-413.7566583488499	-404.06265944915754	-382.96129755636116	-370.68072510730565	-361.27999620670323	-358.19318661279414	-356.9943998908534	-354.96806562185463	-394.0294317266214	-498.7969841749347	-341.9202982022654	-1047.3297871891114	-6354.45147239063	-10158.157768935806
79000	-436.3724999096442	-427.8172728941385	-420.8473566568121	-408.89769830459045	-399.1577911775513	-377.2898045577838	-365.45769861246436	-356.49243316100313	-351.8152749039877	-352.45608427122625	-348.2260362464272	-383.9281338932875	-486.300310381355	-338.03749211963355	-1054.7956264819468	-6036.744197284874	-9776.673856879532
79000	-455.7454446312346	-447.3342216056988	-439.6157924554573	-428.5647886580085	-418.0281056205136	-396.9109973351576	-384.8539509456445	-374.1145723355574	-368.7976830574341	-371.1969540470303	-362.3464129399903	-386.4169767463895	-473.2764215162744	-358.79324704102766	-1041.0121478108201	-5614.9414254363355	-9094.084481129215
79000	-440.21678239768073	-432.07789990108	-424.940050718401	-412.88345713659066	-403.7424382022028	-382.53721264196935	-370.16257020918573	-361.4629685722206	-358.9911416229323	-356.095716384695	-357.4732874133946	-402.6590500869816	-507.2132903026119	-343.39405572449425	-1087.2816202308252	-6390.749452996751	-10150.792455625637
79000	-438.7157194163437	-430.1036617028788	-423.32555449014666	-410.7845600298764	-400.94045111959906	-380.1963931574413	-368.2453240622531	-357.93692169916875	-354.5615368314787	-354.2039862259168	-351.04565473049996	-385.5985447864886	-483.11456033558767	-341.02658288754753	-1033.5297624495684	-5988.281760626751	-9660.40114756126
79000	-443.5309752446638	-435.18043573506964	-427.4281557917736	-415.9008273302186	-405.6357886678114	-384.89471577580645	-373.48101268074277	-363.2970547713211	-360.6683197119058	-359.25037262059453	-356.6093874932927	-394.8104435841206	-491.2886752756416	-344.2653753114839	-1129.430076028617	-6011.955482295875	-9815.812069439797
79000	-443.49341181051494	-434.66743091851095	-427.69469650775585	-416.06008390443264	-405.5006903257982	-384.29368112313813	-372.6805591222722	-363.24896159939715	-359.82049921032433	-358.47071317319285	-354.7908146509629	-391.71540319215245	-495.02056167896677	-344.07234239014815	-1091.1503367609641	-6021.461789339747	-9812.107632489302
79000	-433.177408916091	-424.86077630629865	-418.13499187902363	-406.01184690887646	-396.037826907861	-374.28935281041583	-362.93345233120976	-352.4634660243356	-348.14167088288013	-348.6443411974063	-343.02832733229246	-376.62499760338216	-467.3454663553209	-332.84345207888117	-1081.4145644490977	-5909.672228119074	-9566.78475785587
79000	-465.56337547649906	-457.0556881342203	-449.7967151901085	-437.7750488465422	-428.4680046764879	-406.69745941812704	-395.69594232838716	-386.02513263999884	-382.81397718785655	-381.24174529551476	-379.4808036533477	-420.22336389375454	-520.5046424992066	-368.22610413994494	-1171.0588162640008	-6051.638425584283	-9791.606191281575
79000	-442.264365199013	-433.87810982334855	-427.0935312488436	-415.0647384544893	-405.2215617429777	-384.01123949371566	-371.79121948638596	-361.6402387181789	-357.6790959299733	-357.7533837650792	-354.1662406743435	-390.4770740466705	-484.73419663423266	-345.95655503756797	-1066.1794191036688	-5959.8168693239895	-9549.700570476438
79000	-423.47172868930653	-415.35260687843896	-407.47993422439475	-396.11253450886284	-385.9379694658925	-364.4819164585727	-352.9961837062556	-342.66919835278435	-338.61134825792436	-338.77403269982847	-334.9821777584627	-368.13536959280617	-453.8793358432412	-324.021034739705	-1015.284115659216	-5783.811923762405	-9504.12763740404
79000	-437.98942557237115	-429.65078566127033	-422.4423880920763	-410.6404041147034	-400.01490279221616	-379.62100456350106	-367.32173829767953	-356.3385135087583	-352.34068016264746	-353.3465222263206	-346.3224052438209	-375.11107254213874	-467.02083188521055	-339.60873014998106	-1030.4107609790228	-5637.019508715925	-9234.479559814152
79000	-431.1808332066202	-422.43297390928376	-416.0012562170296	-403.058107450448	-393.7100934829827	-372.11203199821404	-360.6240265300918	-351.1238689620315	-348.48369905395367	-346.4284022213997	-345.41539547806315	-385.1704425398347	-484.97510188438895	-333.0446836331353	-1032.1290665129943	-6198.49084552503	-10063.613771482573
79000	-445.998193687989	-437.418435939888	-430.45728947888057	-418.07351432958706	-409.1944150453488	-386.8712547535035	-375.6181090340049	-365.696414433297	-362.3234167124887	-361.47067867082967	-359.0212879953005	-398.48895577021705	-498.4983298889103	-345.82478596271767	-1108.138689196688	-6075.71412949322	-9918.34821722519
79000	-443.8929188411195	-435.5629290958447	-428.48585904127873	-417.1327222806784	-406.5127556194288	-385.3825443972351	-374.23580575855465	-364.4881934069414	-361.75757204753535	-358.91956326969375	-359.05245984253725	-401.51986216015575	-511.00445883990903	-345.2317264592699	-1105.4358748877319	-6375.71030561783	-10219.11862552531
79000	-410.8745889582972	-402.38233860256287	-394.68044706566883	-382.92784541940216	-372.65208350919954	-350.4948358542417	-338.8677346556328	-328.08600119194847	-323.5488194222096	-325.64238713930666	-317.79840992259847	-342.6256049587282	-416.66259223152986	-310.1315166540159	-903.825737338734	-5611.769467875472	-9131.695586816353
79000	-416.7746523067152	-408.65571518369717	-402.19652613462557	-388.93747113078746	-379.62344326028926	-357.89395118789	-346.2070610061553	-336.2732883133814	-332.72972802771864	-331.71194484948006	-328.8546229491106	-363.73331057671817	-457.27918057281363	-318.3779742464854	-999.7016749229335	-6009.842974053353	-9898.904281338873
79000	-455.2167759355744	-445.85751048363403	-438.7967878629526	-427.36065173645454	-417.45561520495085	-396.057674844379	-384.16015415804486	-374.5046759028124	-371.2889632056466	-370.3335406569404	-366.3709537474141	-403.3365227550384	-504.38539843647686	-356.6021982111432	-1085.3277847763761	-5948.3011694402785	-9582.845998770528
79000	-428.9612594729003	-421.2489495184094	-413.28261360458356	-401.5605355046388	-391.9393114429009	-370.4100762670601	-359.1813750713761	-349.514985944042	-346.0618014040739	-345.3889097499349	-342.8891904069642	-381.6944343234184	-489.1187341755005	-333.8628635295199	-1015.3069085735923	-5904.828067048803	-9846.340655990005
79000	-441.98739706866047	-434.23039114594445	-426.89455092265854	-415.07139273362475	-405.24142245580805	-383.5765370643327	-372.7867631990769	-363.1288502869156	-359.8787217952218	-358.1203232224329	-358.07799897234275	-400.7389855417553	-508.50369414040046	-345.7379892773159	-1123.2899504834104	-6120.467162377752	-9976.83793677309
79000	-453.3054489585609	-445.1305925040644	-437.7198409078796	-426.2434598701343	-416.36858737645304	-394.78040277303074	-382.82011594906004	-373.158259574858	-369.8475152925508	-368.9452672823586	-365.4222238987977	-403.2206795720682	-497.62020830854107	-354.004622641346	-1144.30077630557	-6150.470766173144	-9869.625877810844
79000	-440.3865852861838	-431.2978015429349	-423.91544584811453	-412.0976138842467	-402.5308852102813	-381.13208861373386	-368.9924289090409	-358.910606205571	-354.1198685664852	-354.9869603668222	-349.75998988349977	-379.25850856478604	-459.4531568819638	-340.2277362837336	-1060.5933548183034	-5851.829476343344	-9524.75114564816
79000	-445.441866399248	-436.3622572533349	-429.7499355617305	-418.1288489471225	-408.1195254590481	-386.3264836523498	-375.3150996254125	-366.1112973353211	-362.9496570827447	-361.1162211006208	-359.41758491618634	-400.34077394800056	-505.6562609727222	-346.68831916781176	-1076.9714888910746	-6073.046570861187	-9844.970884587832
79000	-431.6456117674929	-423.5441167449354	-416.5749316575171	-404.5162705850354	-395.1715605509799	-373.23340992886926	-361.97291294591486	-351.8892899971904	-348.8900699640322	-346.81765070677136	-346.5280334903285	-386.56592557008463	-492.0066995686571	-332.41493112646765	-1080.3390696472402	-6041.2177242452235	-9968.013615241865
79000	-424.538870913653	-416.0594959720831	-409.2432006160673	-396.291462874378	-386.88979333414557	-365.0437711924718	-353.8225106592572	-344.5008159801663	-341.35725992286893	-339.7582099029948	-338.14628049157915	-376.02162138914537	-471.7741887085112	-325.0147259625137	-1023.9038610918377	-6064.841014827829	-10001.868402037988
79000	-452.0075441682623	-443.2765919712574	-435.7758009977919	-424.68191401795923	-413.61507611572716	-393.09106441192097	-380.8000368651579	-370.2431519732043	-365.84770658451055	-367.12018906114133	-360.68661414600587	-390.7336382418719	-478.34112729816036	-352.56739632397955	-1086.114169841877	-5861.110006223713	-9425.57474758022
79000	-425.0252407311967	-416.2592873389848	-409.7598444978168	-397.8432014183178	-387.5994168065533	-366.03287070919663	-354.9761747659849	-345.33417926599736	-342.3003874853207	-339.9327619567857	-340.2934983611259	-383.22888186282904	-486.94272210322987	-328.0630296204253	-1036.4778044308337	-6137.224721772628	-10037.671506482657
79000	-412.70036284383355	-404.1823997382656	-396.7117076108727	-384.7560207093603	-374.82488652468794	-353.49538057990003	-341.8671452386882	-331.4850125596595	-327.5384438564679	-327.61060056493636	-323.05125737434184	-357.1251743296944	-446.12572145194684	-313.73965394337796	-999.7725006656287	-5923.126828219614	-9747.717002445619
79000	-447.29241238112894	-438.33865969255595	-431.57886615734304	-419.26274365402264	-409.63957732518907	-387.9498233451748	-377.16095019154005	-366.37146785222745	-363.0407154948012	-362.0627941534099	-358.1474333073655	-394.88133859360505	-487.5343379464856	-347.15607332132316	-1095.1178596114855	-5836.86621393697	-9595.674870138171
79000	-456.7722051762133	-447.783561549077	-441.012330591281	-429.14383311587767	-419.20941804283376	-397.5471828808271	-386.1865967181391	-375.28256564454233	-371.91016181769083	-371.1951494712438	-366.0510048807659	-401.08240572168563	-496.66293780582413	-360.14593484471095	-1051.187525158043	-5724.564826767728	-9359.871964050448
79000	-472.5521098613129	-464.1849925721469	-457.5767984925628	-445.54710466153256	-435.8047768251647	-414.3713422447686	-402.5245163483997	-394.75684040311535	-391.71520022113106	-388.3623753045576	-389.2691992422501	-433.66411628200063	-550.0689310000115	-376.6165560703354	-1170.0060323433163	-6184.634633898549	-9989.375912643505
79000	-464.4137139932726	-455.74771051486186	-448.4656949183316	-436.77423952047764	-426.62827732254425	-405.38921973685643	-394.61216814518804	-383.98284627693334	-381.46969398420384	-380.1158285048009	-376.89094938293636	-416.1243107593878	-520.18798962309	-364.1977626698918	-1184.6893855199849	-6017.101600110106	-9700.245419273064
79000	-450.2895124713157	-441.2944807493358	-435.20529335508485	-422.4840692000091	-412.6924886307832	-391.91638342385687	-380.07092337211503	-370.07936803543055	-365.407603640812	-365.8112097142562	-362.23904996549805	-397.798390280067	-494.2750830859261	-351.9624567215394	-1066.9631499954417	-5963.879341755785	-9659.413074244365
79000	-426.5622242146112	-418.57042984301677	-411.0558359971671	-399.11754940607204	-389.42126469577755	-368.0542555819419	-356.7688080211898	-345.9418117589041	-342.922197134845	-342.8002373477358	-338.2768026525411	-373.86182982132664	-471.6573209853142	-327.9531336007368	-1051.307904324815	-5896.319683393597	-9658.611015536839
79000	-405.46555753244206	-397.13786572160797	-390.15369395555405	-378.0526340611457	-368.0321452915216	-346.5933483864646	-334.5572611751462	-324.0086889264387	-320.4179186312972	-320.81576033000624	-315.2349973064315	-345.50808658438274	-428.71756084188866	-306.0202217297437	-964.8236544667649	-5807.376055480288	-9448.27129129162
79000	-430.38945457491616	-421.95836286048825	-414.8871718093091	-402.9906917090942	-393.11334809416593	-371.7090755553893	-359.67566319790814	-349.67462345657856	-345.80253904335046	-345.9876968316763	-342.14584736030025	-375.9077639358424	-473.4146219727207	-332.52031751404246	-1012.1103364538552	-5883.030505250629	-9591.958211257564
79000	-430.36283120658857	-422.7445606179398	-414.7925007657638	-402.46410487557864	-393.29969374291306	-371.69350051716316	-360.22593602710646	-349.58237182173616	-345.65019378199224	-346.3152351093317	-340.34598635364927	-373.2876837982551	-458.76512499681536	-332.6421080040609	-1062.3020581648866	-5918.98331177764	-9708.043853834206
79000	-433.1339487992291	-425.1228413625315	-417.92473543265106	-406.0138614540406	-396.23349354077845	-374.69263275021706	-362.9674489905291	-352.1775192613998	-349.11006354175123	-348.9449507225967	-345.2855825076698	-380.46946921811843	-474.48302826059063	-332.98780183331917	-1052.7245871948262	-5832.389694217147	-9597.770610725416
79000	-440.9260075789585	-432.21019022594936	-425.6658683358915	-413.0139710901583	-404.0454270363417	-381.82475991202847	-370.03937350270974	-360.7523124055116	-357.12740575389955	-355.9098374064517	-353.18645003497846	-389.620067907282	-489.5509159610282	-340.4727382423251	-1108.2808117183465	-6041.386383239011	-9852.580237397564
79000	-430.3672792198482	-421.42063692466047	-414.47892302384383	-402.29516285485636	-392.437642667888	-370.7464444720559	-359.1462717067267	-349.6589624643185	-345.9742957151338	-344.7292352705627	-342.0447054080649	-376.1383218408799	-472.3873959455531	-329.7852593173064	-1053.4498864749555	-6007.604168740724	-9697.313352736539
79000	-409.64209493789036	-401.41649887992213	-393.7502414049474	-381.86040784575914	-371.7218350352231	-350.39468347883576	-338.57711886820243	-327.992519937332	-324.17477851714693	-324.4019268197673	-317.92592873819206	-346.326339661924	-428.8698118170132	-311.4577863582178	-921.5926005679584	-5723.053512752316	-9443.227513336316
79000	-435.6848157402175	-427.34172502792046	-420.26632782442647	-408.62293154871213	-398.81680059482414	-376.4223050965614	-365.64117818882744	-355.75930459866663	-352.00536836558376	-350.7694923916229	-348.79283973002697	-388.30967808294287	-487.71989487698403	-337.653868826472	-1078.7136916052193	-6079.363186021873	-9882.009389443303
79000	-447.1912931030879	-438.26584730967505	-431.04839137557354	-419.4769751997404	-409.6377353671024	-388.7249612873575	-376.771348195515	-366.14855918263345	-362.58421025208344	-362.57853229790396	-357.3565022697639	-390.8337564693616	-483.12492079333947	-350.73316564859357	-1052.3402504074822	-5903.35218711815	-9516.106046271694
79000	-469.78314867036545	-461.26699261090045	-454.33887816272085	-442.24875302893327	-432.6429819410582	-411.31733428577377	-399.7222756803235	-389.92017798714187	-384.2532080874187	-386.02786113188046	-378.95518655242756	-410.14363602085075	-508.06288405693766	-372.9534325130956	-1093.1178701413874	-5784.8929983679345	-9289.124851268203
79000	-407.8075811598762	-399.55076508630344	-392.0504403088948	-380.2520499479167	-370.2685663425863	-348.70175125588645	-336.64547066706274	-326.6582278690586	-322.1644616707962	-322.22146261387394	-317.3784244299637	-346.84231120009474	-426.0225632991438	-307.0274158235846	-967.9883747198578	-5940.053797143804	-9686.286005594144
79000	-390.0742904787678	-382.046024749833	-374.5380314994471	-362.4412940270769	-352.55509113868044	-330.6620311587974	-319.05426745649214	-308.6420975667739	-304.3935351278707	-305.0850075349716	-299.63893614595133	-329.2592762782528	-404.91664350156975	-290.57985985906134	-930.7426998327245	-5733.654318187948	-9584.601346185327
79000	-439.0161901158576	-431.2003352824714	-423.7788778689018	-411.3347356537431	-401.72591557553	-380.10022907596397	-368.3066331581988	-359.0342534504638	-354.6665463533732	-353.7474147877246	-352.0064124682796	-388.1404146117175	-490.4874859997341	-340.24894993122444	-1071.251237272371	-5947.073824550968	-9762.051720827096
79000	-444.2813613422815	-435.27383981044767	-427.7691752843917	-416.4690673052796	-406.3552805760754	-385.28945627594254	-373.69313078028455	-363.31201866537555	-358.3305867001492	-359.709723413399	-353.4189564562417	-386.1434465488116	-491.55170752965586	-348.8697137114514	-1035.5431591743288	-5714.705932448185	-9244.618216272636
79000	-453.25194550625605	-444.45926749558527	-437.3346643330421	-425.61828928950354	-416.09331842373206	-394.29177207340706	-382.62087994899395	-373.6410600049931	-369.471260827051	-368.6341940893457	-366.3163759257709	-405.0682712978367	-505.87017049741144	-356.4248736886419	-1102.2464684448285	-6117.918357954722	-9883.40290312278
79000	-398.0302362827763	-389.7699632975775	-382.7515848899673	-369.9484364678565	-360.2630954496266	-338.451370122114	-326.3524180487742	-314.8205261968456	-310.15060131647766	-312.99063069154494	-303.6120210902527	-324.2047415276649	-392.2899110720856	-297.6595458317873	-887.0652332106667	-5655.797353352087	-9270.817382224484
79000	-438.58554786960974	-430.67637115985104	-422.98650909464453	-411.4620419161282	-400.8181424438052	-379.7250769646786	-367.67479239951064	-357.6446136511828	-353.58107719882844	-354.24203773922306	-348.88524326750195	-380.0383679183088	-476.7252898632178	-339.09659378234136	-1042.242647462337	-6136.888596141539	-9792.361742476956
79000	-460.269743768882	-452.17188830025646	-444.1027963833008	-432.77936944068404	-422.53068784090965	-402.24057006938006	-389.8186088651534	-380.6129866758193	-376.98688568040495	-374.9551277383037	-375.17039061224455	-417.4723240196578	-521.3696688088013	-360.293966307627	-1181.450857090189	-6254.643630173529	-10182.995762279787
79000	-490.1928531324747	-482.24970439806435	-474.7293228791129	-462.0104135394214	-452.8825287365694	-431.36348661696775	-420.2257096457786	-410.9340172739492	-407.20685044066545	-405.60265038030946	-404.75627092552236	-447.3546246346018	-553.7994020361892	-390.8181874022339	-1206.2628180687143	-6305.191366282562	-10173.709117781165
79000	-437.74029342488404	-428.6956759966748	-422.51763240402585	-410.63992591053716	-400.92716524777364	-380.01304355282156	-367.9078905141777	-356.9391990718361	-352.8719130790566	-354.06534713883934	-348.5033618756701	-381.4665521420239	-480.31187935767315	-342.5123568400461	-1015.7115962404106	-5696.700525950621	-9393.118258727434
79000	-480.6270965573429	-472.2269494460737	-465.0569373955827	-452.82836026434563	-443.3709618849783	-421.93399744693323	-411.00982237513364	-400.347622093651	-398.2380541694766	-396.3367717436322	-396.4618057847837	-440.11354607662594	-553.7833007569159	-383.86719841719906	-1212.5099194846382	-6147.020345444144	-9704.362319478858
79000	-423.8630131884842	-415.3906862669285	-408.63536261057976	-396.0284098729662	-386.2629920377056	-365.06906846621627	-352.2311618934375	-341.9937514623591	-337.4343510350657	-339.10418093284494	-331.5412031189117	-355.9860371508913	-433.4352056377537	-324.8809084099586	-946.7949241688465	-5645.106200061336	-9217.663115221829
79000	-471.71744720745636	-464.27778998503305	-456.8577201937741	-444.64289720875865	-434.7990985928393	-414.3384802960246	-402.8538577428336	-392.2519718991513	-389.2356190351615	-388.20205665784925	-386.21252328965363	-428.486201055126	-548.2548324121489	-373.9472218034827	-1197.8141877150254	-5983.434153111659	-9685.642312418318
79000	-443.60157512949985	-435.86547640960777	-429.35260050183234	-416.92911976661094	-406.1435258585116	-385.0679498563543	-373.192748195279	-362.6680998347789	-357.81187007820654	-359.00123771014603	-352.1549314319493	-377.1598525243757	-469.4862634619228	-344.96230664885525	-1056.1452006480984	-5709.407516971609	-9303.499915970586
79000	-407.7103546015441	-398.9904867282467	-392.03328922177633	-379.46819755794684	-369.91489322263675	-348.353771768627	-336.4695364880393	-326.07129922866596	-322.54848261884564	-322.76937279081716	-316.8960131769851	-346.3127748225949	-437.08485964248695	-309.10611122957823	-935.1362802896816	-5747.507418550177	-9396.255623640453
79000	-416.7718874039303	-408.1601444722362	-401.27286961162264	-389.3894450490109	-379.2292971278366	-357.9108710956826	-345.16323566310393	-333.9554833027768	-328.82588817467547	-331.09005527822507	-322.4225803151705	-342.8680960678569	-416.6409029321818	-316.0670246189669	-949.5448463174675	-5561.902536645039	-9126.829081036676
79000	-408.7846219870443	-400.2360262191356	-392.9026156163905	-380.8142281840401	-370.87406127244634	-349.2315632153943	-337.1431523446867	-326.98295005071355	-322.20991070582795	-323.7985548714292	-316.9519026782706	-344.86589941540313	-422.4819468868311	-309.088796949181	-950.9809468994008	-5796.960734551004	-9467.56065364087
79000	-428.38440181716845	-420.50172358853433	-412.68970321211344	-400.6770493524075	-391.04593677596085	-369.36869524288505	-357.50748409384283	-346.5298047304772	-342.3604575448622	-343.36521057458305	-335.85133959001297	-362.2643962402097	-448.6523473378669	-328.2595517187611	-1013.8726115547006	-5625.639628796741	-9171.953818086742
79000	-444.26120914269114	-435.66238686762733	-427.98760074853277	-416.08111644018925	-406.03333124782705	-384.7653098441784	-373.10905387014935	-362.78069947690733	-359.5168533257681	-358.7457072677148	-354.6535905792285	-388.90408239132876	-479.9465524980864	-344.319077271371	-1080.3697394007836	-5798.225150280645	-9426.924663958285
79000	-453.4867664700248	-445.1045603612792	-438.6234161463661	-426.6607501485821	-416.48207162820256	-395.3163509077748	-383.62280936693384	-374.3784870643792	-372.49049141112	-369.63179340007304	-368.4995413543943	-412.8462806451454	-537.5147915644737	-354.7836594774025	-1148.9311614882383	-6212.835083467801	-9985.001701159876
79000	-418.55436971709713	-410.28068842319544	-403.197525269546	-390.8962944717905	-380.40454624538006	-359.3153138067323	-347.1481101904172	-336.1201310028527	-332.33564950318856	-332.60364586131135	-326.56989332711527	-353.27462425256005	-432.0255188412769	-317.8998500265141	-978.474947231279	-5683.105037303557	-9414.069800465326
79000	-460.5554025338012	-451.7779608162566	-444.6891860467039	-432.6187530358857	-423.0959600277739	-402.0599519307243	-390.5449860355076	-381.885744325034	-378.3359843947129	-376.15070111805335	-375.46991297987086	-418.3741362795816	-527.490153091198	-362.273143891158	-1134.8795160981012	-6214.680483399005	-10034.899171442943
79000	-443.1612537036944	-434.9370605949445	-427.49156776841147	-415.1525879578227	-405.337780037513	-384.38493948189193	-372.03904179679614	-361.5898773998888	-357.5802586463907	-358.2930833369117	-351.7240747037467	-381.46321090620575	-465.6431971911385	-342.9160544130061	-1026.7916818438391	-5804.549646497664	-9399.978349682462
79000	-410.9991038315856	-402.7312543595436	-394.72667168889285	-383.2682129184042	-373.1092045382774	-351.7221222619777	-340.1546815514559	-330.1499128665331	-326.071258710061	-325.71872829065165	-321.12887288882337	-352.6413753091934	-443.14992757864826	-312.0196042470418	-968.6498570381964	-5901.74364770497	-9681.898146515305
79000	-408.19932330598704	-399.24024413938315	-391.89108576128064	-379.9819082727022	-370.1702993629873	-348.57845268873	-336.4091613192234	-326.6108350546015	-322.93179603260046	-322.31533258212187	-318.37882641477637	-351.89582223565935	-435.07457619121624	-307.3973170343945	-974.7706154628154	-5958.431205509808	-9826.948015451182
79000	-454.2945987874308	-445.3357558641166	-438.2136262676216	-426.55860684678805	-416.0031920718905	-395.7220786135264	-384.5905054774046	-374.3398392014884	-370.6546381655756	-369.7905123833706	-368.96628674525994	-410.6284412757108	-524.4227380311248	-358.59599667786375	-1127.6438288960283	-6159.702747470993	-9944.433469622507
79000	-439.4054736822474	-431.2273591254538	-423.78197955503873	-412.50084591710106	-402.01941713972076	-380.7954119182294	-369.31745524834326	-359.19635999112234	-355.52579409044444	-354.50717489788656	-350.8061189356369	-386.4334182081001	-480.67492306701797	-340.6323007566243	-1042.1002467977194	-6017.2797375564705	-9776.309792358943
79000	-441.8535949602261	-433.82034902206993	-426.2603752478486	-413.67340816801254	-404.23367409379955	-382.78453636902685	-371.1653573861998	-361.7339227420112	-358.60841982882255	-357.5301529060925	-356.7178081594396	-398.05536479298655	-498.29627324977747	-344.3414983134332	-1095.2714200648459	-6239.986588999068	-10101.451362843534
79000	-417.127267738725	-408.3662227482849	-401.7019124560316	-389.1707482460189	-379.23428999368593	-357.42550133629413	-346.8168788277651	-335.38175806630477	-331.1452432457253	-332.9390519574475	-325.06752663447236	-352.4870281665541	-432.8639588425793	-320.6501238542018	-951.4158314335236	-5833.9973331627	-9434.691473602226
79000	-431.99692318404163	-423.7307153403081	-416.8331586553607	-404.257781100477	-394.4087880078301	-373.4720272501384	-361.75738343207087	-352.55374639553276	-349.24524683944304	-347.1497216136707	-346.0486595857614	-387.5808664837597	-492.05702944728966	-332.5459567785877	-1079.488416642676	-6341.170742358985	-10184.361412696557
79000	-464.344537720318	-455.2953021321485	-447.53100187992067	-435.8929173724189	-426.80361349411146	-404.71943799528725	-393.40193784716496	-384.23860732319577	-381.8630879600949	-378.80979432801956	-377.8064234551094	-419.8124715160693	-532.6636951164953	-364.589453896853	-1179.5359275731073	-6097.429705110525	-9885.740610984993
79000	-410.0703785915504	-401.7640029260508	-394.0643352311433	-382.4849520555624	-372.82647366984725	-351.0749555672515	-339.25427106995056	-329.5981798847569	-324.8675545675442	-325.4273459075898	-319.8535251518122	-352.2860491469724	-451.4063055478284	-315.46176792175004	-934.3742004742173	-5615.336434935754	-9300.935915415235
79000	-400.5350385109524	-391.8272945772738	-384.90614798831217	-372.4289188362251	-362.42427618462267	-341.1082368483411	-329.2233066318686	-319.1539079327425	-315.741128402174	-315.5276108292347	-310.46001214705734	-342.9123196485066	-432.27326359608224	-300.547796293401	-950.9987619525964	-5960.705131606967	-9863.999331904264
79000	-383.48951524665557	-374.5436841887376	-367.72913334601054	-355.17230380376293	-345.30719531882255	-324.1930943071312	-312.39603536622764	-301.12655298359937	-296.2617291830009	-298.07833395112175	-291.43631245514047	-318.0971897102812	-397.8080001176631	-284.3003206871115	-867.4966496844095	-5523.400483558731	-9259.738399469117
79000	-412.82006891488624	-404.4294643049228	-397.64053873953316	-385.13004434735046	-375.2027866882129	-354.22431555482586	-342.2142055121429	-331.26151173944027	-327.7708704026754	-327.7385278683177	-322.74569268646206	-353.80631596291295	-435.9800659598345	-312.12313919470927	-972.5586083228867	-6006.035378935398	-9637.844697237031
79000	-454.39751910052433	-446.218148341371	-439.32281651474915	-427.41180403849876	-417.5687018189078	-396.3482161853153	-384.7282156893252	-375.2247089815729	-370.2634542598605	-370.45640036940864	-366.11978776416174	-402.23893321436685	-506.2521406408196	-355.69531855670925	-1073.8795314149477	-5921.308514251605	-9553.465108287091
79000	-438.57627094073695	-430.5810054573086	-422.99671634206805	-411.5168028702054	-401.5502988154826	-380.02737153789553	-368.04842888282633	-357.33621935146857	-352.9667429060544	-353.805222668326	-348.64165988296196	-377.8727914108161	-475.36081375862864	-340.9106594662139	-1039.4410463145362	-5874.652989153573	-9604.095105772138
79000	-427.28888843574373	-418.29572150234134	-412.11337216707005	-399.4644238206487	-389.24784161688825	-367.9144905125888	-356.3746099935984	-346.11588424546204	-341.3047030767218	-342.4020100041994	-337.6201548758748	-368.764023731916	-454.10433954120845	-328.1906062449435	-1018.2052923628029	-5808.841629178018	-9557.693749637603
79000	-419.2474986168932	-410.8134808922334	-404.1385990781702	-392.23001461835406	-381.60268933690645	-360.2974122730828	-348.37542762795414	-338.09348065357267	-333.20893500276156	-334.56232678328837	-328.97742695509737	-358.9706389829951	-449.96930656437297	-322.6132152935178	-985.425421777803	-5784.357323118417	-9431.017598714203
79000	-470.20118499220234	-462.3527207449504	-455.3419685950137	-443.63620054545424	-433.6963155156793	-412.510332159556	-401.3503017802833	-392.1655110411299	-389.84598895302145	-386.3464798773297	-388.0368724813505	-439.2006461670905	-553.2947885043998	-372.67077106612163	-1227.2352122784262	-6381.587550684383	-10366.403421599362
79000	-436.39367541504816	-428.94104416266657	-420.50254983322344	-408.81513121944624	-399.1601145444553	-377.4148848710086	-366.5716557030328	-356.315140458208	-352.5309971385763	-353.20637076741025	-349.55397888599737	-387.27978954269474	-501.7961365915213	-340.68036912880086	-1070.3839172936866	-5836.621618046115	-9712.185884383365
79000	-472.9143456087681	-465.47473806052966	-457.85548227738997	-446.17844849922824	-435.9700242812722	-415.5054296032376	-403.8927843665731	-394.5261768597934	-392.3919689927763	-389.65144955881607	-388.77867626231426	-432.43850260507077	-552.8543477164372	-374.5216423939851	-1178.6084296581294	-6236.533620462895	-9993.130602333029
79000	-424.6457986336264	-415.83122065436874	-408.50264079113566	-396.7443949458492	-387.6316419426555	-365.60935260924606	-353.8565380619001	-344.3816731934917	-341.28833252939984	-339.44829140640644	-337.7872034687213	-376.0577220276505	-470.208289614148	-325.02781718663255	-1045.2958263770731	-6185.650254238584	-10023.612433342647
79000	-486.7244510709821	-479.4637335953806	-472.45822446857704	-459.7152181902917	-450.47378974179236	-428.74396817798447	-419.0685561505502	-408.9882167577837	-406.01570270218554	-403.5503622038686	-405.4338477658016	-454.3783809799143	-572.1492336477384	-390.0143412613204	-1253.0103876511569	-6371.209811866963	-10160.30091601258
79000	-460.30255997659907	-451.92708517604626	-444.4281655946307	-432.1501882074242	-423.07958344143924	-401.2766258241908	-390.31544172039514	-381.66597811767946	-378.57670223881377	-376.96937734229243	-375.81291098469285	-418.8279276656226	-530.6683509746579	-363.65611547198364	-1139.7713065121834	-6123.141522189417	-9935.778985194298
79000	-422.01418587827624	-413.2293228706984	-405.41879693550453	-393.47841848469795	-383.67060858483853	-362.06642183689996	-350.73819483232836	-339.9158168688547	-335.18194836595745	-336.5291129286534	-329.564014537687	-356.8026353507746	-440.9416705375349	-324.13155364507446	-944.4510349613437	-5742.178807181284	-9381.52798396795
79000	-416.7261173949911	-409.2651378188466	-401.4002185736321	-389.24624691669453	-379.5251451284952	-358.18053934188225	-345.59764675505215	-335.46496999433606	-330.61825972339517	-331.8872180356946	-325.3565128414578	-353.6470798269419	-439.1195468943023	-317.3769554880182	-967.5242664012881	-5797.5316994591285	-9596.067170967395
79000	-455.26977114681233	-447.1452947381577	-440.04118709538096	-427.57476784912024	-418.287425397725	-397.1371789949149	-384.2564996849101	-375.61305822960736	-372.24114220638535	-371.4796300171003	-369.8225534986586	-408.54708337341697	-510.7375826299691	-356.1628507312435	-1124.5493397992632	-6199.349882512791	-9953.26594976735
79000	-448.0537121387767	-438.99901858409766	-431.5404398166042	-419.44846076250394	-410.73893242298686	-389.1147567358994	-377.43348869744324	-367.1509862711234	-363.39806080601477	-362.60529715463787	-359.7816436861359	-394.45307621410615	-499.15464157938544	-350.2885766390311	-1089.7944359314345	-5921.289269838425	-9557.308597384628
79000	-434.6600487391237	-426.7756131877712	-419.6692737403968	-408.2625126862375	-398.02878440116547	-376.17125696025784	-364.686056206106	-355.4326367245445	-352.27251341372164	-350.54781371937605	-349.50571549480657	-391.2369037550381	-495.93440258400676	-340.9533796668093	-1058.1208979531239	-6308.342313836469	-10133.207696762349
79000	-432.16917191709535	-423.6266705365611	-417.03321924241294	-405.05145077012094	-394.9201722990741	-373.70344767261804	-361.3047263954537	-352.42592739220436	-349.8642748930659	-347.2974364111774	-345.7015607358344	-385.1172613231767	-478.4285824720443	-334.231836039415	-1048.546993786307	-6079.816172784816	-10036.184458870739
79000	-400.7739091437841	-392.63875645493323	-385.5444464751749	-373.0255487669185	-363.2682684879952	-341.6224154193436	-329.8386696009315	-319.36423872229705	-315.78681323654973	-315.9956996034072	-310.8991434233697	-340.50357835435943	-425.5606604444691	-302.7586409888653	-929.0839253763007	-5784.282885724498	-9607.08900507601
79000	-411.85730985417615	-403.6849339613296	-396.20952603196014	-383.9637434223645	-374.22941589343765	-353.322364914645	-340.7564685963232	-330.7925827129616	-326.92244578866354	-327.0997311764824	-322.5665348495602	-353.25485699064524	-440.2005934930038	-313.5218624456664	-936.8663148031208	-5806.374837539611	-9505.580308372564
79000	-431.43666143070595	-423.61873924310083	-415.92704811182153	-404.0989840955185	-393.5992737541243	-372.66152337892885	-360.00665697916423	-349.6445793917911	-346.5936673964234	-346.7307634344114	-340.3911436856617	-367.9896830500385	-451.58177925527923	-332.1742556892401	-967.1819363141777	-5761.446752637004	-9465.780509666925
79000	-481.26395346200167	-473.7878382950427	-466.6719141289097	-454.81101483131306	-445.0621852642299	-423.4007572085781	-412.4101916216163	-403.0124508239251	-399.8123062403302	-397.46398366926536	-397.3711035319146	-438.49979386616025	-553.1233278403492	-383.9608073645987	-1199.1850308565329	-6245.249045902948	-10108.97994233281
79000	-425.73832401895515	-418.32270059153393	-410.80389409481455	-399.3144488176164	-389.1485569840037	-367.4049746130808	-355.68169018883447	-346.00001641130893	-342.44780780160005	-341.7687288016021	-338.95115637907145	-373.83077379747834	-465.1186400190131	-326.5781517746392	-1060.0055278898587	-6105.277900046311	-9877.05299305699
79000	-430.21586330615145	-422.40161841902267	-414.4214831043517	-402.390753520742	-392.44438079752734	-371.7901746157596	-359.41572159313336	-349.7473544953681	-345.14080224646546	-345.87494778593424	-338.58847384632753	-367.35360407425105	-456.9959401076535	-331.2754833309474	-987.2962730665197	-5704.316373191656	-9319.919558124686
79000	-418.9887296978526	-409.8881093797869	-402.66630636483734	-390.37647642737545	-381.30116404505424	-360.1056211645713	-347.8012645674568	-337.21842413834213	-332.53790169887685	-333.4899012347435	-327.3453403102953	-357.514778383211	-445.4329050406894	-319.8652595043577	-982.2345180282117	-5687.7654441026	-9467.109584302447
79000	-402.06400014907837	-393.80113545670946	-386.0998080402731	-374.8344754050212	-365.1531164937829	-343.8785678517854	-331.105041857215	-320.40200723050117	-316.55413070602197	-317.49579995883227	-310.65472074436275	-338.6442210112149	-420.94291955457015	-303.65717373240545	-931.7914997326694	-5648.150438412185	-9354.34043886889
79000	-442.8801637269178	-434.6093073596976	-427.0095868275691	-415.4149013017467	-405.38003857963275	-383.8464534062739	-372.8694477274988	-362.9447704709235	-360.3164972295429	-358.48681214368827	-357.73528733114887	-399.36423480744577	-506.77787888315794	-344.356137166575	-1096.922557976152	-6193.795624825553	-10099.440444196318
79000	-440.5213334175157	-432.28829767003924	-425.0932815200977	-412.9311623182217	-403.8833387187701	-381.79492171985305	-370.67045134950996	-361.0003345496436	-356.6714381682665	-356.2109108149562	-353.0710961960144	-391.3391967580308	-484.9596013485092	-343.9339292266498	-1069.4359627075323	-5898.029963821894	-9743.249018649643
79000	-459.4764814969224	-450.5180719329894	-442.66558250532086	-431.7575806378295	-422.4397149879476	-400.67368266640193	-389.98346711331095	-380.52733883365016	-378.37179249419535	-375.07628965134865	-377.2773531708188	-425.2454861411584	-536.3795358687449	-362.2804226767979	-1150.7047434871372	-6364.6967521477845	-10208.347012622957
79000	-473.0673817462291	-464.1047501729445	-457.0608845678814	-444.97146931879763	-435.5128599434496	-414.7918264074982	-402.23120547264693	-391.0686554673458	-386.8103063651402	-388.9187606457446	-381.2268605741929	-411.3243457406666	-504.31983032110037	-376.1827117163076	-1106.3255069780582	-5818.174114718888	-9398.3648655776
79000	-446.7294691484208	-438.70659421811865	-431.2985737361494	-419.3740570077631	-409.75162273734725	-388.0899257618249	-376.23997642353874	-366.3896626794396	-363.5371324441327	-362.7437059973248	-358.66165061844663	-394.30145746038806	-490.7055350247331	-347.4896455137968	-1080.2161090414256	-5865.583732920795	-9531.107448004726
79000	-444.33426731805537	-436.5481397063496	-428.55333647675803	-417.1124596348534	-407.4333542629771	-385.5146842884913	-373.8923264669828	-364.9689683558878	-361.7915564637995	-359.437599527385	-358.55688211708787	-398.9690373989389	-503.6923881194824	-347.2894151533303	-1094.4210568176386	-6120.774920166349	-10045.735689826472
79000	-419.24409595420286	-412.2507732544734	-403.4501825916304	-392.55640095138006	-383.1385580965635	-360.66171817832213	-348.76344808900893	-338.5591061910538	-334.5267591742906	-334.6883948054153	-328.11050510582294	-357.26273223775536	-442.98236445584814	-321.4788598922472	-970.599436933237	-5518.5008377307295	-9201.337586618825
79000	-441.5673046589216	-432.21732170956415	-426.27355243583025	-412.6139084458358	-403.9880355264306	-382.89676368194546	-369.99375319797076	-360.639341949472	-357.1936928772892	-356.626313836015	-352.1325670369772	-386.56072671485197	-487.498585700709	-342.4616521278362	-1077.5429493965812	-5966.586131916001	-9658.583921792871
79000	-462.29554754942774	-453.8033527307431	-446.7517745661842	-435.3829366575144	-425.43054095757225	-404.513370716478	-392.89168493044656	-383.3058959851389	-380.4399406356116	-378.53518292848474	-377.2581471984423	-418.3401158673232	-525.367832068239	-364.12664512647	-1160.735985188722	-6073.50714145447	-9791.895433571548
79000	-430.6859192127243	-422.63241256532484	-415.3778087343739	-403.60013193391296	-393.2357892765791	-371.70115017358285	-359.3200488478189	-349.95063087360927	-346.2930085279186	-345.8277500792169	-343.10495121955694	-378.0263244292844	-463.7119594280514	-331.6942280631708	-1017.8617303615165	-6157.60229757878	-9981.99975711658
79000	-435.9961090946944	-427.3944767619098	-420.6591921576597	-408.6764488371482	-398.74987020660257	-376.60799318102056	-365.5827166612248	-355.6870013923906	-352.5300461516439	-350.67175286823283	-349.92635769840274	-391.92292383450706	-493.7197134800078	-337.4443189386303	-1082.4618099056613	-6163.035987760235	-10059.952798529454
79000	-424.55785671817034	-415.9399177083909	-409.3982086351845	-396.8249655334939	-387.2114660243413	-365.53266451740654	-354.1150149809129	-344.80586587842595	-340.3007887687098	-340.0777649013736	-337.4674890752276	-371.84899080355626	-469.42283925349005	-329.25568266374177	-1022.8098660860688	-5951.205398116888	-9731.486329219242
79000	-456.05765137225677	-447.99311331934734	-440.62658319798317	-428.5791594430424	-419.3200767631294	-397.2422241803779	-386.56527165039756	-376.69526523977004	-373.820934136058	-372.123302670504	-370.4237853438461	-412.9623623244042	-519.6851165574199	-358.0818356631987	-1143.3508246522745	-6111.507463775056	-9871.462166755706
79000	-450.35886246250305	-441.7416110503283	-434.13104250822465	-422.27378540896416	-412.45986665435873	-391.7289299430498	-379.10216552716906	-369.5104993602563	-365.3123853884381	-365.2442848375496	-360.1471383855028	-394.24105376471334	-488.2799077342692	-350.387812730218	-1037.2252046838223	-6114.726324204119	-9734.297315525517
79000	-461.26969556442106	-452.61727874056913	-445.3563761551106	-433.75532397076825	-423.2655234552508	-402.4803903424212	-390.95379461229595	-380.9435525032403	-378.0101403065717	-376.8966795106109	-372.7095918039224	-411.05468622578104	-511.27235296387636	-360.96321998202507	-1141.1601198649596	-5867.584794730377	-9602.502923555703
79000	-415.4817931792671	-407.47195326053367	-400.4454865172202	-388.043016721719	-377.8475996412645	-357.28186041209005	-344.32635647210964	-334.7065738055262	-330.06098388357225	-330.89510586489564	-325.2949309350274	-352.7334114447782	-445.02857601557986	-317.87402052360727	-930.9684357053856	-5578.883057211651	-9197.911388118284
79000	-425.7725174635328	-417.8231702514031	-410.30967853671865	-398.67627573811615	-388.1712980898954	-366.9534405043764	-355.7531367590395	-345.1318728336895	-342.34533373296534	-341.34907589172866	-337.9639090420554	-371.90766082405	-461.09978560565213	-325.9412530666767	-1027.1465275938356	-6038.730120393591	-9869.88962159931
79000	-436.2140485627624	-427.95979682422893	-421.29951556954023	-409.3233505754986	-399.0869548379049	-377.9139112617397	-366.9644151681587	-356.77366329068957	-353.1244902415638	-351.81444838487806	-348.2195716794551	-385.1243312086761	-485.27709879547507	-338.40832085943174	-1057.3591388467667	-5914.5870133773005	-9597.17732319954
79000	-440.1721303559005	-432.63877631490556	-423.98599952932324	-413.25130562986044	-402.2748892846774	-381.71021410704964	-369.66860833078135	-360.32650840330547	-355.6687693276352	-355.84070634570344	-351.6909694312347	-388.96090281058343	-490.34484784491235	-342.14729542955075	-1069.3435235519537	-5902.225566821418	-9681.027609357949
79000	-439.4501378536489	-430.21069607587475	-424.37595534264557	-411.9318608005068	-403.24622849831127	-380.70627167355326	-369.570595897089	-359.72360345084985	-357.02601342298584	-354.56329441166946	-354.3492356695839	-395.55807918450023	-507.08148338180797	-344.12085571752846	-1095.6512756824498	-6238.416627070788	-10001.820134190366
79000	-427.5928761311712	-419.4533998876184	-412.13598707225725	-399.7903222808786	-389.72315331799786	-368.77398819590064	-356.64022738563676	-346.706540644682	-342.8200564435957	-343.183655778387	-338.52793128521336	-370.0862331780822	-457.8768596578284	-330.74329240184994	-998.8151184992852	-5899.978752674602	-9519.589577344273
79000	-451.5553694507429	-443.29952585558596	-435.85834370775996	-424.8790861092716	-415.1036478073277	-394.0564780826878	-381.0512924458709	-371.46808498976236	-367.6824595064715	-366.51831388605683	-362.91649228285235	-400.00676771969586	-494.19473272210007	-351.66900042381144	-1121.76513273023	-5812.894166578525	-9619.893015653395
79000	-416.8556274757305	-408.09205397548516	-400.9388558380062	-388.983721020125	-378.8855422869255	-357.70001040355027	-345.95735736882966	-336.48374019846835	-332.6165381080725	-331.95463242766886	-329.12810278850907	-366.1495701317356	-465.45362550490034	-319.30156401822654	-1009.0708724603896	-5869.689643895025	-9730.559032119143
79000	-411.09413315430066	-402.6161965060925	-395.7876401950264	-383.61217201316447	-373.75079163268094	-352.1303320866592	-340.3195479472983	-329.2908409194607	-325.2115463133951	-326.6637995335515	-318.83539034732314	-345.34971832420143	-425.30243911878296	-310.7726579471884	-925.1219859212143	-5760.656235763091	-9464.232196256053
79000	-407.8499879646037	-399.5046221931737	-393.0535481565076	-380.07790928317627	-370.9108758211131	-350.0739417901316	-337.4639823140413	-328.1392935793093	-323.0044117452183	-324.0911005447786	-320.57115290697067	-355.6721331960796	-461.056591968758	-314.16842888263653	-951.6407031015477	-5957.431983210146	-9728.499838785434
79000	-416.97556953505205	-409.4018362936313	-401.6379857865284	-389.9068524963344	-379.6775458287022	-358.4261090949883	-346.0628807447227	-335.3206710269035	-331.5118255033662	-332.33446546095837	-325.54826691377707	-353.3493381071443	-435.84416662951753	-317.1954370665078	-954.3056979706781	-5763.842666654632	-9412.179545940635
79000	-429.9819484358871	-420.7841442918696	-414.032939161872	-401.5531321562747	-392.0747567573656	-370.854822591069	-359.4685647184959	-348.9233834865961	-345.00984419629185	-344.7398865165287	-339.9702717964515	-372.6844574680916	-466.9552388383712	-330.92868258865116	-1036.8530754343442	-5891.092433915573	-9732.035072774117
79000	-401.3164602706336	-392.323170475217	-385.78704447789	-373.5405288677015	-363.8792274275429	-342.6887347057432	-330.1459587046335	-320.2884803461629	-315.7574281921453	-315.7596260150201	-311.5590535807309	-341.2817120218252	-436.6382142021068	-305.87610725004185	-881.5716540388277	-5721.9576700742755	-9615.273932788232
79000	-439.1252710336539	-430.63865202697167	-423.1439802167553	-411.5224991270833	-402.4314592680921	-380.36597839553474	-368.83856982832845	-358.9900535445129	-355.05889881874276	-355.20788778313624	-350.8789887902437	-385.1048436199415	-487.76575264623824	-346.4773264834833	-1024.0614125923005	-5761.683259631762	-9519.577312933112
79000	-421.43774461881407	-413.52400297948964	-406.1184899694395	-393.77166101205523	-384.293961883953	-362.1735801071043	-349.91080368392613	-340.2919076786946	-336.6099499333127	-337.2086305847819	-331.71679554038775	-361.9840335777908	-446.9005002776236	-321.7191847549329	-994.7261493077185	-5839.403717689983	-9587.227297003306
79000	-452.9381786021625	-443.1455065746988	-436.5922358202561	-424.81532543153935	-414.7894216556063	-393.49619608161026	-382.55938306756485	-372.68311139219503	-370.2092081072546	-368.0542022879609	-366.1712430703626	-409.5464269793643	-515.5268547641631	-354.27238047927943	-1115.3323964318627	-6313.921011930743	-10075.624163017672
79000	-453.0844199569097	-443.90962723554	-437.65937856385193	-425.7095510345854	-415.7239437569893	-394.3714599957144	-383.0034062853134	-373.3383697071149	-368.57553064899554	-368.5579037248009	-364.8457523318768	-400.48223730798185	-501.6662434258581	-356.1246552953091	-1085.0835092828002	-6064.051251303941	-9725.842771514514
79000	-461.6527537996195	-454.2120591334004	-446.90223229030295	-436.1762040655432	-425.1232722917692	-404.05427666659807	-393.86008965854217	-384.2485015233422	-381.2737916786028	-379.1395125787171	-379.1730315568213	-424.3495820398564	-546.5343104190052	-369.7494449248265	-1123.6283706616816	-6128.128562296299	-9950.97566276216
79000	-405.33183311953707	-396.37014917179727	-388.90986839298813	-377.3599979735576	-367.4947633050681	-345.92672489125465	-334.3501595105447	-323.43375446554757	-320.40675793019415	-320.20599376448615	-316.06882000480516	-349.28099743400264	-433.3471207261201	-305.22184818417713	-941.3231656702999	-6022.200660371359	-9771.227998655178
79000	-428.57315734739365	-420.701518546503	-413.23412360716367	-401.4392274609403	-390.8663655083035	-369.5814338300007	-357.92909158641754	-348.03542247578577	-342.66890441317884	-343.7444856078323	-338.2617926747373	-370.03593249400444	-459.6213130017954	-329.0848160759943	-1055.979545314096	-5852.651222358331	-9629.443341481485
79000	-424.3592845300792	-415.61428295402555	-409.1087233522548	-397.2495918368319	-386.7711170118883	-365.53467489046943	-353.18081690113235	-342.6381847356923	-339.50284769374053	-339.1781724830961	-335.66531444807794	-370.42313082019854	-460.2473094651392	-324.41261555896216	-1020.1440647645735	-6083.117768402558	-9881.387947775067
79000	-407.90452826425013	-399.7148720581373	-392.1374847725877	-380.38160875417145	-371.1802513650484	-347.8071505830787	-337.62350812086254	-326.74081184157757	-322.66785018973786	-323.20519210294367	-318.07797215497106	-351.6189523640085	-445.8609241598565	-309.9616229690935	-964.2623021272112	-5867.250391283072	-9666.60557245953
79000	-454.92328301452494	-445.9030269728564	-439.3861781730911	-426.8125428431939	-417.02096228920914	-396.54141085911965	-384.42640341555847	-376.2252715535586	-373.8698767424106	-370.4525670194714	-371.8806372997948	-417.9324521803022	-536.6541292008975	-356.79119595013634	-1136.046166541162	-6364.137975455543	-10248.652271949379
79000	-428.75699538289376	-420.36471827885214	-413.53907296252197	-401.53943150134444	-391.93902614553645	-369.89762588227455	-359.4010402197198	-348.09867605106274	-343.2768882662859	-344.07777784345706	-339.3807708741681	-369.54560987453084	-463.5845938585631	-332.391948402979	-998.37185076074	-5777.844688210627	-9481.287148189995
79000	-413.51660660105875	-404.6556375509383	-398.1683278876889	-385.46921634408557	-375.36789160967373	-354.50893903710744	-342.28050464506583	-330.58631876442223	-326.6295957335821	-328.18146723342124	-321.18739105173324	-346.993853948669	-426.5989442110473	-313.4972926965714	-971.7874420299225	-5712.700355194906	-9313.481576862863
79000	-415.2664035478443	-407.3704162297434	-399.9647250589256	-387.29398295027454	-378.1991177291212	-356.17806787242966	-344.4450536472693	-334.6822057919178	-331.5467949413835	-330.77455507830354	-328.1163466740948	-364.16741587252284	-452.37826498764986	-315.20509733912166	-1016.7539392209106	-6135.203160684113	-10028.070932069353
79000	-436.27499555186466	-427.6589450505897	-420.19601040746005	-408.12731875540396	-398.457260760868	-377.6674362057188	-366.1886127507755	-356.3908063296257	-352.52902534849113	-352.11019866857237	-348.43955705852676	-384.238460267624	-485.7773130270289	-340.0733165234314	-1015.8762650094617	-6041.053856441609	-9651.114093528562
79000	-461.0060643543543	-452.3935285858564	-445.3965445340569	-433.5419594261082	-422.91781824020904	-401.7494649265696	-391.5429247740454	-380.3691747628291	-377.221356253405	-376.2826857809795	-375.5959066949555	-417.9158742050035	-533.694377174756	-362.39804793341267	-1179.4083099097995	-6188.675578795133	-9956.447731828463
79000	-446.13549253978715	-437.08402765895346	-430.4291387989679	-418.22234609538475	-408.40604154546696	-387.2343995441224	-375.9716260593556	-366.17186940049584	-363.42629356565436	-361.13893713950193	-359.8096517382536	-399.7455606396621	-502.44150911938254	-346.85356843462637	-1093.7059501118697	-5995.28479767942	-9729.588283383237
79000	-444.1503643824736	-435.7587313188574	-428.64099457184403	-416.36366243584257	-405.93160936046274	-385.51043262123625	-373.8458174742605	-363.56661406326106	-360.6786399707373	-359.06938748670126	-357.31506343349434	-393.8611791264434	-494.1991849610092	-345.89345336149023	-1099.5509536815916	-6090.869958694018	-9901.105206088627
79000	-440.3028003472015	-431.8762651923884	-424.69075449319797	-412.91099524771346	-402.9110337047903	-381.2789446482767	-369.7610043104342	-360.06167244348114	-356.70037085765495	-356.59922068908764	-352.96266476402394	-391.5790820151413	-488.4854097199134	-342.9368399889733	-1079.7020415205034	-5988.431378018162	-9823.368954478181
79000	-435.2720719870634	-427.025560033642	-419.8875227234882	-408.080871931705	-397.7783325162819	-376.6710358060998	-364.48091926571715	-354.72994998116206	-350.3218028383316	-350.6948789771326	-346.0347572612688	-375.5901437639341	-462.6396612670254	-335.6163762285641	-1039.899018478122	-6000.5390252741145	-9693.319755213173
79000	-431.49054393891123	-422.83738519189035	-415.6342575215039	-403.4203270110032	-394.1697191885777	-372.8968174624475	-360.8528529924052	-350.2691279968054	-347.1983917176292	-346.23333336188455	-342.36692059568543	-376.3280414507249	-466.9851340084806	-331.3116319310478	-1049.1858886045313	-5841.898552494239	-9695.651925436707
79000	-425.3306061331176	-416.63162655914783	-409.95050987986286	-397.852718986849	-387.5413043301345	-365.71127469431275	-353.83714735004617	-342.8939386649891	-339.014596127655	-340.31700794150373	-332.7648001999748	-360.92475037258254	-438.3722197982424	-324.61805076282127	-983.8975917796158	-6016.490366365953	-9662.782149732904
79000	-385.94647008838916	-377.44833670960094	-370.3906521324781	-358.45627847837545	-347.8108732161325	-326.2543181701006	-314.73703369364574	-304.55450648731926	-300.45123784518	-300.16074675718266	-296.772923484355	-329.55001324867885	-406.96671851658266	-285.3670197691684	-899.8045994732391	-6265.0885339869865	-10125.16382493287
79000	-457.2871935695208	-448.9277990047124	-441.2212532402419	-429.3590814467784	-419.8546866040607	-398.0253487324436	-386.409691014375	-376.67742532769074	-373.5070473945534	-371.82238694672594	-370.6554304254262	-408.9034543474604	-505.7582793555971	-356.0372439148628	-1151.2129121365692	-6272.454564071022	-10174.300066795777
79000	-436.4845063222263	-428.5700427349796	-422.0719775363588	-409.2295800400383	-399.6685002379408	-378.7281642348303	-367.4597849641292	-357.4990142360056	-353.8623714541813	-352.2633593044613	-351.00967088809415	-392.93283081883186	-502.64878233085835	-344.0578725027443	-1073.662465053704	-6185.491400072104	-10080.928382331234
79000	-427.2308133504021	-419.4212111546271	-411.7284377738102	-400.13056652297973	-389.82144605854177	-368.3848293331462	-356.3813946567096	-345.5796950816033	-341.0983762031792	-342.3690784456018	-334.4497536449595	-360.10283036895265	-439.9521043430797	-328.2934540440676	-996.2569957343218	-5620.502111317744	-9357.871923158096
79000	-447.64751858121906	-439.13938536303004	-432.102561859683	-419.81487341263073	-410.4354642259946	-388.4334427375859	-377.14964470894773	-367.779689125594	-364.81521624201696	-363.23525461349476	-362.55039861595895	-404.158124275352	-502.4815027641785	-347.18919181848054	-1132.7984791616234	-6159.555766693161	-9997.24216900139
79000	-385.68989292381195	-377.19936031715235	-370.2668136581439	-357.9854112684935	-347.8062742495447	-326.62635729841776	-314.516258349297	-303.965183905891	-300.49767564584107	-300.5104017369365	-294.83767020845505	-323.460114609812	-407.57045003042384	-287.107404615233	-887.6836921070717	-5753.165847038462	-9476.804350242212
79000	-429.11018576294674	-420.87506504665987	-413.5491368303746	-402.19120115185297	-392.2565595126004	-371.09559813390564	-358.76987152657114	-349.35051311396336	-345.4872037108103	-345.17457690096234	-340.6884810796995	-376.8619576313011	-471.94149698490196	-332.61101846584	-1029.2035473032165	-5737.359874219433	-9668.849944898117
79000	-404.3924244630627	-395.62623975682646	-388.5109091623943	-376.7125612054765	-367.0314482172592	-344.80084681065216	-333.10695642600984	-324.39174223943286	-319.7254386628458	-319.2607452758407	-316.10516071528747	-351.9715227369258	-442.9877700448329	-304.478638504028	-961.8367531161529	-5990.070536717983	-9791.18438752758
79000	-419.16494503606526	-410.86005829048463	-403.4902051970732	-391.38598467072165	-381.61447480636656	-359.81300197764926	-348.3615005263761	-337.85834224281655	-333.24318519693276	-334.1064485193503	-327.89498787981665	-356.80060718909743	-443.3139686670028	-319.4981005479304	-953.0961372424302	-5846.612831487243	-9577.898166631972
79000	-426.4821740647757	-418.0325269130985	-411.01528567963663	-398.9393299677215	-389.11148960012787	-367.1104681505346	-355.29612300507756	-345.19555235348054	-341.93819004546	-341.62773381821415	-337.06424235810283	-371.135226749179	-460.553672615349	-327.6537745160429	-992.6026831278776	-5845.640654577554	-9522.222010214058
79000	-465.81268617408256	-457.5499943785563	-449.9520043622983	-438.6058542690786	-427.96495272571764	-406.29709066722234	-394.78578559432407	-384.83748795834885	-380.9533525699773	-381.14097928257684	-377.8689755967314	-415.1697458925727	-508.08159253597705	-366.94247722286696	-1138.025684512598	-5922.5346709826745	-9560.341369427404
79000	-444.15271802863896	-435.96487616565105	-428.0935503714398	-416.3055875141167	-406.9090484347697	-385.1394207782246	-373.8684046491276	-363.68609654428116	-360.52436622638646	-359.2576814475491	-354.9807634519458	-389.48440363253934	-494.0402455518279	-347.85048783758117	-1054.6369072270295	-6004.777662204945	-9567.84834837124
79000	-419.22880772824726	-411.6008107695666	-404.4928493294987	-392.9332350916269	-382.2364983605494	-361.0457849920192	-349.40285645752067	-339.46169769021066	-335.7746069233796	-334.772628221988	-332.2533079303496	-368.65006109038154	-459.96648858660825	-320.7751192597728	-1004.6480809929668	-6063.628739370943	-9849.742042882977
79000	-452.46433190566364	-443.50174911407623	-436.39070087043143	-424.98867349198565	-415.72028002051997	-394.0866640972099	-382.54505275288494	-373.5600454275453	-370.9047549785299	-368.4225935047379	-367.9144921317659	-410.58097757097363	-526.374820446187	-354.3846768240351	-1123.7198799677283	-6147.75510073401	-10063.152802132223
79000	-411.7241810371424	-403.6746556067406	-396.00960896449527	-384.25439447472013	-373.9826388154056	-353.0524425294886	-339.8934430134482	-329.7444141083748	-326.756513911639	-326.8057147178148	-320.9301542246943	-348.55688449310236	-430.802285917462	-312.10602603464434	-991.3921997921817	-5730.023002353064	-9424.84362843889
79000	-436.61502609447683	-428.261366216878	-420.33868259118896	-408.67883590732595	-398.9144625136796	-378.5828815853586	-366.26194837434997	-354.9505210316585	-350.822094941494	-352.0558456665503	-344.0172622671812	-370.6458155106667	-458.4549566925015	-339.7703742342768	-986.6984728407361	-5622.093642257761	-9192.034352354793
79000	-438.2873751326331	-430.60494752980514	-423.87771428849584	-411.56937911441366	-400.27979717300843	-379.961362356603	-367.77474425385896	-358.50120558370355	-354.8401678028028	-354.66359213127413	-350.5132899219715	-387.34675509700156	-504.11317272749073	-347.36163624590534	-1015.9543664605375	-5750.607167588772	-9356.935488050845
79000	-410.157616701846	-401.5696447366144	-394.2801368827666	-382.0174210024518	-372.8734540152525	-351.3688806983227	-338.88358870489577	-328.9613914155886	-324.85197447510194	-324.6820915768978	-320.57522327245727	-351.53385764352544	-437.2904360264609	-310.7185848274318	-967.8902693764346	-5927.242325309389	-9669.758153604564
79000	-395.88239168804023	-387.6605172874496	-380.7046705777504	-368.74738746214746	-358.2269431783477	-337.721807351941	-325.258698277097	-314.2226330485892	-310.49911254184616	-311.1802275617976	-304.97060038843534	-332.78029975739145	-421.8344195531594	-298.08682111342745	-901.8971429099273	-5789.795671422602	-9471.12608442195
79000	-397.8474890443923	-389.4083199523912	-382.3377794433207	-369.89168149833824	-359.96729700619613	-338.2526017171028	-326.36352531446795	-315.4712241931575	-311.64577721785076	-312.56610699383475	-306.3390058508343	-334.55905896998775	-410.4940919533516	-298.5814482592862	-893.4484719936573	-5848.516205959032	-9536.473956247364
79000	-452.89332155430793	-444.4494036255012	-436.28821444601834	-424.649998558776	-415.1920778928472	-393.9633091703939	-381.9368008168811	-370.88746112131986	-366.57551359897485	-368.2121696215818	-360.30974738845185	-388.56463673998894	-472.81769086187677	-362.82902108953385	-1039.1811053014023	-5877.774795794348	-9421.963403324042
79000	-465.9650917990684	-457.9224991756594	-450.4052729447315	-437.61705985938215	-429.1483725620654	-406.85724188298127	-396.00837652245815	-387.14875870403375	-384.1546717501972	-381.647609417983	-383.2495585821345	-430.06252110870463	-539.0177865880617	-366.1502297716806	-1188.6003217199952	-6342.813581433669	-10181.847526798481
79000	-429.912530256674	-420.9625622492448	-413.87476347562216	-401.9205549016291	-392.11805784619554	-370.5712806671182	-358.6197410117771	-348.2753559089099	-343.26635503229465	-344.11906614166764	-338.76883897715993	-370.85746401143484	-454.77495668376025	-329.05982070179897	-1046.521434386582	-5825.87134205832	-9496.27449969172
79000	-443.89096664763025	-435.94909630862344	-428.33509996964295	-416.252761438913	-407.00995880280107	-385.1042100426839	-374.0285532717357	-364.0550493218605	-360.9927912120355	-359.7868141198313	-356.30957419008826	-392.7078273395912	-489.3997268871859	-347.20420800642944	-1059.3513115842202	-5976.930994208208	-9637.23041144527
79000	-429.14413320682524	-420.7609017025203	-414.20082217964494	-401.91084382181805	-392.4499394236056	-371.2646493822179	-358.61666895342427	-348.33682631046076	-345.3337747173978	-344.8344443177098	-341.1402858630409	-373.4703568316151	-465.9494251131888	-333.93972350817404	-986.7336311491573	-5826.578172991589	-9446.422700851273
79000	-440.33153993570926	-431.72507832041225	-424.9703681393515	-412.52218232867244	-402.63080112261446	-381.28076504570396	-369.6157668490272	-359.9195428835657	-356.70836296670313	-355.93881398525644	-352.4828016815519	-389.8954064673969	-481.5183111008304	-342.07590397698795	-1051.9463799995033	-6066.414749984944	-9697.263693365947
79000	-427.0668141903008	-418.914211643032	-411.5192134089835	-400.12815330383876	-389.97244030391755	-368.30310708065423	-356.4502663976079	-347.565080264217	-344.0350383623078	-342.35971995683263	-340.2178501741627	-379.53212481261306	-480.60122958511954	-328.84005572447677	-1044.0807990082035	-6054.3505854859	-9880.657085332063
79000	-448.29938353176647	-438.9164945770475	-431.8630183338242	-420.7196089646145	-410.8822168769038	-389.2932852315236	-378.11684491878276	-368.6173116459977	-364.8936007190039	-363.6666472859107	-362.6190125231791	-403.48262656572933	-507.87453197509143	-350.3240784193716	-1125.2989305888818	-6138.100883596613	-9847.515506280046
79000	-464.3447539798748	-455.5078848699513	-448.6094797383295	-436.56248598232435	-427.10845409739693	-404.9193726884717	-394.08502953634473	-383.79661634863965	-380.64759710358686	-379.49940279909157	-377.0019080984052	-416.8279263620667	-511.6054653479765	-363.5463439716332	-1149.1292905804237	-6448.647320149399	-10193.710753248779
79000	-410.1347939698918	-400.9758824519984	-394.2454757668207	-382.0110742987707	-372.32153347022796	-351.4686018841423	-339.6883303652944	-328.253457244125	-324.5781450373677	-325.28579622739915	-318.96042483344877	-348.59296266189614	-440.48775521282255	-311.68258538048366	-955.7414684063352	-5801.146914787004	-9448.616181747835
79000	-399.998016251023	-391.93363398866006	-384.5372930729448	-371.8337223886091	-362.1041012061696	-341.6485359951475	-328.757134726097	-316.89714599314124	-312.30382098711743	-314.6208807517892	-304.0204588928691	-323.2318852846895	-393.04558391938446	-300.0388199168769	-869.2295775715314	-5484.524352277497	-8975.479655674004
79000	-405.1827728821946	-397.10831894969414	-389.45721338445964	-377.3682773089388	-367.3915678248253	-345.93859339716306	-333.4006233981352	-322.32067011771886	-317.9717073249012	-319.34736770112204	-312.1215067640606	-336.9293658417609	-410.74866719419236	-304.80798890475575	-922.003443438693	-5533.917501740403	-9275.551547987043
79000	-511.871739682022	-502.16421164062433	-495.5624157223528	-483.18544826091215	-474.41195837901466	-452.51745021988836	-442.34680787878136	-433.9109765382411	-430.49977948173546	-428.05648605750616	-430.5705068514646	-480.6992938035244	-612.9790638862318	-414.2059662862019	-1294.6452100294948	-6437.47153252684	-10281.626440906337
79000	-399.19434450958715	-390.58023626575897	-383.1381049593903	-370.3922044972146	-360.8696776477398	-339.28554293308554	-327.25238338402386	-316.0464423828674	-311.1663202025595	-313.23590502285674	-304.25735219204967	-326.4542753036399	-400.58661768384275	-298.752564548856	-876.0359871340886	-5617.882857441637	-9294.322042289552
79000	-457.6851670706155	-449.02577834219784	-442.30442195723384	-430.1082085831898	-419.9190659977548	-398.6090389923478	-386.89318307217735	-377.4832471534033	-374.6638554428584	-372.88429300637586	-370.2462147151178	-410.342368953899	-520.4066348678602	-361.84561303759335	-1118.5538022710214	-6035.418796880336	-9840.553769603277
79000	-408.638357098732	-400.4111340212747	-393.11622178415297	-381.17066829454757	-371.8266588467231	-349.74308594180553	-338.0417369110006	-326.947405731188	-322.21433501617383	-323.70368364753114	-316.99266266266955	-343.1938683664101	-423.76158745057313	-309.84198708694413	-941.9255470174107	-5733.943086350076	-9482.751639537673
79000	-462.2141388421646	-454.6297915946332	-446.1424101782432	-434.8818237122107	-425.10496347425243	-403.03967221740663	-391.7053345834563	-382.6958448972323	-380.3872214902365	-377.16398088843385	-377.34337528543944	-420.7863130689947	-525.8028816509151	-362.7761672423907	-1111.1573574549163	-6361.776393844902	-10119.367224128588
79000	-422.89092987806356	-414.94372815115565	-407.0091519001506	-395.1239302916571	-386.0632198819003	-364.4373177771754	-351.9917666016592	-340.9777866898938	-336.4044708327752	-338.17101382678123	-330.3286467293121	-358.4770431122674	-439.75020724919756	-323.6705454669852	-974.8476002767462	-5643.246768897562	-9398.806616241445
79000	-419.9505111216766	-411.3728684419236	-404.7506528271512	-392.70618217437686	-382.88866120258933	-360.8744002087027	-348.8739507214753	-339.3022262935505	-334.89319475394933	-335.15248459262074	-331.60706842007795	-365.96014195681647	-455.37064352458225	-320.64429102702536	-994.8225363357101	-6052.268235817442	-9826.71710140407
79000	-423.3445906855862	-414.99135306504206	-407.3872967628435	-395.8279643114331	-386.4048471533702	-364.28280679254516	-353.44332104678404	-343.8963050112136	-340.63202987829266	-338.42163228085474	-338.455769950197	-381.27037517821935	-488.94950714571206	-325.6088557249273	-1038.5869161310304	-6188.59525863312	-10187.68141951969
79000	-449.81756925663666	-442.0814452729416	-435.1600427410306	-423.80515422877875	-413.87803256985103	-391.9792522091149	-380.55984932494454	-369.3303381944049	-365.37907403620983	-366.5147230386069	-360.65382418514565	-391.0364047448947	-479.713102481953	-352.55011400459574	-1069.8696248753329	-5802.843807876248	-9400.380023314861
79000	-466.57767340741134	-457.82992832530726	-450.9682576995271	-439.3698038228878	-428.6732646941156	-408.03051192287563	-396.1543638639453	-386.6540311565851	-382.45208183716613	-381.9499271614297	-378.1767787434338	-415.8795936471773	-515.5571433560877	-368.2530663802034	-1130.5892973121486	-5962.2328275770715	-9611.292982919369
79000	-458.2552545994424	-449.67705410630094	-442.20770746004774	-431.19124734302557	-421.3217868717894	-400.1985105719785	-388.0593388477749	-379.9431184843057	-377.0724532487541	-373.0986038725981	-375.2274455703478	-424.5754855991746	-544.5966166449032	-361.3641781612435	-1162.1994697821729	-6471.634939608843	-10307.716586993478
79000	-445.09908133747876	-436.23701541982075	-429.1823362133594	-417.4643632055994	-408.07180921327347	-386.0790110922607	-374.32687755010664	-364.4811460063876	-360.70760777689725	-360.59143401843716	-356.2220473402392	-390.0128849633558	-493.0323295911223	-346.8402924543315	-1055.4894054235895	-5935.140041550442	-9598.071577345861
79000	-421.1476757239322	-412.926048652545	-405.9510996038686	-393.96018803196944	-384.02815551510776	-362.2795391896103	-350.41580878390204	-340.71699518464465	-336.73623145516007	-337.31150086444865	-331.85215784580816	-363.91060226832366	-455.4351469271051	-323.6631899763545	-974.9372638646004	-5638.2233623318125	-9303.346891796386
79000	-419.4625213580006	-410.9284037852597	-404.2225712241512	-391.641358559193	-381.7721727302514	-360.5613616411449	-348.1124874122525	-336.7220627267285	-332.5437527369051	-334.5109220944375	-327.71384410133606	-353.9150271980194	-431.40131462878264	-319.08626796971583	-986.5813654873828	-5785.32419676065	-9442.064876011533
79000	-449.1509327323027	-439.9658922068869	-432.9816279118698	-420.6594846783137	-411.04167044869735	-389.62419372156126	-378.7557157327796	-367.94488531728433	-363.0939520911052	-364.54432369978946	-358.85462104667437	-391.87214829581575	-482.9813191038517	-353.0440978053676	-1040.0868147592469	-5916.925678639438	-9367.101442974164
79000	-425.751559700066	-417.2636756875255	-409.57536460427303	-398.05355079642743	-387.8991532786026	-366.5225382695578	-354.65457692553656	-344.2451443892781	-341.4031261893488	-340.0019907006506	-337.5618020062525	-373.01528359071784	-466.65394409801553	-326.08031386624856	-1017.2383759772594	-6066.85230919572	-9779.568686719711
79000	-445.82223540007834	-437.0173930763205	-430.42992828542464	-418.6939820678567	-408.56953075890794	-387.09180698878464	-376.2674294960112	-367.02784611066994	-363.6167312216858	-361.8529592613393	-360.9746829534746	-402.8888208565522	-506.4314778493335	-351.05243040015887	-1071.3784432589512	-6392.369928275704	-10209.311097769454
79000	-456.39713899800586	-448.2609648616079	-440.95776835354894	-429.6396558125732	-419.5996527595887	-398.37198114749555	-388.09757728917344	-378.7315086422359	-375.7934104404969	-372.5705520986267	-373.27495360494896	-419.66206988778634	-534.1334639512305	-361.2468592389796	-1142.9259015563405	-6279.838387509303	-10106.31092190603
79000	-443.86209175410903	-435.1490274745494	-427.9450019594606	-416.31019767034206	-406.6673943923979	-384.721390236457	-372.99181040329864	-363.38799342237223	-360.4428731783341	-358.8478462929425	-357.94803144145413	-396.81666109452584	-499.90963437324933	-345.76779331665506	-1078.5518029214668	-5988.034229997549	-9797.569079833764
79000	-437.2679602445231	-428.7960333204138	-421.4124365261487	-409.2485219890906	-398.9326679921328	-378.022730884242	-366.2453095108511	-356.28422143073254	-353.1972946740705	-352.18280620858303	-349.4257970376243	-387.1830930809498	-481.5427082350779	-338.0793027806032	-1071.0655630948543	-6046.264454423741	-9875.894242802873
79000	-411.24892677341734	-402.27136738111614	-395.6587345466102	-383.2133466228014	-374.12784643339165	-352.2140711026652	-340.25335489377716	-330.2768024943981	-326.5148102036988	-325.9895640509901	-322.15065591754785	-354.5641227044504	-436.3286466348513	-310.5249027254689	-977.0317900370324	-6035.132924120829	-9856.78603381017
79000	-427.1895063644419	-419.21441470094896	-411.4388161038568	-399.231660250437	-389.5113120015088	-368.48283957087096	-355.6360529618213	-344.2306029536391	-339.1213932034082	-342.3146678385606	-330.43206091104736	-347.69723364856685	-417.2806174344589	-330.370952864992	-896.7037380304175	-5331.446861641045	-8657.796065615106
79000	-426.5823158905268	-418.30033962168676	-411.2097339851578	-399.3059175963426	-389.3261083730126	-367.7272057186397	-356.1682232400549	-347.11056369788645	-343.60954324422715	-341.85546132763994	-340.8461212519989	-381.68289899601467	-484.76665707431476	-328.9885305450645	-1057.7889247097362	-6242.319296183472	-10091.11041225492
79000	-452.54832885064803	-443.12057207013123	-435.6726643751171	-423.4960307374422	-414.04970282344163	-393.0693507200841	-381.1601255388541	-370.99941744312343	-367.1177132371274	-366.52636261671506	-363.1261872554406	-400.33036212929323	-497.8399577014812	-352.30340915414	-1109.4595621346743	-6014.242419526276	-9698.348310213141
79000	-423.4745716022741	-415.8983674725816	-408.3967824338891	-396.08859015851624	-386.27664157896004	-364.57746742824503	-353.6737009521405	-343.2108401888442	-338.5751302712097	-339.57490580871416	-334.6115676774407	-367.0632164972581	-457.2972707105611	-334.61131343011795	-1000.4961541168975	-5734.218556197269	-9445.552546160026
79000	-466.0547254217852	-457.03726974056985	-450.13817681944005	-437.95276812449526	-428.6943491162382	-407.4100156230344	-395.6262420391237	-385.7115627845695	-383.1911300743821	-381.02654259693446	-380.77701400999575	-423.813087976152	-533.5051936257104	-367.74298413894553	-1178.7414518422386	-6282.745896807663	-10111.92018822642
79000	-464.3407301557004	-455.1531492086992	-448.70076452107577	-436.97545297857357	-426.4526705027373	-405.61236488884913	-394.21611103654715	-384.49000868487934	-380.00633500634507	-379.88510544103946	-375.87782845299756	-411.57481662829105	-507.6826462033583	-366.60432077316574	-1118.7973919373387	-6017.730040303469	-9628.812345015323
79000	-471.856326993938	-462.9547108850242	-455.85816305359134	-444.4548168932962	-434.56055422046296	-413.26509345282494	-401.534365318052	-393.23633034727783	-389.58212687451237	-387.27425824592046	-386.5374173354576	-428.49338990107077	-542.2709239191927	-375.47559193788567	-1180.691479491121	-6136.333318376206	-9879.613380024834
79000	-433.2943571946966	-424.84221436275516	-417.30161689802134	-405.4383499476862	-396.05730137856864	-374.29826080545007	-362.0925805025537	-352.8614786777608	-348.4627185886918	-348.12189842647757	-344.8210933988942	-380.9120506939762	-475.99545529553234	-333.05238247339526	-1027.058661915012	-6185.474808600252	-9919.542662389757
79000	-424.15422619972105	-415.1903672014853	-408.7226872445718	-396.15429108498574	-386.34091947118856	-364.4750498340595	-353.0835276064428	-343.0405608865627	-339.05095554976805	-339.03984549912434	-335.0283678455948	-370.21804051440415	-456.4157900559526	-323.5699551214602	-1033.5867964807542	-6026.66537655976	-9758.062592340126
79000	-429.09212566104196	-420.2831481609802	-413.13254059962384	-401.1399654462913	-391.21110460956123	-370.39736166906937	-358.7799748487366	-347.4099637090305	-343.91679453943453	-343.8959701557445	-337.74693613553467	-365.62969144786575	-453.89776278581223	-330.5448621155171	-999.1804629790962	-5755.496795611168	-9396.81332000946
79000	-421.3179278346218	-412.5311754867982	-405.5387974388963	-393.327072046333	-384.26110204909213	-362.6993929659462	-350.0793675661211	-339.3769340513604	-334.8107292570977	-336.2992916813485	-328.6008616973512	-354.6331113691255	-440.3990073280467	-323.90388614824906	-953.6588980246789	-5597.219654818549	-9180.398718934573
79000	-424.7514356728725	-415.6699488972837	-408.4357331245979	-396.2162545508545	-386.4068525358831	-365.26309171432075	-354.0766140375433	-344.31482254706043	-341.6343706163866	-339.5541306971233	-338.436227343952	-379.6578358317276	-490.5580821632805	-327.3188422606224	-1008.7140984121171	-6270.522852520649	-10093.215734049483
79000	-443.1674668951498	-434.10125204164154	-427.39625317881786	-415.200719367779	-405.68507716157467	-383.8059730031216	-372.23690883358023	-363.17562394807885	-359.49177470078445	-358.6261857675262	-357.3048692561901	-397.5765096878601	-494.48799879313896	-342.29874148194557	-1113.986352781419	-6195.907654196545	-10043.868181364775
79000	-418.4974832848304	-410.28258054877097	-402.3996914779595	-390.3632675508554	-381.37955223068826	-360.1353190737913	-347.4252703444194	-337.13578378374166	-334.12824941873913	-333.3941291847033	-329.36190115793164	-363.08554858099916	-455.57301624081515	-319.65184743364534	-997.7877128138027	-5864.637566531666	-9707.52751617105
79000	-417.51560204286443	-408.97115518793026	-401.13997409265045	-389.5039488949308	-379.3689122283626	-358.38943429783575	-345.69560544645094	-334.87082444062395	-330.30039783856455	-332.10946511571996	-324.1888811669678	-351.12097016527497	-429.67525099420186	-316.3027909157805	-983.766893657764	-5668.430447929097	-9339.905105249087
79000	-408.22630699773964	-399.66999165057047	-392.73917025753946	-380.1871921639055	-370.9091087415479	-349.4595651946283	-337.2246435433337	-325.753610615797	-321.75315104197955	-323.32393336953265	-315.867964959271	-340.73806739031204	-428.35063164307513	-310.46761619359484	-929.0367392373993	-5604.382429743435	-9302.365944829315
79000	-436.7908075796741	-428.2132182155597	-421.13238979392867	-409.03479731902917	-398.66615919458815	-377.77091911544005	-366.3293765926064	-356.2265867112904	-352.9834383913868	-351.95734004218696	-350.51942752280735	-388.0615369336276	-481.0137464747663	-337.3150389590713	-1061.7185339489301	-6112.024689846887	-9878.275482205469
79000	-459.22411215053205	-450.2184937005627	-443.5084720091167	-431.9922128247383	-422.4414389662665	-401.44449962270494	-389.7885116977762	-381.2019727433882	-377.87594475982525	-374.68263278536693	-375.9660128848108	-425.91962067758664	-555.4660608042535	-361.72879041205334	-1166.9059708244715	-6369.814740092552	-10329.187793805213
79000	-411.66780035502694	-402.744530842513	-395.79307485447856	-382.9241059204709	-374.62195759148574	-352.45162674951916	-340.7169006407773	-330.8956884714614	-326.8802347438038	-326.74034188268655	-320.9689074489561	-352.2300609797211	-441.6134030749758	-315.02657023928487	-934.4957682490735	-5686.408326971247	-9433.596365418089
79000	-440.259327159834	-431.68103623845406	-424.319570012366	-411.4975720771529	-402.89042993379564	-380.93840512844935	-369.92221072600836	-357.93367761979187	-353.00270268257503	-355.70189106708835	-344.5890379139897	-370.79212510331683	-449.0488686247892	-343.0518278079791	-954.7317289934364	-5405.898399640207	-8866.590650260703
79000	-436.4957663540382	-428.03058686699865	-420.56865137823144	-408.6861175071865	-399.16987294325634	-377.74508788215616	-366.43815467539144	-356.1142745094405	-352.48744225245485	-352.1041505162563	-348.33325195787864	-384.3761619871612	-489.70433851834053	-340.43300308648514	-1049.8530278908145	-5864.1041642842465	-9635.887910605059
79000	-440.604839059338	-431.25813939709934	-423.8669204077617	-412.1162923545912	-403.1870790237545	-380.9266240741121	-369.62399534235266	-358.97415087205275	-355.13111593587047	-355.9778748071662	-349.8059505265468	-383.5983825709074	-480.2012216086305	-343.06193446949595	-1038.6422927774029	-5907.542117725459	-9589.391914712896
79000	-425.2809104851359	-417.1305545292584	-410.30738012569697	-398.02834134460693	-388.03323563031347	-366.96486444889223	-355.6417048597885	-345.4521505129624	-342.31078024707404	-341.0955324457207	-338.6717171360401	-376.4486122268498	-492.0458189701403	-330.1913106317302	-1017.3007355252389	-5899.764375391555	-9623.528249311368
79000	-449.1914593015876	-439.88240246846397	-433.0931345250462	-421.04287249415427	-410.8426689252588	-389.4951963979583	-377.93661569687265	-369.151469323316	-365.1171081923373	-363.90382053124296	-362.5405889560026	-402.50319286109595	-512.2170022708723	-349.8671181251749	-1090.0602435875714	-6009.149627369268	-9653.54646354255
79000	-409.9001368411576	-401.53708533360606	-393.61756217774445	-382.2015322038319	-372.2342488262701	-350.1606179315063	-339.0635366145488	-329.841198172436	-327.2944496814777	-324.71090745298324	-325.8401834172531	-369.91173721130394	-469.3303970717498	-310.8781123631777	-1022.4225877923855	-6397.401179194409	-10297.994562592754
79000	-439.49233479068977	-430.7100077312882	-424.39011736935805	-411.57487568645763	-402.60279498433164	-380.98007011134456	-369.65502402708296	-360.1509320963572	-356.5508403503418	-355.7370240674277	-353.74732286034174	-395.7899657643353	-497.8792026060042	-344.8901794772304	-1041.1401667463604	-6071.221339004681	-9842.90456285005
79000	-414.0932686153336	-405.21367075390185	-397.64789189634104	-385.8322768371122	-376.0097783077929	-354.09986822711306	-342.6475909605329	-332.7389307232714	-329.2077504074347	-328.17695162406164	-324.7162942841537	-360.05581346018477	-446.2660676747821	-313.24173985935266	-985.4232691230171	-6061.431336369417	-9834.469563739693
79000	-439.49949823530125	-430.32259925206506	-424.43193405391565	-411.49167594844766	-402.3583648486888	-380.39080018997396	-369.1176936913667	-359.2567388850782	-353.88846748486606	-354.87066910149355	-349.53384637574277	-381.68189073871923	-478.1103401372477	-344.38613383762	-1040.2018548358515	-5765.5575941792995	-9461.036229148493
79000	-476.7091772009474	-467.4442189300344	-461.0644871611872	-448.36802661409376	-439.2119091428037	-417.76882059191814	-406.24073790633497	-396.7391469063328	-392.5829370890351	-391.9166704432445	-389.30049860887226	-426.31259664965523	-526.7221169799564	-377.08988054689155	-1187.169916169437	-6199.4392665136165	-9997.617479651155
79000	-430.3200721735281	-422.28525159862266	-414.786489812194	-402.693138086418	-393.22304877091005	-371.856037470202	-359.49173361521486	-349.64847423148206	-344.5082864206956	-345.5420254565356	-339.1796884813947	-368.2448575223098	-460.75169854810656	-332.5498453627351	-1002.0723188102397	-5664.616158887992	-9230.5858950663
79000	-431.28741367066516	-422.82846603361156	-416.1241229417738	-404.50362342679114	-394.8580848880558	-372.92568166095026	-361.70589366064195	-352.1522084384068	-349.37070391140446	-347.2349636960084	-347.11000777633296	-389.8103452502899	-491.06457819370974	-334.6837628529885	-1081.9613483112967	-6051.748089767393	-9998.670896721369
79000	-461.00168404868646	-453.55653439536025	-446.0245033078641	-434.203202315357	-424.10851008411254	-402.8120137000519	-391.2241756927772	-381.2962521133544	-377.10952882829065	-376.78123407624213	-373.1328747461887	-407.38866509374134	-502.82752655225755	-361.0739587504194	-1176.1720295552218	-6128.654772063637	-9786.228514365865
79000	-438.1421871606807	-429.74757214357743	-422.35529521079644	-410.3864493787489	-400.7983543318841	-379.18722467571916	-367.666104042762	-358.14699215085966	-354.38847784321746	-353.2236690750222	-351.56059842822555	-390.90896763779426	-496.18731152441364	-340.19918654911953	-1044.0459771417522	-6000.407464264379	-9720.549056130321
79000	-450.54768038332014	-441.6366546549289	-434.9977178782878	-422.7839578504977	-413.1710242534213	-391.13338719969505	-380.3640697214845	-371.4287653533678	-368.0189565586586	-365.5382583111909	-365.6163102576584	-405.76067528926797	-509.0965805010831	-353.91066100139045	-1109.073023268449	-6211.706288000371	-10043.582981342159
79000	-440.3612624243046	-431.9091052304785	-424.9514879576554	-413.78844238567774	-403.0119564015112	-381.9502426497454	-370.1219272420087	-360.7467777250563	-357.4608153244669	-354.82670136649386	-354.2505217564966	-394.44644262113286	-491.0476359734526	-340.17598999887906	-1111.2842431354911	-6205.271814037117	-10091.789092459536
79000	-408.20926612123236	-399.8673975169325	-392.6106297753152	-379.9237945290573	-370.36141685541634	-348.57334692974507	-337.32030236296055	-327.0462504667187	-323.1412934128554	-323.24369047313655	-318.52418758879725	-351.17285937141577	-436.0066790017763	-307.8249243996312	-952.9829403460205	-5970.170075377386	-9683.19439070384
79000	-486.14914958697045	-477.622102149779	-470.7324033239218	-458.7423684852704	-449.2979922345802	-427.417526286343	-416.2710631666668	-406.9741750132578	-403.48290652215354	-401.76967523927493	-400.4011735367968	-444.7347004846648	-553.3162912359797	-387.48463585960945	-1218.0566652690327	-6089.0169924204465	-9826.948230413373
79000	-431.1154772805652	-422.0580594913212	-414.92252915464866	-403.70498095772405	-393.7716869095226	-372.156300248652	-360.6746098801575	-349.7157312195911	-346.6997867530947	-345.877826899984	-340.7157512343154	-372.4726817366622	-466.1959294481038	-334.0466005052003	-1043.0980988816566	-5878.497902955849	-9538.007717317756
79000	-436.91615913645194	-428.9057185804003	-421.39525063829325	-409.68772577002676	-399.8971064820314	-378.45169340964355	-366.9361586282085	-357.6247036452764	-354.18641830692997	-352.8887213710871	-352.74145281856016	-395.9423901484011	-498.7541893872724	-337.8441031731744	-1089.9062483847354	-6152.329419032529	-10085.31400233472
79000	-442.58910212047005	-434.76181589294754	-427.0992003933903	-414.75389517088	-405.222663631086	-383.7176185799494	-372.18479211266754	-362.041589503574	-358.1732431616249	-358.4772188788367	-352.41922688870017	-381.2640110463995	-473.1018515231311	-343.80667018474065	-1038.8717987588943	-5727.442006193687	-9340.477977695726
79000	-432.744625823755	-424.91592145684393	-418.3141588100246	-405.4983539580295	-395.33771128038677	-374.0206466119589	-362.2860674222905	-351.6844582241795	-346.8301849531657	-348.2865365808582	-340.5879649091723	-368.0425888035781	-452.14878967744477	-334.56576172659385	-993.0216379598214	-5677.418254444171	-9136.496764352933
79000	-430.5921004418004	-422.3518082033217	-415.1859376388333	-403.1453436893371	-393.2488774701067	-371.06356165300116	-359.8729469668225	-349.99220985147736	-346.64925638910995	-345.3974686949234	-343.2124411006661	-380.4532468332515	-479.6833826880319	-331.7071563543528	-1046.98072075416	-6048.524667935169	-9844.501687915403
79000	-419.5083009674374	-411.26971407316336	-403.55443541405685	-391.51272134237547	-381.35413705925754	-360.2657845902246	-348.0591916759408	-336.79076850236174	-333.0400635144328	-334.31443279120475	-326.44388297450024	-352.5648626896598	-432.1876104392862	-320.602383610128	-977.2442535679082	-5611.134243044036	-9243.178212153984
79000	-452.5532987170431	-443.5296871700692	-437.27203569008276	-425.9123157128406	-416.09123592932406	-394.3115952327903	-382.9366007898713	-372.98493523502333	-370.7017495698461	-367.8136957834892	-367.71558389043736	-406.7770565622747	-513.7488108134387	-354.58215852232	-1141.059362998903	-6159.312739751503	-9928.74008109169
79000	-413.90767020704357	-405.4920641188427	-398.281495862266	-386.3723524579658	-376.2154721235807	-354.5753364528186	-342.90703405143927	-331.86015575547833	-327.87478756282644	-328.8129914773015	-322.0670971000079	-348.7362363311307	-428.45565165855	-313.52074256825995	-978.0565970639109	-5830.555985915127	-9330.146359998955
79000	-404.50615211894154	-396.40058995252446	-389.5089634243872	-376.6046816417155	-367.68346909651535	-345.4564833896044	-333.30291432424707	-324.5996683527791	-321.6060375774993	-319.90884607724183	-316.7460522612026	-355.0880779913726	-449.8184583808778	-305.7825609081124	-972.1032524155287	-5980.036290202465	-9938.222258157986
79000	-433.493818175312	-424.67380703018847	-417.4376773467539	-405.0817045456797	-395.290638065446	-373.7283096507841	-361.75033349690796	-351.0126762027604	-347.16143642269253	-347.86876346425066	-340.7642287213253	-367.4113156387237	-454.03624258482887	-333.0634812993963	-1014.9301217270356	-5809.871403620704	-9386.93783469652
79000	-432.576537814607	-423.64618055142785	-416.75317522691006	-405.11987693203764	-395.45076787403696	-373.3605282892582	-361.9399841293876	-351.48669296577174	-347.7671611230172	-347.3717565419176	-343.475952006388	-378.2209851074701	-466.4701071317436	-332.14809721852487	-1060.9052633654908	-6070.596005103429	-9666.765023837885
79000	-460.66559107566957	-452.2380814832418	-445.19707177201275	-432.6818660769811	-422.6660619675941	-401.2452802189694	-390.86492909529994	-381.37502571272796	-378.43555168506947	-376.1824204450685	-375.36054023461406	-420.5455847604416	-539.4665332967458	-362.85533999599073	-1164.098316676988	-6144.350052086663	-9962.954922760287
79000	-438.1433364766199	-429.7911096950097	-422.8812651430531	-411.06174989952933	-400.9146647366165	-378.88118135617253	-367.73461779814005	-358.59210181257873	-354.6886481505657	-353.44946670815415	-352.437742404246	-394.50765503856223	-495.1960468029141	-339.5745482582595	-1094.7824264207566	-6324.869524343679	-10224.72133109963
79000	-485.59894183435915	-477.6230473953646	-470.07957367561556	-458.63635451732887	-449.5663886276462	-427.7291276308983	-416.6995054465852	-406.243551227541	-403.96753408760935	-401.87758809597943	-399.9704984209343	-441.58324183763284	-567.2750355402197	-390.9503038004584	-1216.1895808856461	-6011.282186976747	-9733.770211623303
79000	-410.28459236000344	-401.9504052782777	-394.390254422092	-382.60393126409133	-372.40818031590106	-350.986957512865	-339.11247793233105	-327.8927305436699	-323.5933963686508	-325.1664440680939	-317.30630717160165	-343.87267996899845	-421.01754283485684	-309.7133848153693	-950.4679231462999	-5838.955564718187	-9478.386076838908
79000	-435.1776699915872	-426.8957116802564	-419.8887982273605	-407.4025791329933	-397.5561633075885	-376.0218012426504	-364.12331902687424	-353.6911931309447	-349.904323129109	-350.3322171750732	-343.90609995910205	-374.2728418954984	-459.9192824417306	-334.51248756089257	-1061.4100141374752	-5949.148780614485	-9577.048340474748
79000	-387.3178126568326	-378.75801524406603	-372.134766870893	-359.7631542982025	-349.85870308006116	-328.2122215507659	-316.1602525884257	-306.66929098078833	-302.3394672117004	-302.823340425349	-298.3458124219034	-330.26337064496965	-411.20358299186194	-289.8368410876706	-902.3539169149916	-5853.898183568018	-9623.86411123862
79000	-418.41987408965696	-409.97388999984497	-402.4179214190528	-390.60033688262	-380.939866664821	-359.6758909049609	-347.27310557543075	-337.0957028865514	-332.8316608062047	-333.4397115334583	-328.69415109737923	-358.0626097896664	-453.03321761816477	-323.1142039807871	-979.2045404574972	-5810.421646968491	-9536.417416358147
79000	-486.44306199691425	-478.6209880040093	-471.6915166796629	-459.5113804484839	-449.73050328906663	-428.60328103830926	-417.37090033963767	-408.7186476935656	-406.50530814397183	-402.22523497014765	-405.6877814306898	-458.1678261036682	-577.2827908736947	-389.3849662806291	-1291.674714363161	-6527.71123621581	-10408.500465247856
79000	-472.2137677781587	-463.3551455639485	-456.8848540904078	-445.19508521399894	-434.8416382336969	-413.0108999839294	-402.0621502569675	-392.39408660252957	-389.23583987276027	-387.61882042475696	-385.72096404889777	-426.0588229953095	-534.738711421126	-373.1087384647124	-1130.814775458596	-5928.314393493597	-9513.43202589555
79000	-414.2181080751347	-405.91384855163045	-399.31431496688964	-387.70187814014935	-377.879551883252	-355.7960618935695	-344.152754854322	-335.5105257502464	-332.35777178854767	-330.1832514376659	-329.6300664762801	-376.5086556814407	-485.74309819583283	-325.7896304307319	-1005.9023993906451	-6074.0351408012075	-10045.847398054142
79000	-458.0799404521154	-449.70009135631034	-443.5604020733105	-430.99351490943116	-421.4107245105679	-399.99851909905857	-389.05715509292975	-380.470647536186	-377.72678080381127	-375.1309057330957	-374.5153836552532	-422.0071136908629	-545.4470910673772	-362.28888740579515	-1176.5274288755022	-6071.429339266984	-9977.867456057964
79000	-412.88399575411046	-405.2277379732479	-397.8586719509514	-385.8070324566763	-375.37283360598855	-354.17764933517464	-342.6103476798922	-332.7596698674559	-329.1148046221735	-328.2186790892103	-326.68724640122196	-362.366373608623	-450.7987396713732	-313.8379848549392	-987.1826901666935	-5962.0631882101	-9747.71026056083
79000	-429.6636407746291	-421.4738088780988	-414.39180380178703	-402.3604726833124	-391.9841650208507	-370.47210473939055	-358.5651872429566	-348.98561102352915	-344.29704524362353	-344.89671158045195	-339.7441164785973	-372.937274778846	-459.9367157964164	-329.5171025338231	-1031.3778155302518	-5949.018936393962	-9734.375597606344
79000	-408.20494651865977	-400.1043463343019	-391.98410343960273	-380.7505739877139	-370.3379277866245	-348.5513054707928	-337.26828079084254	-327.3706619234769	-323.36087997647184	-323.20387551974255	-319.7843339200168	-355.05234389476846	-446.5231567250464	-309.2208946017974	-970.7648679510448	-6021.187866351636	-9946.022372721893
79000	-464.94260542032356	-455.63651382088386	-448.7598392187368	-436.627776802674	-426.4035654273014	-405.10915116413	-394.3377036959516	-385.37786061897634	-381.92493772309706	-379.7103784006428	-379.17990191367653	-421.97369986642263	-525.9492290897733	-369.3265287595347	-1146.0377011183377	-6220.622707119571	-10019.756791825585
79000	-401.291305335808	-393.1987547337205	-385.78028366676807	-373.37509104415415	-363.1222002293058	-342.02709716913705	-329.84764256885705	-319.67047253222273	-314.99239558571173	-315.45268595386574	-310.01721061951577	-337.6308546295154	-425.881682601466	-302.06789383925616	-931.007496287725	-5734.114198330395	-9513.765807356118
79000	-457.17305779296447	-449.5668934745516	-442.169681986518	-430.0650101819348	-419.9133127985493	-398.76863367967474	-387.34563362612175	-377.18884201330036	-373.0875838357253	-373.51530870326854	-368.6991347646141	-404.0426103505799	-502.8201734474818	-360.2056279029519	-1080.9271849615689	-5926.604656162399	-9573.473625089753
79000	-460.98275217826995	-452.28667998775376	-445.20793439144273	-432.9330191295045	-423.6077287505413	-402.66365106809485	-390.47821163749137	-380.36403490163747	-376.23044182840476	-376.7343342721446	-373.6087003507706	-411.5163242127509	-530.348057801034	-364.61974728064945	-1110.2605949738902	-6090.110315791412	-9708.347039591938
79000	-451.71694212859575	-443.67164080923686	-436.1340045720555	-423.75977181590747	-414.1876406290705	-393.11287700693094	-381.66731637540136	-370.57268397935275	-367.55502608308814	-367.00367774893357	-362.9473783117993	-397.70713999459866	-494.47271874190636	-353.18766070175934	-1075.8097194443708	-6115.959825799353	-9760.691284798142
79000	-460.3126287962883	-451.4043643394063	-445.0051830079944	-432.8407623109183	-423.6982071025973	-401.03242305286284	-389.8389532946732	-380.10757902493845	-376.1892816966666	-375.0407127437449	-373.6894346380137	-409.9325492175153	-506.9254362621509	-360.31664362188957	-1116.0853841498017	-6178.13366674571	-9749.48529598351
79000	-416.9492443410529	-408.647797329603	-401.12944641665985	-389.4601463888564	-379.4901486006787	-357.82590394881584	-346.5816838601544	-336.12776606722304	-332.65154260851205	-331.9948624899319	-329.6667040844068	-364.5094917475947	-450.2141565897289	-317.2096220557475	-986.9059969527997	-6088.018643986321	-9758.879214121473
79000	-455.2355381808925	-447.5237035892708	-439.102543098751	-427.99056617139445	-418.7019151129606	-396.7748213080333	-385.1718207384567	-375.4883042990482	-373.1352216356188	-370.8303081436557	-369.0066743759868	-409.80845086968213	-523.2436634700258	-356.83944979884126	-1111.7069121334678	-6156.668194425527	-9867.419331797928
79000	-453.56451050227605	-446.13092024238006	-437.9410562722225	-426.6562532779345	-417.0518160168701	-395.96992025586064	-384.55923580594373	-374.32522521496986	-371.3686500527341	-370.00439160987423	-368.07793137393946	-410.92262538505895	-526.9038694845211	-360.32746546033917	-1115.3630461893415	-5913.156159416452	-9685.10772580755
79000	-454.14559609234584	-445.7208840057139	-438.0204988691008	-425.53844701083074	-416.48103554839133	-395.38555794889874	-383.01391149810706	-374.00642681554336	-370.6949360416782	-369.7415637872597	-367.4496794028404	-406.2769773651836	-503.93179612153557	-357.1224461082741	-1103.8278820061907	-6043.34314169741	-9757.318629406866
79000	-448.85094470502867	-440.59517886429217	-433.4467082368058	-421.1052465217517	-412.0391174970831	-390.44181536086904	-378.92290572685005	-369.85048557459555	-366.54186085251433	-363.80002743118604	-365.23165922908925	-407.4238603547837	-511.70245192766936	-350.7795453347102	-1121.4739933977914	-6197.9464524962295	-9959.597557940582
79000	-436.56630878486976	-427.8371850944974	-421.5227072893534	-409.00220176482094	-398.588461317367	-377.6530833511745	-365.1001849435184	-356.04157619292346	-353.51724104069046	-351.12786141563885	-349.4012715846721	-388.5935954648451	-482.13299606697814	-336.3238426161887	-1085.559296719368	-6250.4968091148985	-10055.701748052375
79000	-456.85404262556784	-449.21991578716387	-441.5935219750302	-430.206075894802	-419.75763609691325	-398.4974332531421	-387.0898690140515	-378.4344122361423	-375.54275369270107	-373.34751039345457	-374.1866988951724	-421.0781221041323	-535.7902834862949	-359.62474513809076	-1142.9415315179217	-6290.319582105661	-10168.92696306053
79000	-465.2108599607329	-457.4209114297284	-450.02947637004337	-437.58866466033817	-428.5819070800041	-406.48903038801365	-396.0470731765969	-387.4843607547516	-384.18002044206156	-382.4060661186108	-382.9295085195828	-433.88424879008255	-564.4052247051791	-368.69726256996245	-1180.8703417616332	-6357.618327783656	-10154.115107340811
79000	-433.18888456689666	-424.50852537962896	-417.42206779652605	-404.886397305974	-395.9259041995051	-374.31623421353447	-362.7721828412376	-352.8648919972059	-349.21138632486145	-348.2054227127913	-346.44399543188206	-384.36152662420795	-486.9233877598892	-334.7344104840044	-1048.0342456421033	-5854.8544655595	-9750.925629094374
79000	-434.322403619585	-425.80195418577	-418.65973951810525	-406.33806769499006	-396.8867775218281	-375.7819843750437	-363.39909510225	-354.2028460206611	-349.15874786988275	-349.6260689604584	-346.33899375500215	-382.5924132883695	-481.7272250370229	-336.65076888700895	-1072.7425593103283	-5987.156419487182	-9611.276512350327
79000	-426.8395147270235	-418.6404915192101	-411.31518846551677	-399.06106316602063	-389.60862963166113	-368.1041139269909	-355.66606557460995	-347.11813325591925	-342.31280098167923	-341.98705805422145	-338.3360380899843	-374.22024155682044	-461.7283683712276	-327.81122556100496	-1018.4725354253679	-5933.37287591337	-9685.32763016802
79000	-418.2485711359069	-409.72258207735086	-403.19344953896285	-390.2467288311501	-380.49218374863176	-359.69039859180907	-346.79916126338975	-335.618212148206	-330.8966299852317	-332.5195610085442	-323.3040055583073	-342.90538738921947	-421.4907434707234	-318.9637336343552	-919.7856642085964	-5504.246513561994	-9027.22846295781
79000	-442.8807864582247	-434.1614735555914	-426.4933545860701	-415.47335673712894	-404.8945100258296	-382.8361191897185	-371.5460847335252	-362.07021785664045	-358.738620424608	-357.13050769051176	-355.14493578502487	-394.39268690396295	-496.4075965512738	-343.3224073032313	-1088.0862187014707	-6230.1873950498	-10013.37485590734
79000	-442.3344535349309	-434.6316255613819	-426.3342620319614	-415.10114587366365	-405.2563742093448	-382.9773790533057	-371.7168216840169	-361.1299261986616	-357.16527193244065	-358.18444450469934	-352.19369470946583	-383.782171217359	-470.60436423556774	-342.53299819982993	-1055.7961823232029	-5884.824499319045	-9606.938086348677
79000	-462.0063045135992	-453.4467474047063	-447.6383227096284	-435.2091532007455	-425.1156834590239	-403.5095828872475	-392.2720218784942	-383.16770272556494	-380.45086672109284	-378.57781045528804	-377.25250938954554	-419.10201924035994	-526.7146395709506	-365.72336368959776	-1155.8738552335906	-6200.968639949787	-9941.715128901498
79000	-421.04479861033275	-412.8706844597875	-405.66593011952244	-393.51553310913994	-383.9467320515356	-362.3144034123452	-350.3801193308167	-341.0098289839055	-337.1176070939704	-335.82773456833917	-334.4513272450986	-372.7048729651482	-466.6560830309479	-325.63405365014233	-1032.5586283522975	-6164.737956468352	-10017.201492897057
79000	-416.8864911152257	-409.2131159317354	-402.8124017023619	-389.6058216674113	-380.7616000371088	-358.7349217039382	-347.12419984427925	-336.7964849037528	-332.1485986421233	-332.635466247403	-327.84739701141206	-359.22792680512134	-448.0504128192844	-328.40995585184277	-970.3207619583337	-5781.608541617312	-9522.715608087958
79000	-433.5110217940911	-424.666376441446	-417.9702167852741	-405.3207844735755	-395.45133165063174	-373.980181285195	-362.40069402434506	-352.2400711976394	-348.11991050121316	-348.179547303407	-344.1850940541012	-376.72241507145446	-465.18909436371916	-332.7261804869356	-1059.3222990913578	-5984.701691865422	-9725.482565015278
79000	-474.98279540701867	-466.3266002659762	-460.3244062572381	-447.8216402589096	-438.7621152419058	-417.02457780278297	-406.0537496703466	-397.67520792491075	-393.61552075290115	-390.86983677717507	-392.22516358733344	-440.399403184477	-557.2344018163684	-377.10864704943015	-1218.7108281916985	-6449.468260562545	-10339.270668068311
79000	-442.32027196559767	-433.81383873037646	-426.73838369811284	-415.1916041274119	-404.94415475358846	-383.7844216976226	-372.1244106307232	-362.70884674764056	-358.65987863992683	-357.24782039000337	-355.8910942950856	-394.9259070968275	-500.7984592355782	-345.9480808456022	-1073.869543875791	-6029.014413150968	-9760.428142649604
79000	-410.2652586869786	-401.8542870221327	-395.2888688166369	-383.19478547455606	-373.0986415992036	-350.40285687067086	-339.5170419609164	-329.12361547342556	-325.7541295293743	-324.8179597633322	-322.7181176549433	-360.12916829211974	-450.84291865068775	-311.2340859464071	-997.3567560646336	-5912.878751566569	-9772.585757679062
79000	-402.4559225515029	-394.26017743785593	-386.203081332178	-374.5040549505752	-364.42042867828843	-342.8731388584309	-331.6224568450105	-321.96925917408385	-317.7702319707866	-317.4515385640909	-313.5001506190939	-347.8246359814119	-442.41013706971887	-306.4159080802037	-962.0568543165322	-5834.007217870891	-9690.89913182872
79000	-437.65240688403424	-427.9169476061976	-421.3018501389674	-409.2809426490044	-398.892101704272	-377.33872262518446	-365.2444351432038	-355.29886386846596	-350.57728553120126	-352.23246938268636	-343.3405514227438	-366.6772724943818	-446.8053285717088	-339.9680376367828	-967.3463111432687	-5628.34353819979	-9076.44636183906
79000	-459.41392394345144	-450.51170979810706	-443.45135170412556	-431.7143941915898	-421.73528205886805	-400.7636744025526	-389.0476142018032	-379.543032560523	-376.37628727306753	-374.48774669285643	-372.8507924369039	-410.4994163152886	-512.0623452377665	-359.38816919917394	-1123.0808960095453	-6211.290376503331	-9920.495118176215
79000	-459.5626549133301	-451.45013180843654	-443.5283930839997	-432.2366769957471	-421.03608944936303	-400.5755587734686	-389.7119023523133	-378.58492432742344	-375.00490221928413	-375.1547570167584	-370.7945989947861	-406.6151885845343	-499.7833319353052	-360.2699669420179	-1102.8998068808412	-5923.601971493578	-9581.58864726507
79000	-471.09053526783674	-461.7975244339116	-455.1039465131906	-442.56587319654636	-434.0324550754355	-411.7208659911869	-400.8273157748607	-391.69032122823114	-389.7070482492332	-386.1712464898856	-387.2085327220727	-431.9707711264381	-541.7005695370283	-370.83259146304874	-1192.3485868241467	-6269.888507065068	-10152.999804691219
79000	-426.85778156621456	-418.55797214096225	-411.55217525031327	-399.77019286248174	-389.0662568973778	-368.3706411979	-356.3413519559195	-345.82190123403365	-341.76115468691904	-342.6779686643601	-337.17456655247645	-368.8061077705705	-471.2357732147536	-329.31651911397836	-965.653597615523	-5740.14741875804	-9480.7244605923
79000	-478.7364744194988	-469.90902543687076	-462.8142887027547	-450.1655641548623	-441.49520740127645	-420.0344494040365	-408.2591485573599	-398.6292138558925	-396.09817388561476	-393.5497287281873	-392.8790990750883	-434.7826511766467	-537.5603033162495	-377.75806090238655	-1177.5219947362782	-6152.824227227177	-9957.757248767002
79000	-417.37721802079733	-409.12536455201405	-402.0336872060548	-390.08213494696565	-380.16541146096887	-358.6295510449186	-347.05528408048445	-337.24270283824677	-333.6831161462293	-332.48542792494584	-330.89315715638986	-368.2549199280064	-459.8966830284012	-319.80187686174804	-1004.1831135884327	-6154.6223290573525	-10052.77688153603
79000	-435.84632021080307	-427.16441285036944	-420.34873749481227	-408.85695498155087	-399.25749343995074	-376.2704906176373	-364.4910070489436	-354.887349972958	-350.57133619801346	-351.186362743449	-346.9444503336498	-379.9358167226808	-471.81396219555677	-336.70575925865046	-1065.572812943289	-5786.554244913708	-9397.889511164332
79000	-431.8673506111138	-423.63450700001493	-416.47629297053714	-404.0226418818929	-393.7382924883326	-372.684015705866	-361.3618897781727	-350.34967356461664	-346.96828207106734	-346.8543620490211	-341.5769947056725	-373.74513886082286	-460.96593794503775	-332.4299432040984	-1056.578014406462	-6042.334988660551	-9681.896574706838
79000	-416.54679378107517	-407.99281644721196	-401.3620276800054	-389.54602863933576	-379.4769969207661	-357.7818843519481	-346.7104323767372	-336.1099158119816	-332.9683592510865	-332.28905538048804	-327.78747370565327	-358.7305132861845	-449.61802739363844	-320.70118883068454	-973.0844925039747	-5745.272450136754	-9331.22949611369
79000	-412.2542902342248	-403.90872155927497	-396.7982174910873	-384.0278959633803	-374.70925785838244	-353.05530272312944	-341.11841881990915	-330.6670509575987	-327.1894119049057	-326.5614535562954	-322.23863107803487	-352.5136414813953	-433.5996113890355	-313.02978630804387	-932.5976225381255	-5869.857333538421	-9575.814151223798
79000	-460.79429600814836	-451.7621447981748	-444.238480807789	-432.151802256374	-423.0102627803025	-401.4223691290206	-390.62733587365886	-379.6766531363958	-375.5068441765261	-375.7593524964293	-371.2605048484162	-408.3299194896347	-514.45209192538	-362.45065974997493	-1105.0514984438967	-5915.583591772499	-9560.620651854677
79000	-426.1664001458114	-417.7482454250288	-410.95320970078916	-398.6960244429712	-388.463638587274	-366.4790830400763	-356.2020838052032	-346.635534525757	-341.621936011358	-342.0256815183977	-338.1286538776358	-371.7759855030281	-466.28850735042744	-328.71822138861967	-1016.3307789677975	-5921.048616423402	-9644.00375720598
79000	-438.8767420233066	-430.9541457959116	-423.1951888227432	-411.77554510436266	-401.8097570920089	-379.4934818967806	-367.8742193309236	-358.6804259711621	-354.84805816652556	-354.2990826055176	-351.7815990865251	-387.77645674025223	-486.43108796772214	-339.9016642002418	-1085.688331969198	-5971.383713595001	-9792.223680015706
79000	-422.9879343318227	-414.09685096512334	-406.9181088601368	-394.83874480613474	-384.8840103675261	-363.5458284260448	-351.8920980508804	-341.3086934832267	-337.7351283866067	-337.4589838043247	-334.45329380284437	-369.03908228810855	-468.59942757403496	-327.21640061667097	-991.3385782030615	-5862.345981372005	-9587.337012980852
79000	-401.15530304860675	-392.69292222719946	-385.6687323144433	-373.6104509297901	-363.82679267892286	-341.9839080679897	-329.6976213686323	-319.6043954068906	-316.1752335777205	-316.4327089452756	-311.59043002675446	-344.1268922443706	-431.08237870669467	-303.8830185275624	-963.3956913514934	-5820.989134495918	-9625.897904430201
79000	-429.7616459684071	-420.59498691940195	-414.1808259164597	-402.2916440847566	-392.03458751742573	-370.7137768394868	-359.45874323090334	-349.714099991116	-346.7383444621098	-345.60665076770437	-342.2689193309376	-376.87367919081424	-470.3247409652333	-334.5887081290497	-1019.0307687614206	-5850.293615976196	-9564.43925840377
79000	-430.37774891131994	-421.5762224190713	-414.3212101815415	-401.84592978146213	-393.05968593950143	-370.72291695222714	-358.6289312023578	-348.1907809725731	-344.3076112435593	-345.52970281648913	-338.7701344036655	-367.7333171046401	-456.0279421780171	-330.11725437375964	-1015.4271204251869	-5680.911609579514	-9312.239717012131
79000	-409.36928821982946	-401.1871523522956	-394.43399122151885	-382.2869894374438	-371.46336588801006	-350.6470033843709	-338.8488925154326	-327.91951139832463	-324.9722940612365	-325.2981427888084	-321.00014649527	-355.22348835622165	-453.540979796809	-311.69635459301014	-970.8350235934754	-5883.30967778555	-9670.72218852242
79000	-419.00608601215436	-411.12595268312526	-403.8732357682222	-391.76066970126806	-381.7688863549187	-360.5388633331056	-348.2178218584621	-338.41178721183786	-334.81142564757215	-334.33311054585187	-330.82317620719107	-362.2010973348559	-449.4715534057185	-319.86982936578545	-987.6491308673575	-5966.237516486145	-9661.880085435349
79000	-430.5826728304585	-422.29296143372784	-415.2409333582859	-402.896871304211	-392.69865344977023	-371.8949758699197	-360.1222575009441	-349.5270283095641	-345.7069199714644	-345.0689827564468	-341.86839819426973	-375.7450101789784	-475.33229057984244	-330.9064155769448	-1059.245045596443	-5812.395014412783	-9576.847474622004
79000	-408.77582938128285	-401.22373154150375	-392.967414339493	-381.05825055066293	-371.12236392348984	-349.8639557262691	-337.3524139153722	-326.6375063020297	-323.39228250072233	-323.51172656505867	-317.9373074874379	-346.22117490975603	-424.61344975263137	-308.7716990691318	-926.5811995019687	-5733.4235316890545	-9433.931663831745
79000	-437.22220029184587	-428.4107310344633	-421.14760965701174	-409.6747221006708	-399.7682465739053	-378.1153584139056	-366.0550262303148	-357.11154550396924	-353.44416512501135	-352.3408051898256	-349.71091303212194	-387.68639146481496	-498.71735483372527	-339.49577771433263	-1079.4854755758688	-5968.308112048671	-9668.55491564366
79000	-438.02940110170726	-430.0174644631615	-422.3960375705046	-410.93089946206817	-401.13271586085233	-379.72160812387295	-367.15334362368117	-357.77539190914484	-354.0391321161053	-353.57210922975975	-351.08256677155794	-387.0892446718518	-480.7648606651365	-339.8005111129025	-1087.3412631081135	-6091.385449756569	-9779.97200980018
79000	-425.51368959630554	-416.37678985849647	-409.8954458372629	-397.68226812903947	-387.5372103346149	-366.63141132285284	-354.81369880598044	-344.32426178595506	-341.4021305497734	-340.59488379449255	-335.617699251703	-370.20797215284955	-457.2564497422181	-325.66426105886364	-1004.990794552236	-5968.642269289739	-9722.024122177749
79000	-418.6525197809268	-410.01854949556684	-402.7752283807602	-391.1884798288879	-380.7883566970362	-359.513140840754	-347.33614796982147	-337.0051957127409	-333.43350477725636	-333.43330441916834	-328.27643176233437	-358.93602489442964	-451.10688335676815	-319.68543211514833	-958.8265981581205	-5903.955744906758	-9729.279233820564
79000	-446.8782976804004	-438.68499352655243	-431.9427508816738	-419.6371288359446	-409.6184447423569	-388.82781937667687	-377.36681921842336	-367.1883159420637	-363.9294980633075	-362.6811753960281	-361.30793485534133	-399.8117016941955	-510.01857324477174	-351.49193895865494	-1095.7396402895415	-6136.690130246036	-9758.866111607105
79000	-460.66594221266126	-451.91025865017014	-444.6034105847422	-432.4608943026881	-423.2389337896843	-401.4728617199218	-389.927908347515	-379.4008445017772	-375.7665211071483	-376.71284529438196	-370.2517878770379	-404.33530287028293	-509.38098857898456	-362.5288214859745	-1105.391552111543	-5764.291673009496	-9306.890509446886
79000	-384.70518382518566	-376.051310173132	-369.1283797912592	-356.57374684967806	-346.356431470584	-325.11587365544506	-313.4568943033996	-301.8846749037733	-297.15137890901957	-299.3857266772962	-291.4499701077181	-315.2956482364086	-392.36429120234266	-285.25928883798287	-860.9762988339174	-5629.795157237792	-9245.244201641093
79000	-478.7951760433886	-470.73179235314103	-463.40695494538153	-451.388041015633	-442.2103217457638	-420.542518628469	-409.1736800204027	-399.72188132271197	-396.85337251979934	-394.4760272971956	-392.9597431237467	-435.6036932327466	-546.7115277369284	-381.4910784288201	-1200.1294664343823	-6217.560690559486	-9975.16169896461
79000	-429.8777609658764	-421.48322743044355	-414.1781840577285	-402.9582869817044	-392.97142587328744	-370.93408948611926	-359.32981537747224	-348.00284004063707	-344.0338580346874	-345.1075011330653	-338.3635449827348	-366.6044495201393	-451.98825399864955	-331.56581944902973	-1011.5748205133942	-5800.422536988511	-9386.560017971147
79000	-455.0097131382011	-446.9243477450194	-439.99528299343825	-427.25853644673	-417.7345944252302	-395.7659828137923	-385.587560059032	-375.8674447790826	-371.9103731492269	-371.15436608468036	-369.9013234042331	-412.5613272799863	-528.0346211658111	-358.26400036174834	-1135.9888808811218	-6173.751197897991	-9864.26842074875
79000	-437.8058817034906	-429.15819689462546	-422.17959409299675	-409.7684391579346	-400.3682181611566	-378.8286021628677	-367.4806984905678	-358.10864106924873	-355.33139705895707	-353.1258821945057	-352.27719877729714	-393.98150915807395	-499.70272341777076	-342.49795420086417	-1054.34865832519	-6074.251048701211	-9857.577244418508
79000	-425.3252060020246	-417.3135459106654	-409.02290344605564	-397.4991304139204	-388.19388106148983	-366.920085913995	-355.1303630986262	-345.77558246593065	-342.7633051533974	-341.2007252093228	-339.1858793575625	-380.4060251277201	-485.21331488154374	-326.6548646757669	-1028.574665827227	-5922.072999589488	-9854.46642626706
79000	-442.3471318289959	-433.0862683579882	-426.30097484368565	-414.37695520342595	-404.47672264711537	-383.2940915215991	-371.17621322663746	-361.87763762495615	-358.60520055389605	-357.208844028334	-354.56963211723104	-393.01838277148767	-487.1598222973666	-341.2893553927878	-1081.8169811048435	-6055.5970196658745	-9779.79930674986
79000	-443.0418438504245	-434.5312032963974	-426.9905198379643	-415.49438134402624	-405.74954721709986	-383.6344690667523	-372.0865159093594	-363.766781410077	-361.1833332030781	-358.26411161898886	-358.61845583763954	-403.9808386170281	-503.8001185612776	-343.06127914708037	-1130.2322343373346	-6337.4997694692365	-10282.834017360974
79000	-432.0650165177035	-423.7679117287886	-416.03707997692646	-403.99887899007206	-394.3670419220507	-373.05911536083215	-361.073471630356	-351.46408136052565	-347.3865420786068	-347.10492806844803	-342.9759293132019	-377.99917983926423	-470.1539258014867	-332.74515147324036	-1020.5853354212338	-5975.87761773466	-9745.426075104495
79000	-467.47306781723205	-459.73061126871306	-452.50262771845945	-439.7848619625993	-430.8208150954864	-409.1833564283111	-397.86394454859635	-388.1194554980549	-385.11246061152974	-383.6349911918178	-382.56981843185713	-425.3268598680375	-529.0232158444328	-371.7387528442432	-1158.8005667638026	-6201.222865346931	-9877.69797696663
79000	-440.95020165725896	-432.73087692649074	-425.45676653198933	-414.2285131204062	-403.9329180768455	-382.34992413949146	-370.9179828392976	-359.8766280864072	-355.7125697289677	-356.7732416402513	-351.8611646502917	-383.7489149261887	-487.75103557296694	-345.72505450867027	-1013.3133421365402	-5904.727906335707	-9472.573718506224
79000	-456.37883587594814	-448.9165344112687	-441.0912313915307	-429.0957459408837	-419.4073433673865	-398.14565602294306	-386.6021302461395	-375.77525993343517	-372.1598024761715	-372.3271865106457	-367.84860244310494	-401.4648054173427	-499.82432624648874	-358.07443501433835	-1099.377457742803	-5863.179032142949	-9548.952929430248
79000	-442.23920102516666	-434.38904519511834	-426.94972060240974	-414.7292113510066	-405.48851972538966	-383.37645199007204	-371.38294727294226	-361.65746030463976	-357.879065572495	-358.03062306522986	-353.86753568421324	-387.5596701281103	-478.76401973231174	-342.2280848630093	-1089.7435847353563	-5985.478331332914	-9658.263669125476
79000	-426.77635113622136	-418.0092954616905	-411.42333378371865	-398.37622744252235	-389.0672173508896	-367.4716340356722	-355.78646021015663	-346.44144927368933	-342.8394536624353	-342.10588903152694	-339.627384371317	-374.4587975961932	-468.0619580296206	-327.3479507949323	-1003.9173848353738	-6125.1002467881635	-9932.062078573
79000	-450.98463067033555	-442.58227673150867	-435.79556055214863	-423.2622147001679	-414.1415261416871	-391.779239098406	-381.1463954938327	-371.2909276553463	-367.2018228136713	-366.09299177725785	-362.7488688082758	-398.3639747509787	-500.11414347577505	-352.1370636676176	-1081.1716321056447	-5867.384014234878	-9465.378422199285
79000	-446.00031267836914	-436.71734434456295	-430.30100976816396	-418.2298458712214	-408.53676190094006	-387.59380476633095	-374.911019202257	-364.9725639358253	-360.3050241361645	-360.8403573408046	-354.95986458749707	-387.36702290701345	-499.8550943476119	-347.91018966776124	-1093.7839684634062	-5739.300127744584	-9393.599335132027
79000	-439.9625534679032	-431.2127507099229	-424.00858885516317	-412.2202782084619	-401.84218990052307	-381.0191810453868	-368.8094468404802	-358.1211996428175	-353.45066085100984	-354.2207957540806	-348.02366744735804	-376.8547831214351	-457.3789130038871	-339.27974678924744	-1048.5973174261542	-6012.2547843883485	-9610.121638825609
79000	-424.8500498727087	-416.70490154820385	-409.8070336150352	-397.98689280273845	-388.2270561957864	-366.2486366363308	-354.776143238268	-344.3783714786339	-340.9836883512795	-340.64161348220273	-335.59262327483435	-367.5301732473694	-451.79309840007846	-326.11222698973756	-996.2021502101927	-5731.350507300814	-9440.691891248378
79000	-445.7296250574784	-437.4295842407226	-430.50062931553845	-418.3849711023796	-408.9409915498281	-386.64734776343784	-375.6566295745062	-365.88857599502705	-362.1073038132779	-361.3123298313264	-358.95082491921636	-395.2756293724845	-493.7322365620917	-347.3721679496566	-1073.7135185457432	-6120.479290461001	-9987.00093905807
79000	-417.01005512397035	-408.2146002708807	-401.03821385513976	-388.61681000732403	-379.0068752065436	-357.59896814955084	-345.38599091181914	-334.5196973776924	-330.2171211234131	-331.2687398718119	-323.94195269624197	-349.0383310417384	-428.88033034448466	-316.3633645785609	-960.2207061334354	-5612.924941600314	-9259.293348998133
79000	-474.2777271396746	-466.8393019608542	-460.0262185247953	-447.8352061966866	-438.02984210291464	-416.99958534081287	-405.51312197372516	-396.86609636321595	-392.6728401263718	-392.34363485837605	-390.73224390931784	-433.9931544647739	-548.3849014846164	-378.19365570571046	-1176.8862232119059	-6285.286813651544	-10090.417803735343
79000	-424.5335841253273	-415.5999189408855	-408.0678565080971	-397.17623676983965	-386.8264290645232	-365.0040124691956	-353.1328389717917	-342.97501618498956	-338.9311258918832	-339.6091999189126	-333.43374950857014	-364.1596360040132	-455.1059661823834	-329.15745590661663	-965.6679957596558	-5613.28219647309	-9266.23469718461
79000	-421.7240224599067	-413.7973486588934	-405.7295380621144	-393.90504984283496	-384.6841969139894	-362.76041992122214	-350.6224669453474	-340.07786856224135	-335.5354187741389	-337.22745818438824	-329.2979117788802	-356.09026429620945	-442.8410348279699	-323.261691433335	-971.9744812857417	-5710.962207935981	-9401.5471331073
79000	-473.92306909240494	-466.0791162899595	-459.1850914811999	-447.0770872554832	-437.5214403547167	-415.7338537515546	-405.20077707977646	-396.1419316984298	-392.9703633473072	-390.5516623915443	-390.9149628173477	-436.35441114330035	-547.5721316372855	-382.0550964908314	-1161.3072953373355	-6149.715038817524	-9949.126152533929
79000	-431.50513005990837	-422.5909238291492	-415.8331107715264	-403.7570652198972	-393.9842972620528	-372.1068801012407	-359.8600004624433	-349.86203927516556	-345.34238634416346	-346.6248885904194	-341.0938260905758	-371.9942399500067	-461.22599636041116	-331.9138944951899	-1007.6236076793285	-5785.085378736562	-9364.409574962052
79000	-473.90032905898954	-465.11986916687067	-458.27197167141975	-446.0903840514817	-437.00642834255257	-414.9954758857221	-403.5326319138777	-394.2724515250493	-391.39348365829545	-390.07612175944274	-388.66786761138485	-432.96685637077115	-546.5167953388038	-379.07359258206145	-1208.0990122255137	-6152.164649341151	-10053.00505745422
79000	-439.1391913813184	-431.56295170645757	-424.20213856738286	-412.820052001402	-402.66945624906225	-381.0381143724356	-369.18338435276485	-357.9553089692183	-354.2198085860221	-355.33115676376883	-348.94260489237246	-378.3606198849004	-465.72732775137706	-339.9734609782681	-1040.5438867134455	-5808.4090241889335	-9498.921394344357
79000	-427.2564103932765	-418.3442507490718	-411.52046763224183	-399.3835865882827	-389.6192224808325	-368.39380449578266	-356.5056933890698	-346.6585530496728	-343.04422276162194	-342.3819091617559	-340.0901774919682	-376.81776078705167	-479.99636075725715	-328.23585988064116	-1027.447013088407	-5919.091713924662	-9893.839120413624
79000	-435.9739187051365	-426.7584603305408	-419.6504325396772	-407.44247732732026	-397.907410046714	-376.1142929175678	-364.8893804654342	-355.11530512545136	-352.24565049831654	-350.2440549556828	-348.99870605864027	-386.8043251466692	-477.56989060070674	-335.8983537384495	-1031.1190509559879	-6188.771113840837	-9901.120044642814
79000	-404.5065619996181	-396.261579148659	-388.7724446207465	-376.3889839808231	-366.5777038565269	-344.8294778699694	-332.75614809318483	-322.3476151230175	-317.9439682151251	-319.2319685299581	-312.16429473302406	-338.7389194452272	-424.6939180606459	-305.3035448788462	-926.8835696355635	-5815.641119510672	-9413.890354069688
79000	-434.2783563006768	-425.5928440978893	-418.7401255227541	-406.59116904230905	-396.82236223082595	-375.07682167272304	-363.9276539030117	-354.3616973976177	-351.39325822851646	-349.2078554041751	-348.2464291763088	-389.2733966295916	-491.18714626728655	-334.7830026777902	-1079.0059400467953	-6109.876826276355	-10029.590930342289
79000	-433.7973538615601	-425.3368986696123	-418.47923992620593	-406.0052548234022	-396.8863070096031	-374.4722329265677	-363.35334537812105	-351.7491951165233	-347.68902892463603	-348.3781394764155	-341.8039422493461	-370.3928618407831	-452.50145319574233	-337.1170561915522	-1015.5317367969307	-5745.192964466102	-9287.249346048286
79000	-413.16773583050946	-405.17967619723294	-397.78911431562443	-385.2021457797522	-375.517889941617	-353.91122189410356	-342.0484352904038	-329.9807271188931	-324.9227705539117	-329.0049782050298	-318.28233585988033	-338.84202451051624	-409.38875394220145	-314.0252756469214	-924.343622944356	-5347.405649119669	-9058.373365275544
79000	-429.9490429475714	-421.55161814283997	-414.12017194732124	-401.8771466131865	-392.5025717652017	-370.9784728818788	-359.1969486984299	-348.6603291643263	-344.7505279170914	-345.82880448588645	-340.1850852961443	-369.5320517113591	-464.40866316698964	-332.077851889938	-1003.4913791686448	-5714.653971324542	-9283.253084836724
79000	-448.20631235383195	-439.25920842588664	-433.5752670535176	-420.6749015995416	-410.9381387296243	-389.96861553735476	-377.7918938088216	-366.5905980292272	-362.79993338771845	-363.996259455352	-356.69835088749085	-384.00322068689843	-478.85688281016996	-350.33132212689605	-1040.06894983455	-5673.464734895419	-9183.470414912636
79000	-418.1902570820555	-409.8241877771441	-402.0869127502802	-390.5119090879182	-380.9524542884154	-359.68460751891337	-348.0201827307726	-336.94296816609636	-333.30302302018305	-333.40802063514474	-329.01952816089795	-361.3118582467218	-455.08264999149674	-320.7080402557464	-985.0629314134579	-5888.813249733718	-9606.09682207184
79000	-398.882303422782	-390.30164042271684	-383.08489429853176	-371.0664161661491	-360.96082573278346	-339.5922315581869	-327.50639970258067	-317.1418046087429	-314.1393600566368	-313.7682873021451	-309.12592478194256	-339.27282595940477	-426.8271106681147	-301.1956925478448	-908.4913145027027	-5884.24426154293	-9566.7865455417
79000	-432.44257956020874	-423.4256811600409	-416.8434528445976	-404.74161498418744	-394.8898413228272	-373.7456836647502	-361.3990313845855	-351.2794994664877	-347.76826183922117	-347.4024468254736	-343.13250442668016	-375.7350492388222	-461.7070380983435	-332.1198906174528	-1030.9475902102274	-6028.540293768691	-9774.603079277542
79000	-407.5943870375852	-399.5028854598773	-391.9808003556847	-379.75396134443247	-369.5132214656673	-348.5798996145666	-336.2008810322905	-325.7245991514409	-321.54067228689723	-322.0354982247014	-315.8661809558882	-343.2967470707036	-428.2929418963251	-312.0148311880088	-921.2456430629688	-5544.720446114727	-9182.533350820997
79000	-446.94238912729554	-438.7536180357333	-431.50458337098524	-419.5258418523997	-410.7561739943984	-388.6360861136265	-376.628508998043	-366.53144305020777	-363.70191602569054	-363.22857210533624	-358.55749446020957	-392.5105997836414	-485.358423101728	-348.27560663459474	-1080.0488846826288	-5802.257239296337	-9462.47252582267
79000	-423.9440259820355	-415.1175440423715	-408.39125091642444	-396.06288545953726	-386.43600735010426	-364.1753105168684	-352.8733396168248	-343.0619716668354	-340.435472630759	-337.88491550847345	-338.6444541788845	-377.90247152180007	-471.2292418414473	-322.75049024690765	-1027.776885298309	-6236.547493279962	-10227.94914239905
79000	-409.07202419203225	-400.15795648412177	-392.9687008978506	-380.66154857454774	-371.30466025724775	-350.42063311122587	-337.6921683530887	-328.0742373024441	-324.3377764830837	-324.10189777895073	-321.1735081170081	-356.90825734230555	-448.16117791928406	-309.5993501865322	-969.604889471062	-5920.395504898161	-9805.161277938914
79000	-436.3149917774245	-427.83190981990833	-420.1294898451329	-408.16723980356267	-398.2653728480178	-377.4312034399526	-366.3370525198924	-356.2363226553403	-353.4610088075316	-351.86388353556396	-350.9442009796531	-389.68150386566487	-488.479776800903	-338.00346027310536	-1084.2232808710717	-6094.339202951857	-9924.206475655055
79000	-467.91213310171173	-458.8333912043033	-451.87819649417196	-439.58150753287214	-430.4185343255424	-409.61576527929236	-397.9916945790092	-388.6245451137829	-386.4238244951885	-383.20324391532426	-382.87406813019237	-427.1075559081359	-542.3777371821059	-372.3470618471149	-1152.8626349758265	-6390.913463693994	-10253.769621465197
79000	-447.4804228013127	-438.6405227174513	-431.5212025579755	-419.64563609210563	-409.6829487121443	-388.5258488418141	-376.4451531374259	-366.6714987082162	-362.2246380058111	-361.8329717154277	-357.92491448100606	-392.4544336390218	-482.2436882117229	-346.3768210114953	-1122.9719428046133	-6177.835693873829	-9949.490227785138
79000	-399.03223226497863	-390.78102725617254	-383.6964413256101	-371.3515625700162	-361.3054543749427	-339.7750564822166	-327.85260053991493	-317.35641739161014	-313.68698662628935	-313.7285075290819	-308.86624967517326	-338.86727719866656	-418.3293015738935	-298.6134133409507	-937.630709899962	-5765.488221456434	-9638.15188872851
79000	-436.7259029038462	-428.3435636617304	-421.03085105391364	-409.2516684554728	-398.69787784704374	-378.1452266616945	-366.71062209986127	-356.410944243406	-353.4768019154776	-351.5228675789673	-350.2539250470922	-389.6385947943502	-492.01580425599303	-339.3268684956875	-1065.2052292730125	-6080.07193206397	-9877.965667351556
79000	-410.17953609917805	-401.5318792740775	-394.229774574042	-381.89980420458426	-371.95604858323253	-351.1931383499464	-339.02650371427075	-328.39640885861394	-325.2341773852123	-324.90845688553804	-319.97649312760825	-351.3732174709848	-443.53995429917563	-310.7497497227841	-945.3772512364928	-5948.596565306116	-9612.861915518219
79000	-447.8079937038578	-438.6007309419437	-431.4109122388722	-419.57517383713787	-410.03888745096367	-388.1540073040508	-377.2468976448191	-365.96666225056845	-362.72110915735425	-362.6638015520446	-359.28381552884605	-394.82543779862715	-503.2772120745393	-349.06309941695247	-1073.9351358641723	-5992.526494738106	-9552.686367642355
79000	-453.7785297815241	-445.26258113931067	-438.80243341651345	-426.27287986484885	-417.03387688720943	-395.68561193351354	-384.0595336773236	-374.59549890555826	-371.41463421296544	-369.9529507678495	-367.5462701063774	-406.59567639938314	-510.53915671482315	-357.32596641133745	-1102.8467680088302	-6012.386117178578	-9752.721555773327
79000	-400.65230490993736	-391.85496744772814	-385.00768812293865	-372.99663185452243	-363.552128599771	-341.64528249298564	-329.8736119366921	-319.5779295991402	-316.013861301666	-315.63755405511	-311.7424762638323	-343.72897793678396	-427.6422717264596	-306.0390259787111	-928.8516444339881	-5860.96975477342	-9664.925095073624
79000	-454.38690358677246	-446.7947891109074	-439.7596752380362	-427.38703529831855	-417.84516658840937	-395.8014749995592	-384.21295382125476	-374.7093244749759	-370.53268561589044	-371.2418537486263	-368.04183628244135	-404.03229354557	-508.62137178366737	-359.8405243733176	-1077.6155890147186	-5737.046537937283	-9407.953046048488
79000	-460.44788279023743	-452.4641909736888	-445.1596230982049	-432.96690096718135	-422.9792558188081	-401.60731078145915	-390.2346448711134	-380.53134660259553	-375.4592691254896	-375.6361266474466	-370.7828289020755	-401.82070423589164	-505.45920358830864	-368.09547705851037	-1069.4377164549576	-5699.852824655051	-9196.354597664604
79000	-423.4265480592694	-415.5799441389638	-407.70996320797786	-395.1760406964414	-385.96223016065807	-364.1542845705657	-352.6709541966991	-342.00694497688625	-337.2535319127828	-338.50908832585105	-333.0383017232936	-366.146942477577	-456.6012448185763	-325.33826949525076	-1041.5886569969864	-5745.594139904112	-9477.614091581543
79000	-451.6666851999695	-443.2275826712256	-436.68282791642724	-424.00885419050064	-414.80364980890823	-392.8833080332605	-381.96706127338376	-372.1240494617467	-368.5183433832845	-367.7784344703418	-364.9462263629866	-405.667814949998	-511.09264133919186	-353.7491483354691	-1115.8543567310417	-6043.187155210221	-9849.173805376946
79000	-469.55906378356156	-460.81473668065524	-453.40784536119185	-441.7310312421548	-431.890466782419	-410.48185445173704	-398.80532220741355	-389.16889973112694	-385.05201665106307	-383.61520854739166	-380.3977801805789	-418.0932097743322	-515.0682866209381	-369.43755232892266	-1134.648670340431	-5954.4765710188085	-9632.470444122333
79000	-441.09302166807413	-432.47795567433315	-425.1274194305458	-413.7274596122186	-403.3675972562946	-381.83502063994445	-370.68326887092223	-359.1663751986265	-354.5917846916568	-356.15012675688575	-349.33615757150943	-380.7563840037799	-476.17628188593534	-343.0560721684828	-1039.207396190815	-5675.078766209772	-9287.802477613595
79000	-410.29574972373	-402.2721560645418	-395.1103671284995	-383.078026118376	-372.99934016215605	-351.13169721797806	-339.694146405404	-329.07403815985117	-324.39669049412356	-325.3511653168797	-319.8993325652103	-348.67926404362686	-430.78996643967594	-310.4443065607432	-958.8854218105762	-5807.301004264424	-9539.019530286496
79000	-468.1118738943497	-460.81387375697636	-453.20277952898624	-441.79848007821363	-432.45338864879403	-410.8174775868931	-398.7433537450743	-389.7462218800513	-387.05277049119604	-384.7864513716369	-383.9253604861825	-427.84502940624145	-547.3018642242421	-370.60520025576784	-1185.4072441612907	-6219.924305615266	-10033.937527558384
79000	-456.99897940792266	-448.3477254769942	-441.18913480256134	-429.1984481240563	-419.3960033231558	-398.10194853345814	-386.98214697461407	-376.7129730947316	-373.21236536229856	-372.4398683907411	-370.3385549143027	-409.7121392126241	-516.3292799144293	-358.0952916423062	-1160.8667110932672	-6102.367359086519	-9773.606384050585
79000	-436.85325458037954	-428.833845350332	-421.5523621448023	-409.42746874001955	-399.97017043053546	-377.7481221310656	-366.8631184880557	-356.3704089870808	-354.1251081222653	-352.8701319706674	-350.56802520771754	-390.309533201926	-486.9567830337773	-337.148445242955	-1097.931079869487	-6222.486864160927	-10112.545963071552
79000	-457.3475862195338	-448.3784953718545	-441.1428825056499	-429.1444674223004	-419.6674756969907	-398.5935546986279	-386.5599648180899	-376.7572171074967	-373.31203535713956	-373.02742733157964	-368.3496816494126	-406.5789097180609	-504.5293372068429	-357.21933754245885	-1145.5995525514872	-6075.573917626835	-9723.739536779029
79000	-388.02637538609287	-379.83735586127284	-372.82925056615426	-360.58139191981104	-350.1041530890694	-328.60738811272154	-316.5387575129808	-305.5796372924299	-300.9746311689596	-302.4855620117864	-293.99039466819846	-317.0808149383815	-391.3023396527028	-289.94337157555145	-855.4759636379847	-5471.2789942589125	-9146.481806399195
79000	-424.86090128295626	-416.5734861196181	-409.1621826965249	-397.4508445642755	-387.8645311405895	-365.80190474418544	-353.6758620973519	-345.3356228522299	-340.7126786337893	-339.5291351630539	-338.45049613605454	-378.55362963495867	-483.93258076194223	-325.87433250428387	-1026.610644684499	-6219.1885578021	-10104.919125534494
79000	-432.1460937120525	-424.6570506675753	-416.8678256115648	-404.41308437724433	-395.3912478435013	-373.8493868738407	-361.9739884373337	-351.70622542721657	-347.34172712199637	-347.1601026487068	-342.84538251462186	-375.9533172139258	-463.420934636817	-333.6266919273104	-1052.4100993447912	-5841.42911999403	-9514.179763093198
79000	-443.8222625675723	-436.0608410231475	-428.378994481274	-416.6081641736523	-407.1022295950218	-385.36813103303035	-374.0066802388995	-364.36765339586714	-360.91562889995913	-359.15185130466017	-357.20077650057266	-395.2157678934999	-492.89225249766065	-344.4112096556423	-1089.494980002439	-5991.601923179341	-9605.548238031688
79000	-406.8400313151175	-398.64784729623517	-391.5301062908067	-380.0964520345573	-368.9610937956046	-347.50583894605654	-335.8800205662936	-325.1889855799055	-320.20721029082426	-321.96322715980153	-315.4028472622875	-340.9662492659627	-415.8881972053071	-307.31705574528496	-917.7553879604915	-5703.127352948542	-9316.729651471085
79000	-455.1577757340777	-446.31527056152134	-440.00589337735295	-427.9019140724023	-417.2797692455358	-394.98508864655656	-384.5502121378226	-375.83428309310995	-373.5081327892652	-370.4681065651745	-371.49586617318437	-418.82701712659275	-529.6580614160728	-360.5395133076061	-1097.4895649530577	-6370.414481021267	-10306.141443161674
79000	-449.529531613363	-441.00363818265697	-433.3600690925545	-421.6904249462116	-413.10528053897235	-390.29254609284976	-379.30441603693953	-369.95640259695455	-365.24562535841847	-365.151180836579	-361.86349694317204	-399.4760719245708	-508.65852028136743	-352.47848820192115	-1095.1598811856243	-6090.745658539905	-9844.467744983247
79000	-435.95405368030544	-427.1299332902852	-419.62573442213164	-407.77570671162243	-397.90177266380255	-376.1122721883104	-363.44155524528685	-353.85351372712574	-348.535586066679	-350.59668614479705	-343.14454594978207	-367.4512119042974	-455.3026180144603	-337.61055674771967	-953.6844534268806	-5761.9331248101225	-9393.704625227163
79000	-440.82865541962764	-432.3459192228144	-425.0465311121936	-412.7836119300148	-403.35732491342554	-381.5990697886898	-370.3897500241742	-359.8682009530036	-355.81340693763684	-355.3877862441707	-351.6176521436204	-387.01526926265245	-481.8854061087365	-341.25581808081085	-1064.6847737671915	-5915.653831265916	-9671.342912077394
79000	-414.911698319526	-406.95466702648616	-399.5441880170394	-387.54047733792845	-377.05423439340615	-355.89716552099804	-343.30725212369737	-334.23141239096566	-330.6874466637818	-329.7324526523652	-326.0546620679003	-359.79539690814204	-456.7010454153292	-316.72740330960494	-985.5326969798028	-5952.81790544699	-9814.148344447745
79000	-436.6034611704959	-427.7636625852343	-421.02296158679013	-408.68277062689447	-398.55257575428664	-377.33816231529676	-365.7216982442853	-355.48091896073635	-350.78325553641304	-351.8692452078887	-347.0956963024743	-380.6021635862964	-466.5636794731012	-336.6415530884947	-1030.4960078989752	-6003.546007086809	-9696.750589191315
79000	-405.8207644057701	-397.0491288389328	-389.30944853888064	-377.2106332816247	-368.03797400175665	-346.4495584359855	-334.35051532659344	-325.0220789165152	-321.6414507505899	-320.64533900478256	-318.0995422430462	-354.1023074268597	-441.7429322134549	-305.6859919562168	-964.7475504608001	-6008.506580569429	-9940.864527241152
79000	-452.537287322265	-444.52022115262645	-437.5594132982753	-425.43703246468147	-416.40140861251393	-394.2509536588469	-383.26087587688147	-374.5637123212255	-373.1309694434213	-368.0772687292984	-371.69445514362644	-423.98463019220407	-535.9224642204119	-353.77305498255004	-1179.9929665615302	-6445.732480583719	-10444.402464836932
79000	-437.51489627216245	-429.3313052990676	-421.41095243506646	-409.8707428295253	-400.3465282494634	-378.9649815694606	-366.8065348766722	-357.73308955548487	-355.00565430596083	-352.3483083171394	-351.96583470015065	-392.4978156808509	-495.12957025643965	-339.9077389769095	-1073.007747850492	-5964.769231191618	-9819.213713335186
79000	-442.6522162612102	-434.2189484792495	-426.674946301813	-414.369128085886	-405.28063728859007	-383.22497629792014	-371.32683272663735	-360.9633641074809	-357.074630334042	-358.1256253108405	-351.17984647587497	-382.60894236944256	-468.7735706341291	-343.7386544090634	-1067.4303418470215	-5771.881566614712	-9555.07250151648
79000	-418.8772189901154	-409.88517651819495	-402.76526895932005	-390.47987274895274	-380.7600076128297	-359.2701173205441	-347.5175206106502	-337.1700839891701	-332.80232949370344	-334.33765041407713	-326.4218069377346	-353.1895009915078	-432.2773505483282	-319.11766554478214	-964.6078377824169	-5815.61155083222	-9405.746036683357
79000	-445.5959696512328	-436.2753936733828	-429.1095145051659	-417.9879085005457	-407.6403113267653	-386.09458531747856	-374.67940575023226	-365.6218129073516	-361.32898044608874	-360.7346862925169	-356.1890302151024	-393.1733961030979	-488.4824959896631	-348.54768675981364	-1048.9425290547217	-5945.103339254979	-9519.98598812494
79000	-396.5715475477701	-388.86590229556884	-381.56038481082913	-369.1692091111996	-359.2165740267698	-337.9485658054973	-326.1725209285752	-315.07092906585274	-310.4929566816966	-312.12181259865196	-304.75770398558547	-328.3008427196055	-402.79175864114126	-298.1848340197719	-871.3570459900225	-5621.416804072795	-9256.913453589075
79000	-471.76600402151945	-463.76748707659146	-456.1338004721593	-444.205766966425	-434.0535444192373	-413.44179820292925	-401.3925477273488	-390.65053037607623	-387.324387225116	-387.6997091300332	-381.084254168679	-409.7423687451246	-507.2723751390001	-375.58441038670395	-1113.9620394152203	-5569.835304648609	-9107.44791560181
79000	-428.8487185501445	-420.16986248229284	-412.6749247409834	-400.6661151483977	-391.05595570660836	-369.62527953583833	-357.9827333817406	-346.86295864458293	-342.0971569117057	-343.869354020783	-336.8696226511125	-363.9519719127355	-458.95723121112684	-329.396818400721	-994.928558573501	-5607.594477475791	-9206.584678048492
79000	-423.822853794766	-414.8644274470399	-407.738835386047	-395.12174900848913	-385.9496733792609	-364.6851331545009	-352.32925123158793	-341.77792319215416	-338.6432980545787	-339.1510848689088	-332.8840519069999	-365.2680801346037	-453.98063433800286	-324.6430311958682	-1005.8359596486792	-5814.961163358954	-9458.872087834221
79000	-427.32076296732413	-418.1897380667476	-411.5347178933285	-400.1041422784107	-389.5751279050578	-367.7321261550993	-356.66384245990395	-346.3788778673087	-343.11468153040465	-342.63110620185233	-338.95970304958803	-375.00858720637603	-467.7071087900508	-328.87982699872987	-1021.7525386741053	-6063.760911000684	-9746.745440999828
79000	-440.95869346411314	-431.88011969323463	-424.3890994389238	-412.65054395449863	-403.3483928074118	-381.41250831420416	-369.39274606347675	-359.2954226396023	-355.66132124156036	-354.5830354995701	-350.76947187038604	-384.272552168135	-469.88705676589007	-339.50830237662996	-1074.9099880946303	-6076.290911857978	-9958.224350183338
79000	-449.31018142860836	-440.6321769982307	-433.32083452242756	-420.8107395292718	-411.69679544404016	-390.45713164501007	-378.4817237557789	-368.661662987535	-365.18536587458067	-364.9089947928641	-361.32878445717927	-398.6937890438719	-507.9781657381397	-352.40067242085024	-1078.4957412247886	-5864.780803836441	-9521.204507674393
79000	-424.0789011242096	-415.29634502715766	-408.620657752392	-396.7119736059516	-386.07838558632096	-364.49102500935726	-352.74851520337677	-341.95938676362766	-337.9533446823015	-338.23968117032484	-332.8342288077793	-361.3580689001838	-440.7896255480661	-323.3674611869864	-995.6457747084274	-5974.542747670402	-9610.819319992517
79000	-404.7070705593434	-396.3101253610416	-389.2164721546664	-377.6693680616629	-366.8800562890097	-345.58994059245185	-333.1168336048655	-323.3369513434913	-319.17923573964737	-319.501694071125	-315.4882200617935	-345.77966568283904	-425.6135499765308	-305.5884190180544	-959.405431458214	-5857.4767051697245	-9649.419451214584
79000	-421.29802389461037	-412.1258247673211	-404.8340368481616	-392.7746515211544	-383.3725798155951	-362.3196663121242	-350.7653141459487	-340.9485146588573	-337.8530110925553	-337.103259726823	-333.2896963551584	-369.02907111436593	-471.28969095570903	-325.3093177805349	-979.1517631056917	-5869.465654399538	-9683.436473681593
79000	-440.9864686950162	-432.22247108958754	-424.9660135059227	-413.08915825320446	-403.32345858149364	-381.7956924319898	-369.88569709133657	-359.64653312986223	-355.16982180037115	-355.7024169437675	-351.02497284620745	-381.68606008120025	-468.62106054960486	-340.321500439444	-1045.983856922124	-6058.259455342211	-9771.915470598262
79000	-415.68716943220335	-407.7098205882256	-400.2433588629037	-387.7815681317537	-378.8618738858147	-356.84568407525	-344.77600155894794	-335.73892366400713	-331.78200293438175	-331.0525476562407	-327.75935174901554	-362.3747585526996	-454.29186801003044	-320.554782426132	-973.8378359737177	-6046.641345198207	-9785.03105407387
79000	-436.39508462018273	-427.7665622502689	-421.0798661288721	-408.6328492251906	-399.07322950723625	-376.5052151673297	-365.4228822232311	-356.2091324386035	-353.10279010618876	-351.0754430336037	-350.10989286920545	-388.15173139900935	-481.799550088329	-336.3589747198907	-1058.8235481671725	-6046.287388315808	-9924.954587777102
79000	-460.5675236799971	-451.9705743523026	-444.3423707289791	-432.74810030721994	-423.5050919449365	-401.8571749275343	-391.05922480884004	-382.17265525970527	-378.95262669515773	-376.1384176263277	-376.54556608988895	-423.2998903286152	-541.3493516245671	-362.23105147367096	-1166.7776584845672	-6087.861456071422	-9925.191562535303
79000	-414.31558079464867	-404.98443122297834	-398.2943860136699	-386.12864134448034	-376.1829121406919	-355.08284934872245	-342.53803889792357	-332.18540593376576	-328.3147925280571	-329.06213498908403	-322.0625865926204	-348.9286829537064	-441.91846280724627	-315.553754681872	-927.5201388550133	-5657.041708095341	-9305.748331952167
79000	-461.6368085037188	-453.16544421409327	-445.58669827312696	-434.7506832690201	-424.8902847946656	-402.74365015140637	-391.21413148279873	-381.2609676612036	-377.50820581094837	-377.6809149465246	-374.55725672071515	-414.955114718516	-519.4933219021606	-363.3999023696312	-1124.6635514438556	-6171.745540635993	-9946.254268459988
79000	-403.53871028829747	-395.42603696992757	-389.5087401082588	-376.8436393558958	-366.6178071232356	-345.450904724999	-332.7988039563715	-322.6917671395775	-318.80385486925235	-319.24176038057743	-313.03831088278275	-342.7684132688127	-430.60740497930914	-307.63843971593553	-920.684804347895	-5596.291638348737	-9406.015763327592
79000	-433.04385047513773	-425.165569765398	-417.98933015331005	-405.64299635035536	-396.4206891235534	-375.0477628453029	-363.29117865371757	-354.2789057768679	-350.58265410842586	-348.4325463752041	-348.1388522440389	-389.61621074331964	-494.03343966002984	-333.0880203560419	-1113.193701029812	-6273.720801868025	-10141.606497313545
79000	-446.12021886502237	-437.6139538090132	-429.77349592565116	-418.10367290485203	-408.15701139286	-387.46575357208843	-375.47302995680377	-365.72091908634684	-362.0483232171908	-362.02934295770166	-357.5591814610589	-392.57498582162674	-489.31468739135056	-346.31514901061206	-1068.5073543518204	-6131.847597303793	-9794.00087098296
79000	-407.2139705577268	-398.9473817244103	-391.86525063300945	-379.77642418626294	-370.5041315516988	-348.3580889654551	-336.58501815348814	-326.610040748238	-323.3324761317015	-322.1772477645763	-320.8375285458363	-358.19969023584764	-445.7190673998988	-307.2269547095017	-1002.8221140124705	-6154.872025016824	-10153.511457121303
79000	-425.0818842575381	-416.87662704509	-409.7518731995845	-397.34642754426	-387.91833630882564	-366.42379519994125	-354.22962923666995	-343.35965405293086	-340.37219558103453	-340.79733740045936	-334.78232096897466	-365.7149544901314	-451.57873842927904	-327.4376357401065	-995.1243408450285	-5628.051923338365	-9335.687715385344
79000	-414.0873163398866	-405.93688095891565	-398.9890920797098	-387.1599836917875	-377.56108926373895	-355.3286459405971	-343.4888501565289	-332.5639607409513	-328.3761509277347	-329.89254251424666	-322.6580058605717	-349.53155152732023	-438.9035830343451	-316.0287451809956	-950.6660300933395	-5680.537950258233	-9307.856988731583
79000	-445.8333304275451	-437.35753946995214	-430.1047484664933	-418.1294655329094	-408.3648147024349	-386.45898203789955	-375.9541099881843	-364.575843068464	-361.6843762989621	-360.7210929358689	-357.66875461548545	-392.9514944218337	-495.2281900583801	-346.49947586435934	-1103.040442753789	-6068.423833290544	-9827.724019235793
79000	-437.4830775739092	-429.13770164823615	-421.6511210424333	-409.6863650849847	-399.7231433082774	-378.2173019918825	-366.4877544287859	-356.17470687449986	-352.718010267265	-352.62329597432006	-348.4552191308091	-381.9030395832971	-468.32454041368885	-335.93354329077613	-1074.9013656819552	-6171.596980362926	-9868.12844193456
79000	-456.6737948867097	-448.56294188198433	-440.94315240867223	-429.4060682039949	-419.7098220205006	-397.8698030504468	-386.81412197441705	-376.84680783898864	-374.1337856697388	-372.75362577192936	-370.5129100353976	-411.39982999108156	-508.14038412827114	-357.3434803186463	-1150.3963410973467	-6283.700314253416	-10053.964966445756
79000	-401.87437302126114	-393.42083829674147	-385.92831935181727	-373.6293278579617	-363.9407924000763	-341.75146009748704	-330.9492217175025	-320.47649244227136	-316.23194412705374	-316.2898441260361	-311.36714271876167	-343.18430992861073	-429.194013433574	-304.79139107813637	-957.4056420581317	-5794.062499993727	-9566.815484988389
79000	-461.22685548864297	-453.3645943390698	-445.3986314166993	-435.25689517674186	-424.31731926395634	-403.14480376430964	-391.85626409065577	-382.646281295036	-379.9472108135896	-377.32413549472057	-376.6639953979888	-419.64214651908225	-532.8346801821767	-364.9862247368959	-1132.2373223478555	-6120.084323194559	-9935.581637522708
79000	-497.1125785290785	-489.4655507271165	-482.1348806094157	-470.05349107306574	-460.64640669826065	-440.14284291217086	-428.7584073926353	-419.1646831352268	-417.6490990891693	-413.80991331051365	-416.21992864112354	-469.1464889591928	-599.6878286352357	-402.86110528913093	-1267.3792921984764	-6280.530540876079	-10081.199780100913
79000	-440.0030037685541	-432.1691893936091	-425.1803045075458	-412.9535954988727	-403.865312704027	-381.9794914993231	-370.3541589887447	-360.92931127759897	-356.7789309589869	-356.17864600193656	-352.7487021557004	-389.68384138858227	-498.7892235249224	-346.9998058387595	-1029.1498721318096	-5721.940894844321	-9417.064875548615
79000	-419.0447426136311	-411.09578108931856	-403.34236707956956	-390.94339547412073	-381.29594142080913	-359.7317345963247	-348.23666893841175	-337.72400261471813	-333.81178070599816	-333.7067390967217	-329.9648957389806	-363.0892161165391	-448.94892264721517	-318.1383934596064	-1024.2709807724925	-5901.994962190786	-9722.677273982836
79000	-437.81419491116895	-429.7109644782535	-422.12265637062234	-410.2757164041773	-399.87794980264476	-379.38536513281497	-367.1005796256485	-356.39400927324914	-352.06363946199946	-354.06209513278037	-345.99730218449855	-374.82720224085546	-466.02919472427885	-341.01083031761175	-971.8757517346265	-5689.145623049955	-9305.583048569193
79000	-410.9173271123415	-402.77720677054185	-395.15009123344583	-383.1803143356801	-373.57822921226926	-351.2416323314584	-340.4161416565836	-330.2864724779196	-327.18500970047916	-326.08651200537474	-322.9388065902601	-357.3009957785715	-445.7831457288336	-312.40777200759476	-997.0436512703529	-5952.869813356441	-9761.647510050216
79000	-454.13842933406914	-446.00755923379967	-439.7581691447638	-427.81390406567516	-417.28876832578146	-395.34886185276207	-384.27992332363357	-374.8297646916078	-371.44442211839674	-370.38629483377144	-368.50342176361664	-407.73019253000444	-510.6659163445532	-354.8669863067447	-1155.009166578287	-6087.8618777834245	-9877.585253990383
79000	-456.6383590386987	-447.47682124263895	-440.79505531186516	-428.5992014989397	-419.29064503700783	-398.43744740592825	-385.5036877388652	-375.7919612746779	-372.69089307995085	-371.96234320086506	-368.0224954590311	-401.35070691774223	-505.74044731951244	-359.2483186033118	-1088.8465766317709	-5852.450793079252	-9437.718782911106
79000	-436.9267211404908	-428.6671272197396	-421.55385069610503	-409.4756348573893	-399.78914464935997	-378.1263401430065	-365.7957524398823	-355.937004604103	-350.86855564048483	-352.1265850413137	-345.7002790259348	-375.64636284854504	-462.0130655635328	-338.815312337035	-1029.2436669351302	-5845.156851068677	-9483.512672662806
79000	-418.5396411035368	-409.7840361798108	-402.5082302622415	-390.09701762258624	-380.5996349331953	-358.78164507742355	-347.026406589793	-336.6391119665848	-332.46539394994244	-333.4682183021472	-327.7265434985283	-356.3180153520678	-443.86588584865297	-319.1988575817338	-971.3164266837432	-5953.103449187501	-9810.348350902093
79000	-413.87979473194594	-406.30849710694196	-399.072560582805	-387.0741933183159	-376.91405745595887	-355.35805181980425	-343.9531458716663	-333.16938516331766	-329.02370924781286	-329.6163689165354	-324.37994023651186	-355.7896585314238	-437.9852429439037	-314.6008439499839	-968.1514858125096	-5941.697243087937	-9728.859034930483
79000	-444.3646710890301	-435.2023135463297	-427.869892176866	-416.70461693654863	-406.61208846450785	-385.4714235288564	-373.03857727273544	-362.92205111506354	-360.7238587720766	-359.6185101051957	-357.5093879748206	-395.8791414567411	-500.8616671567068	-345.85406465213276	-1094.678067217487	-6045.022100050466	-9861.963589790592
79000	-395.243480703967	-387.09645401930993	-379.5149463525476	-367.8537144714536	-357.77081417035015	-336.42808140075795	-324.51696014568626	-313.7992634448128	-309.7806077390876	-309.94790559156723	-305.3725519219157	-333.843860280262	-415.1159463260233	-298.83173032206344	-911.3671115385065	-5733.590417566138	-9555.913879932992
79000	-432.80828896152406	-423.22857513950225	-416.3109745099618	-404.5370616703914	-394.6669467631989	-373.2898942422575	-361.6178721073471	-351.53844269414105	-347.4588621452285	-347.229333577737	-343.51084807192444	-375.6070251896013	-465.95748910129885	-332.1502276023418	-1039.959421047554	-5958.422814043919	-9694.452144317891
79000	-439.98424944716777	-431.9913665636439	-424.5054528680707	-412.95052319820365	-402.92526987367626	-381.3436013726254	-369.7829926076857	-359.8818264991623	-355.78511560414154	-356.0758693462739	-351.3542661014851	-385.31955089156656	-478.1829096405039	-341.11125725234245	-1036.4866899262815	-6043.255273334417	-9725.416275614643
79000	-422.0055727598575	-412.36030960104927	-406.08128599441596	-393.62102018676694	-383.96039401092526	-362.54161641870166	-351.279830235538	-342.57346739220463	-339.01383305050183	-336.8550909590669	-335.39635617214213	-373.0933275129761	-473.8982425617643	-331.5931229200166	-1034.0679568412688	-6123.757302928139	-10024.143873689827
79000	-417.36428676050184	-408.3579363259002	-401.5532197475516	-389.70606158498333	-379.33335769857933	-358.7531999152658	-346.0272740637664	-335.8173220264658	-330.80246317512655	-332.23513899303674	-325.6977637442197	-353.59748111591523	-439.99730299529693	-316.21817315198246	-985.6687667138754	-5724.403099066057	-9488.26455614479
79000	-438.15806665527856	-429.90193874135565	-422.41751571365734	-410.4991971519911	-400.6720279061928	-379.54648061516554	-367.1319659685165	-357.1584247814187	-353.86036881308	-353.9957674615115	-350.0274098747522	-387.0378982618331	-477.92865513701776	-342.63904894451247	-1080.1224119645692	-5870.45448524902	-9627.497626724433
79000	-406.1479097187082	-397.7554032169971	-390.54765653006444	-378.6171669810583	-369.0093054165435	-347.1496703413298	-334.70865583153505	-324.4311717077274	-320.02810991598386	-320.70778771144506	-313.9881515297698	-341.0140820622404	-423.8473229240099	-305.61703819349765	-934.9845247367089	-5702.137060669265	-9403.038787067922
79000	-426.1869487883907	-418.0150332846738	-410.9257758028801	-398.85553982616557	-388.65277936749544	-367.1731391570029	-355.856946439785	-345.8271529960498	-341.7089712820192	-342.8895334202745	-335.776008104078	-369.00841379368256	-461.52420365763686	-331.7508164482615	-1004.0179476165637	-5656.624365822938	-9348.454605477242
79000	-419.5983010683197	-411.15484258605835	-404.0003247498915	-392.0827888745299	-382.29539904559095	-360.34058953749843	-349.3906864203904	-338.30022696628913	-335.0390044382631	-334.41900916068283	-330.2511216836578	-361.25404507508796	-458.2743727227369	-321.5109984020662	-990.0032388185707	-5959.965517593484	-9703.075789723898
79000	-466.8949199651046	-458.4742230741076	-451.2898238362273	-439.2774703123256	-429.89789849024476	-407.7977307216938	-397.3663675821988	-388.7435008401693	-385.1161506937888	-383.0208002543919	-382.57003664747424	-425.2626877480204	-542.0325673891872	-371.7278309205551	-1161.316572186695	-5921.236040813189	-9663.292600306697
79000	-427.43487069948947	-419.5397992660226	-412.0809066873979	-400.21305855612013	-390.2716446339841	-368.81595517872154	-356.8637338435645	-347.32444966786824	-342.23341258077807	-342.01729287734304	-338.70518439201766	-372.1003312449383	-458.86668792915174	-327.0583947146494	-1033.530172049317	-6003.180216188347	-9769.042981949888
79000	-417.4398859969437	-408.8519899744722	-401.5785570514424	-389.4618459398379	-379.87906343534314	-358.7565990562083	-347.28731842640696	-336.50811762938207	-333.1186133324789	-332.82774796507636	-329.077756067178	-365.2550595089776	-464.7081156244424	-320.9993773794235	-960.1595768188237	-6017.641294327803	-9819.573782791062
79000	-419.09823113217055	-410.94184521770865	-403.69307713022573	-392.1322700366803	-381.68965218382266	-360.3018113691265	-348.4873661739726	-339.2994044620767	-335.04923885433794	-335.5710411901222	-331.31750931946874	-366.95813999863225	-469.55943492996346	-323.28627785855974	-983.8241549059744	-5854.531686156035	-9634.104371199464
79000	-448.0496694370199	-439.8784760778589	-432.33951610551475	-420.4391382645267	-411.30681034871253	-389.068442749374	-377.73074923580276	-368.5142029004767	-365.7955685681925	-363.8043288394479	-363.39419324795415	-404.88957578006926	-506.6186375068466	-349.89762107957364	-1092.4542467966107	-6195.771187423702	-10013.638383165182
79000	-406.4349564127964	-397.5702053098593	-390.2704196479912	-378.2199465239188	-368.35959688092134	-346.5006094046812	-334.16527335448745	-323.22564738822416	-317.74415930918076	-320.5419503530733	-310.2760702813063	-327.45654103220147	-397.72512346502884	-305.74254277319096	-866.4453516453115	-5379.67100643182	-8931.049285649371
79000	-426.91474931022043	-417.84215704373077	-410.7076234545329	-399.2756841468571	-388.83854637539406	-367.9919648485112	-355.4777667555605	-344.6296176266982	-340.81765228220706	-341.32884171436905	-335.11524121959195	-366.26343572013315	-449.6042116515098	-327.53963822348555	-1022.4634958607584	-5786.506304863045	-9487.8805501397
79000	-417.80068463783977	-409.9226454673006	-402.4419871127107	-390.5311104670608	-380.4665719999073	-359.050611640905	-346.5882396278647	-336.37984411978243	-332.1269332252339	-332.57701588769294	-326.3260426765663	-354.98203503170595	-436.4401529526338	-319.3162626469234	-958.4318741357857	-5968.5837908723715	-9564.976484473433
79000	-441.11993937770285	-432.65901406692467	-425.9574763081179	-413.218099516978	-403.6449971844599	-382.2373367964941	-371.17082074585096	-361.6985449641397	-358.643431583438	-356.89580222704996	-357.0630886687217	-401.49210126377676	-501.00589220896023	-341.9025545311458	-1107.4714606849088	-6435.283190306739	-10377.924298207117
79000	-431.73957308458864	-423.8069316182589	-415.8386751511479	-404.5172049030788	-395.0615087843977	-373.5917283248813	-360.79541135033253	-351.5635124422355	-348.28552691701606	-347.48465283142315	-342.71726300405237	-377.68021918562573	-471.733152253868	-333.84976217884537	-1024.8579680831967	-5917.8039944982465	-9616.06536739184
79000	-416.904753338801	-408.34753509584397	-400.77514922819086	-389.0541889934841	-378.6842119888913	-357.5136600136488	-344.7323278531853	-332.90973765865004	-327.2378366331171	-331.13020293927	-319.2708243668937	-335.08290947366413	-402.29681716326695	-314.98380349591406	-947.4126512991509	-5361.689434246647	-8921.785949147808
79000	-434.28005949997686	-425.9572311220146	-418.48888914054425	-406.9169024571919	-396.81505679691804	-375.3058450670539	-362.9698010586625	-352.0737785284645	-348.6337559239884	-349.21089275246214	-342.6234715094024	-371.5046659662101	-460.0999848473405	-333.75118434625455	-1022.0912339013936	-5718.2778119066525	-9271.827002136424
79000	-418.9145856245211	-410.43838117004645	-403.11252765900093	-391.3870674771939	-381.49232127971305	-360.3360117242747	-348.2995137460772	-337.34310967390445	-333.4121773539281	-334.4777501043807	-327.94298003407897	-355.2105552802772	-439.7459397183937	-322.9027824673381	-935.4479661889679	-5657.901747658834	-9337.232992709665
79000	-437.8509334720564	-429.4885214281434	-422.1704915592823	-409.7600743912618	-400.45708875758055	-378.824718635601	-367.41073182411725	-358.2765971523145	-354.76390203093285	-353.1185265037697	-352.63232693621813	-393.3038972361124	-496.25001365674456	-338.70374069324066	-1124.9884247815826	-6166.498292625877	-10061.365648468978
79000	-435.7310495498743	-427.18620902822937	-420.117019892584	-407.9927470300713	-397.5754758148986	-376.32278742850826	-364.3959624755002	-354.351728835863	-349.9381241072041	-350.66556873963	-344.9043004955055	-376.70199221963645	-466.25318487624594	-336.34127341144045	-1076.642022948732	-5676.81251591372	-9368.98918820423
79000	-446.3976627321176	-437.4863149224242	-430.2512570526149	-418.5320610195748	-408.79106504989534	-386.72371812242676	-374.824169462322	-364.66127426721545	-361.56355852062217	-360.9293505399498	-356.2445190193263	-388.2290037840502	-477.6881639344769	-345.7236987560038	-1105.7618195165053	-5957.760431995168	-9616.269746819018
79000	-411.87564626750174	-402.84668120844964	-396.4764246337999	-384.34978252210396	-374.14762494652865	-352.6997122165252	-340.33002337969555	-331.2102163841529	-326.8400817917351	-326.73360845319434	-324.8071299066844	-360.61825395965724	-450.8447971721699	-311.38032844170397	-998.5333092755606	-5932.92502301012	-9852.031642394615
79000	-426.5761030784134	-417.31647081117165	-410.3903670255856	-398.09404568236255	-389.26864163666795	-367.48834350358777	-355.2267095648165	-344.86612064177115	-340.36662077514836	-341.5055455004288	-335.5764875041199	-366.99061089525134	-455.5714588905086	-328.51718071332175	-986.4037514758678	-5660.171981946567	-9318.34343061966
79000	-511.6268199280916	-503.48062249690986	-496.1330540820704	-485.0611094143152	-474.4879820295532	-454.0360031676393	-442.55970625294464	-434.5519078643662	-430.42930028737106	-428.98349843601994	-428.0158556404861	-473.7967680153918	-599.5771575910359	-417.81872005374674	-1306.159958249961	-6175.3551568506755	-9882.169357887573
79000	-446.64287626869043	-438.2373234539046	-430.5413978063668	-418.92429111419267	-410.14527274125766	-387.5124098319998	-377.1723469405219	-366.8906010003848	-364.7364154480102	-362.06369744231057	-361.5274665834272	-401.7511999588457	-500.7577168941532	-348.77244312072094	-1097.6425403805197	-6075.672344951294	-9684.403143481812
79000	-453.11872155266116	-445.53677050645217	-438.2059085687337	-426.46026319893906	-416.75319827118716	-395.3162209435405	-383.42731257558114	-373.6308460873934	-369.83785914116	-368.89240773052967	-366.9286770917125	-406.3099307622398	-503.7140803719741	-353.012645938404	-1161.6920195372627	-6177.504710420238	-9934.36502445799
79000	-435.3509167111268	-427.1007121626876	-419.90619047640195	-407.67844501334355	-398.9330831638023	-377.1079700910882	-365.4030703517774	-356.0803920711047	-351.8445940668738	-351.0639522338861	-348.06951989566414	-385.6090083390112	-495.3853208440218	-339.34328608541176	-1059.4667336380965	-6044.4939845444615	-9795.427070210122
79000	-452.6097207419059	-444.53027868451017	-437.21274984792495	-424.96702773378354	-415.7047816371478	-393.9016896647151	-382.16331299058857	-372.6246434777448	-368.45218262317854	-367.9847405327944	-365.0784858539545	-401.5000282832252	-495.71613179009677	-354.13128697485257	-1059.679454263836	-5727.758015810604	-9323.286186371746
79000	-426.39979977574075	-417.1458052692645	-410.1453549418372	-398.22098437298723	-388.6807569424807	-366.74487669856535	-355.52415302787125	-346.5538169705362	-342.97284687823293	-340.7867435479312	-341.205234274429	-380.83698200805895	-476.1587178754899	-326.8795761643624	-1039.0221340680237	-6201.971248788022	-10175.987842000866
79000	-424.0236430837032	-415.34491014227586	-408.0982517185682	-395.55561743914166	-386.00171483131203	-364.5894062315751	-352.95710180374755	-343.4747716693348	-339.3837874531001	-337.99531693118985	-335.9280448340468	-374.1895182013059	-477.0222445564757	-324.3670249092093	-1064.8676687520806	-6012.883679257847	-9792.204889719236
79000	-404.18423506833926	-396.1632733857361	-388.82878230351383	-376.23882777324616	-366.63879112316727	-345.5779992343928	-333.5022702278114	-322.35390837158104	-318.1125852167392	-319.76783078097264	-311.327164475022	-336.31399661525757	-420.4655501854225	-305.6795989927308	-913.2877423862673	-5583.5907662272375	-9265.876655692926
79000	-398.02193094857364	-389.110750806565	-381.8314947044075	-370.14416265683644	-360.4152109690523	-338.36299968141685	-327.26501548571747	-316.7556594092092	-311.77439781162036	-313.1072522133266	-307.0238404529924	-335.37689488345853	-421.2310679443763	-299.95420487474655	-930.834872957566	-5784.401955129125	-9538.587876984708
79000	-423.61274441462575	-414.5447045668115	-407.7444582220814	-395.77025151089197	-385.8562819797327	-364.5519042206781	-351.8811172840219	-340.82157130743843	-336.75938449558714	-337.75581489070845	-330.3466211283341	-356.56417804406505	-434.14922774873173	-323.2118253748613	-987.6358607329402	-5856.074959080999	-9427.269502500043
79000	-444.36554058695356	-436.06816495813564	-429.3310142587191	-417.28480611068005	-407.5915195404003	-385.6937776223201	-374.1711967228928	-364.56345096134106	-361.8228952366595	-360.05094913706085	-359.11532734828745	-401.9919589687	-507.84259489218033	-348.86434576390053	-1097.0157840918998	-6258.237413366186	-9987.627883498315
79000	-386.9248963604333	-378.4649853450022	-371.7413900173363	-358.7442520233168	-348.6169052279559	-328.02301027242873	-315.43112208574985	-304.6133622258246	-300.4422078655001	-301.32349276590753	-294.03055009683777	-319.08311826198235	-397.1401760161841	-290.4022000169255	-847.3885800120031	-5517.575200079625	-9280.273374634982
79000	-432.7629087726076	-423.798510968168	-417.50015004802395	-405.02750792324866	-395.80237236526534	-373.92021984678775	-362.30475999169244	-352.2902228989287	-348.9495062544496	-347.8562734396821	-344.6503613202317	-382.0041011902671	-485.2247206032856	-336.37774100320695	-1031.3519446300247	-5954.637831089295	-9627.352566804653
79000	-400.54800564223456	-392.3246943881917	-385.1024070723261	-373.14600945181394	-363.46463845445226	-341.8944568250773	-330.00701157649684	-319.2055925673529	-315.57330213802476	-315.62609642894216	-310.60473966335434	-339.02566052145653	-426.08830498905877	-301.7286240664679	-930.7079438323207	-5740.280878777422	-9374.740041842131
79000	-433.73632748537534	-425.54196052767617	-418.1013504027338	-406.2193166278996	-396.30108162240424	-374.93169571938176	-363.6855297461416	-353.97900762987547	-350.43517540003796	-348.1524203772769	-347.9342553546769	-387.19761758368577	-486.3558249439025	-335.8745844780452	-1073.5396291904583	-5943.2534755621755	-9789.29998240712
79000	-439.3486693133707	-430.6312596496016	-423.56530358313245	-411.1102202575547	-401.91201230600706	-380.3977305018176	-368.1357025149918	-358.1976327100924	-355.0411703064413	-354.84891428399493	-350.2638475265206	-385.0114882424918	-479.96401902866904	-340.17417487091416	-1035.6468104458706	-6014.787320487555	-9732.436126424576
79000	-454.66597331479517	-446.4392873821245	-439.0964402065393	-427.52693870405835	-417.5117518518473	-395.68153510644225	-384.65692864373125	-376.0896944530393	-373.1847266063782	-370.58514058571404	-372.2794314953031	-420.22439188079306	-532.5267674691886	-357.15523451569845	-1182.656557995892	-6349.833182754433	-10304.35196554086
79000	-415.4752050221119	-406.7191401319946	-399.40232747560043	-387.61319364003486	-377.5844982104183	-356.02226841692135	-344.0386224786166	-333.79119204369897	-329.1588533307605	-330.09929438673026	-324.2903296238468	-352.3115103846264	-433.67569407024416	-315.33168267214523	-982.4670742413975	-5872.502403056439	-9589.334120006148
79000	-425.23985656092555	-416.50506065369626	-409.6496416202836	-396.90274118754667	-387.19947971961204	-366.0729728078054	-354.28905567808516	-344.09484121462776	-339.7210810708171	-340.940497152659	-335.9874166581231	-372.2601211075232	-471.1780381457198	-329.72042934219326	-1020.4280745359248	-5961.134372662387	-9785.532368549617
79000	-404.4819001768081	-396.11355496126396	-388.61169179220934	-376.4851472335695	-367.22845533794845	-345.653643444942	-333.9010666222908	-323.9989272139046	-320.6797926977864	-319.3509525270086	-317.1200513142452	-354.2739133811217	-442.8917916211305	-304.7063730008316	-973.4288904489242	-6140.0206701892175	-10094.574358685002
79000	-437.07690196102084	-428.39371500982884	-421.342798405521	-409.7988047908474	-400.0771440645209	-378.0699257627097	-365.9447382443802	-355.5717311289726	-351.847527032423	-352.20610064634593	-346.88707775953645	-377.1608505975388	-461.14120282024857	-337.1457679877	-1007.1852924161332	-5773.329247332172	-9391.857924136266
79000	-421.86796696855225	-413.4114756414626	-406.502287211593	-394.40486000642	-384.3970730942832	-363.1313479981666	-351.4071516408612	-341.39269460980887	-337.5670195443197	-337.22018252045393	-333.37988640263137	-368.01175427445077	-456.9684344037931	-321.74618556539474	-1007.562495909423	-5922.912789015232	-9654.64623446487
79000	-409.9406108249576	-402.14551066975633	-394.6123121662243	-382.66540409110144	-372.6566278189693	-351.2276687381858	-339.434061972279	-329.35149551763055	-326.4429142307267	-325.6452489655905	-322.0758830747807	-359.43112223563685	-445.5102865270128	-310.68654500376994	-1010.0580266043144	-6012.043160481419	-9839.113512530967
79000	-406.91223637893904	-398.54224000152334	-391.2688575509806	-378.9514843836654	-369.6263575516168	-347.5732209671835	-336.2533594668483	-325.1433401887653	-320.8517117006477	-322.10261564343097	-315.2248065201656	-342.02747995907475	-418.3777528896812	-307.71209999553196	-943.0973018670572	-5769.351464991131	-9498.3730912882
79000	-427.25008598448	-418.3520156773896	-411.86009885432776	-398.92117895105196	-390.0633014907201	-368.1476849285383	-356.44413158558825	-346.7248420820338	-342.8804899066916	-343.1869569998252	-338.1213962320203	-370.1928671137584	-463.1155431131489	-330.23509935484606	-1005.8059061808291	-5802.2562383285185	-9552.312019650479
79000	-424.0385324096038	-415.8275952301377	-408.2974522364836	-395.89268642786465	-386.2572642708531	-364.98097268848886	-352.774832321183	-341.96495839742437	-337.2775810349685	-338.7247459743474	-331.7411259694633	-358.61276500670465	-435.30626993723837	-323.36068319508	-1012.7674840864383	-5904.156804976097	-9561.615424344782
79000	-428.7246123765478	-421.1196806902929	-413.8073272633682	-401.3337474794931	-392.1007250876238	-370.0165261884105	-358.2336117933017	-349.02673179439813	-346.133223671022	-344.1105029161262	-343.947454258763	-385.9004556167895	-482.5905150943523	-329.40239071986855	-1064.034057801448	-6294.0201272218155	-10323.460392097944
79000	-492.3488853226845	-484.1060049840977	-476.90316877543324	-465.55185251328635	-455.0903160150086	-434.72416308776246	-423.2183833908038	-412.9634072472083	-409.10698343634266	-408.0131983666093	-406.2337891002455	-448.28877898150415	-556.2661647418817	-394.4396329531102	-1214.473252153901	-6104.677506037411	-9900.03681716605
79000	-435.3089457526654	-426.6397795005567	-419.30617752604593	-407.13030298687966	-398.1138191609567	-375.7979915537711	-365.16464978111634	-355.8864601955034	-352.7993894236089	-350.4948931501457	-349.8885878347838	-392.76367878041424	-495.2488237090203	-339.4777022433027	-1054.9147392372543	-5973.234739398611	-9912.7038031759
79000	-469.09897565588705	-460.083230897095	-453.7765018597865	-440.9373304639746	-431.61789944552675	-409.91677126718196	-398.6655513342985	-389.0255768129111	-385.47495243789484	-384.3742149103459	-380.76101306373545	-417.2776990484429	-511.64177991544153	-369.3880892701354	-1118.47811448809	-6036.048189433966	-9748.155686756132
79000	-430.6115133626008	-422.20985601851424	-414.57441856085387	-403.18869526920105	-393.29563451215455	-370.76387493540113	-359.44880725562615	-349.0885004265419	-344.4876704665323	-345.9025975048327	-338.33783482433284	-367.83412049710165	-456.085493467345	-332.17605417408123	-998.8252361992915	-5767.253242426209	-9360.164125634441
79000	-435.04351303160286	-426.4949470720627	-418.97950605820773	-406.67837773288284	-397.4570384852581	-376.11660365731143	-364.48245174479104	-354.27674401743815	-351.00582271266165	-349.9067116545872	-347.3490068106	-384.349270728221	-475.43288561525804	-334.97048271125254	-1037.6508664603805	-6190.928731240051	-10062.466490335395
79000	-404.9608400877211	-397.48566459648634	-389.7760725057495	-376.9231366327514	-368.1174839847766	-346.2057536517706	-333.9780444344804	-323.25688150508415	-318.3917490772701	-319.89702674782006	-312.17837810006074	-336.6135298943997	-412.5965725923029	-305.5350222431403	-931.7592588981893	-5541.873125797969	-9226.772704218643
79000	-473.71421937487	-464.7970592880728	-456.9560206389015	-445.57779442945946	-436.55204842826356	-414.5005777686656	-403.8956088118691	-393.95473205496427	-390.3044180728351	-388.9223870261032	-387.07368927988983	-428.31768807077333	-530.6640867238461	-376.0685646398876	-1182.6581309982082	-6118.001305396892	-9827.934177172952
79000	-385.59049658621626	-376.8310961277615	-369.1313713749893	-356.79153172791825	-347.58926086172295	-325.73749125145576	-313.8378758741869	-303.20299767285786	-298.7575766869839	-299.5051903281487	-293.59636375708857	-320.8153292479285	-394.8008838420268	-285.7010191033853	-868.4981351664965	-5763.413725059068	-9563.59025366995
79000	-431.18166926008286	-422.7281675934577	-415.78913659405833	-403.02769523813686	-393.1486243031078	-372.1888417125648	-359.6884769325501	-348.8987941428973	-344.79076729152627	-346.32514420086426	-338.95861684736406	-366.7223970918806	-453.0138874888133	-333.45174014450146	-985.1739807688791	-5590.326776454175	-9201.164987950053
79000	-438.30093774519344	-429.33944558129707	-422.1013663536083	-410.37821601638086	-400.8258651431347	-378.5552604182013	-367.347777705337	-357.81285775111866	-352.36295378400945	-353.217110029094	-348.6293675817336	-385.1351955687462	-487.32995529303145	-339.84675482740397	-1043.2739127903376	-6173.690044529202	-9885.520379031965
79000	-445.2076305556818	-437.0442409323034	-429.7184336767161	-417.65994858526085	-408.5431931087312	-386.00395688373754	-374.30770400416645	-365.1298976446487	-361.2074873888363	-360.34992851684007	-357.88720918534966	-396.8509898595157	-500.97312961972244	-346.607374411443	-1100.528273996268	-5947.1390222659	-9723.94134461141
79000	-446.7020787723546	-439.15569525189915	-432.34213307644217	-419.472152840405	-410.0457752484186	-388.2171521670347	-377.52608521518863	-368.8596298962306	-365.24898575979745	-362.6408361467598	-364.0486418755097	-408.5925962312154	-510.84188629776605	-347.96663783519057	-1157.3044776214983	-6344.123817988687	-10283.216222690507
79000	-449.5916593115144	-441.3239590037058	-433.66994923833107	-421.6948265580362	-412.29712684305133	-390.58276775128263	-378.78418831957975	-369.6034623398203	-365.5836083890369	-365.0018144064213	-361.66420366275224	-397.7750575167561	-493.3648119552708	-349.85459359021814	-1097.680840604322	-5919.368315019089	-9581.340377909006
79000	-454.06491381536847	-445.4742558361074	-438.45639047198887	-426.7457017501681	-416.75539532730824	-395.00099082921554	-384.0693406436919	-375.22966767929086	-372.65264029127536	-368.6005155325094	-371.7900179748819	-422.1252969210705	-532.6854211631938	-356.73466309000304	-1176.333621731088	-6633.9949143285185	-10630.720375095529
79000	-420.1897024378483	-411.75687085719545	-404.75652467130027	-392.25771519725515	-382.8893097667791	-361.36086066593174	-349.3632221956121	-339.58326933861713	-333.7479251190277	-335.83767018699024	-329.4862172882481	-359.6611225140847	-453.9450790781921	-325.9745986926887	-942.0907070903967	-5897.686893781881	-9559.080097414373
79000	-428.70292470869185	-420.2424422555324	-412.6534970680869	-400.7757236681541	-391.03270200180833	-369.12539829536917	-358.0552756542844	-346.9874753247174	-343.5988439522212	-343.2378430742193	-338.24546225960955	-368.32984201014943	-456.74418434194683	-329.2163651474156	-1022.1045630802082	-5832.489070197018	-9509.731465714425
79000	-456.44001312833507	-448.6159320221129	-440.5896975401068	-428.74727915986387	-419.57175728955633	-397.85026944057097	-386.72986997053886	-377.208939261538	-373.8317429413152	-372.4218482373571	-370.86282495400485	-413.2189212835622	-514.3495933616382	-361.9395929387885	-1105.3213455290222	-5979.102978729853	-9868.335749593763
79000	-429.64498110714015	-422.12815165415253	-414.5422081454653	-401.8983220323371	-391.97899022501883	-370.7354294944723	-358.68812503940853	-349.5806727231979	-346.18925689966835	-344.64011873948056	-343.60819836145413	-384.00356431345796	-477.17694211324635	-329.7700614189238	-1062.3408317590602	-6017.509918986941	-9998.969815801778
79000	-404.11456771896286	-395.4061325170794	-388.5975840918465	-376.4489902473847	-366.10272976096974	-344.6383733994592	-332.6802189766066	-322.8982120785762	-319.33697075195744	-318.69741058077216	-314.71860507585876	-348.643671218426	-442.7599598801195	-304.920666618752	-972.2195821095091	-5976.80933175322	-9821.027685555566
79000	-409.79091474349576	-402.0684912939826	-394.69902120191676	-382.091075946842	-371.8868956092239	-350.7031003611437	-339.60800077221165	-327.64403349443575	-324.36325917029507	-325.2575640919165	-317.9502059660714	-344.0031280280004	-425.44300743121113	-311.1462215735035	-944.5613274465755	-5769.517630201923	-9422.675769455376
79000	-412.22480515928237	-403.6555067126373	-396.09169000572905	-384.8453287583865	-375.15900129250946	-352.26887738222814	-341.58610476168934	-331.79222588790606	-329.21791207930596	-327.4720661618964	-327.13665866793224	-367.0081263971341	-462.59358287588344	-313.1276561420214	-998.0059913822996	-6313.773778790146	-10195.769765670104
79000	-427.6462855973486	-419.4827964757916	-412.1779546025825	-400.43580764583555	-391.0547013739015	-369.5192877903461	-357.8556976494904	-347.6387904923118	-344.93764967615215	-343.3782932785354	-340.81541759682955	-378.0457060953394	-479.6366289690457	-334.17903037873646	-1024.95218252942	-6051.250913273726	-9904.853548926003
79000	-416.1068265618864	-407.58987899272694	-400.1207379619206	-388.23971254626645	-378.3075663300329	-356.5673893722094	-344.75370798415264	-335.0568690236572	-330.85697445603734	-330.78152731167705	-326.6631878057751	-357.9714407754508	-446.10100433174983	-319.55910231515537	-959.3434105785541	-5949.252152016313	-9700.825009443677
79000	-408.02801270786216	-399.55001563894206	-391.74458312308633	-379.9890636246263	-370.37156014568126	-348.77848863271385	-336.45712712152175	-326.94132742051136	-322.8518902254763	-322.92889506989064	-318.0365689039347	-347.4061182483605	-435.8497379506183	-308.25496826818244	-986.417590840527	-5923.020389148189	-9864.79452881353
79000	-483.7296227540977	-474.9063090032899	-467.38537343983495	-456.29200241962997	-446.5796120360856	-424.26706607489837	-413.7739260147688	-403.29784844019537	-399.7181202715176	-399.25654428561216	-396.00069067904053	-434.181890695039	-529.3073977348491	-382.13566658056794	-1217.43574741731	-6445.112881050022	-10037.407237927411
79000	-464.0738688526744	-455.86661843937134	-448.4356206208436	-437.12786976966675	-427.4527492480843	-405.6629236268386	-393.83523677844823	-385.3905241937083	-383.3404268753231	-380.6008442699164	-380.4454057342953	-427.70118457294217	-538.3627298000627	-366.5443460536198	-1189.4783422378798	-6297.6700096624045	-10120.118013456979
79000	-406.79008416830754	-398.4552838783335	-391.28337594372437	-379.357919365308	-368.96147775331906	-348.0341026899204	-335.7423688397011	-325.54006457875994	-322.13388018633646	-321.651463467785	-317.2624102448745	-349.8581505189313	-434.4804835331171	-306.79361856256963	-989.5381651294279	-6063.5018619532875	-9815.65455158344
79000	-444.55050002248095	-436.76382106513904	-429.59481031222	-418.08684756494426	-407.87338256837	-385.9115821221924	-375.08099570156133	-366.4630136415636	-362.78832864100883	-360.5728840824049	-360.334757645288	-403.9868611718884	-500.50876921959474	-346.5395746413334	-1107.2063326877142	-6240.084672601524	-10104.830927605699
79000	-450.56849134378706	-441.8492153679748	-434.02229276588633	-422.7970374922712	-412.70430099471633	-391.0541276456574	-379.37240746877126	-369.39266176499194	-365.6469740403428	-365.0131772232686	-360.45668418897253	-395.4052451392905	-488.07432299577624	-349.9949502761047	-1081.529811582134	-5903.7175188823685	-9606.491402732901
79000	-428.29823370430825	-419.7967900613521	-412.4844714166739	-400.62814667879445	-390.603515916305	-369.40256205521683	-357.53092615866865	-347.1966413515207	-343.4843755402302	-343.75958895595613	-339.94713587566144	-373.4754279948848	-462.04562756409854	-327.8044303093918	-1041.6539355581294	-6069.850238320712	-9800.026456689558
79000	-463.05042552666805	-454.47978001949804	-447.4876727054962	-434.79417057321893	-424.79314415807096	-403.33708555027715	-391.30695119112573	-381.27503140853554	-378.0306586185056	-378.33775163821696	-373.2809795748686	-404.75220838168974	-498.9876741722523	-364.42002757954793	-1076.2008835263719	-5797.951047857514	-9568.831558328382
79000	-415.33696846146603	-407.06754055957555	-400.093174935195	-387.98100871732277	-378.0995169175976	-356.9275711723439	-345.4438789957254	-334.765632469695	-330.6377572711247	-331.1119088052912	-325.216315004672	-355.41281734202204	-445.4633094267065	-317.3260234844219	-975.3858420602497	-5741.075127541838	-9450.773713384235
79000	-422.96630551214315	-414.47783784021453	-407.1146333933153	-395.425531662112	-385.63836870942964	-363.1049559047972	-351.3698294345078	-341.21743746409754	-336.3663339285059	-338.0242911721565	-329.9487564736519	-357.2562047534945	-439.6368630762441	-323.59761491620594	-951.9689321884887	-5721.902250913483	-9287.730548226671
79000	-444.75582058476306	-435.38706036939783	-428.6467383577819	-416.5844080358853	-406.19071797086815	-385.20149716587065	-374.364268992344	-363.5402027962098	-359.8475279559982	-359.7465194453737	-356.7398885505831	-392.8744721859125	-485.0406175187259	-345.4124737382466	-1101.8830732987055	-6113.331089915373	-9871.835286738466
79000	-464.0304783722535	-455.09133351164155	-448.67925701306575	-437.06350857985433	-426.85084728669887	-405.12153073310907	-394.5472706321356	-383.8007184350655	-379.9807429618112	-380.93826189270777	-376.03501724968726	-410.9516493803762	-518.5321939141386	-366.8070690181867	-1115.9299229810435	-5944.71269022765	-9530.215470876476
79000	-448.74689647823595	-440.58733885655664	-432.63883352936483	-420.5853416765915	-411.2358352135533	-389.3115196894062	-378.64572942295393	-367.86494325059624	-365.31901982484777	-364.1961464705011	-361.89550639969866	-403.02395359564923	-507.91455314791693	-350.86133513950557	-1079.4761126323474	-5949.69129787227	-9729.918809648369
79000	-451.9063163543393	-443.81317434998135	-435.7907755306181	-424.1402804124808	-414.9990579100093	-393.66399815139573	-381.92733016951155	-372.6862327014322	-370.20871245587466	-367.0826632874559	-366.2987141428379	-408.15770131805687	-515.2760383844865	-356.2276867568956	-1127.3580520189435	-6271.520130196521	-10142.820987386205
79000	-417.2540963835938	-408.3911560349232	-401.6972702782122	-388.6960999542946	-378.83272713196004	-357.24417222327577	-345.93166026366026	-334.77936301733257	-330.2155451878548	-331.51459451268045	-324.05479446831913	-349.1114364407733	-424.19783164905397	-316.4412846327854	-943.5634475965514	-5665.168237717965	-9308.736360438708
79000	-417.3368214585417	-408.0472395807598	-401.3712025507321	-389.4106290662661	-379.5551200022502	-357.92487987094717	-345.8938862060537	-336.399833158706	-332.3552859188333	-332.45344099473544	-328.5940257730113	-362.40831404101823	-456.452105014678	-318.21733177219494	-989.1897919417349	-5961.991046930534	-9713.092074490272
79000	-429.73423434815095	-422.45752457627015	-414.9552809170381	-401.9135670562015	-392.66433702542463	-370.77546742621337	-359.37996935949	-349.7272437852958	-345.9634695806145	-345.4198225379238	-342.40381841182943	-377.7996314410703	-467.8895880509232	-332.65086897155214	-1051.1467130858907	-6178.789069405887	-9874.206559623448
79000	-472.7867707216026	-465.4583417134762	-457.78811810121107	-445.73222813360906	-435.936815243799	-414.8446214631142	-403.28999862780574	-394.68503962626136	-390.4747489718565	-388.6177253549288	-388.18841568211116	-430.758490959933	-541.029494164893	-375.6083388640441	-1165.2742405502497	-6144.2435480585955	-9848.29161039397
79000	-463.9419712100756	-455.76209229066603	-449.4599089388434	-436.4054539323664	-427.13812698146785	-405.6780487801847	-393.70162050247035	-384.038224701629	-380.60298904560165	-380.0653206362859	-377.97027738895184	-418.97470508893406	-521.1432214886721	-369.1244684129385	-1167.9761436934011	-6074.341037417803	-9765.77296395502
79000	-459.5856778671762	-451.5496064268235	-443.8604280225239	-431.6945453944696	-422.4978701715088	-400.5479490040659	-389.0030835811873	-379.2820716559309	-375.26593805822284	-374.73694061468376	-372.4385963052757	-409.1829968951821	-513.8057390236919	-363.1581735739044	-1107.1947850038732	-6104.959502851205	-9880.067395339122
79000	-424.9275700507977	-416.14018213231316	-408.98319821939293	-397.31202527168546	-386.7377567514598	-366.39773445779247	-353.8996681223451	-343.408571414514	-340.4558455996332	-339.78807239170783	-335.9332595513902	-371.6063977073681	-466.5019336792474	-326.58071326820294	-1016.0573816658733	-5962.175095736376	-9669.990462845442
79000	-395.9360086129725	-387.6226397168953	-380.1907098343144	-368.31350206692105	-357.66313030371964	-336.53162882550765	-324.5928694956628	-313.6306113731717	-309.6151488400137	-310.4158344064624	-304.1128207947213	-330.19011977023075	-406.35370056205727	-295.2828135066431	-917.5825550758952	-5869.5663297191295	-9561.960564878482
79000	-430.7203215119805	-421.95482146580974	-414.41571675141864	-402.9104960257604	-392.5873297414069	-371.49128956238167	-359.2393778886623	-348.0853995005676	-344.01319637456476	-346.32539536913333	-337.6812442539705	-361.98187997725245	-448.31865857505215	-334.3034669050288	-986.3620949086011	-5614.017415672991	-9203.186750914263
79000	-475.48253317275027	-466.7109818712473	-460.24021869010375	-447.9654319676208	-438.1905727714406	-416.6152594182584	-405.8528285022127	-396.2273368515473	-394.23492095098254	-390.96673042651213	-390.49481092692696	-438.1777509740393	-552.210799839081	-376.4615526474475	-1213.2210518180527	-6201.962072596624	-9964.67355353962
79000	-434.8444899080669	-425.97712719335306	-419.32889408798366	-407.21451515743786	-397.3408533953109	-375.6824978343649	-364.57076104377484	-352.96314257897467	-348.9247030856199	-349.728470868768	-344.31621624359155	-374.6683350230957	-457.64174874203314	-335.2813363666219	-1020.911765751039	-5821.261706368996	-9502.067592894853
79000	-408.8134543996863	-400.85561335583856	-393.4049986903513	-381.050383506462	-371.21405408309596	-349.2895814204146	-337.15157931711525	-326.88368703027504	-321.92381202564326	-323.12038819811806	-316.02957499571886	-340.87198387381153	-414.21633249499837	-308.3798866314362	-954.6419153742784	-5695.890985275462	-9356.90921611718
79000	-419.9499484700037	-411.5622644146909	-403.74300795673724	-392.0531908906195	-383.22025621091285	-361.4880647204679	-350.1154493090327	-339.7106508370472	-336.73829270586646	-334.9868751720641	-333.80573626923524	-372.76749024455967	-475.2430053168823	-322.8776013819816	-1019.0069540917369	-5940.391003993603	-9910.399439029305
79000	-407.2933801351396	-398.44809355696106	-391.9213960247268	-379.218844158705	-368.63260693030827	-347.740056499447	-336.0078531582833	-324.99769201240747	-320.6659373100669	-322.1647998407138	-314.41050928533133	-339.00742578016735	-424.79590226024396	-310.1779401358011	-918.5916365468728	-5718.971765272815	-9204.832688195087
79000	-429.8521251357951	-420.9077022726357	-414.0084437407157	-401.65400096621624	-392.13571024465443	-371.1768400647748	-358.93290355283773	-348.9066350442482	-345.7228143104379	-344.7909937571143	-341.49921690750557	-375.6352498007928	-467.51379683044286	-332.76509726475416	-1048.4218722624012	-5974.878204256575	-9648.05579490237
79000	-411.59560140393677	-403.16578987677485	-395.6269297038852	-383.4243338294053	-373.53280769984286	-352.4216874589618	-340.50887715984976	-329.2483963824292	-323.8794726979978	-326.6064932125675	-317.99676435877706	-339.2520045910632	-417.600801477284	-313.4164166293139	-892.8693776208048	-5376.564029476986	-8866.281056694108
79000	-463.3193502994871	-455.6866565445205	-448.6514690946504	-436.1607519613317	-426.2536083310806	-404.62640215510726	-393.95848529871444	-384.0797428116193	-380.94676312426265	-378.5577827971465	-377.65515262399236	-418.6959109352205	-530.4794576468744	-365.85891305645305	-1124.7562053077127	-6074.074281571256	-9860.622752646846
79000	-442.00771897559747	-434.16087983352014	-427.04600295558345	-415.2401247091025	-404.92869805938096	-383.16717181725477	-372.2756131333854	-361.3570295426377	-356.05744147050234	-357.8823743751896	-347.9737288019759	-373.58316152171415	-453.06973320144414	-344.638411618554	-984.0147379614949	-5593.751671395117	-9100.446770779516
79000	-421.182023144926	-412.9017125870926	-405.232957703683	-393.21718999098243	-383.9013039536823	-362.31656597704824	-350.5063954068776	-340.1227565257097	-336.37697944542754	-336.44365923551436	-332.34040577976543	-366.2067493779822	-462.67627989281823	-324.52201969641266	-965.392788562023	-5626.117409896984	-9392.42568926903
79000	-446.54021505912334	-437.8816122561268	-430.79216863932544	-418.5292753835622	-409.12555601675405	-387.16809026791015	-375.6217330618263	-366.643365656334	-362.23537403310877	-361.7121539935763	-357.84957537251375	-393.3398689352759	-484.59379519016596	-346.11417724593207	-1085.7715562848928	-6081.0930351229	-9874.358280151764
79000	-443.908580933818	-435.62158111318735	-428.31100970854544	-416.04155902699995	-406.4250595844087	-385.4075697958656	-374.0376932844583	-363.6059449899193	-359.9316203667033	-359.73700244511724	-355.0478693101964	-390.3760404313815	-485.64299173429436	-346.42581479031656	-1079.1804693378945	-5974.316522211525	-9596.663840753452
79000	-399.697831788638	-391.4383906089193	-384.53667805251115	-371.96362868763674	-362.15800824844223	-340.94618090106354	-328.31106152749413	-317.3844770163959	-313.10561726333407	-314.6789262646004	-307.44244227304034	-331.14061227562115	-403.46217598158654	-300.4822629507357	-891.9072696512161	-5651.609659629323	-9307.302351411978
79000	-431.89829163872025	-422.87937082495193	-416.35975235099846	-403.86476333592043	-393.41766568887994	-372.4173422004374	-360.60095910456494	-350.0754274866188	-346.67012239193923	-346.9812301853557	-342.31819371202806	-375.7210268751159	-471.59746109232333	-333.63224465793354	-991.7290229011462	-6106.379566629708	-9752.853227226564
79000	-421.4299479442692	-413.33772134997093	-405.5445486398632	-393.2336832160321	-383.7440428679931	-361.85042742067753	-349.720147186092	-338.45387050428604	-333.7629973579862	-336.2627992006851	-326.63044492349604	-348.90936340705775	-424.9822432836622	-321.4790833797786	-938.5941582291748	-5597.782314790508	-9150.915294657627
79000	-411.5804652710017	-403.43494194087776	-396.9235845447325	-384.23500591900336	-373.66983990598226	-353.1241821109348	-341.0027319273181	-330.01198060551593	-324.9200950070381	-327.30543177442604	-319.070997361294	-345.48566438571265	-431.5382015978056	-323.8249863382444	-924.0639015168881	-5584.757890314472	-9260.057017833173
79000	-441.36610678258234	-433.5956460255153	-426.4487141934838	-414.68797234595115	-404.8687291648482	-383.1935431436815	-371.7814843099084	-362.41247486039526	-358.99608779043143	-357.6031722442605	-355.54506517852775	-394.403499598037	-497.2751978703251	-343.501281753613	-1088.5787112966823	-6001.3507700384425	-9704.475030847992
79000	-429.7253224030245	-421.9300734025674	-414.6503628257206	-402.41361141112463	-392.77297580649605	-371.7261123804279	-359.05367443337826	-349.9264213425485	-345.5684345553855	-345.2209410561145	-342.4622831699332	-379.3821088500448	-485.74222003648396	-332.8312888169219	-1019.2757540827337	-6028.096210969879	-9794.342783444825
79000	-435.4906401090056	-427.3686739656182	-419.4539472308301	-407.21906958934255	-398.77265158862247	-376.3113963908299	-364.82471626533095	-355.1764358846778	-351.68035343153934	-349.7990494803307	-348.87563130742393	-388.97001150321114	-487.40946792925683	-337.1336860940229	-1075.9810441912523	-6033.114831105457	-9888.540504561139
79000	-437.4140920387585	-429.0442512835895	-421.93373493982364	-410.0894019080404	-399.86027271870046	-377.654026049511	-366.5877814514819	-357.9842219034044	-355.7718861436465	-352.53608882590163	-353.45731865605865	-398.291388365016	-496.34712502082385	-336.725991948717	-1116.180069728384	-6565.708214261165	-10564.352925952133
79000	-478.8085876710616	-470.33920112076254	-463.7251642731391	-451.1285798644178	-442.0845994059011	-421.0878772370719	-409.63217086120653	-399.1155718602	-394.98006283186004	-395.2023480057868	-390.5477823552419	-427.86391487250137	-532.1003101561698	-380.5732922231224	-1153.6471036294154	-6187.410997191548	-9886.162102962868
79000	-440.97429483793354	-432.6256198748022	-425.25104196594526	-413.13654030363386	-404.0825490206725	-382.13616500073215	-370.50207466852964	-361.2534491644095	-357.24553627570737	-356.61341954831767	-353.65007471827334	-390.3593344911311	-494.7719889485396	-343.1365073425326	-1051.7371381992841	-5943.177126452384	-9655.047680472939
79000	-420.24699067674607	-411.23873601724836	-404.27351190498763	-392.27756059464946	-382.6591073861215	-360.7858157723934	-350.0843072715307	-339.25506105272774	-335.2462385393572	-334.64324874517837	-330.87824566884785	-365.1685173000943	-461.2206100554984	-321.12589334415554	-1022.4067577222423	-5943.012719313048	-9661.692874664011
79000	-482.8841290223725	-474.22460453573143	-467.22718880505926	-455.9345007744032	-445.4142747070507	-424.7378388661261	-412.7338278241881	-403.7785026333319	-401.7056570420819	-399.21195641550185	-400.6145191070488	-448.67408823721325	-562.4490620914348	-382.694011386699	-1255.708158712863	-6343.691744143091	-10291.284924228565
79000	-433.68023054301716	-425.7672170801951	-418.89475921732475	-407.04498018027743	-397.1427149074596	-375.37811198125854	-363.9579540807034	-354.6164754460505	-351.46685484473494	-349.59529706769587	-349.72726827084625	-390.1387795794426	-494.7429948512077	-335.92863406356344	-1047.49958370495	-6365.5034696206785	-10125.848500621945
79000	-452.7476964372789	-444.389909786158	-438.2142300147863	-425.54334728617494	-416.29093558264157	-394.45314832151536	-382.6073904795865	-372.3697116302111	-370.0182756582506	-368.5311601935592	-365.5252473706138	-404.9367991895877	-503.00510542301714	-353.89424140197616	-1129.2735693918637	-6125.859294794557	-9884.478864154715
79000	-435.8826351636064	-427.6070037761258	-420.0429879458939	-408.098463551661	-398.55708758551896	-376.82300439540256	-365.8840115203609	-356.1625820013461	-353.35462106666745	-351.68097478609616	-350.3935635316607	-392.8983888598873	-492.57953913683457	-336.3662250749185	-1100.707898090648	-6362.628179593056	-10185.67324541279
79000	-437.056205010517	-428.87178216144594	-421.24206539201447	-409.70780142485694	-400.2744400252897	-378.0023179675763	-366.1803696775639	-357.36289857608085	-352.8850106973392	-352.03915241926876	-349.8065615352934	-387.3324871891678	-482.199096087115	-337.9778572731375	-1088.6404967484698	-6165.458429010572	-10055.238889853379
79000	-426.35637999972	-418.3855784184808	-411.053268305528	-398.5349172562014	-389.4801071249493	-368.33624073276474	-355.77886837910245	-345.0474374986715	-340.87620936383325	-341.29013506752244	-335.8835858411153	-365.3955346184218	-452.4187597517833	-327.6314442564335	-966.7747530253732	-5919.13305856796	-9503.868803568279
79000	-438.7370295729048	-430.2953912401219	-423.42637110966604	-411.08439716092255	-401.2477653964916	-379.2479658048808	-368.0379635235092	-359.17100092150974	-355.86661702662485	-353.61087151990347	-353.2932698763792	-393.5522438291369	-493.0360932229657	-343.96332654653185	-1047.8122910604147	-6215.128978330362	-9977.16657378562
79000	-408.89302686995757	-400.316154709699	-393.7373022418962	-381.32875365002405	-371.77781279033246	-349.91685812477164	-338.02363060051294	-328.6191396736267	-324.0571858975395	-323.6851199078062	-318.98874205478495	-350.16858830286	-437.20875189161444	-311.51279299346663	-946.0820209824358	-5710.79396504999	-9483.687460314868
79000	-456.76743811265806	-447.5578253458403	-440.69589311394674	-428.1698854174683	-418.80299047010004	-396.8923921522565	-385.99767810836516	-376.69474545455677	-373.5584443959332	-371.7332223290423	-371.6390686516779	-415.2710831744691	-522.5578466973511	-358.06781354058825	-1125.0093199132561	-6451.910226295839	-10214.816613890496
79000	-420.35545203340115	-411.92405799961887	-404.6978424578294	-392.63150610956484	-383.01980049384275	-361.5140338334028	-349.4602360770723	-339.18542173448776	-334.98179034971935	-335.8199521239987	-331.01373737938235	-365.6777468325354	-453.4002868662711	-321.230004799603	-1011.7956437715621	-5892.896841435599	-9684.822900947254
79000	-433.02831335062484	-424.44513868247776	-417.3343650048012	-404.72754409514334	-394.8230203273658	-373.6908301921156	-362.0495523614413	-351.7648593154966	-347.82337455663003	-347.6246776253484	-343.3219068645801	-376.5167861940267	-467.4876675039841	-333.24498078329907	-1036.3492638921948	-5979.7650570362985	-9793.040922333805
79000	-429.3859786927589	-421.3168740330547	-414.0870425225956	-402.0310914116865	-392.0220387252704	-371.9012442205219	-359.6759507608745	-349.4689397578268	-345.2426768420097	-345.2483944594379	-340.0854084616248	-371.4257842340487	-462.5082874434614	-331.69696271880264	-1005.6057895902381	-5762.439517477558	-9470.012122079048
79000	-424.82141238267667	-416.16874343048374	-409.13625208219975	-397.1528239265076	-387.50399211373764	-365.8814873360628	-354.43579894105716	-343.3457131527628	-339.9895113230359	-339.8013013602097	-336.4492798130698	-371.3857398317	-460.23990306346644	-324.63102451415574	-1030.726309170255	-6065.490597788239	-9888.810454476908
79000	-455.99421390898266	-447.567439237187	-441.4421169626102	-428.34991350092605	-417.98777871022537	-397.1002244952341	-385.393167189019	-375.9577022901346	-371.68949531093295	-371.3983087157801	-368.25023821070386	-403.66486544979557	-504.2045462079353	-356.38518084636155	-1134.416451311338	-6004.408372334758	-9697.178842546578
79000	-432.7019297256317	-424.05137365221583	-416.7606651650605	-404.67975264408676	-394.9257238519468	-374.27458645515344	-361.1622996034753	-351.1246264213664	-345.8285453694516	-347.4289352155616	-340.62045313596815	-367.32299728435976	-455.44156155517464	-333.29978118164587	-974.4346106987115	-5641.100419693496	-9408.121403209827
79000	-450.8345191545736	-442.2487511615455	-434.69512060089795	-423.4658379454215	-414.32644396817983	-391.98592568321476	-381.1030163562111	-373.0111278377782	-369.3746391043639	-367.64060444833126	-368.3229173117677	-418.7746342557713	-536.7916480713783	-355.29151457931016	-1130.088805954902	-6404.754509813074	-10397.001345144612
79000	-429.50156625264304	-421.4027133068096	-413.19193150136	-401.75341489542916	-391.8395718579589	-370.28788179820344	-359.21480713339923	-349.66809586273274	-346.55757355674774	-344.7341028379473	-344.7386971281172	-387.3868736430039	-484.9713324057251	-331.2243319162786	-1054.3232152317407	-6284.864464881271	-10183.391665918278
79000	-431.58828648649546	-423.68409291823275	-416.07985689383435	-404.43244769956436	-393.91671558710794	-372.74539620214097	-361.3141776512916	-350.4446647396124	-346.0503940111676	-346.4032831461375	-341.72523737078393	-374.4500985522809	-463.6084904204691	-331.54676848366097	-1042.6905930056525	-5838.723627364515	-9589.47137422214
79000	-459.60024789293163	-451.47554147826884	-444.23718430448224	-431.78825440101866	-422.39983291419884	-401.0656443956785	-388.63206010128056	-378.9902826200611	-374.56687192701764	-375.79234646191117	-368.722564753299	-399.6935408508433	-487.15094167724686	-361.1978211856089	-1071.5326100950067	-5706.707836189947	-9311.462140352358
79000	-441.7244664600473	-432.85180435221974	-425.9901444512282	-414.4140268809133	-404.09903129008217	-383.24246772358515	-371.5438667393806	-361.0514044108125	-357.5067833194633	-357.3735332239933	-352.8804513263406	-390.69957960535646	-486.9712671337168	-344.399243303275	-1055.6472484892718	-5878.724343925958	-9545.65482279903
79000	-464.0265705984937	-455.916051912383	-448.2264723713793	-436.3142113422525	-427.04955386315186	-405.4035925115268	-394.5228466920827	-383.5772493815871	-379.6696830894409	-379.47183113513404	-375.7089927040003	-410.7466589324517	-502.20612644923284	-363.47902061191445	-1122.1030666376207	-6159.273895000218	-9833.72063263266
79000	-448.3831525795219	-439.3839537215414	-433.1094245227852	-421.04793493201055	-411.3021942385985	-388.37436392740443	-378.1748069107907	-368.3549343139656	-363.88857668443	-364.0638434860184	-360.6209779443139	-394.46652925492805	-493.5676371347473	-351.9206394088779	-1078.3189128353467	-6063.7266238653665	-9762.480380701476
79000	-427.27699528703903	-418.89584341534686	-411.4578795459336	-399.8252136811483	-389.60321679001197	-368.27289782359435	-356.5316456300285	-347.6344866023624	-344.17967248183083	-342.68405121415157	-341.94416453874845	-382.50406511047396	-478.8344383599999	-329.519634772817	-1024.888699289308	-6081.638451692914	-9929.714113078824
79000	-441.48210483299147	-432.68335006344967	-424.93076299958005	-413.6618361743184	-404.28939995391397	-382.6438146724202	-370.50183474332556	-360.3276261884493	-356.660831805741	-356.790469922563	-351.41800829671683	-383.6751080537164	-472.4157364945545	-341.7382336799707	-1067.0673462247987	-5932.346928159726	-9587.824736888146
79000	-415.7578182184107	-408.01283530085203	-400.6685577047006	-388.34521267618913	-378.76281982251885	-357.01146842803604	-345.0668869784707	-334.6377867280088	-330.08102464998416	-330.90355950604174	-325.3770689867751	-353.6588904406176	-438.6777845434545	-317.5382707696292	-971.8084646709805	-5853.854776951949	-9616.307070269291
79000	-431.2612767384613	-422.099230786859	-415.1909224096667	-403.0989496084105	-393.94002876345957	-371.6801632994704	-360.23917041207625	-351.1348525923552	-347.9043258202118	-345.80487691000536	-344.1238989585139	-382.938593756238	-478.3158650662142	-330.9099345633884	-1052.2546380447518	-6076.608201873796	-9909.726154455007
79000	-446.8299398521851	-438.7460461602133	-430.8471304375999	-419.24343235414176	-409.66360731027544	-388.3369884094859	-376.4674413563127	-366.7064948249887	-361.52174952351515	-361.8968829794863	-358.01596481039456	-391.66667828092955	-484.1494411169039	-347.4857509373541	-1097.2312989445888	-5931.934459560365	-9603.09525396733
79000	-390.13768057077044	-381.21740900514914	-373.8742285974087	-361.6886763425756	-351.50014519097516	-330.09820289299654	-317.3106303749755	-307.149657692134	-302.80563005612805	-304.4164569373848	-295.63405314350166	-318.21839941776676	-390.8055743333418	-290.3389637073599	-848.0842802526162	-5449.377757721527	-9138.159710455731
79000	-479.0165918988561	-470.2711417215963	-463.32617341774693	-451.49686293694936	-441.4015919986922	-419.799025120383	-408.3318387201603	-398.3301568843766	-394.71034500625325	-394.26399698539126	-389.75329979002987	-426.8704437986258	-525.185010634888	-377.87293694888353	-1200.5230307929792	-5971.745333448622	-9649.026825586256
79000	-460.1575027299152	-452.26366246176036	-445.7188424968645	-433.20403997888843	-422.62967907107026	-401.98011871928975	-389.748094600951	-381.16851382073304	-377.6451996556232	-375.5004207004627	-374.06635473354453	-412.26329875345186	-515.1886976400186	-361.62194898682884	-1134.9747572067186	-6230.57263661202	-10053.716041876001
79000	-393.88677716490207	-385.70682239501144	-378.16118749279684	-366.02277019541714	-356.0756993029025	-335.01558340837227	-322.63166101395166	-312.09638237820633	-307.7027391850586	-308.58782142492834	-301.98906191534786	-328.5567040935642	-411.075171360195	-294.2605680456249	-919.5492213082483	-5868.737206393184	-9541.138580786766
79000	-415.697865183631	-406.885474644381	-399.51701185257156	-387.7330730252137	-378.1281761421836	-356.7373755767778	-344.4357815782878	-334.1088519402505	-330.6366338610175	-330.6440264673127	-325.9034633554909	-357.75638426209406	-450.5708573483233	-316.32092918265766	-975.8658990909513	-5761.164885124198	-9455.741875125415
79000	-432.56748918645974	-424.33020173698964	-416.77867453810546	-404.1968318465873	-394.5523950124794	-373.49977743855817	-361.47987022969454	-351.220673799474	-347.36331572100573	-347.4383114888795	-341.74936441758297	-374.6769873455964	-468.48891410511527	-335.2050981900447	-1008.1963482035882	-5801.524114713578	-9465.760677961622
79000	-432.8722331415427	-424.1669423338106	-417.55835692335387	-406.5954020253407	-395.8922611878214	-373.85826377727375	-362.82626426137347	-353.0523031962372	-349.7735347181258	-348.22386015590433	-346.9306161254218	-383.9583411177104	-492.4973804894433	-335.83896598733725	-1041.251332845645	-6148.07073517443	-9903.839446345544
79000	-459.89471074835967	-451.343591243013	-444.64756539405283	-432.0844890078315	-422.8104654996792	-401.7565101216249	-389.53223076367834	-380.5435280153042	-378.1995488502758	-375.3924625655846	-374.9747507015981	-417.65755607258615	-531.3611306561455	-363.30511483752105	-1186.88235702103	-6222.678282823691	-10069.19575087983
79000	-445.09483347224835	-436.534388388148	-428.8248709686182	-416.6467715446114	-407.75188340432885	-385.8134973996102	-374.5865318343238	-365.3485113668927	-362.24080779680077	-360.4578238320831	-361.4614220549922	-404.1959325653884	-502.59408086686165	-343.9151733501689	-1141.129872842252	-6386.342313589257	-10344.968478812541
79000	-439.9094071344523	-430.8577158796858	-423.9989200846971	-411.9446427366091	-402.0807541700287	-380.60144674266957	-369.88014135129055	-359.3356187963348	-354.8838906117886	-354.6795510255796	-349.88211171085686	-382.0901433371066	-482.5875633163195	-342.9761497638089	-1056.024414562687	-5776.830070627011	-9372.370698905585
79000	-418.07301150761094	-409.62939732205416	-402.3227803932128	-389.9359826776782	-380.01967423675165	-358.8909165493983	-347.00812790824165	-336.7036125366259	-332.9613348933237	-332.84065954363075	-327.3575445738443	-360.3094150748721	-443.12390111466215	-319.92397690014843	-985.6559504284993	-6055.34323919743	-9757.57161899299
79000	-421.0173253388524	-413.1906384575426	-405.9582561336619	-393.67578785804164	-382.9380568844971	-362.5199748997845	-350.1949425031465	-338.2155733426381	-333.8535780464454	-336.42487108030065	-325.9083497939584	-344.28064946518117	-422.49226771036643	-332.03518967252745	-883.5564949672818	-5434.402495582523	-8905.116292616794
79000	-446.99463418538636	-438.1564827490661	-431.6336581969401	-419.45673672260284	-409.8967726154384	-387.7929263883702	-375.71853595089414	-367.68859411991224	-363.6767469102311	-362.72654332969427	-360.5581509497167	-403.9613246076526	-506.80725885119153	-348.0210866073938	-1114.9128362937563	-6257.926211646303	-10027.326688530533
79000	-421.55806477863337	-412.6447892170678	-404.76749301483807	-393.4013558699121	-383.1432732791698	-361.6944059127371	-350.1525932792708	-338.9748456255318	-334.02983001814954	-336.609151182644	-327.97551357441614	-355.018624275166	-442.5493101649644	-322.532018931598	-978.5575771734915	-5662.005369341919	-9213.58456944947
79000	-400.0756018777476	-392.10093211991517	-385.1414744259411	-372.67733997753896	-362.9881465001482	-341.255309128837	-330.10830262013417	-320.620003661371	-316.1922445721798	-315.5592829524628	-313.13426367513244	-349.7635894559894	-443.58370746802683	-305.21744902051665	-951.0086068311397	-6107.909129237644	-9939.812481625333
79000	-432.7556186459252	-423.836818025996	-416.7844464311109	-404.4808132681063	-394.4909508237771	-373.7292011175225	-361.8387774337625	-352.1831347195622	-348.59907530363677	-348.0213783391102	-343.65225314838665	-378.08401823542096	-474.0122623655524	-333.3775133942975	-1021.9491533835345	-5927.144408396947	-9637.79641718248
79000	-414.1656490563695	-406.2892667401959	-399.0852689838121	-387.0548259116565	-376.85502953987964	-355.5203093391246	-343.59629113800753	-332.85577280800504	-329.596725872477	-328.9957629502983	-326.00841814586533	-359.8087612788398	-451.66523686311166	-314.883183808186	-993.3894949319733	-6087.893806945797	-9803.381998958032
79000	-431.88536282461246	-423.31072987270727	-416.3675237573386	-404.70935092549723	-394.97039756862114	-373.0376082459122	-361.3443818084671	-351.69241640206394	-347.33228691808586	-346.93218903007596	-342.846042515109	-379.01577241875833	-472.3492062719148	-333.15672128313673	-1045.0226660509127	-5993.277483056292	-9823.819330788347
79000	-421.2317861977905	-413.46645578721274	-405.72540266366406	-394.0750181710547	-384.480694318965	-362.41594253012147	-350.59193703092274	-341.518154484384	-337.23352761887514	-336.70255609086456	-333.2197306830452	-369.69014621937947	-460.8233115043445	-323.63760372350896	-1004.4628789249514	-5841.592410336803	-9641.149824485557
79000	-427.0279996738066	-418.9448828937962	-411.88833523481316	-399.91906872045615	-389.3949043347164	-368.0603865901553	-357.429659930674	-347.3488935840949	-345.3488896918887	-342.328696388954	-342.8014553768094	-386.95146947784673	-493.3904445199959	-329.39615149718736	-1040.6749264474936	-6248.172908473617	-10166.106887406591
79000	-477.19187047598456	-469.02783418462326	-461.6470887900595	-449.63159374576264	-439.92552034677783	-418.31679541672685	-407.29722168522784	-399.1117135378321	-395.6030576095214	-392.30567538195197	-393.83121379418066	-440.37880683628	-549.5653076546831	-377.36483979983825	-1232.1419454247175	-6426.560478153716	-10256.67074251612
79000	-443.7166067141978	-435.3873456149594	-428.93699679090156	-416.09476135330215	-406.93932315751204	-384.8686805447317	-373.54989388972047	-364.5816517660139	-361.60225856056394	-359.6865171218152	-358.10295179688796	-398.1041722051008	-496.26328112306965	-345.9880195438852	-1085.080256634853	-6079.693466991607	-9856.97473496173
79000	-429.21251409967806	-420.41735374050444	-413.6340987344358	-401.94344604360435	-391.99389380795674	-370.1420833069586	-359.7373343120266	-350.10898383631456	-348.1399434433701	-344.21695836879917	-345.932464811328	-393.40842072861517	-501.34688428267515	-331.6235786027587	-1071.1564501504529	-6534.073001962058	-10510.929433041967
79000	-456.63559973379773	-448.52229162961714	-441.6708706012832	-428.874190627856	-420.13609148431766	-398.7198206916644	-386.57359462114295	-378.0232698419568	-374.55734495707907	-372.90196272877296	-372.29586565932	-415.2567158148335	-520.6136482947868	-358.74358619631766	-1136.564947157378	-6254.688432536209	-10154.76595890469
79000	-444.9108402263967	-436.4890906950157	-429.9764395407106	-417.15971481325903	-406.9218060391948	-386.1948922154435	-374.4127230772937	-364.115955575732	-359.6867208095515	-360.9123885217879	-353.68373393171777	-383.60663395951116	-479.1988367699849	-347.60881851916963	-1049.29540158491	-5706.800755104983	-9363.408369497818
79000	-419.07609752204854	-409.9568969017025	-403.2162304010354	-390.8438701959517	-381.20356670539314	-359.51983807196433	-347.9748316609192	-336.6696796917212	-332.1944396707402	-333.8087028197951	-324.82199093247823	-351.8213208930837	-428.60772430983627	-319.46668547022057	-964.6488500426293	-5658.26397311583	-9299.986564567136
79000	-444.3086211199786	-436.2847373296354	-429.0016123439023	-417.10994606485565	-407.1444003906027	-385.69596469522753	-374.5329989659102	-365.2483986481984	-362.64433655185906	-360.41810740889815	-360.2251853584336	-404.6312108194581	-512.7104956014408	-346.8274914084106	-1122.8540082586214	-6208.7067603607065	-10155.41388645876
79000	-471.72960116289073	-463.17169971015574	-456.31277076486055	-444.4210464814064	-434.66340249098295	-413.2309060413517	-401.7834767942788	-392.8764729649717	-390.304380434691	-387.83630062209517	-387.5136314454431	-433.2232136857194	-554.9779980507798	-373.9258605766057	-1201.179942612714	-6300.869401975754	-9995.358236592521
79000	-430.1884560810319	-422.12455258216625	-414.71324525443555	-403.51741167788214	-392.99447467265645	-371.22601720698714	-359.5681106458881	-349.7589270716131	-344.63512341844597	-346.2360612693937	-339.71332528953246	-368.6527939565205	-460.9161998641908	-332.0056400357269	-991.6100480957058	-5631.382643606509	-9199.522034484453
79000	-465.86059467208975	-457.4112510584026	-450.407859149524	-438.30031708934064	-429.7945108805995	-407.47744454970905	-396.27569545501217	-387.65200690999734	-383.84670520601395	-382.3857976952539	-381.04266413803026	-422.2782407790691	-529.8009472454376	-369.4126382826572	-1155.6676872087382	-6282.126847172842	-10053.595903168383
79000	-441.6103864150067	-432.9462426134773	-426.2611575602769	-413.99956715658107	-404.5621115380835	-382.9739753801358	-370.743209971449	-360.53422377072417	-356.8970423734097	-357.34770891910205	-351.36740645400596	-382.418674784913	-481.4376591168511	-343.93173956593563	-1013.6344092911943	-5945.137259285769	-9597.239550691722
79000	-496.94026889634273	-487.8556116713168	-481.2859556684659	-469.6768763333429	-459.8151120740583	-437.8756303516608	-427.1597888226755	-419.04368058823746	-414.8016887713486	-412.47442828111036	-412.84962948987584	-458.43104752006894	-572.9117314569564	-399.06451763040945	-1242.58560382321	-6385.8137699073	-10032.91340980803
79000	-423.6560659809857	-415.2957180769182	-408.0870058143991	-395.83345912679647	-386.4738538888874	-364.6434762179826	-352.3221145677401	-342.7293233329122	-337.94197720215664	-338.2240366073572	-332.9903730367852	-363.27920822819505	-447.90554990722075	-322.9567838376538	-1030.3938772328602	-5766.67268112793	-9514.803325708232
79000	-465.2233599226627	-457.2425369975267	-449.73041429753295	-438.75826232604766	-428.3942746074116	-407.52642369157445	-395.42066233018994	-386.0451645997049	-383.17403819932247	-382.78135022815695	-380.2394543641284	-422.61568735088935	-548.9473483291716	-371.5374665414066	-1110.8039658708522	-5977.727728784703	-9743.55108598966
79000	-439.2467042382469	-431.3178571078807	-423.45888221780893	-411.92512496982124	-402.41503577530335	-379.87083256697	-369.40418978419484	-360.95396454619475	-358.633425200187	-354.9565405340717	-359.8572997714011	-412.8034007090761	-530.9428821593702	-342.4227729528528	-1140.096760352548	-6651.624809405679	-10814.491104879815
79000	-446.1251485054036	-437.33796677503	-430.29018485593116	-417.67840022914015	-407.88989884712424	-386.7747010522049	-374.6336525107041	-364.49707747054094	-361.9328286248043	-360.57265701984403	-357.45377364448944	-392.97608041736333	-489.50141413914884	-345.2720445930585	-1076.3667822454493	-6021.4382418210635	-9785.64433430483
79000	-460.21426350664507	-452.2852243757145	-446.131084099729	-433.5186949446389	-423.40892236213324	-401.934093078561	-390.0556727476498	-380.7111727821324	-378.97645885180435	-376.74369854085603	-375.0387868769782	-416.66596612355164	-515.9918063323744	-362.9043417831066	-1121.8824111983513	-6062.283305261267	-9927.649077116834
79000	-416.43932215063893	-408.65394794219714	-401.33525276949246	-389.1877653362577	-379.3955608737216	-357.7512318540356	-345.2974094038165	-334.2023568799529	-329.22505972549135	-331.9180578432554	-322.72573358260223	-343.94013287971813	-423.13486123636125	-316.97833464266705	-942.7050714439217	-5438.2170513014535	-8931.784233801753
79000	-439.96746126437245	-431.89171585021916	-424.39625616802317	-411.92488670200134	-402.6573490089007	-381.72242458323996	-369.84806232657513	-359.8493191031051	-355.60806327432056	-355.4968973658868	-351.241619004198	-385.60215982933573	-483.5363962557769	-349.70437054070817	-1069.9684349572478	-5888.552498925709	-9640.090516867545
79000	-437.4578911734138	-428.1739550778579	-421.2850518432454	-408.8982050851131	-400.03903432965785	-378.5670794968449	-366.22012161587054	-355.87862687164306	-352.6675542140824	-352.60786520663333	-348.10241132228	-382.0586545387649	-476.2346571268757	-338.10461734532373	-1043.3314813256013	-5954.555702806891	-9706.448287515483
79000	-422.98812763780336	-414.70938666462644	-406.87313751425853	-395.4719759482866	-385.3951368779996	-363.8419046609836	-351.54665638442805	-341.7088470718008	-337.40513640195906	-337.6204144257713	-330.66881255453205	-358.01819341996367	-439.0550177422813	-322.132825717517	-1011.9672902522022	-5672.879461845131	-9370.34864736844
79000	-421.7410153332638	-413.3503712912403	-406.73573110671094	-394.312135091413	-384.39464128737575	-362.9634038818115	-351.4018375850904	-341.0579174038132	-337.85215127805185	-337.1467364603604	-334.7015931526201	-371.7039481158303	-463.5794467799047	-324.12427050659113	-1027.0113242923107	-6048.8482832826985	-9833.627555952993
79000	-442.4759822824743	-434.14002258357164	-426.6555757017688	-415.34072627486455	-405.2257072141963	-383.21135093072587	-373.2441435671822	-362.6170416301199	-359.1779484647325	-357.83089198567205	-354.83397708154075	-394.7200225927087	-499.92673745326124	-345.9458337951381	-1059.9031832324931	-6085.457691142079	-9890.933499400067
79000	-444.9946213577117	-436.05336742986435	-429.3427727735612	-417.5420006014199	-407.06799127335466	-385.61474712009147	-373.90953708323985	-363.90385270878005	-359.98850150480257	-359.9533931242835	-355.85383193429755	-390.41797176515166	-482.10547884195654	-344.36795860526854	-1103.9140853971974	-6081.820678119798	-9844.725434294067
79000	-463.5664657185162	-454.31733367009366	-447.82840238525154	-435.4654445332395	-426.28546798372645	-405.16373988100196	-393.1612024250408	-383.751344787579	-379.4426217123548	-379.0842107596227	-375.5757460436008	-412.12428724014933	-519.3482365012036	-364.7972689444776	-1148.4230070329195	-6139.551358124371	-9833.170893283143
79000	-418.9540459198265	-411.08154620763645	-403.3229112525615	-391.6310609600239	-381.5358528510497	-360.8916786918545	-349.0289568192399	-339.37687257879816	-335.8107105112921	-334.9868055553129	-333.5648781826646	-374.1540181805794	-484.3463380055533	-321.8508155037635	-1038.1888099969824	-6046.602556192306	-9883.292402977284
79000	-458.9620425109612	-450.2962964824105	-442.5755306386864	-432.1924601920658	-421.2639825041742	-400.0132649718953	-388.8646788813068	-379.2798470515561	-376.20299031011155	-373.9136395164807	-372.3733962029515	-414.24867112883106	-514.7994753469683	-359.6545026115924	-1130.7410566461826	-6183.130052014825	-9816.711030756382
79000	-432.45594291129896	-424.52536552229617	-416.8711348454006	-405.12774547049935	-395.2526454679722	-373.6617953715503	-361.83054057513897	-351.67751653473573	-347.6310835114666	-348.547026220508	-343.21217119022197	-372.74781562856714	-469.2402001658935	-335.9053666756438	-1039.4245206158075	-5913.590919560518	-9671.13278809736
79000	-421.12024327913645	-413.36201636562157	-405.894491453057	-393.6817554975911	-384.25980680171153	-362.45637008086277	-350.8462494831711	-340.6904941260915	-337.70718865157926	-336.75228905525466	-334.3603090863309	-372.6199039422797	-463.96536405883546	-321.7351509473323	-1022.6015679208878	-6012.894626647889	-10023.295368653284
79000	-379.35907694480983	-370.7680709462906	-363.7070772802526	-351.3628494209107	-341.2217838613135	-319.9011101658476	-307.47481516120064	-296.40325483216617	-292.1098162973966	-293.33696283604843	-286.47045691803004	-308.83282240109463	-378.90623435692885	-279.1754230912845	-843.8732404213615	-5652.836774811822	-9480.707288996735
79000	-438.1040142857649	-430.6601185378165	-423.4660207907655	-411.89638504938114	-401.48625847991275	-380.1022359972081	-368.4424585131607	-358.39320450315233	-355.3167410981445	-354.0548352906507	-352.7698391099174	-394.15087969619583	-501.0412483491576	-340.84137864099074	-1093.3565190743248	-5999.513299299814	-9923.446384842331
79000	-444.44653392353706	-435.7480860825023	-428.4748506087454	-416.7759041139134	-407.02350024712086	-385.08659863769606	-373.69556097615305	-363.69211071677523	-360.5626560571714	-359.7157537688837	-356.6160802511256	-394.8433830560794	-496.4142657476606	-345.7441262939728	-1104.1228544540136	-6005.451807598505	-9758.68878364827
79000	-464.12183075525144	-456.2271452746937	-448.69979059175586	-436.4460642438339	-427.27993203995834	-405.8124491653453	-393.8418278624812	-384.27009430724434	-380.42043832898497	-380.30576185893887	-375.3620670714121	-408.40428483586277	-503.35338584994383	-366.0720972931442	-1097.8762031071108	-5932.95237423775	-9545.541089308974
79000	-438.72935555786336	-430.17012466544656	-423.0119063442218	-410.9727150429875	-401.3976696349265	-378.9016990306046	-368.3491249078982	-358.06182217648524	-355.33885854730374	-353.3285481362909	-352.50675066408286	-391.9125561174633	-485.5457189067985	-338.655663450094	-1109.9105095261275	-6354.668521966693	-10202.543702482733
79000	-441.46514684532275	-433.2313867750978	-425.6213336166408	-414.16410255938706	-404.4558341378717	-382.81610733892177	-370.5962122792267	-360.47479356104236	-356.874732736613	-357.49475261028414	-352.1263253332499	-385.3035875035925	-478.43656856954055	-341.6359147483068	-1062.0134162202928	-6042.41234585251	-9726.016048059933
79000	-454.7245977368213	-446.32007317385774	-439.02393118576225	-426.9918266847368	-417.83889436845516	-395.63739357138854	-384.7511663792989	-373.7181426852191	-370.0742417234812	-369.78189154651915	-366.3598081287093	-400.4286514455485	-494.1724806328166	-355.91885901779216	-1118.5354124929336	-5964.198898073758	-9593.872102771416
79000	-428.1618879175104	-420.0927375823226	-413.169078358429	-401.27243232154615	-391.63852280360055	-369.74990122020665	-358.96975103982425	-348.5661416237757	-345.8224924400413	-343.7648522465589	-342.61671214107844	-384.6583229670169	-486.37937791686534	-331.5429413692496	-1044.1913564892268	-6178.468581767495	-10152.607735747866
79000	-445.5300984161957	-437.7281037874899	-430.2880924444533	-418.5915493989836	-408.7248733519959	-386.4476277501809	-375.56919537695495	-365.9409325132207	-363.0247739682088	-361.4440825630177	-359.92187234998136	-401.47268073679203	-499.5300505317495	-344.7705396194827	-1135.1627370728893	-6100.583263530313	-9954.369729777809
79000	-424.68178147616766	-415.7215509208943	-408.83866389681776	-396.71685457291267	-387.5264897818976	-365.38362368763245	-353.66508456977914	-342.83803168989544	-339.44609026024284	-339.4587813869797	-334.31728460382527	-365.87251949813975	-458.75447234189267	-325.247689036788	-1005.0279721546495	-5891.136149792096	-9546.623597956363
79000	-415.5448853722929	-406.95324967589465	-399.9092241211236	-387.1520404506758	-377.60478025014453	-356.31814290671787	-344.6331582082005	-334.38552628047125	-330.7033730499931	-330.2439065210544	-325.6906765990948	-360.74462538259917	-447.1026865099225	-314.50625615578167	-1033.9588617614502	-6121.504958630032	-10000.164879423312
79000	-437.14519850225923	-428.8864132013867	-421.78535101660174	-410.0071661809832	-399.87286498174115	-378.80561270026766	-367.7748426754788	-356.77628303629734	-351.64648889298485	-352.99466898181186	-348.26801015959	-379.0477121558925	-473.64898172174605	-340.8486489477587	-1038.6561371198463	-5706.621606099624	-9284.21225163108
79000	-414.01241028895475	-405.7131698608633	-398.9600947573188	-387.2220494295973	-376.5973321257382	-355.55395711014114	-343.5174582701608	-333.7497459673751	-331.0793490849569	-329.69818382069326	-325.50448277895265	-360.9051585160233	-445.71187778430965	-317.8973743771824	-973.0210826133927	-5933.8398589179105	-9641.81149958282
79000	-412.1484946024536	-403.90848689957363	-396.16824900976536	-384.4776005091534	-374.82588750941335	-353.15295088511834	-340.89748694781696	-330.25350632375057	-327.37480577962	-326.87454288023656	-321.6883858281839	-351.56753208753287	-442.3953127382934	-313.5622965435634	-955.4026645125979	-5774.854164458489	-9519.399555086009
79000	-459.8436095994142	-451.50823446140953	-444.2269215739655	-432.8670295199944	-422.3420757513164	-402.02032401267735	-389.43122323211014	-380.179553636256	-376.1645258518522	-375.2731067847557	-372.57976747198774	-409.3044611170504	-512.7339447263628	-361.26843012066297	-1127.4377934156528	-5947.291960303079	-9638.138386759178
79000	-412.93373758991584	-404.1519534624315	-397.2339806166935	-385.22720795867383	-375.5247349229072	-354.1066214233823	-341.97409824534986	-331.40165815579826	-327.7011425891059	-328.10356548641573	-322.68430841029925	-352.5887801033672	-437.27522146661875	-313.59303941865977	-987.1532594066151	-5972.255018544656	-9689.929957218124
79000	-438.27561923751017	-430.26467048122504	-423.0490371145907	-410.68405935708415	-400.8149838023673	-379.785749441852	-367.6528296820287	-356.83211039740286	-352.5751129623187	-354.34495251588777	-347.45590951973696	-377.15107335759257	-470.44899688227	-340.3064502250683	-1022.38736159027	-5902.445726187157	-9546.52883796387
79000	-455.05018212386796	-447.08601842724016	-439.2193841385503	-427.35063884471265	-417.4162356511522	-395.8620111277264	-384.0123815543751	-374.6249684899724	-370.24969085650304	-369.97878037879934	-366.3793024635491	-399.78903898107035	-490.93912401349536	-355.0393620843203	-1101.328327596545	-6003.2988764573975	-9820.757327893889
79000	-450.2208927683046	-441.7001309262881	-434.81655595229546	-422.8720180795476	-412.89780103653976	-391.7510745246073	-380.01226710100343	-369.5135692894896	-366.12827696501745	-365.76323813584673	-362.25035517159057	-398.608801006876	-498.4300922184063	-354.98102889255	-1063.279108425907	-5951.002591214543	-9586.587431065107
79000	-453.2415168697999	-445.04619397674855	-437.48431839675874	-425.8579424602307	-416.7506413284973	-395.65551688441195	-383.0647591825464	-373.3165010658398	-370.042652386376	-369.17387214773777	-367.379701984034	-406.7086296346265	-514.8547145537626	-355.70930257650394	-1141.2646766336559	-6168.690551858861	-9887.489946651942
79000	-454.0241967169133	-446.0649374289408	-438.9678134552765	-427.1530951079785	-417.41325096560524	-395.60413169883986	-384.29062076452544	-374.8097757261605	-371.52809606446107	-370.8056043867006	-368.2064605607987	-406.21910211919635	-518.7357992437472	-356.5534494694736	-1143.2825899617796	-5987.163916048506	-9635.805673381039
79000	-434.67411205978067	-425.75058516167934	-419.3070088056666	-406.9181332084213	-397.5765799883652	-375.8696787042349	-363.9079353110268	-354.28280671621525	-351.0488015914165	-349.4783115847857	-346.5696979948439	-383.7264725814884	-476.91794346703614	-335.25126442881054	-1037.4152365760986	-5840.107049085227	-9650.76328879502
79000	-439.0028868818171	-431.0488975512633	-423.6927421927168	-411.3656190080012	-401.464062190052	-380.14913122376436	-368.85470729184203	-358.32953409962715	-355.6058349031993	-354.3220515080314	-350.6643881891164	-385.7410765519058	-481.222891348776	-343.2028050129825	-1057.7353972848227	-5932.399848045673	-9631.89906697882
79000	-390.32912904158053	-381.5850619090665	-374.0123045398928	-362.03617138276013	-352.6750453614788	-331.10693003951894	-318.56087152306094	-308.15929358592274	-305.13242788433735	-304.40540184019017	-299.1397393327632	-328.81070444668234	-413.69458568579853	-291.2547222761119	-899.719235991527	-5671.697447701753	-9499.47191947759
79000	-418.4257519292432	-410.0953429524975	-402.5871048230951	-389.78095140630774	-380.82797778538907	-359.2803579442021	-347.200169833278	-337.4958757549601	-333.5116215446831	-333.08975871855614	-328.8471454398768	-362.7678290364849	-450.2997125495946	-318.12880240782505	-992.8949718378622	-5832.260995160204	-9770.377010872931
79000	-466.85981378437776	-457.68185212704765	-450.5697025802851	-439.2513096361912	-429.798716403544	-406.6239563365487	-396.20114312058644	-387.0100432621685	-385.1790483322729	-381.7092716313261	-381.9123563468681	-427.07209364737577	-534.2837657543599	-367.5266292279677	-1182.0413105319333	-6288.050973804705	-10290.167978946407
79000	-434.5463890306622	-425.82411002043693	-419.2435902752571	-407.20666671961385	-397.7746007453923	-375.92462557909516	-364.77771069779544	-354.13020531722015	-350.57452833287454	-349.7223479209491	-348.8416718187438	-387.25424575169876	-487.38201219704666	-335.8980056589189	-1053.1363787795412	-6095.86208638166	-9933.360741383889
79000	-461.49647110221537	-453.4867260319188	-446.1365627913719	-433.78308550225506	-424.01395175694205	-402.10108271130184	-389.98945210125044	-379.7518308648718	-375.4540408065567	-376.60402151462466	-369.2589818290536	-397.7350025484796	-486.65331548593196	-362.1777299326987	-1069.8405699804205	-5854.956398759494	-9425.48497074457
79000	-430.701411662002	-421.87769117568246	-415.16752985342015	-402.9882291334213	-392.9980390470121	-372.440421382319	-359.8755460859514	-350.2339790732092	-346.9463762702234	-345.80487623915855	-344.04430780554316	-383.6001888418629	-488.2386906102323	-332.8636497839199	-1055.361234486537	-5981.679204236783	-9872.949534675672
79000	-469.3019784940251	-460.1479439692354	-452.7707329934091	-440.52250173856385	-431.18563118827495	-409.9089397398557	-398.0201439264653	-388.7363611619427	-385.5846213265716	-383.6556093231136	-381.4670119536731	-424.1119597001445	-533.2164829182319	-371.6273399482637	-1188.01592098589	-6042.04185494643	-9813.495275835316
79000	-408.30740643388805	-399.9402288373408	-392.7042677929591	-380.8784846249034	-370.66047191770963	-349.50903322559816	-336.73424474635704	-326.0939104173277	-321.70543692279534	-322.878253352879	-316.42033394850915	-342.9213918605492	-420.551267055637	-307.49044201342934	-958.8607477777944	-5870.750328046621	-9677.969645185894
79000	-438.1678386973018	-430.3141592029603	-421.6919990024872	-410.0179499768175	-400.3473965415832	-378.93298841667837	-368.169055214676	-358.3926455874117	-355.65843622679466	-353.0046464738018	-352.45701100810254	-392.61915728176433	-501.2184020888492	-341.3496901405463	-1074.809210381337	-6217.318203944141	-9991.3110291354
79000	-400.51661957046565	-391.3304701037869	-384.70965184540586	-372.45696184203643	-362.1115937874617	-341.1093747511142	-329.19507846263264	-317.89337840000314	-313.0298438323495	-314.65872912159057	-305.91394116384123	-329.92131354226706	-405.08609827701173	-299.9281641972265	-897.1720044514117	-5542.604597495142	-9252.333867993671
79000	-411.75181538042546	-402.84174598049714	-396.4022350474698	-383.71284147987956	-374.0003524663214	-353.38138132122606	-340.8354866552304	-330.3483926885252	-325.6679395344494	-326.95570559536424	-320.00751490628795	-347.7809009313176	-433.7584954444228	-312.8647139813976	-952.4228917521783	-5777.944162267569	-9524.953556195733
79000	-432.8323582939626	-424.75161015991	-417.08221123623053	-404.752142174161	-395.25627743371916	-373.3467266630498	-361.6597944267581	-351.3735596797582	-346.7553752843783	-347.258685771491	-342.89016992480964	-374.44242164805553	-466.5228262231326	-334.77137089878323	-1013.758344490098	-5902.422068907621	-9634.664086908062
79000	-399.77450161036376	-391.03422467202085	-383.3586188961546	-371.5548775104497	-361.9336775403348	-340.1414509247761	-328.46290040050695	-317.464054236099	-312.94660757231554	-314.15361877202065	-306.99051937627934	-332.5128908368483	-407.9101793179428	-299.0035952263255	-911.5408431992306	-5774.602650795219	-9382.900705169397
79000	-455.47028099683985	-446.57304461583584	-439.61410644334075	-427.6873909353593	-417.382651890526	-396.3007971442385	-384.4079672059582	-375.1657494710385	-372.0416047696776	-370.83680622934185	-369.0751293826909	-409.6228714818533	-517.9960235882601	-357.26783724971784	-1132.9993035756472	-6078.09225608006	-9924.2594072674
79000	-407.6459018477403	-398.9913436138514	-391.92190316171246	-379.784845848166	-370.212329622889	-348.5974551133397	-335.97566604794207	-325.6906307478487	-321.8834016495518	-322.77641488975087	-317.3005311033164	-347.018276412937	-431.3136018197072	-311.6715232262102	-942.3403931617011	-5867.219975179939	-9630.91294647437
79000	-469.2293183478587	-460.6760818384226	-453.34191349673773	-441.88781249760245	-432.3852110221422	-410.91053054893155	-399.1815180846248	-389.788633013267	-386.35966508646413	-385.22971663731767	-382.7766259183322	-422.05021152236924	-532.7561595164452	-374.6475000413849	-1131.012223395759	-6006.672905954508	-9639.114325961706
79000	-485.9089553088038	-478.8164891017925	-471.099482971456	-458.37549969670715	-448.9015016358909	-427.74067996100024	-417.2227200893929	-407.4847323571802	-404.5308326178177	-402.8274745327399	-402.0606466115631	-445.12948093856676	-566.179889323027	-389.8377356345123	-1207.2411510716747	-6207.153714360309	-9911.008420636264
79000	-459.7087328710932	-451.30126384761223	-444.4085589538676	-432.2345809928787	-422.15152422805886	-400.9943928117853	-390.2602761265389	-381.491176063956	-379.9890475626432	-376.09013144128977	-377.1166579603609	-426.0957963448871	-548.2015875018697	-369.5280877203661	-1160.6958414118947	-6214.556902120059	-9976.303663371975
79000	-461.1490545054657	-452.8517122053048	-445.3912069782636	-433.7292385892632	-424.1246351365161	-402.71814613135695	-391.1534302910403	-381.1486573443759	-377.11116730264314	-376.461529400624	-374.02561641256835	-411.77453223930553	-509.38686115569504	-362.77550347710553	-1130.9291841277366	-5925.0902058274	-9685.306971978547
79000	-397.11858464303776	-388.43177564710106	-381.27423522310204	-369.3700187514237	-358.82187133656805	-337.9626939965346	-325.511225835636	-314.2978628114433	-309.81625430468046	-312.3821210051805	-304.38102735967954	-329.1342842504169	-403.9488320345682	-297.1585712700855	-893.821129954072	-5834.557889193691	-9461.524339716852
79000	-443.71082939727	-435.0683201936752	-426.969716576347	-415.6558045966634	-406.3025861408893	-384.4196112897698	-373.73389862736667	-364.563421532302	-361.3827699228178	-359.18459031197324	-357.7178952725047	-397.8720890504122	-507.85160763462926	-348.8404312171934	-1075.5647277196979	-6028.201714979444	-9995.758885060775
79000	-459.0817658770414	-450.8625035852092	-444.01476149445085	-431.6004603058466	-421.6789706049626	-400.83743956411496	-388.78617099923855	-378.3160959503289	-374.34630181210963	-375.2968380378276	-368.6515285728173	-398.7736821098895	-496.2466560236102	-362.95382238159897	-1088.0700419191855	-5723.938545892527	-9265.535010798581
79000	-439.1823892841364	-431.0098663605447	-423.65029966596677	-410.6073456265955	-401.51236612852915	-380.24769595737183	-368.7462512089806	-358.26571409075257	-354.7203267851796	-354.3961635151937	-351.4049312109063	-388.38789456196304	-482.3415729942037	-339.6368673890669	-1065.6448544371342	-6043.779727317086	-9759.66319836179
79000	-413.2741577422466	-404.51274741898527	-396.91921171621976	-385.156933841626	-375.8826692803992	-353.38290939094406	-341.7861947990335	-332.06510187114355	-328.25762431575686	-328.24066218463383	-323.9168753656487	-358.0405631390551	-447.13374420103634	-314.2753761485244	-1000.2276592651	-6076.765045693227	-9880.626957322058
79000	-465.55225377413916	-455.4685548747188	-448.31722380266586	-436.4995796112489	-427.44767621728477	-405.7241491013599	-394.3664123837796	-384.2760828930349	-380.2478746324467	-380.3837287206067	-375.36204338070286	-410.4730993832387	-509.5453321883476	-365.6487601674822	-1110.1653204950117	-5917.982125727715	-9527.39971176836
79000	-428.795978162158	-420.24824563221284	-413.4587773933211	-401.07086767356964	-391.2193558601955	-370.08280842894624	-358.2404533530671	-348.9369258069886	-345.9984039058387	-343.63707837809795	-342.00842622749445	-380.4596734559681	-479.1188671966242	-329.76621024436514	-1059.3004986321328	-5952.401891507128	-9819.326560215757
79000	-425.34179419818787	-417.0523828628149	-409.6621532270322	-397.90005241757615	-388.3871498504996	-366.6931953199829	-354.6337583052538	-344.7184484839611	-341.63769886973586	-341.0584719010337	-336.65775236775346	-371.5867117675245	-459.04009806325956	-325.7838438174796	-1040.4934405101192	-5968.445890100829	-9731.578828382464
79000	-431.17320668055225	-423.5763621875852	-415.4462874131945	-403.97977899293926	-393.79932484767346	-372.6058337821135	-360.4420512052144	-350.04625119658647	-345.3289539414302	-346.7029705123708	-339.46568514626847	-367.07233134506555	-451.83318087191947	-332.56205300809467	-991.2114127148025	-5756.363229706522	-9433.163695178931
79000	-406.76747155265514	-399.06358534257646	-391.1783013205248	-378.76791818069603	-368.7902196697528	-347.76221378261977	-335.6836525174102	-324.58908000943717	-321.4972704816926	-321.4398357838799	-315.54891313333025	-344.37877859794264	-423.862147042617	-307.87950445521057	-952.2943267914176	-5727.152919386494	-9423.360093387313
79000	-416.3429670731736	-408.52569290789495	-401.0876597284658	-388.6054756753923	-379.0983910588772	-357.82472321033356	-345.6536446167632	-335.0746495793168	-329.7539388249632	-331.6415062447694	-324.6059932643209	-349.3133485171778	-434.0844345754776	-317.62979561629083	-976.2893439300924	-5584.975330659584	-9200.779823231704
79000	-442.048928487724	-433.4545219625683	-426.30888191692446	-414.72810270465254	-404.2301875823879	-383.10162715624034	-372.02710458401367	-361.4898738782009	-359.3131593944182	-357.95607087959536	-356.5517114854888	-395.7453723186295	-500.2822208912877	-344.6689652876219	-1053.069076282637	-6078.1795809620735	-9786.362046350541
79000	-421.80218422660545	-412.86142176168516	-406.289804540532	-393.8161540258476	-384.04932884710985	-362.3373523376732	-350.4660591748718	-340.3552730456394	-335.42626308939003	-336.7220366267157	-330.76267419642403	-361.13650240381224	-445.576319005522	-321.8463414768999	-1014.2838914868778	-5718.9457113980125	-9525.553332136538
79000	-442.47192586407726	-433.8010807643781	-426.9296393553837	-414.43076308106424	-405.0598127461919	-383.4605230025875	-372.0872053453321	-362.71593711027066	-357.5397144189271	-358.48035896040875	-354.2642487940547	-388.225281067208	-479.69863203269665	-343.0629120063762	-1045.3270612184688	-5899.015855760428	-9645.340056611165
79000	-456.8589927845043	-448.66421048671003	-440.8197642089411	-429.9454132147131	-419.68583338685926	-398.1538445039632	-386.78240474952656	-377.1358646381947	-372.50625069724947	-373.1147432016596	-367.5325554691334	-399.30467717747666	-497.90076455465186	-359.56711805079703	-1105.9260281160093	-5704.617513800614	-9402.963112894711
79000	-442.9863374024624	-434.99143953341525	-427.4383461821022	-416.0319179641481	-406.5011624211609	-384.93480968365304	-372.75975907051645	-363.8213101335028	-359.06275798922877	-358.5802160864561	-354.0709808634629	-390.05927826155425	-485.3844718828081	-346.34125138631737	-1079.046875156314	-5838.125650095025	-9517.371506592483
79000	-410.5906267603521	-402.5892135119904	-394.7462536542127	-382.5957689016876	-372.4569365503266	-351.63456728052057	-339.17926257333585	-328.636555537194	-324.4706103582837	-325.10077614545446	-319.2698376135017	-346.2784695773789	-430.5162472543009	-310.07416773556304	-948.1862875938585	-5903.296992928967	-9608.004412222801
79000	-412.7393450116887	-404.03540331696223	-397.0363214778725	-384.38780169198446	-375.0784271713428	-353.7032883993252	-341.63966700615066	-330.85005503054344	-327.4248263767027	-327.57192814420085	-322.171311453645	-354.65099787191235	-438.7018995519588	-312.68391393197214	-982.7242331548334	-5949.164063839781	-9748.986964586407
79000	-447.97103068649363	-439.6480898191056	-432.35635178176045	-420.3605031763344	-410.65691708595	-388.7889148105434	-376.74548547714073	-366.50619087959575	-361.6714876499337	-363.42111271445964	-355.296484701943	-382.45510790392825	-473.96887854275855	-347.78563276819466	-1052.228243435444	-5624.941751898583	-9196.771109651634
79000	-451.30934582767713	-443.00451464273726	-435.70367467326145	-423.5597223168087	-413.9448548459981	-392.2686407233871	-381.2973581384285	-372.3272590686042	-368.9807921222989	-366.46309276481037	-367.05304875855785	-409.4469637095716	-517.4791838148521	-353.3552167607811	-1113.261859503019	-6188.490160361628	-10000.360665142274
79000	-476.76230419229677	-467.1584146744451	-460.69265663042955	-448.89388523962634	-439.2757263541614	-417.4757065369587	-406.74505974838723	-396.89366541431446	-393.6086473030241	-391.68211228039036	-391.26531028673253	-434.4001849884201	-538.0453376295217	-376.6231565222372	-1202.4303524619093	-6315.777781506163	-9989.437774361588
79000	-438.7985476794444	-430.14677674756774	-423.8376837752368	-411.72226436737185	-401.54429602312086	-380.8848947875796	-368.6885235062809	-359.71878646437983	-355.4344895407435	-354.3493556616886	-352.48078375885024	-394.3227184963752	-490.62290044665355	-341.2293184195505	-1092.1814271168316	-5990.949591462864	-9803.809820025648
79000	-386.2768069700949	-378.08406304176333	-370.8848733734546	-358.7047883383482	-348.7929622246147	-327.1592485804879	-315.0992800512603	-305.1161003995793	-300.94484842873067	-300.94882450767625	-296.9072666142425	-328.204784055045	-407.05818579906867	-285.7338947040545	-917.8874561388466	-5928.516062603622	-9724.357308500861
79000	-455.9532781590197	-447.6276445699257	-440.71782396596785	-428.58607340959236	-418.4131592558726	-397.0400517591665	-385.68153240755873	-376.81614339970315	-372.9681267387713	-371.7951494780247	-370.4102226561922	-413.6627600329816	-517.7290525367539	-355.3981139837992	-1168.1519454023287	-6292.332571185306	-10141.002228016892
79000	-441.7996435408567	-433.17471443558054	-426.48671507015825	-414.0218673825334	-405.19724163443334	-383.54841822409526	-371.50999323980415	-361.0691361411458	-357.87120642775386	-357.32318325051955	-353.7558321460345	-389.1896797756287	-483.51629758981176	-342.6415899125898	-1087.7382206262862	-6125.31381267867	-9742.35316085978
79000	-470.6240224058696	-461.61791819064	-455.1705303536855	-443.73785213027975	-433.64720506185154	-411.7268899121288	-400.73895729323345	-391.46212362752993	-387.91872116207225	-385.8960672871558	-386.4583033571526	-426.93414024856446	-536.9461195026838	-372.49369356926474	-1176.4305438882857	-6333.31836514202	-10048.727817866087
79000	-425.0888020234165	-417.1461883455361	-409.4826151606381	-397.99868694737575	-387.2077324487579	-366.50839607793216	-354.1638112663144	-343.1995220223322	-339.33257699491395	-340.521682729718	-333.98265372270356	-363.2537771982017	-445.4868077673896	-325.4668290819663	-979.1985414592989	-5656.09343727696	-9355.164822201008
79000	-426.9983939534591	-418.4051138322298	-411.61863959757983	-399.5263621210796	-389.5722597682446	-367.90697475143713	-355.93486822073436	-346.72842630541714	-342.8178327775655	-342.13568429057284	-339.833066497918	-377.34000032806864	-469.5131564175948	-327.99802355846845	-1041.7410825052486	-6138.096335837074	-10056.070690504843
79000	-413.66518453421423	-405.6971298800705	-398.1881570675337	-385.58410716644494	-376.3511616254949	-355.0455659238867	-343.1112539438622	-332.4950335076841	-328.4794115939191	-328.7214691095063	-323.82208432349427	-354.5623293316083	-435.22184998911257	-313.3175592440772	-963.4359640350339	-5740.741001808015	-9493.016250337087
79000	-442.47393392762785	-433.952591416753	-427.21789591978194	-415.1767810819656	-404.8715773860352	-383.4452959904366	-372.54880354094246	-362.1535551549685	-358.3324362911169	-357.78938683997245	-354.5568184145023	-393.7824729015299	-485.67801889412436	-343.76646958484866	-1069.6311238657568	-5912.194148932193	-9651.235416464808
79000	-392.7140446103768	-384.54970010941935	-376.9930471670395	-365.75376601809216	-354.8098809036688	-333.3572063487936	-321.1150335216228	-310.2397445613863	-305.2493729494049	-307.73589503914434	-300.580989572849	-323.36514260908154	-394.0535374994032	-293.2659852485523	-858.6833892547637	-5574.953404036114	-9268.045881001653
79000	-403.6926633035607	-396.42534196681413	-388.1541513455999	-376.23642554427363	-365.9653308746121	-344.6823764186794	-332.0668684601232	-320.6448591269196	-315.602933268944	-318.6601149135383	-307.2359094105496	-325.6100915909752	-398.573867944692	-304.3077982027464	-862.2116708789606	-5413.934351901478	-9007.724940796345
79000	-415.013344168029	-406.73904856691405	-399.79058531828815	-386.8189739327606	-377.04871182407595	-356.51087657831744	-343.66100026640953	-332.8205235320948	-328.33057553730174	-329.79662452829206	-323.57197264910843	-349.1316378352282	-427.32679598693824	-315.8320797644717	-948.2153774825574	-5869.519421528789	-9608.234027391789
79000	-446.2192575054433	-438.29249824451756	-430.5877614866052	-419.10831082008883	-408.8881087507089	-387.50229074502226	-376.45953243670243	-367.17234049517515	-365.02904573017383	-361.32915181271915	-363.6918037922614	-409.33286035553397	-511.1234713894715	-345.31404427409234	-1122.334466762888	-6563.8213140650805	-10527.879504359633
79000	-424.125885474355	-415.3281633024441	-408.2373524366414	-396.14143565240363	-386.57699145648877	-365.5239241388561	-353.11275087195565	-343.4881911630395	-338.72911989879674	-339.7445441951395	-334.9076805102187	-366.6955395296547	-460.9268824856324	-335.3832694696153	-993.0520837234774	-5784.969017975047	-9495.742478623155
79000	-447.8589589894524	-439.21793339361585	-431.9179663419521	-420.2497968053368	-410.10610013275084	-389.4074796461689	-377.7746710424604	-367.5791230934261	-364.33746848237547	-364.294668847745	-359.85829067076224	-396.05817261535486	-509.04694819433695	-362.2621216463343	-1047.0874882783164	-5887.9656716012205	-9492.079785068801
79000	-419.25544325084593	-411.4349774028068	-404.5701940130031	-392.243923419064	-382.7376998512871	-360.1378513190938	-349.1153790241097	-339.4140231025853	-336.5899974894518	-334.895288828625	-332.9137968966647	-372.2234214088209	-465.09547986606447	-320.20937251415614	-1029.0441233002439	-6197.553225467441	-10027.114470313509
79000	-420.771073565131	-412.6201371675823	-404.7205792461571	-392.5823355031307	-383.8231550757624	-362.1892283282316	-350.05120440768593	-339.32203208842236	-334.90190673524273	-335.4255682483806	-329.5473295202422	-358.88748531776616	-441.72716762052903	-321.2822737263353	-977.8069157770776	-5784.569172102255	-9597.301796841673
79000	-430.1721016195601	-422.62637994008327	-415.4358825288953	-403.1582875269746	-393.206379413344	-371.63018343131137	-360.82563870926435	-349.95719556836906	-345.6076402602925	-346.13085814973437	-339.7981714748508	-371.21445609408363	-460.8621714392598	-332.0149328327061	-1011.0840549029107	-5891.250042482462	-9587.605741751768
79000	-497.9293872218828	-488.9596032993717	-482.0994356056107	-470.676301071656	-461.35170307002517	-439.49282125000616	-428.11904413603753	-419.6007744017792	-416.61951212797163	-413.3844559727983	-416.2694738022855	-464.96674260888483	-590.1783779432219	-399.6498398241625	-1332.4441851184863	-6409.491648228521	-10205.56243590402
79000	-418.8069726071697	-410.9723516779662	-403.7316504306569	-391.27292198739497	-382.11374597629737	-360.23033182496727	-348.38297909374023	-338.8879735235177	-335.6032559541026	-334.77696612260684	-333.13182060954006	-371.50586567634446	-469.84056128216105	-322.8059188737313	-1027.69998897332	-6083.425679152816	-9995.171996158519
79000	-424.0380516801792	-414.8913332299264	-407.91347856930537	-395.8868966116296	-386.6279170911441	-364.1419298315093	-352.6561656253205	-342.70202535036276	-338.597679549808	-338.9236871036456	-332.565714166913	-362.31933476290607	-451.28156144252983	-326.6682446663537	-997.7410130467767	-5716.587888934311	-9387.942877047279
79000	-444.021447219314	-435.70794250266925	-428.51020596932636	-416.2266431290458	-407.01144886501254	-385.32158579269196	-374.63567482302915	-364.040019385267	-359.95332350415526	-359.6094256890574	-354.69753254457305	-385.44499989139274	-485.0182819241716	-346.7474801698167	-1017.1485032257775	-5819.0506740621495	-9463.308387913932
79000	-401.3550040858503	-392.6792389707656	-386.00114635409494	-374.2541856998555	-363.99095678390466	-342.5208049975738	-330.56033427510494	-320.3405259639366	-315.86060614092054	-316.98534109340386	-311.607249012068	-344.2775413425485	-427.67909778762396	-302.44926367527404	-921.9582827042651	-5972.840282669941	-9769.672911147762
79000	-404.6791656842986	-396.20746255214885	-389.7023653608564	-377.55638450977483	-367.15887458055613	-346.3846346839423	-334.23618725957004	-323.8616394940361	-320.5585024968862	-320.0759589324715	-315.12532463702047	-346.7674697445067	-449.1695312717477	-310.5500087053706	-927.9459471681107	-5777.735128497202	-9506.594359361956
79000	-442.449293128704	-433.6930923391253	-426.69252913406336	-414.3814260455348	-405.89891227745727	-383.84267541784146	-372.14680029653687	-362.3445562540123	-358.9163738998397	-357.65259209660644	-355.1794919028091	-393.3292398836706	-487.35483603270166	-342.7425656576189	-1088.9945351193335	-6103.843856697778	-9764.481093651933
79000	-460.04326867335226	-451.6147710403376	-444.59184201915633	-432.7901174103847	-423.3287412305737	-400.79571954046673	-389.59190177293374	-380.1230942768187	-376.8375564483042	-375.2684159842906	-373.95060860735884	-413.3582661001746	-512.4371806195285	-359.0041381478556	-1172.3940580984067	-6077.401824019233	-9825.28416887591
79000	-451.5445070687279	-443.0596560502052	-436.1395276239536	-423.7683721919103	-414.5815196881184	-392.56685405086904	-380.95747448740974	-371.3944284691009	-367.7820144704307	-366.84701776637974	-365.0489849210206	-404.45300795923004	-505.7081166923398	-352.40259303688464	-1138.3134981083165	-5998.073840178038	-9782.49685626869
79000	-412.7651603105433	-404.26198943285254	-397.16633686168933	-386.1539129361013	-375.3714516552849	-354.60762773470316	-342.10200241536666	-331.75192880347333	-328.57051568264853	-328.1606026373501	-323.97501593490335	-356.6724867277799	-454.86399557152254	-316.8613609794469	-931.8530646122408	-5853.385103258604	-9644.191686048285
79000	-424.2667160272355	-416.1387161105794	-409.1521561408193	-397.26358055486037	-386.9825962278938	-365.7289060989882	-354.2875016278645	-344.9747619175728	-341.1373856033631	-339.39946376362565	-339.2829359416755	-379.37862093724004	-486.3054670721953	-327.1827010421523	-1033.7228124976937	-6208.016196280083	-9994.003112828728
79000	-420.6466844949595	-411.6626931161605	-404.0200924393691	-392.2196202377987	-382.86248088070533	-360.88350161651834	-349.9833085574172	-339.66190817168007	-335.859590854161	-334.8719970661915	-331.08695125799017	-365.44643782595995	-461.0247963339264	-322.4290738220019	-1009.3834064282538	-6073.7321880472255	-9746.182515646708
79000	-458.28035624143024	-449.9640023321675	-442.5843538440011	-431.2650532135699	-420.58432288801595	-399.507436653859	-387.60921906930025	-377.89380151900343	-374.6069785894785	-373.3377441970147	-370.04543763537765	-405.7097391207522	-497.8376226676075	-358.8295099225046	-1108.8535335170964	-6124.234293148875	-9784.61815563542
79000	-478.14995974722564	-468.8988027708122	-462.10859343640465	-450.0005331363783	-439.99388780178543	-418.96476767097965	-407.7441471205379	-399.2101920773843	-396.72102376932725	-392.3825789287567	-393.4781692385948	-439.3784361427092	-554.1472670283581	-380.815177783971	-1193.450136428329	-6420.30095630401	-10195.326476620647
79000	-409.1622150210078	-400.81498833329346	-393.6383872997192	-381.41572123387016	-371.2597810801577	-349.49692258277173	-337.8627988160408	-327.6114938968405	-322.87239596435717	-323.8787368217144	-318.1253993285283	-349.57052138444203	-436.31516644773967	-309.36424700479006	-990.9466762867469	-5820.0077624077185	-9568.30369374662
79000	-418.5990041039258	-410.93770315815	-403.38358416640705	-391.57833925517605	-382.03454572154476	-360.4570415829978	-348.680139828764	-338.9889538546612	-335.2674169695467	-334.4023173813395	-331.8336807794061	-370.32102421365204	-468.86009697412925	-321.4521162289681	-1034.7728237444003	-5955.588772781399	-9753.867740743219
79000	-411.78661836721255	-403.41046892654253	-396.31822887485856	-384.341975310119	-374.06798845831077	-352.6872123996836	-340.6646133768505	-330.0348597994652	-326.6319595810786	-326.4262445740983	-322.0952609846744	-353.8570041484375	-436.4342113767481	-311.3247719383713	-969.0326057225469	-6108.244442815263	-9847.04994612661
79000	-427.86364067022146	-419.2778013513465	-412.62811544359926	-400.6967171496416	-390.3342873495152	-369.25639509567895	-358.1408495759168	-348.70225319822487	-345.7664695337997	-342.5312273805065	-343.4545053140676	-387.1201203153197	-491.17188124407556	-328.8218093898178	-1069.5544975217192	-6275.047178399697	-10276.49940975402
79000	-444.1340029028315	-435.55622564517836	-428.9581400696571	-416.99032605588434	-406.42754941452876	-385.44779946963274	-373.32441914714207	-362.4644206530741	-359.511616568732	-359.6467692929279	-355.19476712623276	-391.1645606500486	-483.03866615178737	-342.97424923044537	-1110.8871362437949	-6048.757183007995	-9656.664247781686
79000	-449.78443379173876	-441.9214101161871	-434.33655862203767	-422.27825340377956	-412.95784367219767	-390.9795515393415	-380.19832107966414	-371.05091184133266	-368.0050595827931	-364.7500341506668	-364.876490969389	-408.2382360957748	-508.29116260654183	-351.2117085802955	-1125.9049658271467	-6277.656767026548	-10018.786560710709
79000	-419.11180863326905	-409.9665187770303	-403.3353380641266	-390.9409628445603	-381.0995870460019	-359.49681366234324	-347.8833009337591	-337.4186225394121	-332.92032083074156	-333.65708946256797	-327.7812634232151	-360.0600429658259	-449.1373068178292	-319.0455064844878	-995.0264089965171	-5901.202380158299	-9601.697244332818
79000	-450.92848569426656	-443.0399463373237	-435.3466999049156	-423.3404044430696	-414.35113794261565	-392.6664406363722	-381.3681404430267	-370.67823448978805	-367.05214431931984	-366.4690523301188	-362.3804640293275	-399.90323970808464	-494.6434081229117	-359.66494763029823	-1100.206418616975	-5895.220605655427	-9535.531724734727
79000	-436.81536156847193	-428.5385320895347	-421.4329397944626	-409.4347585581057	-400.05353762983384	-378.6782496865962	-366.6407996114109	-356.63384476731534	-353.0449720641105	-352.64639217063507	-348.80209404855424	-382.99902223283243	-481.2188938545358	-341.80779434338297	-1037.8649899313393	-5996.678870173729	-9828.376995962877
79000	-386.55189043076206	-378.5542449183417	-371.3460610076109	-358.8890780480523	-348.9589984935574	-327.2256573399095	-315.32758753996205	-305.2923484957374	-302.1362122133071	-301.4815180813359	-297.31190814334656	-327.846197244572	-411.1041597006611	-288.0492496113185	-904.354299352912	-5985.31863058912	-9770.386362509189
79000	-425.94375830194434	-417.12887181558045	-410.94010817280235	-398.2291486923008	-388.6170858821167	-366.6056722438096	-354.8716694012741	-345.79787980629624	-342.2739251858569	-341.0012862383572	-338.98635641334795	-378.80421980442924	-477.19540362804986	-327.80400061690784	-1039.0582607955034	-6187.564935971935	-10078.033578610453
79000	-379.00779618381137	-371.0061606365643	-363.2502979940087	-351.36023916614556	-341.94581124200425	-320.0776602418563	-307.92510008041216	-297.03085456501435	-292.92964829614766	-293.9375931210091	-287.38561422131556	-312.36742866230054	-387.78196493681406	-281.34388692908163	-859.1891081605507	-5702.096340835438	-9436.629603878659
79000	-464.24172216686856	-455.3134606033177	-448.5193289230867	-436.59970538658024	-426.388105355627	-405.7216300905901	-394.1468010404621	-384.87305792356426	-380.968233669437	-380.2854267077641	-376.6331567033999	-415.67366060128114	-533.554049979447	-368.3160434690913	-1123.5644057958857	-6039.735395242984	-9740.490084189787
79000	-433.14852031836136	-424.6302174439153	-417.26324707676093	-405.3057009617661	-395.4282270856278	-373.96954296747265	-361.6068050639483	-352.5566433309408	-349.61311170056695	-347.7686942303365	-345.74791183418506	-384.2987023063303	-481.1756262333522	-332.35382183196805	-1059.9743972799713	-6111.551871576093	-9982.901444902385
79000	-446.3244335622276	-437.64074542966364	-430.66206011620324	-418.68326452233737	-408.7903870149312	-387.2034271210282	-376.08100444387935	-365.4648770508608	-363.02338798007077	-362.00330911710347	-360.21236478537776	-400.0554272461733	-495.5447601679859	-346.1464809741606	-1137.0245778437072	-6371.895276925408	-10309.837126062539
79000	-438.78898849162965	-430.9346613425803	-423.5249373460221	-411.25751075012863	-401.29082331663824	-380.1768837050866	-367.8911221736704	-358.1247555961985	-354.3439327497032	-354.3828239178365	-349.0348856173477	-379.28942525372514	-467.4234470693433	-337.92011292048363	-1025.2657494224236	-6024.536581073678	-9706.505965681912
79000	-439.412819235664	-431.4922934861783	-423.7357785777802	-411.2903449895374	-401.2288850252246	-380.74838620480574	-368.7613152694736	-358.78157782519963	-353.8509002282971	-354.8753952973427	-349.29137537498156	-379.25356619160027	-465.93492822334883	-340.7819240290754	-1012.5952046167862	-5741.632963254478	-9380.915543258448
79000	-488.4037893880719	-479.91524691376736	-472.61002752391806	-460.70987591250764	-450.93340790953187	-429.2498101957548	-419.1713077414998	-409.8163712412607	-406.95786446963444	-403.90005053187997	-405.20647657140245	-454.7140665940599	-572.91051089518	-389.91301168364856	-1245.7901874186302	-6271.277924392888	-10087.910715375956
79000	-414.81388016567365	-406.0554699854791	-399.2741798992593	-387.24900704851325	-377.55013393516674	-355.1035560414212	-344.7648180063016	-334.0369823195546	-329.41123978103616	-330.5570068024536	-324.10576369420704	-355.2489396451546	-441.8524826560833	-319.36885283701343	-940.3863981581453	-5775.51372024324	-9422.271355772644
79000	-437.19294451091895	-428.8410846094042	-421.3445648558558	-409.5109013277438	-400.0154694289785	-378.5152374806518	-366.72861161563196	-356.1079624770509	-352.5006873048307	-352.1082177851785	-348.3666250678723	-382.30155307793797	-470.70850126263815	-337.49512250762643	-1050.566183796041	-5993.691557176168	-9710.573131361576
79000	-460.15034871564495	-451.79245321399264	-445.0413194358303	-432.60597419099463	-423.1414989491925	-401.6197236113492	-390.2054277786016	-383.2338636582273	-379.9295430278467	-375.86166600635255	-379.3650039678268	-430.8442168943862	-542.2386783563438	-362.0335866907666	-1183.5329493290535	-6491.084572705736	-10425.244642249962
79000	-414.9885005286668	-405.91714077800754	-398.82056721321493	-386.40728579678057	-376.4945992102931	-355.30527888280164	-342.98820692501164	-332.60002461006684	-328.29001448654725	-329.4162328550072	-321.8970499758278	-347.65998676397913	-425.71276137295837	-314.99209372444636	-967.1309766202266	-5552.4548994357565	-9261.065772482345
79000	-450.91572832528965	-442.58213618011735	-435.5682409569694	-423.450222463906	-414.2613686728492	-392.22614617974824	-380.8761853364248	-371.16518357323577	-367.7765005776645	-366.54904407390296	-364.4202100776734	-401.2199520398013	-506.6668299139643	-353.79673586042867	-1095.7199121971646	-5959.946319034801	-9797.315614663448
79000	-449.16667708715465	-440.5544535682394	-433.4550290080322	-421.13169217537006	-411.2009299705691	-389.3856047932443	-377.87277722597287	-367.37853474347406	-363.09040090110847	-363.32187266276736	-358.25608878594187	-389.55911837745253	-476.5385135687818	-347.2628766163125	-1117.8399219819553	-5961.034064986866	-9603.88810994464
79000	-448.3354688146847	-440.55932786483464	-433.28050764532685	-420.87978509245215	-411.93078247702374	-390.0089573745018	-378.9569133604218	-367.9765416475712	-364.5857563738326	-364.22471340696546	-360.966563956027	-399.36414259463925	-497.6071453152928	-350.96115907845643	-1127.0743079297129	-5949.1021876105815	-9828.029216309245
79000	-460.23201203221976	-451.8311554640568	-445.1194758120458	-432.6182697808449	-423.4732256089449	-401.5374194697563	-389.86746573434783	-380.0581918505397	-377.00746265602834	-377.0844694285656	-375.0495730816447	-416.45777575447823	-516.670059674426	-361.90703068285865	-1134.47591603444	-6281.886996788573	-10014.008646011587
79000	-430.9795406787443	-423.1565280585356	-415.996474090523	-403.33076762109795	-393.8138906517026	-372.3876189264427	-359.6837160769646	-349.63323708101467	-345.7944648882806	-346.19017811767765	-341.36868210730677	-373.2289802021667	-459.68879999083293	-330.5515917680256	-1047.2208436220126	-5879.03447449008	-9711.933435346557
79000	-446.4452305132849	-437.88784917328735	-431.0476019767007	-418.0749457470748	-409.0763706169	-387.5983067647534	-375.3577048611597	-365.2010679045054	-360.38270965461425	-361.6205738225981	-356.0881708453589	-386.9255952355166	-478.18545028856613	-345.9006990231009	-1062.0754740657562	-5890.297271619123	-9567.39825500419
79000	-402.57075384096714	-394.3490202796632	-387.0735677628066	-374.59304883781056	-364.35273836878883	-343.4490058977225	-331.8029931667151	-321.3015345087872	-318.4719650977756	-317.82237770650516	-314.518652573422	-348.00785005075585	-439.36825203039535	-303.8893926022698	-957.395308858522	-6008.492942802465	-9783.676363934994
79000	-435.26999540880416	-426.0915566375928	-419.46911471830464	-407.70165541873223	-397.71175049538914	-375.8454821827476	-364.70306497611796	-353.85534653667645	-351.2135041248703	-350.2122579913431	-347.9288341603249	-387.22398778934854	-485.0637973489799	-337.00417700439743	-1092.5124872253853	-6181.069354218999	-9912.425443659267
79000	-433.89263716052466	-425.9253325815064	-418.3859012273054	-406.33183989408224	-396.43616588094454	-374.5786078983829	-363.2352067496681	-353.1361883988212	-350.034944736391	-348.77581989534633	-346.07741217066456	-382.22729110099345	-472.8783433853944	-336.903517825375	-1057.0041244839847	-6075.20505475701	-9746.345659330642
79000	-426.5547147603421	-417.62929414854284	-410.32974622710964	-398.9666946635599	-388.03704831722325	-367.10656101066877	-355.6722741400471	-344.7717502725713	-340.25049497504773	-341.04866124139795	-334.3863794785112	-365.0033949418974	-449.00826206471265	-327.20794520709927	-1003.708712170231	-5779.846263037275	-9369.884505697177
79000	-433.2165256286444	-423.8835202239984	-416.77857681309166	-405.0305506702017	-395.23469408478564	-374.06076579275	-362.01322311426003	-352.60254318818096	-349.3824096814233	-348.38434383229406	-344.86347800543354	-380.10210562419115	-478.35011905606495	-334.91440707493825	-1049.0117693667055	-6056.351654984655	-9727.295832072625
79000	-444.7006557301067	-436.39144412980005	-428.97110223762235	-417.55181610836394	-407.5925307293219	-385.6370693459484	-375.07485961933924	-364.33904168193953	-361.036111689579	-360.40510261389056	-357.3504474868705	-393.09076052662346	-500.0649376393231	-345.80065015644686	-1098.970497268169	-5934.571964323389	-9612.336036175551
79000	-441.6751036074449	-433.740916349349	-426.1872553027843	-414.66388169945753	-404.255290684024	-382.73132904368316	-370.89345484836764	-360.52231561438913	-356.2896457275763	-357.0424116826879	-350.92590597356406	-381.59974671997537	-470.8664578967657	-341.5258389970642	-1045.5512523554123	-5882.531020586193	-9592.882391078372
79000	-445.30524870056917	-436.37812151262	-428.8130845687445	-417.823192057529	-406.8385756777958	-385.78205256700016	-374.764229705318	-364.5193930560729	-361.16323266234355	-359.88901973692356	-356.34732625249717	-391.46389640520295	-492.49301391830204	-345.4406180455539	-1039.7250358407725	-5922.547541071852	-9486.778981869966
79000	-446.22283820273185	-438.1773356699213	-430.74200445923856	-419.2572701043666	-409.062593530316	-387.8357754229307	-376.58820027135727	-366.2699518772666	-362.2463030986091	-362.497278869439	-358.44378463014925	-393.2350422786239	-492.1556194526357	-352.66050875049126	-1067.885665519017	-5947.477643634996	-9601.834073595326
79000	-428.20702863621307	-419.9219408840827	-412.57861439126765	-400.937217602804	-390.550168921801	-368.9113784561057	-357.1330817687061	-347.39921029079017	-344.018146298464	-343.62967974065754	-338.34959723421235	-371.29855918630113	-463.1594407438041	-330.0585522846251	-1003.3368559930932	-5977.579739734859	-9699.713514380428
79000	-422.1474189693458	-413.9859396866227	-406.12435943721374	-394.26889114021105	-385.3610433482485	-362.84775734188645	-351.46112937890473	-341.39824322368787	-338.26586591216164	-337.08482924134256	-335.1193678571267	-371.98244892589605	-461.4402803826645	-322.0442584600851	-1037.5710908304075	-6045.765536955885	-10003.909141539974
79000	-418.83668258891544	-411.3348587311689	-403.7184008075662	-391.7178307395528	-381.8101709171313	-360.34513532171394	-348.39758419807083	-338.03357015764163	-333.5309444605942	-334.1682668325789	-328.5182151434308	-358.2817808656573	-445.1921498141509	-320.9900286768515	-998.5092949674907	-5801.936274898826	-9533.536226660142
79000	-461.6965066383955	-453.43079809990826	-446.8617979283634	-434.8043222088736	-424.17394205754954	-403.0072165958003	-391.68254655858465	-381.69086757131714	-377.87921124674597	-377.24748668898263	-373.4980381189977	-408.68550197080924	-510.54772107734885	-363.25682962310736	-1141.9719399566716	-5960.791771324226	-9659.405869207343
79000	-454.77947615862627	-447.1527441975525	-439.1421330124825	-426.99597848632584	-417.5902082147552	-395.338922770361	-384.63504429563216	-374.39125639644243	-371.7144442899279	-370.54089685798937	-369.8936551542435	-411.91503273033464	-519.1400751983196	-354.8345881485911	-1165.9317712154734	-6164.737276602207	-9936.168845587885
79000	-433.41777362916383	-425.41960186460494	-417.9608850707952	-405.2943434616076	-395.4941996635592	-374.4028802301319	-362.43851884659995	-352.2394315843495	-348.33696909832156	-348.0128214666245	-344.2966719059197	-376.28918874245034	-478.07892305799555	-334.87290312664885	-1049.4949024039893	-5818.041389625944	-9503.49671453258
79000	-460.56071071437907	-452.4847675781697	-445.38988243504326	-434.5275034396685	-423.77793286985184	-402.1052552874078	-391.1551666494108	-381.8647075010045	-378.90818904807776	-376.7676810100409	-374.554468537077	-415.88026414675033	-520.7999151076525	-361.7583169727247	-1176.1834520821808	-6170.056713674524	-9903.10422816388
79000	-485.47338443154814	-477.7062565785616	-469.9673431021951	-458.5600193790407	-448.6428838049008	-427.6357816174229	-416.02907744642044	-406.8759228514889	-403.9347144478565	-401.2970932751966	-401.3444393483352	-446.1585445546872	-557.0216041584008	-390.64714844902556	-1186.4632835945315	-6351.4040607430825	-10028.826006180027
79000	-449.32080277199856	-440.5920340789134	-433.202905792267	-420.6748603611966	-411.0609177997134	-389.8039930717565	-378.2204798310288	-367.3758397016314	-362.7229666735585	-364.46946887045743	-356.3133451447137	-384.6017953170617	-470.91508196019475	-349.35825163957026	-1040.829477675062	-5610.260250163524	-9303.538737770505
79000	-483.96401730348924	-476.4084879997011	-468.23752073986014	-456.911091442126	-447.37169312717	-425.23866570132435	-414.23214137847896	-405.1484912299545	-402.18091346619457	-399.17854833024177	-399.0670756088852	-444.82038213311097	-557.9287914026518	-384.48128552544244	-1242.7146003600326	-6302.361996768731	-10101.034910429995
79000	-435.1076110557377	-426.0668539703555	-419.0439420454085	-406.82090644539096	-397.7066826379222	-375.9490205036726	-363.72578216235297	-354.41845789059346	-350.91057109225176	-350.16331698370897	-345.35380890351956	-381.5472476725196	-483.965008697865	-336.8600928853296	-1058.9104369091579	-6029.0801244070035	-9657.581979086688
79000	-477.21108005498564	-468.23881932085044	-461.5237499590748	-449.1006317297839	-439.7031793873466	-419.1432028180002	-406.9739463751638	-397.5107433311512	-395.06904003794256	-392.8768914196479	-390.6371175450867	-430.80128297415655	-536.1930229971344	-381.2820709733508	-1164.567611127153	-6042.820827762824	-9717.861098906265
79000	-416.737014923224	-408.5501821909132	-400.9396433915677	-388.70062916736697	-378.39566004103915	-358.26720059296343	-345.090800261109	-334.63383880321095	-329.9198318016321	-331.4795812007557	-324.2269042477893	-350.11112905439694	-435.5745548775545	-318.0087919658203	-956.6554694915635	-5666.55374756581	-9279.079963812945
79000	-473.84278954207747	-464.25696767836774	-457.088303602492	-445.23174280205626	-435.71291505893697	-415.1635885936081	-404.53370579380686	-394.20383265063873	-390.7465546747736	-389.2581634164787	-389.10646162130007	-432.64835669577343	-558.9823438348315	-379.10316031538446	-1175.3626141292082	-6153.3438928605665	-9827.992227706642
79000	-429.6651867111788	-421.58425299212405	-414.37580277869523	-402.5548170314828	-392.44830222729985	-371.39959534435843	-358.99030573775605	-349.85256929796395	-346.38264007724706	-344.96957930580305	-343.11355828470715	-381.1961284196663	-479.93901879300114	-330.9849334031755	-1048.7970835471813	-6122.2126273259955	-10015.843160814857
79000	-454.74635567955414	-445.82529424866664	-439.6936368029489	-427.0177807315606	-417.1461638535139	-396.4153444128577	-384.51155614122786	-374.42934630567964	-370.85560071372265	-369.63518905752034	-366.1398104618303	-403.41519527117043	-505.44989053566593	-355.5985251452711	-1092.8426704923852	-6008.712863542351	-9716.901166253354
79000	-432.43833341629215	-423.76987308965676	-416.31213643045766	-404.7922864752942	-395.08369646802885	-372.965010573974	-361.3884962305827	-351.9644294921513	-348.63412728019375	-347.26774418485036	-344.9524270475118	-384.01864027305027	-485.5874520976639	-334.6352396811306	-1078.2817759132515	-6046.875887263334	-9804.301572110013
79000	-441.09139436081483	-432.45512417989255	-425.3859679014502	-413.76817296818956	-403.63473080973904	-381.7850270389434	-370.9177003141994	-360.72265310699424	-357.3116215398917	-356.6172971521522	-354.29952642214374	-391.5623195906711	-491.3660061006594	-344.5877051101338	-1055.6519097980251	-6029.107384125699	-9749.183991358139
79000	-403.1006568854422	-395.01143708658446	-387.35387909849675	-374.94215115252393	-365.454672244921	-344.0878373968186	-332.2505611567169	-322.0878220474598	-318.34909144749946	-318.3138140029255	-313.2871204865918	-345.7657976006624	-430.5731632853988	-303.4750527699887	-945.3660490288532	-5882.2002134051045	-9650.035360662487
79000	-435.308733876273	-427.3433267867688	-419.91825487745353	-408.118676505507	-397.7702903743066	-376.48129672907135	-365.1477417438967	-356.35957819038026	-353.7666230409	-351.1572402709234	-351.8696538431989	-396.41585638685876	-502.5732060912252	-336.2620141454055	-1080.6043318774148	-6172.2362331380245	-10139.994290335033
79000	-448.20796894538995	-439.10533625663254	-432.9091419972389	-420.68524707006475	-410.7133007201439	-390.1354401837327	-377.4628957018601	-367.38738707814673	-364.04933761558834	-364.3684953955795	-359.75072731722656	-394.3661707266344	-495.9276521729118	-352.5639789301292	-1076.740736513933	-5892.4037612912525	-9662.169491079963
79000	-451.40380762619014	-442.87074981460705	-435.6150462972791	-423.70723847103795	-414.3025601214534	-392.1453895082518	-381.1319644535227	-370.95875379197724	-366.3748852384845	-366.83006448796976	-362.54013984465354	-396.6177060341238	-498.4939401781731	-352.69039115806737	-1117.2188518354608	-5746.059859093816	-9454.657018227568
79000	-410.18679551060256	-400.8957212087817	-394.1010463964913	-381.80927519445936	-371.6985269867466	-350.63704577056444	-338.38015975663217	-328.4963468873948	-324.3118710062072	-324.3495109537399	-319.9277713535811	-350.86283011724504	-435.84720162851244	-310.77358209971516	-938.0957334311538	-5871.434938962486	-9604.665837412782
79000	-469.21972502080297	-460.48358413725424	-452.4950421297879	-441.6567613411362	-432.3123854069298	-410.54709763356345	-399.31206350380774	-390.0648544324621	-387.7580136521154	-385.5880088862461	-384.3079873117857	-429.81321343226443	-546.3697529021592	-375.4885784816782	-1160.461260454538	-6019.578132403485	-9819.97674729158
79000	-428.97766594959785	-420.36945688188	-413.0147279979769	-401.65299662938367	-391.71974165511233	-370.2814979553886	-358.6870370346882	-348.4136961875495	-345.28655881560775	-344.30835002782294	-340.8823647618083	-378.2831186426294	-473.7249278775984	-329.70358693318434	-1035.2783589132791	-6054.799092244136	-9816.700170260614
79000	-446.3077658090377	-438.2751622479771	-430.8595399216742	-418.7924541932099	-409.05535316002874	-387.16579157798265	-375.5346242656307	-365.8372174855491	-362.21156589646085	-361.64988015790436	-357.8083240319879	-391.92017160054456	-484.0049611050545	-345.8169367231708	-1091.7921611579725	-6102.043549066465	-9963.307831474724
79000	-470.7490115644487	-462.2535602030565	-454.4964001871627	-442.8799417523845	-433.35196404755015	-411.6761470185593	-401.05264401025613	-391.5732178844887	-389.57191298787666	-386.684065114453	-389.2521067583838	-440.60039651941054	-559.4617382796094	-372.8719470411469	-1220.4624453154609	-6234.815116243923	-10161.00936949841
79000	-399.3454725045499	-391.5651939272812	-383.9729926353884	-372.26547503469055	-362.3271923619212	-340.612520179273	-328.56875568017483	-318.5959483117717	-314.6652783354698	-315.1224448282441	-310.6028658905264	-342.05961842163197	-426.3350823764044	-300.88084657506425	-941.8101917065178	-5975.503057980257	-9660.786456737693
79000	-400.52918029877225	-391.05030104463435	-384.4426181140536	-372.737504907577	-362.26619929291525	-341.13326400786946	-328.81446778292224	-318.0375268515986	-313.50060938280825	-314.9391370800397	-306.7490922600713	-331.9397675310483	-416.96450734864646	-302.95012115892166	-905.9135315140005	-5413.652007038412	-9120.31179320798
79000	-412.6577094793059	-405.251955905928	-397.490774066431	-385.075271025862	-375.3896225279176	-353.53581525649565	-341.907549994408	-330.90391842552145	-327.03573017802046	-327.7570376106318	-322.86106731693843	-354.00760593137505	-442.9455561275765	-313.4500102257229	-946.802945452961	-5929.835846013026	-9728.670361050128
79000	-431.1919170061013	-422.71970719554105	-415.9655094474869	-404.37697872388026	-394.2622725082596	-373.0857326607423	-361.54509542739015	-351.3087610475701	-347.722114596798	-347.13375113001996	-344.43635551865503	-383.1079865146031	-480.53033707254855	-341.919976855317	-1018.4358567808265	-5906.471706915561	-9704.805537442386
79000	-433.20201688851324	-425.8750908149894	-418.5733217575202	-405.8756788722949	-397.10178217791747	-375.73733213265336	-364.4805786790634	-353.62003890476467	-348.9986517048005	-349.8179645424522	-344.66028578031165	-378.53893263098195	-479.21887441349776	-335.5641272301859	-1051.395689489305	-5755.793327246041	-9397.414240806096
79000	-450.25116450532425	-441.52195519670653	-434.1291093430903	-421.8342585448788	-412.40678957522243	-391.5584532745961	-378.74566810448465	-370.3429906827616	-366.8600611585567	-365.2161999536805	-361.7999193592163	-397.9875597960315	-496.91035463711125	-351.7460612536133	-1088.9059860823916	-6281.356132628203	-10051.177826058287
79000	-427.9519267428063	-419.73406923729584	-412.16343487036096	-400.18325625766954	-390.82673293678283	-368.75885090333617	-357.7412355127869	-346.76135182275544	-343.9855300646359	-343.8804372679766	-338.6633921654913	-373.10811755668954	-469.4212848199899	-329.5195013567498	-1021.1277502906047	-5891.7023072628235	-9538.218144524693
79000	-415.3715675355717	-407.44945820113895	-400.6685552401206	-387.23319818481525	-378.1143668189259	-357.33289071054395	-344.87870840016586	-334.39935779638427	-330.21847349249003	-331.2098872063013	-325.32468641005664	-354.8424919194793	-442.67918656189687	-316.4359300906401	-990.6977489639225	-5592.045825826996	-9288.102034296242
79000	-422.1299774460521	-413.7488140055946	-406.9566977276572	-393.666844469926	-384.4553990658239	-363.3580895693399	-351.29987472041796	-340.423237703517	-336.0823424835436	-336.69009441676235	-330.7732233768875	-357.4233566124146	-435.9437238000196	-321.623932756337	-983.5633980241321	-5898.674727350133	-9584.458190497606
79000	-415.931619914121	-408.3758597215583	-400.8877631478878	-388.8633461233512	-379.11397468567793	-357.27026294722185	-346.0613892136399	-336.8043370611703	-333.12360180032283	-331.18900670009793	-330.4666779488094	-369.8454772530844	-463.4668831507705	-315.90452419492635	-1058.2107825802445	-6077.071432520793	-10110.172062428925
79000	-420.47678918785437	-412.3971597450586	-405.27387949137204	-393.2091610212468	-383.07525369603354	-361.81136452429564	-349.77906419436215	-338.81190954409516	-334.9436311425134	-335.8723603750499	-328.7788370348678	-356.6167881967283	-437.5236592252206	-320.2371233525762	-976.7806997540637	-5874.071304226465	-9561.787906861002
79000	-412.327676002331	-403.3690450664535	-395.99203189801364	-384.042310314647	-374.48263403879406	-353.4032094648387	-340.83050915543095	-330.23100202281455	-326.8482828290596	-327.12349208550694	-320.97200694500555	-351.1445273380546	-435.682560222751	-314.37847933924104	-957.5465417763294	-5820.2267254203425	-9433.235001999403
79000	-444.18332358218856	-435.76936230429305	-427.69611545556467	-416.7406033638233	-406.5059367512611	-384.1748545303176	-372.68458373206744	-363.2094019266335	-360.7463124509643	-358.49010597485153	-357.50224997348977	-396.53460410560524	-490.1392098002839	-342.5905882110716	-1117.4588688936774	-6254.0185594272025	-10051.646036494561
79000	-399.8161334053788	-391.5045147610662	-384.2309402979758	-372.1217463060709	-362.2270797176877	-340.9006224648508	-328.5971246118912	-319.68752622477143	-316.45253167715714	-314.4621577081307	-313.95665972748264	-350.9697155132115	-453.7193243521124	-303.12288278551915	-927.2989612301806	-6309.666041700035	-10226.046252062699
79000	-443.5258463862919	-434.77114669622614	-427.8535661164082	-415.612514434609	-406.6359962063381	-385.2455907416115	-373.08268644894224	-363.2708602142416	-360.0761378361842	-358.77522719180934	-356.34321707652987	-393.03651702200494	-489.1771031734062	-343.85368686329383	-1090.0019231190727	-5869.495297199224	-9584.843950499902
79000	-396.79256579478425	-388.0802827906739	-380.99415186160303	-368.45961817351224	-359.23091789084447	-337.91219033990535	-325.56843425343146	-314.77309363654473	-311.2357127080394	-311.6710495645604	-305.9445448497248	-336.48070171882654	-419.626114006989	-296.55396637180814	-948.4390275246425	-5709.057980710128	-9564.68991469585
79000	-430.9595076546567	-421.6398069533798	-415.2449291872718	-402.7361591908061	-392.92326252203316	-371.3917609010815	-358.9417169231656	-347.92838625698994	-342.8607504386878	-345.31319375456934	-334.73231507185056	-352.4581373301919	-426.31431439102704	-330.55821059850274	-956.7224003556486	-5522.473648731324	-8933.353063117484
79000	-382.81656684914003	-374.0137868846638	-367.0781103929981	-354.6850778890432	-344.4753620825596	-323.0060927924658	-310.74000625792934	-300.17922689246643	-296.1254752175212	-296.2144836788669	-289.9382154080217	-315.9554589699565	-394.65161094027576	-282.4397877046247	-863.2119144901458	-5660.445664748973	-9342.229087341382
79000	-431.2417710936945	-422.77361078550376	-415.20099395590756	-403.2556158621129	-394.10694642976426	-372.2588720364569	-360.3395815214489	-350.4385288575205	-346.5928581002803	-345.86608993340764	-342.1775219888523	-377.3888987164411	-464.3695263217179	-330.44756768864113	-1049.970389900402	-6128.388569219072	-9885.273437891943
79000	-428.1200524460967	-419.56336695185183	-412.569288466816	-400.52981111192787	-390.85701599851257	-369.103045045773	-357.42241265206377	-347.22331188236757	-343.7308874729704	-343.74381904027905	-339.14307665057675	-373.82220040915655	-461.3748355443525	-329.8411711039255	-1002.1596057518482	-6050.944773577446	-9924.60543231542
79000	-451.40056839448505	-442.68814106448167	-435.10279605429145	-422.88835837983686	-413.6615223114404	-391.80714354522564	-380.07845393843195	-370.643894380159	-366.69787641642847	-366.187508040162	-361.6674328271559	-396.88737550051627	-488.98914783737655	-349.97137517732375	-1099.452374417834	-6041.716628619904	-9719.953100070452
79000	-413.72404403508466	-404.7098612344873	-397.97535614816496	-385.61970134260264	-375.6700339023298	-354.824215532709	-343.1608727834781	-332.24051819690993	-327.29974031725754	-328.9069812626731	-321.0507954213915	-350.4732571348644	-435.3270683910971	-316.8192751197342	-935.432325911699	-5715.478631053254	-9393.329698199404
79000	-403.8108401977425	-395.44201806707673	-388.1825080627306	-375.7074525786214	-366.2748468888137	-345.296513187281	-331.80921093347484	-321.1377507443958	-316.8280763358319	-318.51844428135735	-310.089836749566	-333.39392125855426	-409.7688666231496	-305.37527038746566	-905.9485284372714	-5594.581027739375	-9194.88521854953
79000	-425.5683331653791	-416.8211861272169	-410.0984124520184	-398.544622485678	-388.04321471285425	-366.6601359146729	-355.2140418093366	-344.7948612788159	-341.7279709638731	-340.3164277991842	-336.61264073152586	-371.4027352850804	-457.14757419289464	-325.52142732342094	-1003.8339016305914	-6084.634781989433	-9857.173430550029
79000	-453.177656016886	-444.91570858487677	-437.06552376183294	-425.18548056972406	-415.3099909182375	-394.6001767073105	-381.88010029089185	-372.7760612070308	-370.65611150678836	-368.73780809453194	-365.50166574785504	-402.7355229500905	-508.11611201133366	-355.98723287256416	-1091.238282374767	-5837.624399523486	-9462.832272635977
79000	-440.1966472829259	-432.05581412374033	-424.2809873253091	-412.57515743416286	-402.4156135535764	-381.32202414470277	-368.9448640824458	-358.65132718496096	-355.0104728037177	-355.3555373626563	-349.59339490548973	-381.0092643385051	-474.76533811750147	-341.2496963236305	-1049.0517789556768	-5727.669393421808	-9530.111323980353
79000	-451.392802718614	-443.1710740687476	-435.6603736283441	-424.01649972265363	-414.17001767384704	-392.4232916138333	-381.63966565901336	-372.61925469920146	-369.03818340343753	-367.00736906665344	-368.1701542498285	-417.4004584228944	-528.363065177585	-351.6244010023338	-1196.3926186451881	-6237.641386324904	-10206.41239014834
79000	-440.00686093201614	-430.3113034319456	-423.3442358363806	-411.75858427779576	-402.01529500178987	-380.1103344841571	-368.72526251050033	-359.76114921829867	-356.5626029174194	-355.04941140106024	-351.9128318529401	-390.36766376071307	-484.55812737857997	-341.2270549885685	-1080.1071933712583	-5961.530838261592	-9751.789163396319
79000	-399.1759741956326	-391.16461883001665	-383.6560975822245	-371.4409558677296	-361.40995329178844	-339.96452170675536	-328.07390135998554	-316.6663948531751	-312.19955049233727	-314.0775657178641	-305.9447280440363	-328.3584083469714	-399.91084763834203	-300.8689942592749	-895.0364722348868	-5622.520985145371	-9299.50215255803
79000	-448.11811118301443	-438.96645783293303	-431.14215794430123	-420.4060588662935	-410.1602099030124	-389.13896324418687	-376.8058507392664	-366.88206523313886	-363.18536611729286	-363.5037599004524	-357.07619809000596	-391.22778032822026	-491.6429027413281	-349.34937481980705	-1026.9960100411392	-5664.594414166072	-9357.689033008852
79000	-434.4966599438796	-426.11802562493375	-418.7149147198284	-406.88596399829794	-398.0965264538026	-375.55164248347705	-364.94044315680105	-354.7508503744874	-351.3038338411865	-349.9467921703834	-347.858387093067	-387.1728892206088	-487.4620710576433	-336.199636608655	-1095.7274869624332	-5852.6324127952375	-9742.344058991543
79000	-430.03899532496655	-422.09096010103485	-415.1211045313085	-402.3438997491719	-393.1664601853213	-371.6670382787327	-359.2607660495126	-349.77680816995	-345.8835702008964	-344.3094926656084	-341.4727286379972	-376.4059129092669	-464.33358941301	-330.5353340805822	-1038.9729413551513	-5913.775870862589	-9656.766824150422
79000	-397.5101250450217	-389.0665571356585	-381.74660726050405	-369.7480960099276	-359.96316952835156	-338.87236226468383	-326.1284935403689	-315.26173265166364	-310.9860924604547	-312.0760171628391	-304.46722311050553	-330.59278132409145	-408.5955798852597	-298.84341227936875	-892.2642794877626	-5654.463417339938	-9286.020142180614
79000	-423.131602097109	-414.5148803057738	-407.4765416653899	-395.41799423031057	-385.1720436092816	-363.84097254661884	-352.05448462707585	-341.18989250680124	-337.5577128501199	-337.47468668495196	-332.97646910384344	-364.29935678111036	-457.2244691582245	-323.3939511037995	-996.4787193489226	-5939.924222464575	-9705.842445601947
79000	-476.1081086967244	-468.6744242342032	-461.0109472793907	-448.91953949268316	-438.9078660703985	-418.0424080853426	-406.48580500527345	-397.67552757904787	-394.4633430643695	-392.3338224204891	-390.1693496089043	-432.92949063695835	-547.4900183756486	-377.88897225114465	-1179.8071294614483	-6155.632336268105	-9854.079777981122
79000	-424.52309508435616	-415.6690333141518	-409.20952570575815	-396.42160538401527	-386.9369602167459	-365.5846206158801	-353.63787925808805	-344.74246777542044	-341.5599767636261	-339.25276325475585	-339.47780086195024	-381.48896362441445	-481.4592864373775	-326.42037864054566	-1027.40487997683	-6159.586596302478	-10125.39933901605
79000	-441.76800289598674	-433.28606734552517	-425.9278716553849	-413.41002187025924	-404.10813503299244	-382.25792826569057	-370.71803845434704	-360.3264582396032	-357.33273735323723	-357.0620305824246	-353.9143056366449	-388.2890693841367	-474.2169517509532	-343.17783978426604	-1052.594201665284	-6110.304747713361	-9792.624912253897
79000	-444.77168701721547	-436.15102097971123	-429.2940700082174	-416.4055792170226	-406.2344703435009	-385.49666497556274	-373.56746494621154	-363.3102552979799	-357.6600040135089	-359.1591762923894	-353.0750782259132	-381.82045582776436	-469.0175433620236	-344.58374212816284	-1048.6824085673973	-5821.448932011006	-9427.068043128475
79000	-439.7725647487428	-430.9302597119352	-424.4428458436278	-412.21733015817586	-403.0728684556611	-380.84250572197215	-369.50707997895006	-358.9682102418989	-355.98821359060724	-355.0956281710164	-352.49317656108065	-390.14928281313485	-496.99370288790317	-342.13111999339554	-1022.397848699942	-6034.707347757723	-9725.792882294969
79000	-419.70386273370946	-410.86100184934486	-403.65096168528527	-391.11646761280315	-382.3616588998193	-360.4671723064464	-348.4714622824109	-338.10126014380495	-334.65298649860216	-334.5280236538265	-330.49091588935534	-364.98697957117236	-457.6320672508609	-320.7694023608589	-1025.9340563525961	-5705.218910917364	-9594.544039873224
79000	-452.501486805685	-444.2566048101135	-437.50564857219257	-425.42615481670737	-415.4559286591941	-393.64825947632016	-382.09811448316947	-372.8102492124873	-369.1549940875649	-368.43024957018025	-365.67076576221336	-405.68588787672815	-513.735721032795	-355.5899765862693	-1115.3988625675236	-6002.102518228526	-9739.644293808191
79000	-464.36717334559825	-455.9208536268335	-449.1676477913273	-437.6546888628236	-427.98043704433337	-406.1660887235793	-394.7542483582905	-386.343540248747	-383.46521851467304	-380.6941093364704	-382.3231128707686	-429.80773229279646	-546.1790141576694	-369.03988993756815	-1166.3477725077846	-6370.711893657048	-10232.943247198187
79000	-401.51746874249346	-393.26000510920454	-385.9531078309206	-374.0780773793656	-363.5920597998663	-342.28232121526526	-330.7279613987459	-320.66917245309855	-317.566714942373	-316.198768844631	-314.9184196481392	-351.1543116508519	-442.0196385004729	-303.73947118148357	-953.3294137148699	-6013.5387366889845	-9870.58029668702
79000	-424.39203935263896	-414.9772872837551	-408.20772782382306	-396.34785448416835	-385.93326872809985	-364.48678849695966	-352.9032617699679	-342.2999821226517	-337.5611486787534	-338.7532684380253	-331.87228873347357	-358.26849372244294	-436.5626298128046	-325.35120680308444	-973.4077347671719	-5574.152702140876	-9109.565646434765
79000	-462.6051170661277	-453.1350014881412	-447.146901505888	-434.3520223709223	-425.09230383888826	-403.50948048704925	-392.0218425367269	-383.02798844421307	-378.89607991210204	-378.0974929861929	-377.2832415824346	-422.55219837097263	-527.3689483701824	-365.45941061199335	-1201.2078335455105	-6177.468490698091	-10007.563151730908
79000	-479.69586278096995	-471.0001029238431	-463.83575119102085	-451.82448700202997	-442.3087140948755	-421.081276452032	-408.8866550299032	-399.4781548340661	-396.20762883848835	-395.08302061145713	-392.1237347911331	-430.68460158022	-533.883417217803	-379.8777456660896	-1205.136239642405	-5947.940897623008	-9652.12808467346
79000	-427.95136275828935	-418.89283186029235	-412.02610469979635	-399.86753968287053	-389.89148949280104	-367.7325892914483	-357.34748580532784	-347.8829601734028	-343.24133740222254	-342.9161718745692	-340.0452377059517	-379.5817534984241	-489.6531133743468	-331.8703382871931	-1018.2022583802913	-5917.792994283991	-9655.401609094833
79000	-407.77810671640225	-399.1797634042222	-392.0031624806001	-379.96191360397665	-370.32514757039155	-349.17922500200285	-337.3389494789779	-325.9336503462916	-322.50108094183764	-323.2442210030279	-317.57950474398973	-348.9289981399772	-432.59247671578004	-307.69504732477014	-962.6665724179915	-5791.947671370026	-9501.577476646013
79000	-432.36859177907763	-423.82920710298976	-416.78246903363157	-405.2204237307544	-394.88897146638124	-373.72111385931515	-361.53807805503976	-351.78944541332726	-347.9378049988663	-347.6462528323587	-344.4424435879533	-379.70958277035754	-478.3244193360716	-333.18494648455663	-1070.4404258990367	-5993.034443075171	-9805.986795824447
79000	-429.52765273346466	-421.67859511524057	-414.7506840344118	-402.3263353851571	-392.2636196667962	-370.8740040112806	-359.801882107775	-349.4471513877599	-346.03418678105646	-345.225676925839	-341.8665342656506	-377.08109200869126	-468.368975067502	-330.76097407266394	-1016.7778642410194	-5831.825155627882	-9584.46764739944
79000	-450.1887303790391	-441.79437964666	-434.1662602907675	-422.82499244293683	-413.2128158185791	-391.6800507409311	-379.94549852469464	-369.2949278888721	-364.83420800782307	-366.0099391815955	-360.62707093169223	-393.5079350617702	-485.5621273463536	-349.4198846401851	-1104.8547161016218	-5839.996897633958	-9551.499648123508
79000	-477.3300144135408	-468.551532095858	-461.6482324963552	-450.58965602337014	-440.6170575624153	-418.6202791905015	-408.2840806071369	-398.34211948467225	-396.71538484944165	-393.382065467184	-394.14539255420783	-440.3475952545515	-565.3770222413824	-378.38104788242777	-1213.7907400042393	-6226.721183895286	-10056.010820724796
79000	-415.88803799749223	-407.45332490994593	-400.0559585325332	-388.02758723415934	-378.0139040679492	-356.9951339910434	-344.92332947250674	-333.6808391965673	-329.2327078702464	-330.580977598018	-323.31784523586015	-351.2063089723553	-430.17520194720754	-315.957156419882	-953.192126024585	-5709.361653883981	-9365.020594229602
79000	-430.78887504932896	-421.9622760193694	-415.06131901093426	-402.99621190499295	-392.97736078321424	-371.44802081605764	-360.140668523373	-350.579576808221	-345.85036239293476	-345.8982095416203	-340.74410744306914	-373.24069881871884	-463.5474675093993	-333.16657379194373	-1012.7030100295929	-5805.643701685917	-9489.960946259414
79000	-437.36979725244015	-428.1515146153395	-421.22161342046405	-409.1981861988023	-400.57110402829596	-378.3882970649944	-366.74960906719735	-357.3507690744125	-352.4507516608847	-352.2430245088009	-349.47500479376833	-383.27556855637533	-484.5014592480492	-342.8128961990832	-1001.0592846000914	-5857.676736373013	-9624.375505700615
79000	-440.9863256013789	-431.9648306686609	-424.2312898379384	-412.92214009295253	-402.7913544445897	-381.727478101325	-369.1738358708701	-360.267388984156	-355.7775438400931	-355.73740152333187	-351.20214346879595	-385.25135666187185	-477.8002999029264	-342.03070648692614	-1037.3937770004968	-5629.299677805046	-9377.12900564934
79000	-451.33506243739595	-442.8424393881411	-435.5599815101395	-423.68030845502824	-414.1292669795423	-392.2726952674726	-381.0318697698309	-370.9301903523573	-368.44557304264845	-367.2060310495507	-366.23605786190774	-407.37880487269905	-513.7032465102288	-354.11162629850827	-1145.344687817673	-6013.664329035538	-9845.445110488588
79000	-404.9278915785198	-396.16251978655913	-388.8168924255763	-377.43038514563546	-366.5858354159374	-345.76731298771904	-333.4041791983127	-322.241871839885	-317.434142537026	-319.4058337709714	-312.05134442872884	-336.58150581075694	-415.89898509556866	-307.4022699568143	-920.1473565934956	-5657.782875414779	-9382.205758887982
79000	-433.3491135283163	-425.3889006839705	-417.61563102185875	-405.76589406929463	-396.3929989719259	-374.9031477945711	-363.1913759582487	-352.75570043441417	-348.96533113710325	-348.3953401269146	-344.61970695936753	-379.2310175106981	-463.67487478603306	-333.8285875150092	-1061.515182267108	-5964.258817861037	-9793.76121630558
79000	-417.8396607844629	-409.5334834258988	-402.1179199499506	-390.29120567758844	-380.9242749987961	-359.2156037305153	-347.16923877482486	-336.98870241405683	-333.2248921383734	-333.5949836849674	-329.103374960365	-362.5805782441656	-449.2465457495501	-321.032667164154	-983.7923314676872	-5705.4581636020275	-9455.19863711718
79000	-479.5785566896079	-470.7568863687348	-464.8052156618091	-451.69603472144524	-442.527908512105	-421.02042111008495	-410.650103423631	-402.2280249998607	-400.1636885369955	-396.0553801135988	-400.68600159278384	-456.0558540923522	-574.9592413539272	-381.90886848591356	-1233.5835437909022	-6827.534232864259	-10796.692044703732
79000	-410.3635496338386	-402.30997881567924	-394.89625718211545	-383.072359406048	-373.23986535834314	-351.5287000530894	-339.71346175923526	-329.5076999778177	-325.2292547941156	-324.9072981259929	-320.6515652706947	-352.81160527406405	-438.8092069850708	-311.3617654656596	-984.6471875461746	-6069.279813915349	-9864.767372252374
79000	-375.28206314507355	-366.7738145908071	-359.80126439090253	-347.6732981902218	-337.60233784497046	-315.89088964459773	-303.3988758616193	-292.42449519261834	-287.18244281816277	-289.5628037173563	-280.83824409499107	-303.90162971421273	-375.68625083107884	-277.3956787624218	-845.8834628297782	-5578.915756361318	-9286.001207694071
79000	-416.40890114909706	-407.76174519317476	-400.6732412819575	-389.28176833828877	-379.2508471933881	-357.30935861440537	-345.3736116385373	-334.9201334191149	-331.23428471147844	-331.5478689587375	-326.0839188569515	-358.11818789910427	-444.272173023329	-316.943025748583	-969.8579730675577	-5848.77839286426	-9702.313289017222
79000	-450.769202758108	-442.1811420559666	-435.2948954257735	-423.6219701903027	-413.856157128791	-392.2171711834431	-379.884437506197	-370.89398153267405	-366.788591535058	-366.10217938912456	-363.7118151043557	-402.4746972621777	-507.1071239563584	-350.28558832269255	-1136.8055308881499	-6077.328186033495	-9907.964025117839
79000	-438.3159203165184	-430.2691032210137	-422.69312554203674	-410.69247001689473	-401.11588163928957	-380.1119411677149	-368.95136481193475	-358.31129470466897	-354.59149490769346	-354.3318557320263	-350.42768799454	-384.1814302233694	-489.29285163921827	-342.9057662501006	-1053.1981409515383	-5846.295680460576	-9563.604290018067
79000	-429.0243807899532	-420.45591221305705	-412.92199303597334	-401.7567464413231	-392.0553258996465	-369.9943101974061	-359.49657322852653	-350.03297576058014	-347.12350562445766	-343.8324147273777	-345.6601659973405	-391.6066937923325	-500.7112550490239	-332.23888996251554	-1083.6917828943717	-6293.751075536573	-10277.45921131929
79000	-424.05201956263613	-416.47499018068567	-409.6582011966188	-396.79656244202204	-387.1008141951176	-365.7079542056862	-354.260110452151	-343.36898106951253	-339.9761658704982	-339.92549612038454	-334.8796916159257	-364.9637250819846	-451.1542154381707	-324.7925339555017	-1024.4147311948718	-5886.80873211206	-9593.71467756599
79000	-446.06320104227575	-438.27117544381326	-430.96401419623527	-419.1557906196192	-409.03884248318275	-387.9254609079145	-375.7578914650702	-365.7627402172198	-363.3026369616276	-362.3763703566667	-359.4694485374843	-397.37281660195777	-498.3209689633461	-347.33700118072574	-1072.1764122546138	-6144.3075446630555	-9922.448627660122
79000	-413.5672099972012	-405.5806168072928	-398.5346030737173	-386.344601835826	-375.9401057441787	-354.5668531763375	-342.64979322082814	-331.7977105000705	-328.47512545783945	-328.933805367114	-323.7374548662884	-357.4063041596529	-440.0595378095127	-313.79972513856666	-1006.4749774007744	-5907.761839351574	-9687.990026799396
79000	-463.16662204296404	-454.843337644212	-446.9136085500733	-435.94296610419076	-425.62437849734226	-404.1968809233147	-392.0763257191438	-384.0071811769142	-381.0047060939587	-377.83677016465487	-378.15158851033146	-419.9770490652761	-538.7453256629576	-366.5628052809323	-1121.8041632091981	-6458.0260481372125	-10191.18960977835
79000	-414.23542853348584	-405.4586105695208	-398.4063744417195	-386.6489194101222	-376.7731151914526	-355.3359659121964	-342.8293681841967	-333.2805169123024	-329.28257665527747	-329.2501008560567	-323.97172840063996	-354.4521070801804	-450.3329992169049	-317.1732889308485	-949.7998692135967	-5854.828420005098	-9519.314831263404
79000	-400.9183789324077	-392.69556838256165	-385.57945925324674	-373.37387086661204	-363.00825107430313	-341.83352591611015	-329.63410298520586	-318.8953067189009	-314.72750167888285	-316.20506463523907	-310.41519329256096	-337.7864167975755	-415.55019923384486	-302.76839506718426	-929.6363463200455	-5825.651200635057	-9666.127225959606
79000	-443.29668421488714	-435.11137279759373	-426.973710274295	-415.40769954469613	-405.09462613664516	-384.3694245758219	-372.0172404939405	-361.83034106831997	-356.922491768202	-358.68105920637885	-351.775638932233	-380.62355438067624	-474.9297083452927	-346.2187949805514	-1010.5040493488847	-5853.614477305647	-9353.355600126788
79000	-430.63203655145617	-421.8714636616702	-414.39370428751425	-402.9772130133854	-392.6427589019228	-371.573829459235	-358.7049145319308	-348.6417786660649	-345.0218529729057	-345.4668266914433	-339.8015432382849	-370.8112323962644	-453.151010528875	-331.1404055762772	-1029.575839001436	-6073.349734721898	-9704.280345488389
79000	-435.1812016347149	-426.26449972545385	-419.09315594191054	-407.6743135068392	-397.5893221768374	-376.43408325179036	-364.7146735496668	-353.7283894178223	-349.5822748452832	-350.8112516166815	-344.6817462317419	-374.9635847831806	-462.8192468633985	-336.92666504762667	-988.513013412637	-5767.633310909332	-9432.736202201067
79000	-414.31498195815624	-406.67225130891114	-398.88082595978454	-386.92853344108573	-376.4563128098954	-355.98439369527824	-343.93155972913524	-332.8884180964637	-328.58993705103984	-329.2761304201119	-324.6940170773457	-352.87130310163457	-438.35274321376096	-315.00176141572365	-975.7924287852343	-5727.324423875375	-9498.872753661324
79000	-443.1984329481571	-434.51788782578745	-427.65633116920384	-415.45111853320884	-405.86679620721634	-384.6224167334618	-372.4409457088048	-361.7997040019855	-358.2488354595993	-358.180642242652	-353.17014275946946	-386.0757117182692	-477.7811621146798	-344.1030996445737	-1058.9141413264606	-5996.966286168166	-9614.202565133859
79000	-469.9894073695225	-462.39483365799424	-455.56369326320527	-442.84602089079215	-433.3800093702518	-411.151377034107	-400.99432802756445	-390.3128137015461	-386.0249489981926	-385.30555826864753	-383.34331927849684	-419.0740800399079	-519.9868844067788	-371.4658684933468	-1194.5726948674667	-6080.235722131009	-9767.13893549261
79000	-439.5171219651459	-430.6231204133512	-424.15490791075234	-411.82766618896653	-402.5951806188803	-380.4826458440715	-369.19618765319956	-359.50850309179845	-356.39176876265014	-354.8666100227329	-353.3388909832331	-392.61399952223735	-489.76953840056274	-339.0775381510725	-1111.9889877908427	-6050.418061186168	-9861.841666123279
79000	-408.0970341586505	-399.8953321861129	-392.43650412055007	-379.74455668081646	-370.50825376419044	-348.6128927963413	-336.24149638524847	-325.16899992229247	-321.002408399487	-322.6771472596341	-314.00930986344326	-337.19343934165005	-415.40503661190667	-308.9692099751343	-909.6731086755063	-5494.11569371436	-9128.948680668625
79000	-389.4964641444059	-380.26242087166855	-373.2410278673255	-361.3853090736113	-350.8226358285071	-329.95987384532134	-317.61692863493	-306.3642304528462	-302.62582662466764	-303.81370585242337	-296.74965949626323	-322.9534488139046	-399.5890344022277	-290.5382797950373	-887.7541300504715	-5634.984823562387	-9319.599013552579
79000	-426.08482394383117	-417.6554848223063	-410.14875323233565	-398.3727174820492	-388.8977536615984	-366.66324860250234	-355.3329765093681	-345.0854162690418	-341.2223039873857	-341.1295760738515	-336.6476975289363	-370.0066271597269	-456.6945097657778	-325.8112521075362	-1014.170936034251	-5865.010415058288	-9743.738469033457
79000	-442.7992217332104	-434.16334091743516	-426.9277402361394	-415.04637985685974	-405.26181236385776	-382.8458106390558	-371.699048427829	-363.002021518361	-358.60916032735764	-358.01446877181223	-355.88623223524553	-395.36597849690816	-487.7080450658826	-343.67428955695317	-1094.443150148474	-6096.0596708822395	-9809.096497434457
79000	-420.43722406139096	-412.12262182874537	-404.8114236292984	-393.01794765095724	-382.73013224121564	-360.92050243851594	-349.006848229525	-338.2234208109224	-334.24398823357615	-335.62264436469803	-329.17516864143477	-356.5454403348646	-433.720334681464	-320.94061857274335	-967.433137351381	-5818.898964101574	-9411.299093208027
79000	-404.51490429152193	-395.70980065755043	-388.40676857334614	-376.2402215209396	-366.3207656353948	-344.6013531414276	-332.43831479719046	-320.43829181680064	-315.16664913027716	-318.54304633485583	-308.28175972660716	-325.99297562234557	-396.29738734982004	-303.8011890042226	-881.9365769976421	-5538.654794344451	-9090.550952428925
79000	-447.86315880846865	-440.67517352088265	-432.9392111431535	-421.1304121174195	-410.8195581734291	-389.45216450106926	-378.06008304221274	-367.58433097408346	-363.7477949962493	-363.9717591202264	-359.60684254791056	-395.6820299624058	-491.6320928351048	-350.6722021656336	-1092.748072523722	-5783.744030537125	-9554.247551802917
79000	-406.8125860507516	-398.5303875483461	-391.5007887988923	-378.99958960926904	-369.0969893814362	-347.804968965098	-335.9799847539023	-324.9763635880408	-320.37089910187655	-321.44434580626444	-314.7498412523889	-341.14395744380886	-414.8986614291583	-306.62532923023724	-958.7977557779435	-5748.599815191473	-9473.61391308565
79000	-425.7232388758421	-416.65915043918903	-410.54375871215797	-397.6829170382996	-388.24836024111113	-366.95031977710767	-355.02572825811075	-344.5447072817312	-340.85604304763797	-340.90959982209904	-334.7736142283923	-364.06519501931257	-455.3137097424929	-327.12196603563893	-986.3501918658293	-5719.9681629457555	-9381.190899860483
79000	-423.15878882433447	-415.19577155446365	-408.1030090144429	-395.1406197787254	-386.14122665744037	-364.49735919990354	-353.19513023401487	-342.82381703896533	-340.3646491328395	-338.5892742842427	-336.4207293521726	-373.40492716226834	-472.7075870512679	-325.2048526086013	-1035.3540192753467	-5962.894811232373	-9912.428515884962
79000	-436.883638443576	-428.68240114507927	-421.56809209059276	-409.99261810112694	-399.67586100341777	-378.50245583796516	-366.526993938656	-356.63639190469206	-352.5421597774924	-353.2189288706418	-349.4157819018824	-384.9128097418846	-477.1680064666669	-338.53862992869324	-1041.184910294006	-5860.274346220978	-9578.841172264787
79000	-404.7061577852443	-396.48207165498263	-389.49548105904097	-377.0594638674811	-367.1271383502124	-345.84892864819267	-333.63828627940865	-322.2713499417492	-317.85163470428756	-319.3228967862982	-310.93178803707644	-334.77230159320567	-412.3047827166121	-306.0134353294297	-908.3194153246469	-5572.143312155778	-9135.276129895208
79000	-442.97625912268967	-434.4055350131072	-427.0055958010376	-415.66011586876334	-405.31700298873744	-384.39707969441423	-372.3483174244849	-363.7972396237394	-361.372550505349	-358.23050740983746	-359.57332517489095	-404.89385617027966	-510.8468278072508	-343.8358697024124	-1137.662359870409	-6485.035685554408	-10473.126776256313
79000	-397.6113702608253	-388.94136132799747	-381.4552880659954	-369.0469272188217	-359.214195293866	-336.99440337755806	-325.4545614771642	-313.8141479830179	-309.3069476308963	-311.53034203907066	-302.7450215473364	-323.9057938778469	-394.59417301429113	-296.849510555041	-901.3231030479271	-5511.153818739889	-9209.779599225583
79000	-444.2030156496201	-436.1474868633596	-428.7628573150852	-417.81691920579124	-407.16030717775885	-385.1694005356791	-373.80157905459976	-365.0397552223312	-362.82176563129195	-360.2125146375812	-361.44013780430447	-407.5618207152397	-512.064380646996	-345.05566593516596	-1132.8072274338008	-6401.432932584174	-10475.216016557875
79000	-463.9183873206188	-456.12515487737545	-449.5740101001043	-436.57831266283915	-428.5297548541229	-405.7641147903531	-393.88269444172914	-383.65424737294205	-382.0440840411714	-380.93657136632413	-377.824800833905	-418.5627591666613	-532.0160848477345	-367.94480569961564	-1163.3392023304784	-5838.569514940359	-9707.035763063483
79000	-458.3152530907695	-449.9859040686185	-442.42148118094605	-430.91688779496485	-421.2809867683714	-399.5842499372863	-388.6904421875664	-378.0508222627119	-374.4752668360128	-373.90064639436997	-371.87340826140075	-411.0228844365382	-520.2652796537993	-367.7945449738274	-1128.4425083149224	-6158.713296222907	-9862.884158090636
79000	-430.3071753169919	-421.85298236865543	-414.4945585143848	-402.51123560865415	-392.5765204219341	-371.0867546833876	-359.10402202688954	-349.8032405885395	-345.6447823794012	-345.66566645932664	-341.9220205279348	-376.2184349802632	-470.20209953685145	-336.55007059341693	-1006.6943883944293	-5934.182678797246	-9660.331052160478
79000	-422.8755877597598	-414.18565335524266	-407.140307138417	-395.1579391489488	-385.429157862452	-363.60884554891896	-352.64392326577246	-341.4045611946875	-337.8382816275296	-337.66425015827434	-333.8553716385501	-369.8171816348648	-467.5789786457218	-327.7059205706911	-1003.8913888178698	-5934.375900604233	-9674.833931819505
79000	-436.92714344126597	-428.54913244458595	-421.2775904266243	-408.7901791106483	-399.5047933475037	-378.2127654765162	-366.3977484297706	-356.15640656008895	-352.0619031738759	-352.11501539379185	-346.77315213885197	-379.07591511288285	-475.79671789296685	-340.0912239117816	-1047.4001601591474	-5871.670891267363	-9586.051682382424
79000	-464.4113536943488	-456.29771763111296	-449.9421122275141	-437.3716846015261	-427.58367357789314	-406.7824795565104	-394.5074676191164	-384.9581677222722	-382.24265361239674	-379.55943570269136	-379.72964318200815	-422.36102038856836	-526.7291634102697	-363.68225660722	-1176.5674371341427	-6270.567829525134	-9978.492932615363
79000	-419.108513769541	-410.6359325644083	-402.8019185182338	-390.53263717596326	-380.74416807652193	-359.45607619680084	-347.37793818658804	-337.8030481366348	-334.1693859523121	-333.43009889685806	-329.93804739449774	-363.08831568300633	-449.70240187285077	-319.30295037170407	-1033.8293993786367	-5974.353506046966	-9705.150467559972
79000	-427.79384190423184	-419.53925154472716	-412.3620304194906	-399.8592413051492	-390.20828533123597	-368.6648271615081	-357.07908841912445	-347.4666698701857	-344.7146025420709	-342.41112705795933	-342.4457784847181	-381.3518665229397	-476.24831678560514	-328.36255801390644	-1038.4438756630182	-6203.999618149366	-10064.815485359582
79000	-456.1080945406225	-447.98236606221127	-440.8317155903415	-428.39075259859237	-418.56888755766255	-397.27328301194746	-386.2100941294537	-376.5263455280007	-373.6712662711582	-371.6572083627949	-371.49882202010707	-416.1204910635318	-525.1841537237716	-356.6192816838177	-1157.958361024193	-6279.862028094478	-10195.663099346213
79000	-400.4258642646651	-392.110817939967	-385.2061157983939	-372.62400571932096	-363.0685402452664	-341.7335739606296	-329.27822772710863	-319.45525490681223	-314.9999416820508	-315.54920483764215	-311.17215145561096	-343.9942564755927	-437.57225343305413	-301.61184525774365	-947.9023536828815	-5891.8990076288155	-9741.928218764244
79000	-425.60668548187823	-417.605734372053	-409.86284439442346	-397.38187280743807	-387.95838914403026	-366.98476518121055	-354.7694589677582	-343.3907793824019	-339.0413918684766	-341.2876700698061	-334.0922618187108	-360.67056016605267	-442.0136108948917	-325.51229948565026	-1005.2908197315661	-5821.295761015797	-9498.991655355101
79000	-396.0039905383339	-387.4059821869301	-380.23590566401816	-367.98187191875354	-357.6572754289924	-336.5357112331953	-324.0685474523164	-313.4003676606497	-309.49217814321634	-310.1064848658997	-303.0806262604285	-330.2762398634207	-404.3111679231194	-295.14227617320796	-922.5725035574216	-5925.714487887266	-9695.23707854696
79000	-467.18936817256923	-458.62054944842833	-451.976577869051	-440.2070494121373	-430.67715999836025	-408.92901124880046	-396.96854338017636	-387.4021059848505	-383.52424829796433	-382.93361223581377	-379.1845722158229	-416.0717353822851	-523.7327974014498	-368.6504556143298	-1159.7526630999378	-6031.091189810341	-9631.666857923048
79000	-426.3944239129641	-417.9281991792213	-410.8088288789982	-398.02490275351295	-388.3939855488377	-367.1264491667075	-355.6923300493595	-345.1387947559292	-341.58239935796695	-341.3600962638738	-335.67610439274677	-368.0245779621654	-459.45057513761753	-327.20277206922356	-1020.3558943341611	-5855.361095540931	-9533.492391121727
79000	-422.4658603793751	-414.8394531793037	-407.6144265467506	-395.56410295095634	-386.2122906317684	-364.3020903666654	-351.74240130412926	-342.65614271634064	-339.8061288383372	-338.78569754187976	-334.9079431472475	-368.3975235532805	-464.47009279374544	-326.4177094428377	-988.9033903387043	-5845.800624297469	-9565.12025948221
79000	-407.9823656549817	-399.73457659734044	-392.65274527187813	-380.45626600035996	-370.43300414274375	-349.23676109866716	-336.97916977244165	-327.59177071311893	-323.76396069587486	-323.1571694168243	-320.5965884975695	-357.3453690755838	-447.75966519219776	-308.0538199396082	-985.5342956395976	-6156.394065163315	-10065.80329102499
79000	-434.3787846361072	-426.1674797715098	-418.9708315334364	-406.2928300699068	-397.4102555779554	-375.4461556410266	-363.7526591277174	-352.95046424527095	-348.8184232079708	-349.5332998877618	-344.6790857525464	-375.89230354122145	-460.684149710735	-334.1058244235101	-1055.1762280063115	-5944.687053947183	-9666.86419414331
79000	-409.13741017200425	-401.3988226817223	-393.50234942192475	-382.1102755108092	-371.751112771964	-349.7843034612722	-338.7015092596186	-327.9938267562856	-323.90871326596573	-324.46920208402497	-318.6454672180885	-348.0388645887811	-427.4783114319822	-311.03685921479916	-956.5390313318622	-5749.171045058662	-9486.851308698266
79000	-419.5091470874444	-411.52548246398965	-403.9079286542705	-391.4863855184211	-381.8937790428983	-361.0234416440398	-348.21152005664914	-338.0398636857356	-333.8889938761413	-334.350726565639	-329.6041843947362	-358.0623708561078	-450.4240458198571	-320.6494004010021	-951.6539438146646	-5731.919654698219	-9407.870603802712
79000	-424.86878472771866	-417.0650995861837	-409.7518833877397	-397.8573556565407	-387.8420302864842	-366.24240493537684	-354.47877553180166	-343.5966548804659	-339.6492539484738	-340.2814373411178	-334.28077142841926	-365.0415008811663	-450.3265971347971	-325.322281840806	-1008.8601946390714	-5820.50028558166	-9452.611436145988
79000	-401.14938373899923	-392.9695752721545	-385.5327259724202	-373.7070677351163	-364.11453051781297	-341.69422930385633	-330.18403664047804	-320.0247209514088	-316.17127269279695	-316.33071344686977	-311.86399023822673	-344.13998730263495	-426.4608115948134	-300.8834133058625	-961.838129169512	-5963.790376601362	-9921.12328926559
79000	-417.57114359004214	-408.17434126744166	-400.94697255128455	-388.5600694542783	-379.8369596364355	-357.9235443588045	-346.24208480082194	-336.1148894347184	-331.9309087516458	-331.97712450729387	-327.37169980538965	-358.9653638110168	-453.0459080948708	-319.4480871651398	-949.5497434482859	-5809.443886470601	-9465.179182021287
79000	-430.19339649286246	-422.38932369006784	-414.72136435059093	-403.1028481316142	-392.5716861637274	-372.03475662552813	-358.96529920726994	-348.30228786495775	-343.79177954244636	-345.03327279032686	-337.64977936455585	-366.945808102022	-448.27791793543594	-331.88532505164267	-1011.8621166458331	-5904.623226103373	-9530.022661877223
79000	-432.7655820108778	-424.4382669970881	-417.8995843295099	-404.8153452102491	-395.03624688944143	-373.3759973083111	-360.9822926337294	-351.21943450923175	-346.9091612982162	-347.7890762707436	-341.3955006555063	-370.22647672539745	-462.77063865975896	-335.0993376638978	-1036.2114462905133	-5784.342989417789	-9536.575813400967
79000	-404.425875958327	-396.30523361288687	-389.4879295089899	-376.69596215845513	-367.61828443192223	-345.74157658331256	-333.86814594414494	-323.65424393324514	-320.827629822771	-320.2060297363272	-317.1971806560977	-353.21329532239713	-444.536652229685	-306.9621020608792	-976.7404608438502	-5930.121988290761	-9863.950060169303
79000	-421.93220229221896	-413.39053716399997	-406.45001579824026	-394.0658739235722	-384.2961980106812	-362.83984083339544	-350.6623990835223	-339.8938181124806	-336.03765028208625	-336.6539343216269	-330.68197841876713	-359.3461278916758	-441.81167805334906	-321.1587110017495	-997.1205046150874	-5888.696863327807	-9609.396447962567
79000	-463.3854058698969	-456.0003814517787	-449.5479972702403	-436.9866720396599	-427.2025239254697	-405.6615987658336	-395.3187489119474	-385.9949191401557	-383.744166887437	-380.799965864751	-383.81316694086894	-437.3047236358339	-554.4492189119491	-365.4863568484845	-1211.8269629684783	-6552.840877762129	-10566.158498389112
79000	-462.2582002802665	-452.65269139598087	-445.92935566247996	-433.750064180447	-424.2047007098196	-403.19490704182834	-391.1455594851424	-381.6747178813147	-378.1231403906323	-377.1507297198039	-374.749609649851	-412.61369912028255	-515.5899757172461	-362.61489342135894	-1138.0024449778653	-6020.872880814771	-9693.900239904888
79000	-419.566299053222	-411.62411310703425	-404.49636143528284	-392.32883898921034	-382.43444116053365	-360.76859324397003	-349.0429430299589	-339.280059462079	-335.7779091585163	-335.6431342168849	-332.0779639659222	-365.54599665510887	-452.28093996529935	-320.24427622189813	-1006.4665848455259	-6105.656586591043	-9968.829170512785
79000	-380.74411919503586	-373.1947598403815	-365.67230860129115	-353.1598166446007	-343.2029754330092	-322.0869542640239	-309.5035858937206	-297.96249596016565	-292.8798989814839	-295.7643057251358	-284.62605726795647	-302.5120361892333	-367.26847577779324	-281.7820000973098	-833.2034065117751	-5427.787047822279	-8957.189007233434
79000	-414.1622392235789	-404.96324454757104	-398.5031826645806	-385.93360853057163	-376.99550733538575	-354.9700783911089	-343.20070412390425	-333.267940282999	-330.11479054499654	-329.1442146095455	-325.4379272030374	-362.0800411705345	-450.80816944587025	-315.0458237781308	-990.9131522276367	-6082.590916173874	-9843.339151049682
79000	-432.49201372674554	-423.95644669439946	-416.7663091151774	-405.0982197151852	-395.2544237427491	-373.8044883562949	-362.11685177065095	-352.2866100814028	-348.30155418314956	-348.2539532423244	-342.5668390424201	-378.53499960517576	-476.72241862124673	-335.5470917753621	-1032.6277563728027	-5815.37545369292	-9526.312954872552
79000	-469.45084896039305	-460.31738934831225	-453.0144993179047	-441.5818308795965	-432.31805173752167	-410.23654058660094	-398.7637338220719	-388.842369825403	-384.95150872313246	-384.3866617005013	-382.20939233200824	-421.64424528796417	-519.7055254654393	-369.53530147617533	-1146.0990380541982	-6250.643275933456	-9957.326530533559
79000	-429.48355615225597	-421.2656529189875	-414.29102873057826	-401.8116680910981	-392.2250297310595	-370.6931661444424	-359.568831223469	-350.4115431700635	-348.17543511966244	-344.73145845808	-346.3401887969635	-392.0512640977262	-491.47959901512814	-331.18127468421903	-1079.1393266650305	-6444.978748333274	-10409.982152790379
79000	-442.06370864767024	-432.7949009781944	-425.43267664680246	-413.2648245213019	-404.4531215043002	-383.5791794538919	-370.49676798414566	-360.6300841783003	-355.9303510024341	-357.3695083173434	-352.02856869968633	-383.21003914018615	-480.32915035305876	-346.4741388511105	-1007.1921525521824	-5687.688187623769	-9498.106514470397
79000	-453.28499494562567	-443.87440688038885	-438.22899897552514	-425.8354175627951	-416.3839869538491	-394.2028764999968	-383.1732682608534	-374.15134480430936	-370.6451220043032	-368.6473708720467	-369.322289202073	-415.4827395448109	-535.4258790588094	-354.2366003332754	-1132.4542036368966	-6345.392113831135	-10205.838752537937
79000	-501.4934670125276	-493.0174829583553	-486.04719894944566	-474.22993996372725	-464.60427869364787	-442.96148302250987	-431.8795831983766	-422.77334038141294	-419.1808067422769	-417.16676966995027	-416.800919725346	-462.2464689518113	-582.8364824435948	-409.23420462055446	-1247.7905917520984	-6089.505772437166	-9664.691390164211
79000	-395.842326241888	-388.5011645526567	-380.92747164494773	-369.1272490849376	-358.8232894246195	-337.31921191815843	-325.1860196591195	-314.44196792448054	-309.59121676683134	-311.3688533208154	-303.4372809821206	-327.8792296896315	-402.57102518844357	-297.13072678147785	-903.8892885870432	-5659.985566440449	-9280.346473334588
79000	-413.46846157284506	-405.24246810679557	-397.9422669643157	-386.7109043275194	-376.79516067169385	-354.9964541537327	-343.18496177714064	-333.5411300534408	-329.6394973241687	-328.48982084530843	-326.20707518190443	-361.20292171407203	-454.19085651238476	-315.5425457722372	-990.525850292615	-6060.255704681876	-9846.394593395706
79000	-429.59152983032834	-421.7982733245355	-413.68954063625546	-402.3183409157182	-392.65736291853017	-370.4470831811194	-360.1075669462911	-350.60687739976976	-347.70469976372317	-345.32453724495485	-347.1230366214713	-393.4860766335092	-491.27017421270045	-331.8382283509345	-1068.5420727987175	-6475.5942842738705	-10398.531587882713
79000	-419.1281822086541	-411.381813346867	-403.9460832689761	-391.55560994139887	-381.8050266040977	-359.567757826117	-348.1506575857963	-339.0065313786015	-335.19959569026497	-334.2215483194288	-332.144393336776	-369.3407733076379	-456.71744627675736	-319.141481779286	-999.9776745560459	-6221.655827201809	-10040.321125747088
79000	-406.45028551953317	-397.195702763147	-390.02656578762554	-378.1817327187573	-368.2454127893846	-346.9349240886305	-334.3243565157702	-323.8836636019338	-318.7852868951484	-320.132233379118	-313.0535791008619	-336.7452904530148	-424.91273825240893	-310.30256001404365	-902.819803202589	-5536.544979340278	-9212.058160380877
79000	-439.5476133655516	-431.7234884673944	-424.34549188915827	-412.0821341507466	-403.74540302953733	-381.2904148295692	-369.4898584738738	-361.0404784218682	-358.6614620288891	-355.44989453188	-356.4528068446554	-402.6221003959545	-519.9551409034071	-345.68281581568544	-1076.5236135857147	-6258.818452318193	-10125.299269267127
79000	-460.462156017894	-451.786755468795	-445.5107634458507	-433.13683050036025	-423.8040709706356	-402.1620500803542	-390.58639198830394	-381.11535070937583	-377.7034513080038	-376.04597892998055	-374.10671308909474	-413.97179862097886	-511.68837559905484	-363.1233959082717	-1150.1705266166578	-6238.2805929215065	-9900.889953208252
79000	-430.4247646545401	-422.01082973835764	-413.9713537647596	-403.0020340407258	-392.5181526276838	-372.0033407546309	-360.3187793560201	-351.8887780862474	-349.6167960435955	-346.05074339907435	-347.0007995715897	-395.30685180807467	-514.9506684673714	-335.1033285115038	-1073.526446917741	-6271.690420932132	-10191.269919254204
79000	-444.87313546849305	-436.3799040530827	-429.56504743743557	-417.6363465515716	-407.45757307130754	-386.34524571763507	-373.7112479573787	-363.46720253971904	-360.10766593639846	-359.9118708802677	-354.1274790155422	-386.3438963150004	-472.1292233559316	-344.3357543392716	-1060.4955117369561	-6123.749581418123	-9679.507088844144
79000	-438.3617578267103	-429.6918451419353	-423.431174259325	-410.35139204694747	-400.59318753906734	-379.17757940278034	-367.1946964574006	-356.776668644746	-353.50213811779605	-353.6305641591732	-347.81415695112673	-377.0092413637733	-460.1070376022538	-339.2176882056173	-1035.400730013529	-5835.44571392954	-9440.91949449148
79000	-417.18537745733255	-409.0714963844737	-401.4882602051759	-390.0059350176026	-380.06341546262706	-358.5729182604237	-346.8568017434948	-336.7180004644795	-335.0683903757178	-332.9142109915497	-330.07601585521303	-367.6238306079395	-472.26609176970567	-319.96397850452144	-1007.656931445384	-5993.243334188194	-9779.902720061345
79000	-438.78274899555447	-430.98173892442804	-423.25213830362003	-411.06676476185703	-401.55284516809905	-380.01492361517353	-368.27496312000676	-358.2719558671685	-355.7737602326668	-354.6439107107998	-352.53281624227736	-388.5104325774721	-485.1798578394738	-338.6852217207413	-1071.470238988934	-6181.955636584393	-9837.684261388147
79000	-466.2797752571468	-457.4199986060681	-450.3345765532395	-437.91643471193834	-428.29344186382315	-406.67231486921946	-396.38263138010353	-386.7211910657176	-384.61659050997014	-381.35110106161954	-384.29054433098827	-433.17089277463464	-546.7761767286541	-367.90418203156406	-1195.2212185384626	-6541.801875484995	-10344.013388769947
79000	-445.0931094823387	-436.2242321822432	-428.9712808668067	-417.7240002672703	-407.5765799841013	-386.8468249930129	-375.3870754580626	-364.3754233841436	-361.407538978066	-360.71306630464164	-357.6028380441852	-394.0757697765912	-491.5458627798641	-348.364643757067	-1091.2490967337285	-5811.412824793025	-9642.316734599272
79000	-447.3701499143537	-438.77936511408524	-431.5769326615991	-419.29998714162014	-410.8305483160311	-388.54669039223546	-377.14008426842736	-366.80103778513524	-363.3162113665143	-362.7707899844615	-360.4960645862889	-401.4859119904193	-501.5795094984864	-348.2061876797599	-1083.4198867259518	-6107.50683900229	-9917.150913268732
79000	-429.2314942937842	-420.827122021545	-413.8905530492888	-401.1446807887703	-391.8323296418967	-369.9343229601586	-358.6404423100045	-348.07385910204437	-344.22665216736556	-344.4325121004072	-339.94833029455083	-371.5407028644678	-462.0812029601978	-329.94242005277084	-994.1620932763234	-5916.035932310705	-9528.935513799302
79000	-462.37552519741746	-455.06535837554327	-446.58514737801255	-434.55231235951544	-425.02295352932305	-403.3107065807657	-391.8752142246023	-382.9463540940645	-379.7770177170299	-378.3479781260784	-376.59318728762696	-415.9377845161398	-527.1425979033869	-369.041737902768	-1098.9379247950658	-6228.43888939427	-9991.310394573302
79000	-458.84901538108636	-449.97780389412833	-442.9953492072489	-431.0998230456588	-421.30811798569573	-399.86313992328786	-389.1592494572803	-379.400687681815	-376.7810328423544	-374.2008621728247	-374.6755601920266	-420.80173076701396	-522.2549976463408	-361.334737060515	-1155.81227734617	-6282.024074131471	-10203.629213586053
79000	-391.1909359972858	-383.3600295178566	-375.7183858364264	-363.51965080534535	-354.0967028665033	-332.4316213334833	-320.1677559393067	-310.3328655903745	-305.98874620095927	-306.69357479660135	-302.45507491561625	-335.10941256992055	-418.02268007897345	-291.8798005118529	-926.07820092526	-5920.876672553793	-9847.563381809316
79000	-445.89213787940145	-437.3169976632155	-429.91174101582914	-418.18345545422267	-408.01773107845133	-386.69239732803953	-374.83474009196766	-366.19719487387994	-362.7707206325239	-360.5228914478899	-362.36538795687574	-408.416681324285	-517.6947687147538	-347.40894910233703	-1139.776933130902	-6198.950616352679	-10036.641225743922
79000	-448.33778083366843	-439.75103635110383	-432.7253186350136	-421.73948728819573	-411.6405124139646	-389.8634424978639	-379.3867717527959	-368.5615871337465	-364.2208455389953	-365.01406326992657	-357.96608205015525	-393.47303088818836	-492.2449536262141	-354.86645236467865	-1085.0577865319688	-5671.6992796982295	-9312.349685526235
79000	-455.56254497344133	-446.9950319951615	-439.7020511633804	-427.8942649367734	-417.417047147872	-396.3121593048995	-384.55574863409913	-374.667440204028	-370.3978362696731	-371.15821412336885	-365.72437260850694	-400.86926350497436	-499.32359566871673	-365.63086073303884	-1063.436798318276	-6115.393676891299	-9783.006349163788
79000	-441.4310465989926	-432.9460202849486	-425.751964180579	-413.8075258754094	-404.4047490852721	-382.6450585433122	-370.61000594042986	-360.35316994841133	-357.9876787756365	-356.3975438273255	-353.8468820554854	-390.9054686588063	-484.02475625671815	-341.0266654182756	-1099.884874423542	-6021.2709047498865	-9801.552005968755
79000	-422.50806207342777	-413.5754675548878	-406.9334161686301	-394.02098383462703	-384.420294654823	-362.9923219016715	-351.0979096902988	-340.6137053616389	-337.10257393819046	-337.6345763090614	-331.25379888047183	-362.02280325047906	-445.73875383693047	-323.1637741727879	-1004.038609903862	-5819.107651596661	-9625.965009369498
79000	-391.8004192431391	-382.8243041709159	-375.95288303538365	-363.82217770057434	-353.8457653566654	-332.6110145513177	-319.552679883512	-308.8335379272497	-305.267814914401	-306.0170957528136	-298.8668819562029	-323.603515974259	-398.0766907859929	-291.2843036232829	-861.0581399151159	-5640.579820165789	-9483.135258760014
79000	-457.8998676043507	-449.824001313382	-442.6626142457739	-430.9460839547455	-421.1287468927288	-399.8812131960342	-388.4057917603862	-379.37567729204426	-374.8063655507919	-373.8404182681612	-372.8910653767553	-414.1609263618707	-523.5494642880238	-361.5555576502042	-1147.7628840613975	-6050.930930115309	-9745.9115050802
79000	-440.27643539740194	-431.2987299159928	-425.09254708723046	-413.13493459046106	-402.23606429459517	-381.7851542969958	-369.6776711325038	-359.9029878349063	-356.15778272522135	-355.5411961548613	-351.8709863547866	-386.92527887389485	-489.8830715602843	-340.31252920659847	-1092.838185154036	-6138.312770231391	-9969.906249938811
79000	-423.6617916747743	-413.94417797780966	-406.682294731603	-394.7384681800622	-385.41103794607943	-364.0156914798578	-352.06841584892464	-341.7544646997982	-337.12619605549327	-338.00787334097953	-331.68811319822544	-360.6536556999075	-444.630001172305	-323.25495154366376	-985.0823137201812	-5706.603066434845	-9421.61390175303
79000	-398.54922049053977	-390.1485907022356	-382.7490461192311	-370.68116467090704	-360.8851979695947	-339.25750840387195	-327.59387036099605	-317.43888663635573	-313.801701402624	-312.8793274046755	-309.89120249064024	-343.9484854133881	-431.44086510845676	-300.6630940196558	-952.2211726093119	-6027.282146244767	-9817.067049422552
79000	-429.7114472263426	-421.53721315552457	-413.1953709453683	-401.58832552096453	-392.4412291207281	-370.67375386109074	-359.6035917593585	-347.95286366792806	-344.8507576807449	-344.4524707918578	-340.8437929009912	-374.46908174207687	-459.54165279462484	-329.4002185325361	-1032.8333332346272	-6038.162707320285	-9723.244793983167
79000	-448.6763421597859	-440.2905238570799	-433.3864148084098	-420.96713551271966	-411.54391523701145	-391.0179460230287	-377.77185624518506	-368.4607883111502	-363.9482907671755	-365.27625412854303	-359.7707896220954	-392.99857560316536	-504.9487450278712	-357.2825261410136	-1011.0954945414468	-5616.087900653342	-9157.202571024183
79000	-415.35267466407464	-408.16134116828425	-400.6773921008209	-389.0580046820023	-378.7971633576495	-357.1873607973515	-345.2992635159099	-335.602843539364	-331.5282896712139	-331.24813423342704	-326.8491310423877	-361.84768966938026	-454.7837866766141	-316.6542094908976	-987.2687521717635	-5982.852839528655	-9943.056911156144
79000	-441.70732599621584	-433.39361939414897	-426.8952299673188	-414.8399213558462	-404.2086282632747	-382.1485702257868	-371.18656342088036	-361.15754997110685	-357.3247871404872	-357.13954467960946	-353.71945185576874	-388.568188053554	-478.5278653527935	-341.5397834035014	-1088.7059170272166	-5979.185222840608	-9656.827163116797
79000	-396.1858526486964	-387.95873054081926	-380.3248197389127	-368.1826274577337	-358.360489768267	-336.58026841465716	-323.84420792983576	-313.56611930031386	-308.9333065669584	-310.4665357273507	-301.80352348223795	-325.30787320685386	-398.1699298424306	-295.6235082591904	-893.1009650631433	-5486.6579707235305	-9259.356093342833
79000	-435.5384479364014	-427.6366983957446	-420.4620822004334	-408.5670451870433	-399.1763365407751	-377.0215062527665	-365.3662764175067	-355.46024170708876	-352.1483352795634	-351.11152908068567	-349.4460231212159	-387.6871138330605	-480.0679186950522	-334.417652680445	-1095.6442678134767	-6171.413619541609	-9939.532263270296
79000	-438.1074237650444	-429.79588229482215	-421.8944987598672	-411.1355617684686	-400.8026062968096	-379.5944024413422	-367.81242560758636	-358.38867220306975	-354.4619084479824	-354.77130195955306	-349.7950378776927	-388.954831311941	-493.1538981482281	-341.26130596748095	-1042.7258143581066	-6113.926427408143	-9887.714529581583
79000	-426.8028690380505	-417.5541625383377	-411.3656910647581	-398.96931237296053	-388.9781605341633	-367.48299311123543	-356.6246815344538	-347.48768455944827	-343.2692429609276	-342.2400589744509	-340.37894968560664	-383.24668580091554	-486.6293969086609	-331.36077787929383	-1014.7947610268994	-6129.552631031665	-9913.982074310466
79000	-472.9734541380662	-464.5133488782817	-457.3252363025893	-446.0349227102504	-435.4033297713239	-414.3405443803194	-402.31322531619884	-393.96213597504084	-390.1755854602083	-388.535118886726	-387.35534247343224	-429.3567805372445	-535.2743928175494	-373.9980694277939	-1209.3702136892555	-6195.825386994507	-9908.334171716218
79000	-457.5842470260829	-449.2885526663176	-440.9542970774111	-429.2076234303364	-419.71705175083866	-397.722610715192	-386.58343941726446	-377.8858967076821	-374.8005230079426	-372.82349472644745	-370.2674726622354	-411.3867860253838	-515.2412277143324	-359.7599262165008	-1142.9931368282064	-5970.080350352873	-9761.42472614036
79000	-413.5008156270596	-404.1898473914205	-397.38837064002377	-384.683381421527	-375.8625319234501	-353.0894094129562	-342.27370376230334	-331.62346577962234	-328.35737007846024	-327.87608350822035	-323.9270188362437	-358.65550730305847	-442.50453888829304	-313.41909425722434	-973.2251062695793	-5944.492073401442	-9684.375730231284
79000	-427.9553950642273	-419.56226619731893	-412.3903182330019	-400.68812213249635	-390.9320066659429	-369.1966628196734	-357.44471808356303	-347.4568856319959	-344.6469949396746	-343.39017228151755	-342.0975678907757	-379.77994279025484	-494.8376705173317	-330.50957961764993	-1009.2461940164388	-5975.06529318034	-9794.639847148677
79000	-438.1517315536124	-429.7661934387734	-422.6530539682398	-410.78671886812185	-400.97817539180403	-379.2110602646326	-367.67690576708026	-357.6439077953691	-353.5227699599668	-354.05391383074635	-348.34536621178637	-379.8185377576211	-479.4499061880636	-343.57826859126374	-1011.6672397656386	-5824.016267903114	-9450.788396718033
79000	-436.5236602544825	-427.7543843053414	-421.1617695195694	-409.0278488557966	-398.8315478839958	-378.2395585903229	-365.71891622217595	-355.23159217123873	-351.5633386035959	-351.7402298754014	-346.1575392507689	-374.6582813828788	-467.90922684776024	-337.9008236771887	-1060.423484737347	-5799.259443834878	-9504.954463190032
79000	-462.9318392207877	-455.0405422253668	-447.7245486536511	-435.45234009620356	-426.13682410674346	-404.6420502896135	-393.9883031728794	-384.21926923288095	-381.8447604767193	-379.03760115607776	-379.2980506174266	-422.9200482843459	-545.8648968584027	-365.13502002340846	-1158.230471470932	-6178.776137051808	-9908.882180885423
79000	-383.19820994738063	-373.82739448878897	-367.0212713588956	-354.4316147666033	-344.95955485296025	-323.5717986950613	-310.98047898317924	-300.51435306959945	-295.81887148218215	-297.3625357853746	-289.5065548807814	-313.9588561551623	-390.1732443048534	-283.26512103601823	-852.4213040992988	-5686.938529919264	-9441.423959966362
79000	-447.20461622490546	-438.135905293145	-430.21586889588417	-418.73418095309626	-409.5430598103095	-387.4716901357705	-376.110637200005	-364.89390290579655	-360.50700874503826	-361.58619046173277	-355.0448099358929	-382.48099497816503	-480.2495360767355	-348.58406677916764	-1063.7838398398114	-5791.79087725947	-9401.74005540472
79000	-443.04818983013075	-434.38254839744684	-427.73653012506094	-415.11809084722677	-405.80458560418134	-383.913637575087	-372.31488897766013	-362.2024353733565	-357.47992975264117	-357.71466358271374	-353.6690817247954	-387.6466433909814	-473.3487175436489	-344.0064863878312	-1064.9486244550596	-5923.709688841878	-9668.756360514786
79000	-400.01840281309103	-391.4521750318739	-384.8568918233944	-372.7569917511031	-362.47709142013196	-340.94321313666563	-328.6328508595274	-317.68072612789126	-313.52714248052825	-314.6731869255752	-308.5444991791395	-335.0349794150197	-409.001124234242	-299.48220019211254	-936.8568591497179	-5984.0346598371725	-9696.80853219697
79000	-434.3079979737168	-425.7027028252962	-419.0900367057097	-407.07752419039366	-397.33846465158734	-375.45274967379225	-364.2524129920939	-354.9861685164386	-352.545711975371	-350.00535355124856	-351.40349719653125	-399.4493842967928	-506.39813420711727	-334.5051334538473	-1119.7978501959515	-6451.233923166983	-10490.303871732041
79000	-416.2498845013002	-407.6234172709218	-401.0393541044638	-389.1788216194102	-378.2513662912363	-357.94485177690325	-345.3675314836733	-335.52859291641045	-330.89230412239317	-331.40272298105236	-327.3681793355846	-359.05228832860973	-456.69227048871534	-318.8001592439949	-993.906420237598	-5768.947267084434	-9492.278397485758
79000	-436.2289124058885	-426.64415582562845	-419.51092996098026	-407.7641626038122	-397.9384306149693	-375.96713841011785	-365.1711648372632	-354.26037661653913	-350.1794231932131	-351.0475235737497	-344.2963688124953	-375.7439965673392	-470.85907317742596	-337.40926032026465	-1037.6030729767645	-5709.7601776712745	-9318.6617131707
79000	-427.8672723334727	-420.43986873746263	-411.9115815580678	-400.36218647440626	-390.439252844568	-368.9973034088064	-357.1862244073616	-346.99182809619543	-343.17999595084234	-342.7788558169456	-338.8601549770519	-372.12732585460043	-468.2768601515075	-331.2413817655445	-1026.6188518056601	-5848.64324420371	-9517.812337398791
79000	-412.62213288743095	-405.2180864328011	-397.18295756533195	-384.87483034834565	-375.53575005230897	-354.0487803941103	-341.61648179423514	-331.22827747498155	-325.70621214209285	-327.8442050823888	-319.27181462495605	-342.94744939765224	-424.46166595552245	-313.1738733069744	-948.4050076872282	-5613.739859195584	-9171.967941301653
79000	-485.5248597728437	-477.6961384011841	-470.1567186518751	-457.7180302648202	-448.61588038138825	-427.01612209194826	-415.701842585427	-405.47002264141366	-400.69084617822523	-402.09379758816107	-396.9237076220496	-431.01301614387773	-528.8539090722488	-385.8867042965506	-1195.6432139553615	-5878.978882275443	-9496.053795389822
79000	-467.5238847241978	-459.00607619664163	-451.90080825616593	-439.84604833228457	-430.0735657059584	-408.21502135525736	-397.5986943173855	-388.43826592471186	-384.9936931994268	-382.3835288081325	-382.6344925122556	-427.9358212283416	-534.7559475356265	-367.4282551872076	-1207.0567983142353	-6332.903249029078	-10154.823763428227
79000	-488.0398213701125	-479.3435434522978	-473.4258908052546	-459.9960051057408	-451.2055949518575	-429.47427904895954	-417.8073675208421	-408.4608676571176	-404.4670614144898	-404.69589974677103	-400.69601530407687	-439.7046434480649	-547.638229765366	-389.67684140274827	-1180.6848687657707	-5987.871604081601	-9531.778373022244
79000	-402.3583876064264	-394.1051690572031	-387.00419470911237	-374.4058475520868	-365.14735316526446	-344.19598921268533	-331.7311098619338	-322.04630144987567	-317.78848916380105	-318.00114817456097	-314.51868735321233	-345.81550489553166	-441.66983517507276	-308.09886469215735	-923.4179368392811	-5836.473353987897	-9605.120676881737
79000	-464.77529290369836	-456.10978266869364	-448.904879449641	-437.6166480840815	-426.7821883795124	-407.072236910739	-395.50694153454594	-385.381927334371	-383.64150211416546	-381.2331542499292	-380.00385922763235	-424.0107594231733	-543.3880545950003	-368.0777301293827	-1139.0839641530429	-5994.525965149194	-9802.468737193825
79000	-448.47784636151243	-439.67835339148627	-433.06017391767404	-420.5012796309188	-410.7422649795346	-389.81847259670064	-378.5575551277856	-368.42532684212347	-365.92857733812275	-364.55246156662076	-362.5688383111246	-405.03509543155025	-523.1193881494133	-355.38038602388883	-1091.3010296667744	-6031.393005263733	-9878.474673712606
79000	-447.2584149023222	-438.5676390920163	-431.7770932561352	-420.1408805049523	-410.15231406260386	-388.8652060378266	-377.13256263502734	-369.0282074091239	-365.18541016926093	-362.6964006608463	-362.05043152039167	-406.29509891192083	-517.3506798272899	-353.38752499778184	-1104.1586057635236	-6010.682896727391	-9846.72563685228
79000	-433.4897963724228	-423.93792311787536	-418.20503801314595	-405.5072791233897	-395.67476758186524	-374.02587720590236	-362.21866296720736	-352.44908094212883	-348.22208585816657	-348.983703887867	-344.5792935457266	-375.9732553284768	-461.8367378906014	-334.05163447419216	-1005.8379575004662	-5698.345038417743	-9349.376167122104
79000	-429.4600487485685	-420.7347635331365	-414.08834639069204	-401.6876858399652	-392.3836071197451	-370.95394456857474	-359.21244813042114	-348.6535457337857	-345.3746414405603	-344.69536496780336	-341.4357391529663	-377.7176346902518	-471.97035366023516	-331.2460677682938	-1030.5559852563258	-5916.287202225323	-9640.494014241274
79000	-427.3816076382815	-419.21531975844414	-411.9351483865152	-399.53545939045193	-390.53745585237516	-368.5421558867524	-357.7375201337421	-348.4581903901389	-345.3292555288238	-342.95373294711857	-342.8215735820711	-385.3258283048979	-490.42786055122235	-328.479606751679	-1063.5258121175843	-6141.750481320586	-9982.40460942946
79000	-470.35122239954455	-462.5071920257103	-455.06604509492837	-442.8569326479346	-433.58296720123747	-412.0419800110298	-400.12578115161824	-390.86486017733137	-388.22814601305924	-385.81637290498554	-384.5021583686376	-423.40015444628744	-533.2215853962609	-371.68786577764445	-1188.9936189155865	-6230.069038879643	-9973.441436292529
79000	-413.4461555066207	-404.79665144865066	-398.30008198191257	-385.49570870542675	-375.84379381308224	-353.82577142756156	-342.19166634000567	-331.59007141663454	-328.6972327062154	-327.7258080769167	-324.16455701753705	-358.0176532972424	-441.289602169818	-312.92109494425506	-983.6151160328143	-6189.959852942108	-9946.222428272993
79000	-449.43748559101925	-440.87482666542354	-434.006041659299	-421.4590690006487	-411.71040414999675	-390.3536381869845	-379.25277054763325	-369.2304712151392	-366.35208275819673	-364.6527782084947	-363.63190383364355	-403.2884750946965	-515.4407198458704	-350.50388850402715	-1113.0561775188899	-6255.919455206787	-10081.45790199092
79000	-399.8400565238434	-391.2547438757136	-383.942702561133	-371.8905810581707	-362.04590487304733	-340.76300335405745	-328.1367566301673	-317.9927520693306	-313.4967612942696	-314.93982454859884	-308.0988510378988	-336.9936455963346	-414.24455758464313	-301.2546038117202	-922.0340332649357	-5639.206905491591	-9490.107055311391
79000	-391.37441395608374	-383.26660169160334	-376.2616706533733	-363.74033311242056	-353.7745735848332	-332.83108610830635	-320.41758106864285	-309.41873028343866	-304.1310120929305	-306.29514885881485	-298.1214463692412	-321.9480833053815	-400.4334377871999	-291.48018972047174	-893.5297622725626	-5688.963442826591	-9460.430576129424
79000	-461.0665330327111	-452.45081388549795	-445.4719222293691	-433.6094714693504	-424.0079148982956	-402.2673192146261	-391.1412713221186	-382.07754392926506	-379.2620655613073	-376.1138695840417	-378.1612933973472	-423.9560995713699	-532.7876337180073	-362.7576174888206	-1161.0243726592144	-6405.227109977022	-10226.514830678221
79000	-415.19672241196236	-407.3324126058844	-399.90350113159883	-387.4110552659247	-378.6177643373255	-356.5466055395717	-344.8882759816636	-334.831281840515	-330.43722566309464	-330.80000814393316	-325.28925203871853	-357.2154110521344	-449.7981689390957	-317.65313592951884	-982.8206580409651	-5806.293161972347	-9525.040176742707
79000	-474.23696218607057	-465.19449668784915	-459.04946792310824	-446.75861880478124	-437.4261703405362	-415.88569018489454	-403.44887740001496	-395.30103741021117	-393.1143101247577	-390.53629857671837	-389.84146908240876	-434.43333913803315	-556.7439738970792	-377.61029402481233	-1167.5405112027174	-6240.9056182516915	-9952.809862472972
79000	-434.58917091985626	-426.13161543817836	-418.61300067510587	-407.2733344280731	-397.2223267373676	-376.0610062382025	-363.509580497844	-354.85124461114856	-349.37722910319656	-349.7214414278263	-345.65358514399003	-378.47113913060366	-468.36456436564066	-335.38797840730945	-1032.4646382160195	-6078.542512817332	-9774.36622612109
79000	-455.5637571900149	-446.6057097220274	-439.79859185176196	-427.9461670442804	-418.13642598577	-397.0846432780076	-385.5976778230944	-376.33241846738423	-371.5096733708687	-370.44605851980555	-367.6376359841726	-404.39215704374595	-514.974514395619	-358.673671969355	-1105.4623217180663	-5982.959283861514	-9695.523199069643
79000	-420.9038785962858	-412.2321843393974	-405.7752448313924	-393.1963694373427	-383.55781143564195	-361.7099621822049	-350.07642966677014	-339.627026747744	-336.66746923536465	-335.3970673366445	-332.9757692187104	-369.2388921777531	-453.998533535149	-321.61925033564967	-1007.3088956140659	-6161.631286392738	-9927.123298755383
79000	-439.7777913154631	-431.02616103978016	-424.11056504006973	-411.56240964550034	-401.7832572743696	-380.63971897232926	-368.8627129581536	-358.48678858516814	-354.0184745457915	-354.56916571855726	-349.4305934365388	-380.28016252997844	-472.9896693490103	-343.35125635344576	-1036.0479551760104	-5730.255869456759	-9373.00168388811
79000	-426.07637048572553	-417.68729480849237	-410.9049708082501	-399.1117536401522	-388.9517160449831	-366.973499349701	-355.7044517642657	-345.8137850232203	-341.1709607316823	-341.8071835099313	-336.85557769840375	-369.0811878950754	-459.9510380435044	-326.3312150657341	-1012.5184599067204	-5979.398549888947	-9625.709592599034
79000	-403.9748081206185	-396.2236541139834	-388.96516433677044	-376.8675359771853	-367.01771826028687	-345.6698843091154	-333.142154709933	-322.60524947577545	-318.2896431149568	-319.86257218144834	-312.70246597023214	-339.9096506463652	-422.86444856368814	-305.5305924226756	-917.8770490719522	-5604.345360627465	-9379.9592728935
79000	-452.7524797678497	-444.5203706492358	-436.60177000709194	-425.57179943865526	-416.5342540785171	-394.29047298556947	-382.4561841304341	-374.2573053138412	-371.117494546029	-368.0195253946386	-368.74808092873553	-414.6055835920978	-529.2832668341555	-355.07223256151036	-1144.219223786921	-6146.678736103174	-10030.938041189842
79000	-434.9714969843621	-426.3235446652182	-419.49497270072146	-407.6219913132293	-397.68384682859835	-376.54570681287066	-365.0770834013658	-355.4204919204528	-352.7120861476553	-350.3912252153384	-350.05118809658546	-393.3206223186425	-494.4467905365361	-334.93021562731633	-1077.7819199840565	-6208.95670419945	-9989.326214301253
79000	-427.7018801059841	-419.8545770943979	-412.5407772468756	-400.6133869067788	-391.3480502381478	-369.9646165085478	-358.1553435963906	-349.37368083801374	-347.05027989468743	-343.3063449291445	-344.99830168188885	-389.8288049391906	-502.4701772489658	-331.89805477930355	-1080.6813977743845	-6357.89763855709	-10297.565197267659
79000	-411.11851951977513	-402.4877184712397	-395.78540457363073	-383.20603738630666	-373.73213279990415	-351.89653425751624	-340.5409096296067	-330.30188679968404	-326.5421702424097	-325.6701099711696	-322.46650187786355	-357.61928808091176	-446.07520913757037	-311.32879840724564	-985.8441794315888	-6170.6567001738385	-10051.16600486009
79000	-442.18231810032626	-434.1703830227275	-425.75886891336796	-414.86944314104767	-405.4176124022486	-383.1996375031271	-371.4232889456282	-360.8670014173948	-358.5019841424224	-358.47758555606475	-353.2974483073899	-385.9586463193209	-477.3162354378094	-342.9115307121916	-1038.519613955885	-5902.635676891555	-9475.692652265432
79000	-453.6304173580163	-445.1231227904295	-438.16105681823484	-425.39501014182883	-416.6244416275319	-394.8362380595421	-383.9101392043588	-374.24193870402786	-371.2001946309144	-369.9362199361772	-368.8645211384723	-413.42370610459767	-522.8265154572151	-357.57251951992936	-1109.3677743359412	-6180.904196271441	-9994.776296272938
79000	-422.42156116639313	-414.08688503004646	-407.31140759346664	-395.3740428105565	-385.54095436075704	-363.9756310134245	-352.4526696252791	-342.52672948359833	-338.32046055193007	-338.1148670437631	-334.32132206120104	-368.9870481047423	-462.957209674106	-324.11562237648565	-995.9597096131016	-5932.817307122907	-9687.849637357816
79000	-390.2064610365452	-381.73259419791	-374.8470023023364	-362.67499301709404	-352.5355898219355	-331.0083502565225	-318.81443586296825	-307.7451875173004	-303.0069943293672	-304.76309393189956	-299.0084498020998	-326.81815103652923	-400.60541982361775	-289.69504805666537	-888.248237399664	-5981.811317535828	-9642.93831156173
79000	-450.302953606134	-441.6439943157956	-434.59074892023824	-422.49189819131936	-413.0160996838387	-392.01482303350383	-379.90479445654086	-371.2406796008185	-367.70679085799765	-365.7736987432691	-366.3019338958275	-409.723549661471	-514.3799113870598	-350.9377016848152	-1138.9951218342785	-6338.574029950978	-10252.999150273461
79000	-416.02641874515604	-407.1412208361435	-400.364857006916	-388.3423140851469	-378.01245789252806	-356.73957531994085	-344.65352825481904	-334.62609781861664	-331.6676654644077	-330.894530283379	-325.85212323055276	-359.76697884202343	-464.6165588976241	-318.99237303938446	-989.3570438477449	-5758.905100775504	-9510.929752962456
79000	-438.16543522787157	-429.8037376647749	-422.2773830707694	-410.1541538587327	-401.14691888941087	-379.2092038930497	-367.7943479717033	-356.4557534407138	-352.903661193042	-353.5017360449122	-346.9865633862843	-375.715913534791	-459.3979430319777	-337.6590159936112	-999.850104398602	-5830.4373427058	-9307.822802301376
79000	-473.53045523678577	-465.6964385292976	-458.21802594505976	-446.72637879365357	-436.92440009832774	-415.33846688004763	-403.9871310108228	-395.48391268663795	-393.13739586890745	-389.76183044571536	-390.79907663706456	-444.0651602916476	-556.357672024388	-373.35419182090607	-1250.3521447312512	-6318.227077389606	-10232.489310127165
79000	-502.23200225805715	-493.9288819166073	-487.3600679122449	-474.8110179575756	-466.16251495477013	-444.18170501641805	-433.1275941733188	-425.0924545254003	-423.3198839451067	-419.029808799188	-421.54048404927113	-474.14637280902616	-612.2140064274727	-404.97373289057356	-1309.4573930103325	-6585.097830369908	-10316.87005649152
79000	-432.9883771932224	-423.9625920609318	-417.4085247518953	-405.12743630713305	-396.10513056964163	-374.1298870780637	-362.4802851344169	-351.6818469700771	-347.66266341728993	-348.7427713267862	-342.5306522432609	-373.30474605239317	-465.62640666451364	-335.10962510695026	-1042.3851364233478	-5866.380485084588	-9450.015267815164
79000	-451.1667360929459	-441.86195747023055	-435.0118158613712	-423.0171215648875	-414.0273020967246	-392.0644147308069	-380.40921298097976	-369.57970791873555	-366.08540704617366	-366.8318056365811	-361.84657663400975	-398.1444946465993	-489.1814610957935	-351.58914839663885	-1086.0480819383167	-5903.06958186633	-9497.863182904106
79000	-399.8126974383215	-391.50998428044807	-384.00652944272093	-371.74381785551805	-362.12037815141935	-340.4676979163322	-328.3684089585732	-317.3796069193692	-313.20987569163697	-313.9453599577591	-307.70098950789844	-335.883756336806	-416.3174386518387	-299.42708247641934	-930.1196991509838	-5808.41703498779	-9518.971441652602
79000	-420.73186427605185	-412.45803652127324	-405.04233129999506	-392.93187604844866	-382.9457776300774	-361.57859436819757	-350.17745096012465	-340.30421471158974	-336.99317248196417	-335.6944545686294	-334.1194749905202	-373.0902023996898	-464.093107303658	-323.7070916294362	-1023.3212621243016	-6135.184451695248	-10132.880519022523
79000	-424.0300193882391	-415.611916074416	-408.67470511170796	-396.6514905264971	-386.4061969551337	-365.4724052966023	-353.4469506602605	-343.02690431309736	-338.39090990433834	-340.06613961937313	-333.880333707914	-365.19223638731813	-454.7344239181603	-326.2273160831887	-997.5680557948452	-5787.878256681079	-9397.127178282242
79000	-427.6603615946835	-418.97905727145775	-411.8355595219412	-399.39509778600996	-390.1836852100638	-369.16869472719185	-356.5771633061451	-346.6459888717345	-343.7843363966274	-342.4386096784516	-340.66491453723773	-377.2065035272914	-473.59241199188267	-329.90981812115473	-1040.9023226980805	-5995.024912102291	-9733.520253449593
79000	-458.3467587627587	-450.2696371359458	-443.1868602877009	-431.16337243983867	-421.0639561717998	-399.56111935057106	-387.56096473975595	-377.8744255333436	-373.6827820059205	-373.79526786264756	-369.06599177146506	-402.98948654064174	-497.4385208778174	-358.4576915579503	-1101.9185806385399	-6169.685680429324	-9847.65983928943
79000	-456.17788278010477	-447.8434714476108	-441.4781792524422	-429.1517474193763	-419.6874218727577	-397.89088159637515	-385.78064462546075	-374.41493072688473	-370.16352987378673	-370.95786266407066	-363.70263174945137	-391.8805486154626	-481.7098553598698	-358.60594965032413	-1066.7285101736252	-5718.757760241474	-9145.43514361929
79000	-441.44043365449284	-432.14028007292706	-425.2135711871726	-413.9823325951271	-403.78730092249793	-382.34291875889215	-370.8282417760739	-360.9740410975389	-357.82809373450874	-356.23744684767235	-354.19124097969006	-391.9448965482443	-487.00895127218297	-342.1237964600001	-1067.0834944431483	-6319.649175852216	-10112.742118661232
79000	-412.57923080092775	-404.0468744312906	-397.4134258807031	-384.8417152998363	-374.4614176656576	-353.7337766474086	-341.46029177904904	-331.5291934059574	-327.760125817478	-327.43699878605156	-323.6281235374451	-353.8715821549676	-438.01497769533154	-312.7137809588055	-986.3388962072527	-5955.328694419725	-9656.277324141669
79000	-436.96418275647306	-429.16932405057617	-421.97694568639525	-410.0370918389124	-399.71687157702064	-378.03790052198957	-366.77937763618405	-356.67388204547456	-351.7068601669334	-352.5468211444983	-345.3811249453669	-372.5346046205455	-462.1505942627056	-342.2711261231614	-977.253463061766	-5645.085738991958	-9171.73105935905
79000	-443.3771586360023	-434.7224879744089	-427.0223896923923	-415.46553442230345	-405.6259667095093	-383.81976017973994	-373.1908182504738	-363.69024220445556	-360.55831474873577	-358.49515546197387	-359.12013237771356	-403.6117259328786	-513.7217709889173	-345.4153607326378	-1083.721183971764	-6319.360831500119	-10171.754663390513
79000	-437.2336206577867	-428.8947738844375	-421.2160726529134	-409.4363525986196	-399.75066630357475	-378.93080752271567	-366.5979723781193	-355.75039618381953	-352.53903733344595	-352.7706987905525	-348.17954642822775	-380.1193044893467	-480.69095016524943	-339.05527828798546	-1010.9850168809932	-5776.42144697641	-9534.817235491655
79000	-413.28343818454846	-404.152417897975	-397.78047567589823	-384.85067478546705	-374.8711259145278	-353.96617522571165	-341.60396874927136	-330.24623423405217	-325.03423758113973	-327.65006917220717	-319.1799346260696	-341.39137549359975	-424.4124365761273	-315.8927746329588	-913.867282551669	-5406.750827529689	-9031.592421000429
79000	-453.72712199451956	-444.3801076041774	-437.455655331115	-425.87800194530473	-416.3155386108623	-394.63637004893695	-383.19059198216854	-373.3202268227824	-370.3976919664354	-368.30499398114637	-368.3412288173224	-413.0588381742243	-523.2775035496494	-354.46008673154205	-1109.2536391652236	-6503.982574256886	-10243.025911285386
79000	-427.3148216831821	-419.25058968175136	-411.77424004137714	-399.88885779802126	-390.04261564647015	-368.94475978574997	-356.9282841407113	-346.04596716785176	-342.2727501274287	-343.1506874115726	-336.6789115400161	-367.4547189011924	-458.1760096805778	-328.7034055834913	-992.5356665622353	-5864.00520933422	-9430.108715288488
79000	-444.19299503158373	-436.2457104448314	-428.7128875062767	-416.44405890298776	-406.98233386531444	-384.99191381634336	-373.6983608953919	-363.9259390261803	-360.1648862439756	-359.92001437310375	-357.35880231272904	-395.53774641141484	-495.93088363053255	-345.24791213396327	-1113.918308447509	-6115.830151889506	-9875.797774754492
79000	-435.14292325246976	-426.6226022945826	-420.16840999664925	-408.5580442572798	-397.59512334670984	-376.49830232101476	-364.86641533536573	-355.835404139838	-351.3530113057938	-350.9949134604252	-347.8313605730187	-385.6480346079799	-495.133957437741	-338.1700114440751	-1044.2443570807643	-6062.042902231094	-9863.248360712476
79000	-435.42087263409707	-426.51874975612776	-419.39330262461345	-407.3999422953776	-398.34139912174226	-376.1899662805271	-365.1545409269958	-355.26307356427384	-350.54946958523954	-351.0862872440497	-347.6694095266542	-384.36568051948643	-479.77306090616554	-339.1005366666555	-1052.5806103331743	-5776.7677994639125	-9462.131557745506
79000	-389.3337818839692	-380.9284265226731	-373.6102680736844	-362.1017931237019	-351.9461218203946	-330.25508186685505	-318.26589484696484	-308.2197022006194	-304.03793019015427	-303.9554861034056	-299.99287136196364	-332.3966675580254	-412.3697596624624	-289.1093997099116	-936.0254532406612	-5790.217151085322	-9738.406519052225
79000	-448.855419805136	-440.19596426526607	-433.50839936190647	-421.12295640113234	-411.4700552119497	-390.86458032907325	-378.44577062973417	-368.1986535745324	-363.88935245939786	-364.5661287039946	-358.68610634378706	-387.6669304118228	-476.00329579199826	-350.64351756060387	-1048.735623432715	-5791.4173420205525	-9436.101346318808
79000	-456.9082260534318	-449.7054471438285	-442.0818557340611	-429.8449877168871	-420.3741447943641	-398.90071086350275	-387.84133582556433	-377.75661917499485	-374.9510115685791	-373.3763279917402	-371.59743919407344	-412.69073116495207	-516.0250998786696	-361.9433846112008	-1138.708009315176	-6038.358573189455	-9765.771347591937
79000	-413.77588487351716	-405.72821184123336	-397.6775072031066	-385.81560292036806	-375.5476749143788	-354.5633259477901	-342.2289879524575	-332.9925127870106	-328.06192177437543	-328.3178816520701	-322.93557093854645	-354.6088120303826	-445.9198035973343	-313.9600796640434	-948.1541603308276	-5768.936510381775	-9595.484364501179
79000	-441.6847547339788	-432.9959121555468	-426.3298241715508	-413.91687807434005	-404.0616083096275	-382.55338681664057	-370.83807469109814	-360.8989775106147	-357.1771524981763	-356.8125558307066	-353.3925883896992	-389.62865857296157	-493.1983562280097	-342.1195516291528	-1056.986196526043	-5827.903794690403	-9681.654442727397
79000	-428.9587204109816	-420.90330617930437	-413.3076391267377	-401.64992930767664	-391.8315330257452	-369.95876818504365	-359.2624043284872	-348.6138641815738	-345.3892137748724	-344.24012765983895	-341.452982543366	-379.8157700204594	-471.58571387187965	-329.8601941770797	-1052.4052681477883	-6119.093853163524	-9872.874317885617
79000	-456.5178280860548	-447.6439290219065	-440.60839884147475	-428.38902265017316	-418.81589047289185	-397.19855008153735	-386.54581620254544	-375.0893112625336	-372.0767643920094	-372.21722757837176	-366.5877674885651	-400.3580760400198	-493.8154717208433	-357.43655123992147	-1091.3772286217823	-5770.369379487881	-9487.595378681075
79000	-497.9990566435912	-489.6724460746776	-482.5077385980307	-471.27450569825	-461.2153498937573	-440.53032580727165	-428.69969619786514	-419.32045837051953	-416.79549829449303	-413.30493741846044	-413.5788305630362	-460.92662896879324	-583.939238560993	-400.4222876209586	-1246.6300869933623	-6422.222010771701	-10257.517471149999
79000	-432.942588329365	-423.8227932353169	-416.56556269246227	-404.91002060237145	-394.86242972113496	-373.6383707781384	-360.63441405808766	-352.42228950859646	-349.19204076341344	-347.40508611816443	-346.10266456357056	-382.91481178402336	-474.9171886219351	-333.91286080874494	-1056.8384379245445	-6115.189379931718	-9905.23730629915
79000	-447.5880149724302	-438.5067591911442	-432.2458107751216	-420.17413170663986	-409.8390384696577	-387.8272226079953	-376.7594116041502	-367.51205282176466	-364.1589228854861	-361.9637101827396	-361.14156710662917	-401.53457206716996	-506.99495706383067	-348.07145263671407	-1094.100593868871	-6094.8420188794025	-9854.393319658688
79000	-419.630637271392	-410.8694205175249	-403.66183170262997	-391.4203679400066	-381.57618265580123	-360.11442131641235	-348.3094434528574	-337.97711107378154	-334.3685531278431	-333.94422369819324	-330.76318606516804	-362.79407403089533	-445.0976030429179	-321.77008139212427	-975.135441718141	-6076.363224855823	-9819.5630996151
79000	-473.73752139774706	-464.8692691012413	-458.66760182456625	-447.10311051041947	-436.645071885139	-415.0376142159739	-404.7621041961579	-395.33525768121825	-392.42108469571474	-390.02242453611495	-389.5430951662547	-436.03804430127843	-571.911562762033	-380.9096164745938	-1146.2037465512608	-6382.751197610351	-10134.565353860813
79000	-400.77022053077377	-391.50223041309147	-384.65625207594843	-372.1006317307333	-362.15328185324034	-341.20010237611444	-328.88493767326537	-317.339013678516	-312.5239864075422	-315.1766642407719	-305.8907707515092	-327.34858299280074	-402.94296456608976	-300.089611666009	-887.6528878949428	-5635.420595397871	-9192.68932382555
79000	-425.44148535197655	-417.29320224708187	-409.88980895392064	-397.8536037645981	-388.3594416318457	-367.165161269613	-354.9212007679697	-345.7369517757698	-342.4992729653973	-341.5143676608325	-339.49264651898966	-377.7934448687814	-476.7101217002553	-329.39399948879526	-1039.729977320028	-5983.007242284095	-9823.46632092915
79000	-457.5208394685719	-449.85316144351043	-442.55623680182754	-430.5829411319396	-420.13809552769516	-399.0445890519839	-387.17622384454813	-377.4795466480182	-373.30620333105117	-372.89496254421374	-369.4231991594244	-406.1557364945107	-500.15656288302455	-357.25069113637437	-1136.0175950677403	-5882.4739559551135	-9590.15259230766
79000	-462.67761044568834	-455.6703673164639	-447.41465919604815	-435.57257059193375	-425.9224388995547	-404.7080303816879	-393.71464486903574	-383.37815560493937	-379.58192921676556	-378.91216997009406	-376.12126347992523	-414.2000193292903	-513.9158616238296	-364.84387031939565	-1135.390430447212	-6247.985284071717	-9884.346332564155
79000	-434.8618370832763	-426.5823385699171	-419.8202415537451	-407.6682360702911	-397.8936880259027	-375.5812380342199	-363.935844193863	-354.7764002102998	-352.0108935601896	-349.9619443888658	-349.4785599091652	-391.119733411809	-486.62692892517083	-334.3485801032135	-1100.9107945870696	-6358.243121924566	-10349.293240720745
79000	-458.3620612449827	-449.55644882000115	-442.20324952642335	-430.2934605617007	-420.29454715908525	-399.2238499813639	-387.7394316778461	-378.08085860090256	-375.36742197288334	-373.7648316518682	-370.5832676997332	-409.3709028562988	-511.21025379633994	-360.26393188185426	-1104.1001518872122	-6115.282937957177	-9812.789984131847
79000	-452.6407993113237	-444.45351438248656	-436.62383213416814	-424.5699224825057	-414.9062127361271	-393.257669736218	-381.64933639127605	-372.14816298815873	-369.30577274135874	-367.1320530277722	-367.18192785682476	-408.6208123770504	-502.5259276576976	-350.9366315843506	-1133.001214100844	-6465.669943326063	-10304.638702781214
79000	-468.4810039013979	-459.7973933121683	-452.65545936635243	-440.9508411802459	-431.94599523431424	-410.0512605395381	-398.0177214093846	-389.51978761917127	-385.84586117725144	-384.09852686191186	-383.1715505728939	-426.5708439886705	-532.0377131256469	-367.0738965809627	-1200.486116542697	-6185.368336431587	-10089.241264668479
79000	-458.64094766919936	-450.5362250328678	-442.4927362519051	-432.07644202007805	-421.5010958249597	-399.9938573344304	-389.1987724446307	-379.74989827360093	-377.74203233573417	-374.63970592440523	-376.80629743156675	-426.0455198038582	-534.2874937702026	-358.06186410595257	-1210.2694135008264	-6467.508395129246	-10370.470148053053
79000	-437.16273152775534	-428.43283816940885	-421.28062341955257	-409.0960729118884	-399.69828386348627	-378.2893164733507	-366.4313296148696	-356.46631533204163	-352.6137576486988	-352.70615462295837	-347.98169256303936	-382.2203569449994	-480.8819388730164	-338.38304701009315	-1054.3694874570058	-6005.237071805048	-9773.629843887556
79000	-449.06015770733086	-440.2542173314293	-432.5419677126949	-420.78851775782005	-411.46039724978647	-389.6356646900427	-378.33002627511297	-368.4703333333522	-366.1799021044413	-364.0204613636138	-363.89558328880963	-406.868358487276	-511.8655193241423	-348.8973016375365	-1134.278881953948	-6125.436028049115	-10087.464153914249
79000	-442.65945945609985	-434.7088611221462	-427.6775177982407	-415.3258002555341	-405.84962640991574	-384.3675000912774	-372.1247053327741	-362.40468114501033	-359.0479477898203	-357.9939867042875	-354.41553104056254	-390.84389110987644	-487.996275463106	-343.1972564860826	-1082.2654769744029	-5939.76969407792	-9575.386105175161
79000	-407.25760514997376	-399.3237344046655	-391.77030338132846	-379.2702688403624	-369.7090376701968	-348.5623703025383	-335.8420681271486	-325.04800841866285	-319.76603217706315	-322.08863112248	-312.98127688004837	-335.3331445887004	-405.41473839456165	-306.28481450465165	-927.9900352329157	-5749.971619346094	-9379.242527983897
79000	-409.45613517889285	-400.10311722871165	-393.025258499636	-380.78593012810757	-371.7244883372348	-350.11376957971254	-338.4616602751216	-328.1048797090476	-323.98091019845145	-324.74632887207326	-319.1049495771924	-349.6964223625442	-440.18995798746454	-311.1191392199407	-970.9356469503381	-5689.502194167918	-9317.087751026862
79000	-408.14835212608546	-399.4815171003986	-392.06646972003597	-380.1179350647394	-370.525821777032	-349.0169773035281	-336.95386089845596	-326.35823357004654	-321.2221317857713	-322.815903821585	-316.20690555715123	-342.59165056650414	-426.7218574983054	-310.3850608332862	-924.9521344795606	-5628.457118328599	-9448.077649643295
79000	-446.68429465966864	-437.6975108050197	-431.06158889536545	-419.00204025110634	-409.54502519396345	-387.8976062315266	-376.3206787708626	-368.07999401048465	-365.21012728605575	-362.02940982364544	-364.3896262760986	-411.98484041841056	-523.1156887428185	-347.78561073051713	-1128.3651271166902	-6329.323326918772	-10271.514025788798
79000	-377.3280645471972	-368.5108943214704	-360.8785654220862	-348.5841933017747	-338.79048838520674	-317.7430809875746	-304.7104285938116	-292.97598121268425	-287.58508543477046	-291.3896785032625	-280.2639095584067	-295.0015393962674	-370.1787580886858	-277.1330136700508	-797.9725229317258	-5147.663763714162	-8815.3149286602
79000	-466.92170334549706	-458.0445730041764	-450.4708728809251	-439.39409153619283	-429.2780310918485	-408.3884285498891	-397.35258979179633	-388.2032009474366	-385.209872799617	-382.65731279514205	-383.64460385151955	-430.61193836053405	-552.6146529398637	-369.5597197559824	-1205.6008935192588	-6126.7642766053405	-9991.93169312872
79000	-415.2845879450815	-405.7365980663412	-399.24068605439	-387.51153198928864	-377.04691500605037	-355.99574669952676	-344.0432690581491	-333.40584128195724	-329.53234615664667	-330.15329167752344	-325.15699713476994	-356.58928768947095	-442.39321603268723	-317.0300444044456	-968.3697883330132	-5859.520659834664	-9619.726710232915
79000	-457.1102846252666	-448.3834239533146	-440.25276788583545	-429.53342311667313	-419.22566381562086	-397.9088843409905	-386.1391761809125	-375.5519955964175	-371.64704884914926	-372.0175921672046	-367.12898518232237	-400.49605700886354	-492.98686084425526	-356.8306100734782	-1098.084352275775	-6052.008141865194	-9587.087104194301
79000	-418.13921785658647	-409.8894681435652	-403.011275086264	-390.7483217063383	-381.2581461161417	-360.13984525104115	-347.0464679379574	-337.3634709832046	-333.98120051842903	-334.3561113980899	-329.38907630697724	-362.27882824622947	-452.952768911632	-318.7816518641017	-997.5817721881083	-6101.227592029443	-9864.58970662194
79000	-462.1941382668775	-454.6890984832088	-447.16370941402585	-434.43496251955446	-426.02560542013293	-403.9728018206882	-392.331043469523	-382.5029271770528	-378.5669138755506	-378.428917202105	-375.1508394868716	-412.9462240847992	-520.9274625989118	-364.75263549927377	-1119.3783790859895	-5990.569657088758	-9670.69099853285
79000	-370.39028800428844	-362.0741043596053	-354.80579114253345	-342.27616515230227	-332.3563399525034	-310.84474551659974	-298.8419897078505	-286.9847495772794	-281.83619849419426	-285.2644359264896	-273.8879125385144	-290.35225474256004	-359.0384546265093	-270.70005289914985	-795.495930880322	-5444.99766838975	-9070.657181622764
79000	-424.551015873596	-416.4608176745566	-409.23151465480436	-396.64885112499303	-387.3400627193465	-365.5475842939486	-354.1978593366932	-343.50099857230254	-340.70252228241367	-340.0113837166584	-336.8714172244388	-374.6020049355301	-475.02691722591857	-328.69532286843264	-1017.1743602549537	-5857.930577074385	-9540.379217040883
79000	-404.1035825486377	-395.7128827962577	-388.27234484240597	-376.49842243839225	-366.5319586803089	-344.8900846092289	-333.08398012292037	-323.3157774172307	-320.0180971603959	-318.99636525259245	-316.0355544851919	-349.6484247230299	-434.8244746373532	-303.310234402686	-991.2132447375027	-6122.087522930756	-10101.262739607684
79000	-445.659466882243	-437.93178185555684	-431.103318487184	-419.15620579741244	-408.9580416664273	-387.7821357560441	-376.059976258366	-366.137672067941	-363.0991275120447	-362.0574246650013	-358.49648239831646	-394.21137641301544	-492.51616430534995	-347.86078405219035	-1100.4346919662657	-5884.9612193112835	-9567.605962000094
79000	-437.99939622938825	-429.7593082806832	-422.84570851269274	-411.05682596837187	-400.12610526846976	-379.2019502453254	-367.7921326327123	-357.94010598271666	-354.1724453713836	-353.81892667120513	-351.3160716645458	-389.4784112521772	-485.6694619733325	-338.3111679616523	-1078.0602297366813	-6177.814406378759	-10010.304905260029
79000	-420.6619109333795	-412.1019431361211	-405.3711775717048	-392.5718415085721	-383.6576481590276	-362.0039277867988	-349.53009290934347	-339.4407272089538	-335.34719343781	-335.79389602615004	-329.94598712643665	-364.052006919944	-456.1145971590078	-320.5819836236229	-1013.087803864039	-5856.146503914545	-9590.52538522868
79000	-402.8635635167199	-395.06669406927995	-386.97081970214066	-375.2765865224593	-364.834961201127	-343.519468507961	-330.99851691030926	-320.70157798418114	-316.1605056700962	-317.9111699469221	-310.0380882735732	-335.9044579645205	-410.78290196411007	-302.24575600675735	-943.3637639382664	-5564.16019824219	-9219.558631302521
79000	-408.89529572734176	-400.8957038821719	-393.521750668112	-381.4781718025416	-371.6823689631586	-350.1312865413713	-337.96406024259113	-326.7781713511706	-322.34084861951936	-324.17214021559704	-316.0696567813593	-340.01395098924417	-418.6192058031454	-309.9650386892231	-923.8100950732638	-5741.024828576409	-9295.699574013002
79000	-435.84419984547293	-428.4194058878059	-420.8246341866956	-408.66264811656913	-398.92708631938984	-378.6410418472506	-366.8661594983553	-357.6706782809238	-354.3079554061349	-352.03818945498875	-350.4339345427211	-394.04296545044065	-505.1404964147051	-340.31340259531765	-1080.5175090073062	-6272.949070114836	-10052.01832225091
79000	-456.67035266597514	-447.63846755585473	-440.871206273611	-428.7544036644117	-419.07754244455236	-397.96217790651946	-386.6571401314743	-377.80523062437635	-374.3996962414663	-372.29448929468185	-372.93915499595994	-417.4223180575076	-528.306722553706	-358.6700194162465	-1125.6409030850907	-6104.252016997917	-9976.076685391048
79000	-423.0097453798373	-414.11736119221774	-407.10923089459465	-394.7701503674148	-385.3830056270833	-363.44659917125955	-351.72917812782873	-342.39664151519906	-338.15546729969793	-338.26313258556576	-334.88276274057796	-373.4020537161219	-468.45315145557765	-323.3476069830464	-1046.2299574429749	-5914.760355205659	-9802.56923926684
79000	-445.6678872720547	-437.8114081061042	-430.64215539076264	-418.67288314590473	-408.7653598082504	-386.6660615039241	-375.44794973579684	-365.0918177142882	-361.50625278672123	-361.4068732187651	-358.1871807959141	-394.6933393739142	-486.86468227039023	-346.0919892131423	-1092.4711572156295	-5940.802328330411	-9707.413783179014
79000	-468.2630728454556	-460.0052344441136	-453.04299042968097	-441.4631660443033	-431.21800167012987	-409.7547787602818	-399.61541904903174	-389.6566386477452	-386.4695084446386	-384.95827923578406	-384.45064424973344	-427.5277929872399	-542.8058200339626	-369.671297918563	-1195.6908748505548	-6052.436497076568	-9845.35610424693
79000	-415.5621574953824	-407.33223390484414	-399.70578685107756	-388.01334837013064	-377.3119156762231	-355.91959175624635	-344.11861178129226	-333.0232645078965	-327.81552340701217	-331.1827474525634	-320.13582007827904	-339.65716013325135	-407.73230029223396	-318.45952092381003	-912.7383589692232	-5502.998416119524	-9026.155104340098
79000	-466.52372850590785	-457.7405229953741	-450.7223975210248	-438.8101480660856	-428.9229646044699	-407.9948732979522	-397.44876346313646	-388.2255066844296	-385.9876333305763	-382.43207638594777	-385.1740707225145	-434.7664423388817	-558.9283736586631	-368.1021260917279	-1174.698088254401	-6514.620184702006	-10418.596210261754
79000	-437.1168135406086	-429.3482887201268	-421.522525519819	-409.7239706183551	-399.70846678452995	-378.5399406197	-366.27692363410347	-354.9533236801431	-350.7161677000378	-351.9508568933078	-345.29743796710494	-372.1018433007898	-454.8128636174077	-336.4260204668319	-1031.1244540056864	-5643.413919046932	-9264.489203327885
79000	-437.8646230639047	-430.2702904449173	-422.18818979728775	-410.9165865020735	-401.310426733922	-380.87350251185467	-368.2324262556797	-358.2051881505663	-355.6202321675233	-354.1575933888612	-351.2740190300289	-390.4618126767678	-493.4436347621095	-340.9183995919819	-1025.9906415435612	-5976.296803051586	-9847.464996155464
79000	-429.9757231724976	-421.54250691162053	-414.83945840084976	-402.3529053430011	-392.5321774824599	-371.4914010156214	-359.53641135397817	-348.7605953007712	-344.74119880236634	-345.80145541926555	-339.97637463831484	-369.1505344965973	-470.4638845707337	-333.7655378163035	-1009.1372368551326	-5809.932585311183	-9441.817367284066
79000	-496.32409959627444	-487.9186411569712	-481.3153478464333	-469.1248183197496	-459.92887616745134	-439.27356215959276	-426.8488364727131	-417.09188188592935	-414.5473133251089	-412.94674371851954	-410.04821102402644	-451.5240911891394	-572.2983674805778	-399.01266564107476	-1238.8166445972797	-5883.023144315244	-9484.813534540279
79000	-454.955135461261	-446.56924229939443	-439.2929817358367	-427.48106476396174	-417.4047421513607	-396.6454651499221	-384.9391099167802	-375.64257365361135	-372.23044779227445	-370.9619900440521	-368.2095588696485	-410.47968057452283	-517.2813918566206	-357.0199543437063	-1112.7214453380836	-6108.3146560257355	-9930.982299385227
79000	-432.0887667457418	-423.6069288548546	-416.58851447244825	-404.56020101877175	-395.04607172592426	-373.5692228984972	-361.0575426714084	-351.77359458263265	-348.5157481274774	-347.59228297549663	-345.4255314376606	-384.2061436729222	-483.58458250179	-335.4565715758792	-1039.1426057065937	-6098.033231180876	-9904.087561215343
79000	-407.80036452450724	-398.8843918520139	-391.52374408937277	-379.34966322674154	-369.6169701325728	-348.7947820683016	-336.07770611093946	-324.28373183607874	-319.7935194852832	-322.25150732376864	-313.34998892374585	-337.64391694032093	-416.4813649199563	-310.91986707207224	-928.7094245392843	-5621.208040258876	-9156.053658803188
79000	-393.91587436630425	-385.9262792313731	-378.78916449931506	-367.34866148225365	-356.7720395825843	-334.50431757940385	-323.4294115565839	-313.5399750669703	-309.94971790104455	-309.4244013768692	-304.7156570619202	-338.64556990465724	-427.67854012748955	-295.26190114522194	-945.8412248478446	-5765.664159496789	-9729.929762350646
79000	-472.94435075020704	-464.2159295329862	-457.17472652856355	-445.49128047539523	-435.19811250142254	-413.3294710076812	-402.25634005058055	-392.03764308834667	-388.1030173692669	-387.474396361077	-384.1898098109146	-419.24425007997917	-517.6556315957838	-372.68581202818166	-1160.7403135664367	-6029.455038149534	-9672.835278565733
79000	-427.1419525671562	-417.9920947568012	-411.213682123811	-399.6173135602379	-389.99767142754945	-368.7006514305641	-357.02602489617306	-347.31617907125644	-344.23301608705816	-342.98538344567316	-342.14791348369255	-381.18798679801887	-492.81955095596857	-330.5415519307315	-1035.3148931375633	-6012.141180359299	-9856.086799488592
79000	-422.5328244279027	-413.51418308504515	-406.6053182435698	-394.1971721154306	-384.6404104182384	-363.3689659747241	-351.6180745099283	-341.2388002712626	-337.4592504555833	-337.5154792649786	-332.8791442829026	-366.0703375831875	-459.60310768502575	-323.25747814422465	-1012.4812380009329	-5994.103219642402	-9727.89870125064
79000	-440.58956436947983	-431.7842780418228	-424.29872382977777	-412.36446680098254	-402.75292538900146	-381.199858062104	-369.89282888058534	-360.36501698771525	-357.5949528411515	-355.8894418525509	-354.5528882604785	-398.08148914310914	-503.8066858931923	-341.5550248444332	-1106.5660999674305	-6096.309602798971	-9945.66798217575
79000	-418.7712518540357	-410.76609591585674	-403.5882900670834	-391.6370785789218	-380.9611745210885	-359.3257908671851	-348.5159885101553	-338.03660964594303	-333.705020705273	-334.5250673696639	-329.31391618376654	-358.8198017954386	-447.0565878707915	-320.5522534410589	-1007.1451766958005	-5852.055470951422	-9584.474755071253
79000	-443.3695893529679	-435.2632864200439	-428.756714678372	-416.30564110988564	-406.1535223196083	-385.33244146557604	-373.58515638608725	-363.16609874970845	-358.59126858426765	-359.36004025482106	-354.1357561281003	-386.3362796652105	-486.0881427738828	-346.22407402694733	-1064.8174318086185	-5748.581303953286	-9445.077190810616
79000	-458.77238479885165	-450.879689065823	-443.90182227151485	-431.5583888005717	-422.28254160768745	-400.3594076312676	-389.1487578744266	-379.6714040024178	-377.3357690116649	-375.0672776982812	-374.8993256936766	-419.3908007164223	-524.0255856397097	-358.92214625612957	-1177.987020676375	-6106.492689993675	-10060.46745473677
79000	-483.87113541130543	-474.9574005499785	-468.5532455695142	-457.3114431739592	-447.3011409832608	-425.6301570725976	-415.07678575027853	-405.66439851310747	-402.66718295477955	-400.20451837204786	-401.25637758497714	-449.7310062387749	-567.3021993800758	-388.7691438466985	-1205.8305641554768	-6338.065308101321	-10124.01833464956
79000	-436.94535483115186	-428.3346593079684	-421.4338526661766	-409.51135239660255	-399.63470823559715	-379.0322263094166	-366.96026489431875	-356.5777346237742	-351.9895757625861	-352.3203880721339	-347.8782603828574	-382.40511923226705	-477.67701493173234	-336.8487479211847	-1087.35616876994	-5883.6318342203895	-9651.276539941457
79000	-450.12179692108185	-441.2181496341578	-434.1549734940832	-421.82181578118093	-412.14756667248815	-390.64911347179026	-379.2458252228554	-369.5679630263746	-366.6964294977431	-364.9082047631811	-364.77907291553896	-405.6249597874176	-508.7446213612508	-349.70773960070886	-1119.260862660396	-6301.88333542909	-10094.66450027053
79000	-432.1108601289074	-423.3429210410228	-416.6231996471843	-404.2362826198529	-394.74638621023627	-372.9706676072173	-361.5055749306879	-352.5564946153408	-349.3728615783809	-346.86070464166005	-347.666692664445	-390.308419312393	-490.2136020526262	-332.1081918414088	-1094.4343041236843	-6308.102267465892	-10230.489098993825
79000	-447.89923674218954	-439.1716972793431	-432.7646951903909	-420.6152775066198	-410.63744984698116	-388.77920899953153	-378.1796400605752	-368.92090288873663	-365.02228069599477	-363.8177581507835	-363.3337264587386	-406.95333585806316	-523.7496389530064	-350.7750552619739	-1109.0112765013962	-6177.3827347457245	-10057.536430250038
79000	-382.1152360048504	-373.59264972790277	-366.3923875204602	-354.01234491936646	-344.4006632770521	-323.0546004442654	-310.45625157734975	-299.5251417415467	-294.59153769630177	-296.5156261676559	-287.97268057921843	-309.1867597548265	-379.05743091138424	-282.47514842670813	-834.9689184624317	-5526.773766550494	-9168.99913240579
79000	-434.58434728072484	-425.5111743070445	-419.00752913713933	-406.4588036299522	-396.8958561712311	-375.3357598686125	-363.48020861423265	-351.8055141680834	-346.82372960503375	-349.17816655054037	-339.47056184258076	-361.5847641269333	-438.37923311905377	-334.0919915882238	-1001.5640262976282	-5563.560314645572	-9136.410541645964
79000	-471.8268786885425	-463.3127529549133	-456.043487776227	-444.5145151243777	-434.44684001669185	-413.18023098021445	-401.8229431424963	-392.1061559135368	-389.8582841927727	-387.3679207746277	-387.4369727327307	-430.8417581955889	-543.5233776971564	-373.660584765446	-1206.7323109672643	-6478.673009599473	-10214.168541097923
79000	-431.3674619374147	-422.7315942244951	-415.86888505801863	-403.54931626444807	-393.7237940290223	-371.9346272637892	-360.211779820299	-348.99916150711596	-343.89340868689277	-346.1014994386036	-337.21674014508733	-361.27687755619667	-435.55838936443286	-330.4777303723316	-995.1267603563174	-5854.252676077009	-9337.722272799927
79000	-398.7920860088096	-390.4572985618071	-382.96525667992734	-370.4094176916326	-360.70666357033383	-339.32661805693186	-326.9601363378499	-315.21793304527165	-311.0424044810575	-312.8113166523753	-304.4411951999959	-326.54455613400796	-395.2703015680614	-298.3914710136951	-894.7750289067277	-5644.704197777836	-9135.502363017282
79000	-451.4987203202325	-443.40529019035637	-436.74485674054205	-425.2646445182304	-414.12808897153013	-393.5296256142843	-382.5516781699667	-372.9240337315108	-369.087123282192	-367.6790473763496	-367.5382898644959	-410.39374357043545	-514.6741917885566	-354.3304583416227	-1102.637466851078	-6047.736779854573	-9881.32136567392
79000	-437.2137772440822	-428.28766551570584	-421.0640191813615	-410.3399737745857	-400.69334245604506	-379.04845634017573	-366.58921274061703	-357.83440835153675	-354.9444437173266	-351.4941710862684	-352.0362604469238	-394.5177125940832	-492.5994541075945	-336.56207092796126	-1095.2811607242875	-6130.951377408297	-10001.729011700661
79000	-420.01476366255395	-412.00423774072965	-404.05305466999033	-392.08349806569515	-381.90779756140546	-360.8972239615774	-348.8988255780593	-337.89570184692764	-333.0947332983211	-334.6429009187291	-326.968849431818	-352.30121557494147	-431.75043943908423	-320.2947517255424	-947.0839154207899	-5703.943906480388	-9290.907801964891
79000	-438.38647112330676	-429.8759861075016	-423.0062566376193	-410.853066695875	-400.4796138995229	-379.11933773616926	-367.45305493945193	-357.5392292187943	-354.14638854933355	-353.5875830027225	-348.82324830911074	-384.2468029746856	-476.7236819039813	-341.26770280994236	-1065.638229271309	-5843.902491305371	-9616.509338059743
79000	-403.6967721026079	-395.2285355800585	-387.33791843273815	-374.8634738916901	-365.9100036488871	-344.37001637651855	-332.6487818408423	-322.12048344713315	-317.75548639155926	-318.30057792346105	-312.22245967453875	-341.0750480461635	-419.8234146099869	-304.57904943382545	-947.2284827455834	-5619.439814900838	-9384.367791266317
79000	-421.7008502217318	-413.9918274729689	-405.91301587963704	-394.2585263732997	-383.61663953079017	-363.21537766194336	-350.26978186676246	-338.9295512038222	-333.5407981095401	-337.45008826536343	-325.58083404073955	-344.30537844073774	-425.8977843746179	-323.2318476255322	-933.4132171161488	-5353.497403985074	-8795.905407941764
79000	-446.0251712822861	-437.63615801853217	-429.67359558221864	-417.9229008812258	-408.26256095390664	-386.88048548166967	-374.9351109602959	-364.2047640079391	-359.72579942947146	-360.9892600890964	-354.07439701085724	-380.29188833792773	-460.8413313940343	-345.78470829941926	-1013.642547035293	-5673.628624389676	-9215.927847928227
79000	-390.92067191715466	-382.4509581389277	-374.6812355621651	-362.82779492262193	-353.1344927547536	-331.2750858593954	-318.9259401040131	-308.3845426798885	-303.93260888343906	-305.51733015651695	-297.71387510005746	-322.5428114871926	-402.4365183079355	-291.35731300091834	-883.940696815278	-5769.149712198522	-9454.785918559723
79000	-441.80937811964577	-433.12915062285043	-426.09417218839206	-414.04967080301844	-404.579431285624	-382.8218434119529	-371.78639285830945	-361.4866376239886	-357.47581047391185	-356.6366939362593	-354.1287151339538	-391.0611158864245	-493.9121447124898	-342.04445744818554	-1108.9519154159261	-6091.364207683554	-10008.452123438099
79000	-446.11427793677825	-437.8835797009635	-430.92154940342306	-419.4001509312503	-410.16871517161485	-387.93473269524975	-377.73302345113257	-368.0668728267165	-365.3470273740549	-362.8193332758479	-364.4403331108805	-412.14329274359466	-521.5063333072442	-351.5991476802112	-1150.3265555897558	-6501.38001838974	-10577.205613220889
79000	-401.2100757518717	-393.1735558728689	-385.6981625234808	-373.6028329380151	-363.56891049645424	-342.36339237190697	-329.7587907276997	-319.60432860615134	-315.46385632666227	-316.2680728352339	-310.1152955417442	-337.40476234849535	-413.79471036140006	-302.01001514713244	-918.5015266200232	-5821.2094092596835	-9614.020318285084
79000	-446.4400842246427	-437.69460404500484	-430.6051406851204	-419.16410974214625	-409.1296417835349	-387.2401316086688	-376.1442038866111	-367.0157069439084	-364.7117495255832	-361.70109706922256	-361.8944400288258	-409.56959882205405	-523.425133694016	-348.1487595780686	-1137.730552923073	-6268.193603576391	-10251.017173701795
79000	-488.8383800204684	-479.88887827071494	-472.87682739026656	-461.34219548515966	-450.7151457412883	-428.95794602672083	-418.0586912029635	-409.4795304977139	-406.92887880634146	-404.1871888742584	-404.1797038427577	-448.7178011231758	-565.7461166942135	-389.1770967876646	-1237.6852265617936	-6239.543746273372	-10100.390399368292
79000	-428.3210814199768	-419.5593443564024	-413.23416940030046	-400.6031994128509	-390.66026732221616	-368.8430370859856	-357.4017698172538	-348.1982030075275	-345.4807071361054	-342.72262013592047	-343.1600299244954	-386.0078203171021	-487.5173164800283	-328.85476073939594	-1053.938982496531	-6350.129937669276	-10319.533995656884
79000	-411.3903035956034	-403.0975663860478	-396.10118992598944	-384.00909825161	-373.4543723148255	-351.4091056033446	-340.24120749863647	-328.6207711380757	-324.17238440137504	-326.1352323423282	-316.71992941808173	-339.157239440087	-412.4370976108061	-311.4801694330914	-936.711900458163	-5652.480138952284	-9249.757387622598
79000	-415.5589696074304	-407.82611802674114	-401.0006409523357	-388.6717139922506	-378.5088168383329	-356.9455256364582	-345.5968393682363	-335.1627164668796	-331.8226226014994	-331.148833561329	-327.65392543124614	-363.3874251536367	-461.72376072245197	-317.90980823234565	-972.7137103189187	-5778.763659006347	-9531.158622086221
79000	-415.8949854153224	-407.9295147916389	-400.7872387704153	-389.1601318726197	-379.20157739402663	-357.45788122157666	-345.4993227757484	-335.1485486172575	-331.3725741090392	-331.8275825093493	-326.52590727425564	-358.0148324711037	-442.91867978117637	-318.2127481727052	-985.439405426856	-5836.2698946288065	-9512.835090750188
79000	-408.3261269775515	-400.03836883434474	-392.59430693434996	-381.0062340439599	-370.51258537113534	-349.721708162613	-337.1048367815641	-326.51847482197655	-323.1118450061109	-323.3285956152497	-318.9146707754041	-349.1830162994296	-438.14053476725354	-309.3753554015546	-951.2867620557913	-5798.7468411957625	-9520.92434257811
79000	-415.92528498994886	-407.22705026548607	-400.29157813144656	-387.37759734058636	-378.6847928193909	-356.66091332977186	-344.04488599811583	-333.9796171873704	-330.6060092542803	-330.92118436949374	-325.84383273451374	-357.66761892797933	-440.19220583917917	-317.2661571349112	-1005.4128939892331	-5681.7159880009485	-9428.73792197076
79000	-421.2983824518389	-412.8762227375435	-405.4542475393492	-393.7979801060866	-384.64911115467834	-362.169392025628	-350.24154397562563	-340.5030215530068	-336.4596558707108	-336.68140660494305	-331.27108307436527	-363.4330639705966	-456.61852370819065	-322.5097261719462	-1004.5542267149007	-5884.122154314958	-9614.379341300984
79000	-428.97720231200077	-420.97780280118167	-413.48095117212375	-401.228770769323	-392.34612507260937	-369.6675225774652	-358.8706603019135	-349.25994814023596	-346.88544991828996	-344.1963893160278	-345.8915645585584	-390.6627181116183	-488.88724694981795	-328.70922545710374	-1086.3139148490375	-6321.490685460914	-10309.439082727957
79000	-421.45582048987734	-411.74503561249725	-404.9179392225438	-392.89143810018595	-383.22178443498484	-361.20572742635187	-349.7632725179874	-340.5388514275484	-336.74577923866326	-335.7270084178942	-333.52636037835526	-370.6126829035586	-479.424902412226	-322.29475800801083	-995.9971621446368	-6013.0343210948995	-9940.50698652806
79000	-439.811661931234	-431.65081207320674	-423.3042649213041	-411.3531462852725	-401.845234655632	-380.9281490496053	-368.0241438983254	-356.2721406454895	-350.88039521942375	-354.0554326255026	-343.0936770073484	-358.3852161429254	-427.92270319671155	-338.88611237997674	-978.1045765806315	-5335.30540479756	-8927.943324464755
79000	-439.48680797967677	-431.10625494686525	-424.3054770528748	-412.05719362346224	-402.9155045776589	-380.82887774037863	-368.8777616859415	-359.8988016703331	-356.5118139963026	-355.30541926196446	-354.6382189249769	-395.2697029046243	-498.925639742406	-339.8900906027016	-1109.1580846157021	-6183.596336723952	-10189.542612388073
79000	-457.5410017121897	-449.3385161069309	-442.4068143213389	-430.8993025472115	-420.655504475724	-399.3743004586612	-388.8747356688671	-378.3987908804699	-375.0991889796407	-374.1910125872949	-374.14064010827013	-417.6396446015418	-527.7237357270186	-357.9804452833752	-1185.2433912785327	-6381.296844423096	-10284.943649240786
79000	-425.35247030195865	-416.64420781970057	-409.0628607653105	-397.2193567429499	-387.46700203832916	-367.04378638497974	-354.97445744250433	-344.7964120359342	-341.83105023756104	-341.2396564647387	-337.80078145364007	-376.333460064711	-485.921502130915	-337.0013899161596	-1019.3982978305984	-6044.167142469103	-9723.461540953394
79000	-441.0680153011956	-433.3406305631631	-426.1463902906773	-414.02771791531063	-404.0130444008064	-382.41274715450976	-370.5817527980489	-360.19857095983593	-356.87769977612277	-356.61901756565373	-351.2926964034487	-384.27840403328884	-470.57026779942356	-340.5872806325531	-1058.892359775387	-6095.541835514613	-9811.37826779613
79000	-439.55566088022294	-431.2063914141065	-423.92578542489815	-411.4175781382896	-401.3711455795409	-380.47675482865526	-369.1447764661721	-358.78273327971783	-356.0789739977607	-353.9609467156891	-351.32598084552916	-387.9996958198537	-478.81012995573354	-340.6957334361675	-1083.1416267699146	-5866.584825218812	-9667.921297860797
79000	-437.68615129790743	-428.8440326665399	-422.2338919709077	-409.8083970693991	-399.9855109688219	-379.8832826268068	-367.28185578083435	-357.11744160216085	-353.3475135991376	-353.42146187697233	-349.49262144151595	-385.2018056843685	-489.7480671473414	-341.019239861927	-1062.1047793381922	-5842.0301288803175	-9579.97793767705
79000	-402.68008999388667	-394.0296000249835	-386.64731760054286	-375.06606914873555	-364.7763440184323	-343.5482414871721	-331.43912232754104	-321.5950063641549	-317.6339121691588	-317.87208147905307	-314.13600064742917	-346.6566397444379	-436.478542278183	-306.9708061330987	-953.3609067095214	-5816.064425266969	-9563.912034494946
79000	-432.07342122922205	-423.4016324657152	-416.4361451562382	-404.16088361734865	-394.1786751334787	-372.6608200291661	-360.7872629162717	-351.3461718313874	-347.19390432854027	-346.5466523982111	-343.4585278909755	-377.2494415273772	-466.6950992993751	-331.33739832410316	-1040.5873021770838	-6138.424528332556	-9864.642308372191
79000	-451.0150138250499	-442.5738569073112	-436.11118420608017	-423.71601781705044	-414.2039965842435	-392.59967210511337	-382.0067596333839	-371.44908206424884	-369.0095202311071	-366.7029668391221	-367.3405625369091	-411.9559471888868	-515.86888479986	-351.81785719714406	-1152.1030703600939	-6480.344816178738	-10357.734199331146
79000	-414.1799478955321	-405.96520778591264	-398.596928910289	-386.5771378147359	-376.20992920361607	-355.0497059544524	-343.12741462348396	-331.63362616911513	-326.56076816630826	-328.8857520997312	-319.358735524632	-340.0330590887482	-414.9527149309036	-314.2960761024329	-930.3606001069286	-5670.073759702617	-9351.731397848907
79000	-477.0553003114449	-469.6092331363582	-462.9760047218393	-450.4902920659978	-440.9664097528873	-419.87369243899843	-408.4511585124934	-399.83566806918145	-396.42106807994867	-394.9702728097934	-393.4333840861426	-440.2002666132587	-561.2663327290581	-382.3647214606394	-1219.5268882307087	-6251.403303408387	-10092.334879982414
79000	-391.1416378487624	-382.90867084280444	-375.8003335074704	-362.91668964137784	-353.49557973631164	-332.02190087838255	-319.73534799252366	-309.94423369864995	-306.7898571167699	-306.1257700848026	-302.3037519502634	-335.89951151216036	-421.0155703463548	-292.902846777216	-882.6797250760426	-6016.1767760927605	-9835.195580044117
79000	-391.08602917426924	-382.5052976029216	-375.29192974302606	-363.14985368695113	-352.7644312644192	-331.34093112010703	-319.19122909431945	-308.11216516976293	-303.5843729109383	-305.23228819509757	-297.9363629463452	-322.4582543387952	-394.08233705119693	-290.0440800825986	-883.7535086820297	-5756.024202768402	-9377.676974700205
79000	-453.04435702416504	-444.62918588782566	-438.0572045144166	-425.4461259955731	-415.84953877436146	-394.98008429142646	-382.8265816773191	-372.6527503026543	-368.7767901182679	-369.0745815464158	-363.9055878313919	-398.1232144435634	-490.02095308952585	-353.71771368873124	-1079.3887812574621	-5931.435564613384	-9514.253816313942
79000	-427.1735481795089	-418.0973686901259	-411.4138735963849	-399.15621355452083	-388.9506417857233	-367.61627260987296	-355.97398896534514	-345.7829358527791	-341.20672309629276	-342.29896967626394	-336.4150600673194	-368.6104822529184	-458.62231776789855	-328.4864075517094	-996.4055507143748	-5865.163277962199	-9497.743408116063
79000	-432.2930833447103	-423.7917370702042	-416.4097235350202	-404.9719408911336	-395.67307840659817	-373.91121681772427	-362.208841767052	-352.6733355753525	-349.49981790423504	-347.98282491410356	-347.2149088557896	-387.6864158930314	-491.30752000011745	-336.63927777515715	-1049.0226352168133	-6247.091272028961	-10114.147017050525
79000	-421.3223067950482	-412.24693006101285	-405.7673361354476	-393.85034125369964	-383.74233492481255	-362.2235696172145	-350.84529959659466	-340.6611575866556	-337.1400466849894	-336.62403946628837	-334.71124976931424	-370.3191220050865	-468.1670614900988	-324.43496098893377	-1015.213189617299	-6027.380559655015	-9861.904910922858
79000	-439.7565016304457	-431.3382204783334	-424.4129661145759	-412.35684011941896	-402.93114837476827	-380.4579011298779	-369.46028905934827	-360.31625824298914	-358.1670470659076	-355.31037842550245	-355.6926851378786	-400.8422951141118	-509.53793851606525	-340.0286002177573	-1156.8449055959018	-6192.230127827691	-10152.501446896513
79000	-425.61639864135554	-416.9570775272041	-409.5959942756696	-397.9037210559876	-388.0595362214816	-366.29574453110644	-354.173917373348	-343.9539708441724	-339.9665641192441	-340.14475807424157	-335.8089977366411	-368.0045590958128	-458.50412895481054	-326.49819579057737	-999.3492591891275	-6027.013227548376	-9809.356142606377
79000	-441.44626973563544	-432.86766670729526	-425.92366062066327	-413.9678651219971	-403.59828496044753	-382.23170795425074	-370.8171514604711	-360.9430497143948	-358.2670988130035	-356.5946192787593	-355.7437840543231	-395.4318118182509	-496.91274929327494	-343.4577125212849	-1073.5325768139664	-6097.17441820684	-9788.889437543103
79000	-437.6624653640273	-428.72622718464316	-421.7683410979594	-409.3645126342377	-400.18489309711697	-377.8317231658702	-366.7230884096047	-356.53962810504	-353.8514051246199	-352.5939715109297	-349.5778553628901	-385.86092658322497	-481.38415199332115	-338.22760395240897	-1066.1416856845751	-6032.928166117097	-9819.741401020854
79000	-437.9445725401981	-429.7283396172965	-423.2240772601745	-410.78908900351576	-401.07257228695755	-379.0871958048179	-367.8853411190641	-358.9408775383631	-356.9142745811572	-353.69896059690245	-354.3426736242913	-399.3887585450767	-517.9675827788852	-343.09943085880144	-1057.5457421613748	-6422.176902626568	-10387.936069357424
79000	-432.2338866455278	-423.3000024093938	-416.19410935416425	-404.3600628155897	-394.8900938307411	-373.08956599448254	-362.809812978698	-352.51532014791684	-349.1123752274646	-347.519363885478	-347.1522282124516	-389.49373142523314	-496.4494098377675	-334.7680441104362	-1075.9861086473834	-6257.4552726587	-10158.308852839107
79000	-463.53060034674945	-455.4747065070432	-448.6595814711274	-435.9217738113059	-426.8861486608233	-405.34395238336657	-393.88143212089426	-385.1821250573024	-381.9006433166799	-378.8687537118645	-379.0749880478069	-423.93235344047497	-541.3933986587037	-367.63340458791913	-1182.4733918500538	-6223.137991556493	-10058.237203745863
79000	-483.1458317371633	-475.51328326199877	-467.65977103111544	-456.13387087249544	-446.3221618214029	-425.16755672451296	-413.96188091061873	-404.30037620184567	-401.316364712816	-399.43842931705393	-399.38244746113406	-445.0112664956536	-576.20005780867	-387.53381081451187	-1218.5188599685202	-6024.816227992593	-9727.085277927332
79000	-438.377848344064	-430.2523112695686	-422.9073135376877	-411.76200474475945	-402.04514110848	-380.32759949541116	-369.1595982533159	-358.5351990102712	-355.172973906319	-354.2272826230684	-351.1477096632198	-389.40849959792934	-489.70818285217484	-340.9133367591329	-1080.1837686291806	-5992.411866419986	-9860.957290005399
79000	-423.5820615886327	-414.32800963292874	-407.2868448447072	-395.49251514813113	-386.1874329942455	-364.44793599593936	-352.3218648101122	-342.3009675878468	-339.10572893439763	-338.11010446037756	-336.4036673743949	-374.29487737112197	-474.7517018826209	-323.63422703677065	-1042.9304390520833	-6163.38122710295	-9968.053513253843
79000	-406.71834545163	-397.64670536566354	-391.22278687702493	-378.5183026648632	-369.05363571822045	-347.4060099379358	-335.6638797421037	-326.33845411606205	-322.267434621042	-321.46003924932353	-320.115397401996	-357.7977235844132	-450.4310253213201	-307.4358180073011	-983.7302506219861	-6260.377606401588	-10167.039239416179
79000	-425.6394582492169	-417.3439796394412	-410.0320509440458	-397.3915560229194	-387.6484425325614	-366.2814727666675	-354.6697377961746	-343.8547191798102	-340.19572283263517	-340.13051551669804	-334.912224019935	-364.65870792498674	-445.882405518622	-324.56506032110286	-1001.7177301572675	-5967.535792099783	-9604.93993639493
79000	-412.00759540804523	-403.36722749070174	-396.5281931407232	-384.34130879189	-374.6931237041568	-353.32121410958007	-341.14334659483956	-329.93840070808767	-325.096644498259	-326.7874453554919	-320.2629658118707	-347.1326046532605	-424.95536170077963	-313.99677829169866	-915.7919486336214	-5695.628369595078	-9302.547564410379
79000	-455.2896575046273	-446.7200123205583	-440.4938423968221	-427.3802298914294	-418.3374337702386	-396.83586563352617	-385.0667507260145	-375.29980404919786	-371.4756401459187	-371.4018366347059	-367.79148476311445	-404.0623985436059	-505.37830701726534	-357.03063272266405	-1111.7227011541688	-6091.457153540626	-9840.377234253941
79000	-437.2169015984472	-429.4854241256142	-422.1730068753736	-409.0351849294026	-399.78784296824807	-378.66964611521	-366.92936077465833	-357.0662761432982	-352.8587913913835	-352.77680869803146	-348.0897447595051	-380.81656985784736	-480.4496055976898	-338.622265446646	-1014.903074857259	-5737.9915665761055	-9401.441185212749
79000	-456.50567541415404	-447.7789551114169	-441.1190202592499	-429.1940296445267	-419.5649705078819	-397.76632490845975	-386.01976118915655	-376.44051893607815	-373.7260136697448	-372.2104221420519	-370.79083876505086	-410.5497624119968	-517.6948538588379	-358.51588655608987	-1144.4681742965097	-6298.301497473601	-10144.06660657024
79000	-451.1493222007154	-442.9614910938534	-435.75501505901406	-423.789043351985	-414.7050009714878	-392.68562332175503	-381.6804944739552	-373.67564186768504	-370.7020004351713	-366.73466974631	-370.587464084836	-422.11150675934823	-543.1583674629607	-353.04714289511213	-1185.8416530744466	-6499.021352264746	-10476.576937489004
79000	-439.4434536314534	-430.14325874009	-423.0267838107806	-411.31315657211053	-402.0348479461047	-380.1382041774126	-369.5796946579121	-359.12936031408606	-355.84227291221316	-354.3083450646322	-354.8446934548953	-397.4731559234912	-516.2497308699667	-341.6698765850105	-1086.3782540239602	-6094.836691445506	-9995.354573340202
79000	-413.766163183298	-404.953666232325	-397.7980621439263	-385.8181795517935	-375.4997931820149	-354.17569199017163	-342.62667279148457	-332.7180227475726	-329.19580690195295	-327.6381351087327	-325.9171358266085	-361.526659481635	-456.28798481885616	-313.8092748664083	-998.7448440932951	-6139.284500391359	-10005.694497399247
79000	-421.7278934071225	-413.06883981424863	-405.80713060925444	-392.64881962761456	-383.9321563282571	-362.25667521391	-350.7696581433956	-339.3981714903635	-336.07373686633355	-336.42411170064395	-331.695452619229	-360.60478929941564	-453.8470274633638	-321.4630164555943	-1021.4581149275359	-5906.507471662922	-9544.621298955404
79000	-440.6814196205843	-431.8187011962243	-425.13210911603977	-413.4070013800563	-402.76070709760313	-382.0625787487426	-370.40157604470085	-359.16483009647	-354.7678834519773	-356.67296038152716	-350.38771496976574	-381.95030611271267	-476.5104394835566	-344.34981879590663	-1023.4513696836865	-5683.78495665445	-9344.797009059519
79000	-414.87691388613405	-406.1001400133946	-399.101784170485	-387.2779276564943	-376.9908190057215	-355.7137964656304	-344.1538672726487	-333.53539006307864	-330.25723898012876	-329.656743475935	-326.2987948075634	-359.1857111145361	-456.9236856275793	-316.4707057093464	-975.2153791965012	-5938.083250934935	-9644.462947927806
79000	-476.48974507203195	-468.5784234924783	-460.2638339388042	-449.3211871870652	-438.8150215360409	-417.2862202371717	-406.1713293704416	-398.041060643885	-394.8096232202518	-392.9793946248593	-391.7788179258576	-438.4185613152082	-560.0037054240854	-379.8472900769673	-1188.9037637786103	-6177.303633089614	-9858.304445519847
79000	-405.86354009971575	-397.9445474379746	-390.56974110079506	-378.462053388434	-368.5959365147697	-347.1025461351078	-335.33004984410763	-325.5775037469546	-322.52835068599603	-321.4930488770511	-319.8356438901875	-359.8019594521076	-461.612443494874	-306.8962205949406	-977.9768949876836	-6309.496217373146	-10275.914139959057
79000	-478.3267595726024	-470.314384411778	-463.1455941121257	-451.4734597749093	-441.0103811986117	-419.81964183468085	-408.48278904990156	-399.2468920030074	-395.50398636084236	-394.48251499394405	-391.82866481926106	-435.75502569080646	-548.1268172504816	-378.4848235068415	-1213.0025132804353	-6134.549474993413	-9867.276217386854
79000	-472.0248339052527	-463.84731228256334	-457.2881295623818	-444.8336830227164	-435.10047223900966	-413.75600437435315	-403.3251539267222	-393.73009156308206	-392.34744958869896	-388.19562893492554	-390.9185450833343	-440.7407595861031	-558.0131510612661	-372.51994212117296	-1223.8297136538133	-6550.232705141754	-10352.408517344691
79000	-439.7871237115189	-432.112697955419	-424.07167838764366	-412.36562506296787	-401.89472724613745	-381.2014940313688	-369.1610963013775	-358.78927994765576	-355.197739836782	-354.58962733396646	-349.3528747236491	-380.57797660803425	-466.88383217894216	-341.40855109835894	-1046.7976238471729	-5955.736839798006	-9503.238442357591
79000	-471.9088703909842	-463.89392168902395	-456.1675726055649	-444.1904647681506	-434.2425095147187	-413.9247594911396	-401.38895829410126	-391.0605030371162	-388.2243930978891	-388.1041057908869	-384.5162916358265	-420.49051640625436	-524.3308088891539	-373.29149183367383	-1152.008444861113	-5964.787916135932	-9516.707354535774
79000	-455.401244243987	-446.67784166451406	-439.9263581946688	-427.51605569819026	-418.3885183875847	-396.827443578427	-385.54087561958073	-376.16027853752354	-374.36128959777676	-370.5494665175099	-373.40296652814766	-422.5154565460685	-531.5572993127062	-358.199367091581	-1182.6912477542273	-6455.260376443175	-10340.776529251096
79000	-401.9944786835303	-393.7348549894256	-386.1768448484533	-374.3292436192985	-364.3989206015059	-343.2980271530741	-331.1179849758185	-320.4435564151885	-315.174792207677	-316.711107515091	-309.93847892217946	-333.70743764222823	-408.82618951798975	-302.1983009411788	-905.5047698612009	-5795.596584841766	-9549.744881117567
79000	-410.3725949662219	-402.3252230778748	-394.6536871132733	-383.469527084858	-373.7407409939512	-351.72144335319575	-339.61067369457334	-329.4025883839021	-325.70286839399904	-325.8089029337634	-321.62079499319805	-355.6728860464191	-444.3472320044946	-311.02528903345524	-982.2425019827283	-6060.59348816718	-9943.917409697135
79000	-467.62493037581123	-459.5480484429357	-452.3806677544864	-440.30030968248127	-430.8422142171154	-408.59474916960744	-398.60887526071724	-388.72406552572994	-385.0010595458135	-384.07406917273136	-382.83390661731835	-425.2175971240881	-539.5396616133706	-371.83161746880717	-1177.914712255042	-6037.031601781363	-9866.266287818424
79000	-435.99360868818025	-426.9855806888582	-420.4054160223523	-407.97765107419366	-398.3566532384632	-376.9154277366826	-365.67919346686335	-355.43732609668837	-352.0703497797415	-351.5257943082362	-349.37695625553533	-385.9085602981788	-490.6163138368677	-340.6965982542455	-1036.765316493042	-6176.0643400052395	-9908.890969195176
79000	-428.01636609053753	-419.96343357121486	-412.08066701210174	-400.4600727369814	-390.0568486294815	-368.88942259581944	-357.0724891869529	-346.36913775875763	-342.54362469005946	-342.5116750827029	-338.1388995861487	-370.126588509952	-458.11884912061953	-328.06796305479617	-1035.2777409397304	-6014.410521122842	-9775.85563421854
79000	-426.1520587790008	-416.92759017538225	-410.1522833962511	-398.594240968927	-389.2244306943323	-366.96327999477495	-355.73017219633743	-346.60239472781086	-343.00578479652734	-341.2456493726164	-339.86583731909377	-379.9807457321788	-476.480032784156	-328.0468994252284	-1031.2184828893699	-6306.645698450706	-10169.73504138723
79000	-401.55799440290946	-392.4989779548965	-385.9581790149601	-373.1363530619019	-363.347826114973	-342.3095091778482	-329.21829309316615	-318.2051884654235	-313.00309998822854	-315.92928870614105	-305.28778646904465	-325.675173913692	-393.3413951439029	-300.72015656597955	-912.6850356196805	-5526.582826358451	-9099.848887535089
79000	-409.2199477877211	-400.63860604854926	-393.4810036708723	-381.21002053594725	-371.7651343862751	-350.0181466563497	-338.7636297406265	-329.0305238637265	-325.05799473308105	-324.87384610473407	-321.5625276768315	-357.63877552974793	-458.4994477825384	-311.11496531894073	-973.377201066285	-5998.479693331189	-9868.446052208968
79000	-408.682021012035	-399.89352405856755	-393.6842568794222	-380.90552916804074	-371.5287695100778	-350.22343156279646	-337.9327730067568	-327.3787265818327	-323.07105242431396	-324.13037763314344	-319.2570619232797	-351.1674456091751	-444.82150073785687	-313.35236837676996	-953.3059746442551	-5809.98023780413	-9696.727707424072
79000	-413.1985521900465	-404.62607452724177	-397.58910822307183	-385.4891322454032	-375.9006818945041	-353.6492073505437	-341.8909408373162	-331.2945125928003	-327.6754360817703	-327.8086622240147	-323.33444398930834	-354.8493024830448	-445.25597560487154	-314.7028469054735	-980.6324314877054	-5966.486260325921	-9752.008790642953
79000	-443.1470785879584	-434.40959389526773	-427.421924518755	-415.48481843504067	-405.96359446042095	-384.60994692018653	-372.5590170876968	-363.40279469774714	-360.1470775301848	-358.31763484891286	-356.9552327689142	-395.7749549879997	-502.7576789271854	-344.6579033152547	-1077.6993375684308	-6146.353301179073	-9951.781416719828
79000	-474.0492923423351	-465.6279060268089	-458.93136327917244	-446.92308433931953	-437.32451598157024	-415.6954347337121	-404.764032234902	-395.9220767629459	-392.86750257682274	-390.2341963331873	-391.789959075781	-439.06647014997645	-554.1453730115404	-377.40223633191204	-1208.9238383931965	-6340.781619825105	-10095.438031946593
79000	-425.3232325706805	-417.17477893349593	-410.5047385477829	-397.65415323607374	-388.62599242314843	-367.23983547545606	-356.80467748340413	-345.9083670230225	-343.26377610974043	-341.98697895167885	-339.427885502081	-380.38214487196495	-501.05714046761983	-332.1710748117004	-1012.9153725073102	-5989.120430249851	-9750.49307768102
79000	-419.4454141072415	-410.62416291801117	-403.4788427909338	-391.66624595683606	-381.67833179853636	-359.90452205509735	-348.55951865076014	-337.68883471062463	-333.7136942694815	-334.2899416824044	-329.201998785106	-360.7256156182484	-446.7310566290609	-320.2025448411098	-992.3124746745488	-5943.52380302189	-9696.006399530079
79000	-443.8371950097177	-435.7556440931708	-428.15278089212705	-417.266569738866	-407.0737678999933	-385.3388277054576	-374.055422350595	-364.41951873791095	-360.81659870492865	-358.9634836262207	-357.1756389469344	-395.0300647709577	-495.254167955271	-349.22923812311177	-1070.3815884546507	-6066.768439027544	-9730.730346482302
79000	-431.1147301519085	-422.47985433723665	-415.1327533224584	-403.1822057131492	-393.4750850195296	-371.78858720065824	-360.0461336893606	-349.37144484603436	-346.162258393301	-346.3299029139235	-342.16419375750587	-377.14363656389753	-466.0110786677874	-331.51888142728137	-1044.3027720230366	-6104.860953936179	-9948.198578711625
79000	-433.11620898288913	-424.738930395933	-417.49185889215636	-405.587862203388	-395.28425694420343	-374.08896020398566	-361.92079420987636	-352.67949884515207	-348.8318587742395	-347.8620121279428	-344.6702558199969	-379.8449974579339	-471.1331330503698	-333.1708153652244	-1031.2476227809682	-5915.018016728819	-9584.236598167541
79000	-390.7098634125456	-382.12702749323347	-375.2219177442684	-362.5984994599363	-352.8287950415251	-331.3424693780157	-319.2607484927734	-308.8409933957492	-305.39583146835645	-304.70739805349	-299.9523355457602	-330.35411575856614	-412.63142210761106	-291.00001143315825	-889.6366782986726	-5834.3482537636755	-9722.529550327577
79000	-416.5609469750872	-408.23005921768464	-401.27426141175357	-388.700659922637	-378.8799370204543	-358.15267944555035	-345.9991307035803	-334.7499343021658	-330.70277444760603	-331.83827816788255	-324.95467771564233	-352.58997162577236	-438.5714127516458	-316.88363428598046	-965.1400870401336	-5867.272268163868	-9532.402266388022
79000	-462.7711626196631	-454.1302940067345	-447.3283249442881	-435.7719432503942	-425.3070109050469	-404.54512712779507	-393.53066982353914	-384.74078163721674	-383.0231857632386	-379.25854955426206	-381.30928295189557	-431.8978159318449	-561.1418902869306	-368.8721815269487	-1187.1259651408254	-6549.417069667116	-10463.733632603997
79000	-440.6641596198076	-431.7561983031927	-424.5879138560942	-412.84431411790536	-402.63466063715236	-381.52320003754966	-369.8274819524625	-360.5231615103072	-358.1376182238176	-354.90741915163534	-355.9148741779572	-398.2265148442032	-500.254054064724	-344.26116525237256	-1107.0417275331092	-6254.6045458819235	-10104.435703367708
79000	-479.76806195834126	-470.98943715656327	-463.8556575104421	-452.76333346942545	-442.47459745071	-421.31441287513434	-410.2990669156269	-400.00819283262206	-397.37635265106627	-395.9457198588039	-392.2855505591935	-432.0297919509996	-535.921189589876	-382.3007535124323	-1180.4648563224819	-6073.951324786578	-9648.355007998134
79000	-459.9887806213529	-451.2569946781976	-444.0235447733165	-432.10720669889713	-423.1022945547967	-401.22735785452284	-389.80827996798905	-380.20018852573554	-376.856364412083	-375.89432348676985	-374.8475540017898	-414.2939119415119	-519.4418362541022	-361.54690750141924	-1129.3943049665447	-6098.913840301775	-9898.948546646514
79000	-460.9645448152917	-452.51313170843207	-445.589220141942	-433.4200190806956	-423.8833506526741	-402.061082959185	-391.12336027050895	-380.3955273325474	-377.3813405693638	-376.28874498746893	-374.1978669796422	-415.37027189485957	-518.9144197788869	-360.8192426855472	-1162.927312827006	-6171.50059915804	-9986.327201312526
79000	-423.15391998002355	-414.6190520673244	-407.2860554435452	-395.1631819431617	-385.9188266630556	-363.7159791996956	-352.6070786177811	-344.4271332963955	-341.2772186296636	-338.39303570888524	-340.23040880978266	-387.99993855494165	-497.9835489963941	-325.0063223851754	-1057.2766806969562	-6456.290072617613	-10495.26757187392
79000	-398.26058108367437	-389.72111350403185	-382.9234467197994	-370.0674761434858	-360.47086458758463	-339.0474323765173	-326.9843956004772	-316.71148692921935	-312.37018898031624	-313.55034282686864	-308.583429063167	-338.10393142145784	-423.60150807943376	-299.7301235615568	-896.4867004916524	-5879.035603020227	-9608.636451393239
79000	-471.73827860363457	-462.6137002800921	-456.08282107302733	-443.95647703120324	-434.0912292781459	-412.3212930529785	-402.2717971348908	-392.2661279495589	-389.0881558659276	-387.4723430801459	-385.06008292389424	-426.17678374148386	-529.7016646627751	-372.89465968427646	-1179.8732878774138	-6049.578936273904	-9668.911205505206
79000	-456.0932634666464	-448.076854409331	-440.76201523753406	-428.74666355033264	-418.4800984559138	-397.3374814739299	-385.98265769541456	-375.9340893000507	-372.8569999700611	-371.2915071238739	-369.86337213824265	-409.9969276738151	-515.6013799775413	-357.7799431439856	-1143.02523284957	-6075.449824182017	-9766.176036994237
79000	-387.2393787710455	-378.7147195919427	-371.58800273229025	-359.5812785717692	-350.1169020779049	-327.8830870173602	-315.82366772520976	-305.7926892349086	-302.8323706371808	-301.8220164584355	-298.60579486416077	-332.21523820877303	-413.232424540303	-286.7448541975722	-948.6888209971421	-6006.164650104009	-9961.683012254545
79000	-419.67395156616953	-411.4583290330351	-404.4752930824521	-392.2295230154541	-382.45564039727157	-360.7028833861662	-348.43282985696624	-338.69617325794854	-334.83165398701243	-334.8391758235068	-329.31268384458343	-359.69338107059195	-441.9891233274937	-319.6055920192764	-1005.2261575617821	-5772.779488523569	-9449.32446117618
79000	-448.95186817497097	-439.17427295032746	-432.8930364246625	-420.7310069317907	-411.4351820509323	-390.35551090067634	-378.3897798901882	-368.15050038388165	-365.3823886652591	-363.7655399888026	-362.78440577975823	-402.722170719745	-515.9710791266618	-351.49508439424505	-1127.7690569196034	-5940.433957653655	-9800.695174819195
79000	-433.1385814617177	-424.79400399364596	-418.1661729995555	-406.7227407663645	-396.1085953689945	-375.1179307968112	-363.2666154726562	-352.68360919581863	-350.28079325383914	-349.0385206576063	-346.1691571786904	-384.2569412362533	-485.9381649350028	-335.73286044864454	-1059.945637239757	-5955.327431787637	-9806.319981749264
79000	-442.9002867356242	-434.2083576567131	-426.84954973014914	-415.22034751863634	-404.85214718033177	-383.3969808476519	-372.85715734032345	-362.1181254297608	-357.76132859960614	-358.0952581936275	-352.06486704424503	-385.75948169368775	-478.99624100266	-346.3288266366948	-1054.4370496683018	-5972.146788220275	-9555.293706737533
79000	-461.6139834426035	-452.5195526920516	-446.41067758726234	-433.4189210685772	-424.2176936170133	-402.0171085633474	-391.2634905132902	-382.84629128950496	-379.77260161223495	-375.95769752694036	-377.5573927921744	-425.2921212344248	-533.3801933234811	-362.6592602007295	-1159.8803385215945	-6408.858728117488	-10281.161153348768
79000	-401.84042095379	-393.35886346434546	-386.5724241847383	-374.2374111396306	-364.34203846676564	-342.70936381566935	-330.44889603072363	-319.0764179192574	-315.6971962148549	-316.17645477046534	-309.52919730635506	-334.55267127627127	-410.6426126840498	-301.07715559095885	-927.9770230580503	-5818.6947076113465	-9477.336985798445
79000	-413.2774724526148	-404.27225221852683	-397.4560410177118	-384.7060755614051	-375.83650270540454	-353.75995407023146	-342.0300337628109	-332.0432566240224	-327.72832826689074	-327.6536820173733	-323.78486459496145	-356.56776677370107	-443.2415718073252	-314.8418033989953	-965.3932945962215	-5895.86405118192	-9629.754511683695
79000	-444.29843243513835	-435.84879162367866	-428.8555409513312	-416.2346778622815	-406.761253235079	-385.66567441124107	-373.6792989639906	-362.8256494968495	-359.70682956073523	-359.1674383998629	-354.6167653748286	-388.2405421875534	-484.60524409175423	-344.27337767093996	-1055.3611322520471	-5857.259412858472	-9571.754460937058
79000	-417.2790002345191	-408.28344026083647	-401.70148492738184	-390.3654884388458	-379.92734531622153	-357.8673567565345	-346.57727703424695	-337.7476672047363	-334.08802098606566	-332.47969508424995	-331.4471724475432	-371.5389461006707	-468.6249308837951	-318.77687834169217	-1012.8769245357087	-6022.377970601	-9786.326170418602
79000	-418.3166450646674	-410.00815125718674	-403.0256029800218	-390.43183846772774	-380.73747336717497	-359.2612406398622	-347.5157491408963	-337.5555789765737	-332.5130177320301	-333.01274723875497	-327.39665185394955	-357.2104541647014	-447.02275947453626	-320.5815391216683	-972.2077764906408	-5698.643229562403	-9403.238429203588
79000	-430.84993918399385	-422.28061664543463	-414.57738833161926	-402.59046608785457	-392.52743417299456	-371.259382591692	-358.7416984671285	-348.8284385378587	-344.9975858337067	-344.71751782806155	-340.9832772718185	-373.6179833599063	-459.97925361315606	-329.4404702995471	-1039.969787137523	-6015.999153764966	-9809.382895114248
79000	-431.6538041568657	-423.7456526212036	-415.95406230682323	-404.3142217763575	-394.45180900474827	-372.6343716552077	-361.4454942843766	-351.11952559244656	-347.8070426760443	-347.125121028371	-344.62977647046546	-382.9984398768627	-490.3356707579399	-335.2191185973454	-1055.702453881089	-5985.909156878988	-9730.40634505265
79000	-442.0460530474088	-434.08039643340686	-426.4511159998147	-414.1582508332814	-404.1955279189162	-384.37910727038457	-371.63390636869264	-362.3642262993186	-358.98579069474926	-357.2336117663474	-356.1587352473915	-397.2092734860141	-498.94496287377973	-343.94258548468497	-1095.087047709908	-6035.456661079071	-9860.803296332993
79000	-447.37628234931736	-439.3890699130271	-431.75687093997277	-419.75050020462527	-410.14978397175304	-388.8645934120344	-376.33805374778655	-366.1502049736937	-361.19949333093035	-362.60278805900936	-356.26235199333325	-382.98459425629125	-484.04927769675805	-348.92667860614665	-1069.603185787512	-5822.337071824931	-9409.176702866396
79000	-404.2464884153176	-395.6163360857078	-388.35455173279394	-376.1575684508273	-366.40105990708383	-345.2005436366403	-332.76687212424883	-321.6110700357648	-316.743798797979	-318.9773951982869	-311.16456811816676	-334.8390639242711	-415.9477549621082	-306.470809517541	-915.3571109258385	-5640.711974408013	-9292.506182313438
79000	-426.07308787606394	-417.4936762383745	-411.26598075626094	-398.134048232734	-388.49695445898953	-367.31250561503606	-355.1816146308454	-345.81347913639985	-340.5455931515219	-341.39852666329165	-335.15058692259294	-365.34456636119427	-450.81115967989166	-336.7373658157378	-1000.867239381089	-5731.630282180825	-9408.365526419484
79000	-400.94613790173975	-392.0556401424469	-384.71396517302463	-373.0128171067869	-362.68378691425687	-342.1198867248064	-329.03793424233055	-317.6809301341034	-312.8503627636051	-315.0550910637822	-304.6625818894433	-324.0886891743875	-401.08511885983575	-302.26783652981084	-858.8082573227078	-5518.259607912398	-9006.699743656693
79000	-429.9607583695692	-420.903566466174	-413.68504487705724	-402.0249287801355	-392.26531415369976	-370.5010371174775	-359.2207990767661	-350.3922340204207	-347.4057334509515	-344.7135330411623	-345.7490223052101	-388.56865761715954	-488.6285889605554	-331.3141478735942	-1062.9122049861105	-6479.242058525251	-10370.084529784534
79000	-439.2153625587224	-431.1929324458906	-423.59640927353024	-412.1412814525776	-401.8911440845722	-379.8066048201305	-368.4521460598721	-358.82735560728236	-355.13449705699156	-354.7872342482966	-350.9706688577878	-386.3972059939232	-473.9582655239515	-340.0753859219461	-1045.3355615401877	-6099.873668536669	-9868.515852208897
79000	-403.45050617595075	-394.7765328823402	-387.2917108036078	-375.4091894047805	-365.8428966282037	-343.7215104643725	-331.94753936002104	-320.48325175683067	-316.91901538692014	-317.92925648534924	-310.1723486977038	-336.76054318032	-410.2236455031257	-302.71227662426094	-937.8166535103293	-5713.438081585204	-9383.404943822963
79000	-447.7772828328342	-439.81739525936194	-432.1685788341793	-420.4816780626404	-410.51673392823153	-388.73402013117635	-377.02833180735684	-366.96321662804246	-362.43227384647366	-363.24702252322436	-357.8198546626907	-391.434014707913	-479.57401254339504	-346.8944450731681	-1067.9685427970246	-6058.3098737861865	-9754.032266169736
79000	-466.27127488405665	-456.9856622378199	-450.266260373733	-437.1794438571717	-428.1053031694907	-406.3713695332689	-394.7794926210743	-385.57905262451305	-383.2282539338921	-381.46917217661166	-379.8198492746601	-422.51722208250794	-535.1221960634535	-367.77268773385714	-1159.0086710958983	-6189.276103965568	-9868.382776649103
79000	-451.6000271674219	-443.91311035745434	-436.6356075352891	-424.493682342223	-414.71114296404687	-393.1223429694507	-381.0616085720255	-372.3887489819423	-368.945629099996	-367.54557439592526	-364.65995282485363	-402.2455446632832	-504.8850880241185	-353.11043524270457	-1141.4072395755184	-6107.337959284377	-9920.731516388483
79000	-422.1454422835524	-414.3814888636013	-406.5369782115476	-394.2866339598314	-384.7557476561799	-362.94478543002276	-351.2459853179295	-340.5893547907251	-335.7019672568532	-337.1110244030257	-329.8547063081684	-355.4896858416919	-438.7135943124931	-322.89669883306544	-959.5305209295759	-5675.58945710573	-9325.84963217456
79000	-425.2883265025815	-415.8353333740607	-409.4996440314804	-397.67198052000356	-387.53424665366373	-366.23143985536416	-354.98237368755355	-344.061114173477	-340.4060277610428	-340.58837702694143	-336.4034073617242	-370.4390457234415	-468.7966827895782	-327.5323138265977	-1014.5093333474011	-5947.024987409862	-9698.399972781614
79000	-432.78131414044213	-425.21478853393864	-417.4460066651091	-405.47830351908283	-396.0499727521527	-373.6737164753645	-362.6064639107907	-352.6999755292397	-350.19349236649725	-348.5407509842825	-346.47353843374486	-384.06952313487653	-479.5753759555508	-334.1672144719658	-1055.4269276282093	-6078.730595428804	-9875.516769094522
79000	-404.9048525350349	-396.2367583631975	-389.4086897370759	-376.6645974798521	-367.5160465401689	-345.66163702627335	-333.2725621832814	-322.31199057415586	-317.96245823023077	-319.913861202544	-310.6893625863886	-332.0372530845707	-408.9622236893492	-305.0620948470066	-888.7001521580803	-5505.244313383733	-9027.50985162143
79000	-417.773616536508	-409.41394536527577	-402.4165349671171	-390.6460772616723	-380.73221787948466	-358.8737842994711	-347.2345412283618	-338.0727361622819	-335.01181332113913	-332.78562094205535	-331.8667776885079	-373.0332348875793	-469.30971202847365	-317.52364545734343	-1052.7175962104009	-6182.176630945475	-10044.77559449529
79000	-492.86973743571565	-483.98678757600544	-477.48768729265333	-465.34006994598883	-455.96400373861303	-435.24904644914017	-424.3676799931266	-415.0506645700257	-414.3041906516884	-409.98695290953015	-412.0093002722454	-467.541729545796	-609.5433893705347	-400.37788889473256	-1271.782252394085	-6418.325306736358	-10274.922245122627
79000	-413.85245862368305	-405.9839189386534	-398.3742743183272	-387.078299000897	-376.1934586934007	-355.2193485833008	-343.15375387749685	-332.67653259969205	-327.96631334508476	-329.0854544796298	-322.9564497132324	-349.28698641052443	-435.7780554093847	-315.196173700149	-954.6478063317828	-5762.859808239408	-9413.311098326327
79000	-467.0971837955181	-458.4391998099918	-451.7736853308683	-439.53853689409993	-430.12238589253053	-408.2487341327037	-396.71762487698936	-387.72886820714575	-385.0242707876189	-382.98852560984113	-381.18402128071324	-425.1141761179568	-535.4398701369529	-369.24204720042417	-1155.0125181063627	-6316.443823491593	-10172.893697702108
79000	-436.98623960066243	-428.65376758202416	-422.0040584871246	-409.60852852779396	-399.3275833429866	-378.36231634233945	-367.37917936787795	-357.900992896672	-353.65346831648134	-352.2889779800176	-350.23887293224675	-389.91542025989054	-502.9634183895778	-339.5475467037236	-1059.779095531126	-6008.743886607428	-9804.969835370332
79000	-460.4169547820296	-452.50909094501486	-444.61216723973934	-432.42939666210884	-422.59777879577535	-401.09978583554	-390.5178500405685	-380.19957824322336	-377.9294873499767	-375.6290602882852	-375.19607204601823	-415.99935951969684	-521.2346570863989	-363.0650431981461	-1167.913698764978	-6141.008797328421	-10011.63261065302
79000	-442.3885705457497	-434.01391449281704	-427.1010545243667	-415.16606563047185	-405.66321233201506	-383.53789669840216	-372.0412303795122	-362.4319790743711	-358.3995717505041	-358.55674502815634	-352.4964738907901	-385.21038093647684	-488.36799209781844	-348.0388714258231	-1052.3092819331764	-5728.547171194921	-9374.669824344093
79000	-408.1156791397134	-399.7550939086817	-392.6390116797821	-380.89179497941166	-370.1979493074129	-348.9799591657738	-336.6368597153765	-325.63201014668715	-321.7485071310138	-322.99722077374275	-315.57397931382644	-341.34113840563396	-426.9830251694594	-310.17660495508045	-930.772680840517	-5681.109099712758	-9387.827803919796
79000	-434.73362397197974	-426.39027886090474	-418.889055670466	-406.11902912803544	-396.9666222456066	-376.1619648329197	-363.1800815443561	-351.83124573500356	-347.80262789367214	-349.8125664259444	-339.9513126684008	-364.02191371254276	-439.6324878711029	-333.9148812206667	-1000.289344142981	-5650.038868888486	-9135.889717989552
79000	-454.771111284375	-446.48807850760176	-439.68070122145497	-427.5581653404629	-417.55211936615945	-396.36195139447113	-384.8470024372542	-374.939978864627	-372.05812283358017	-370.4548893460627	-367.914887460532	-407.88189916703806	-517.1713602124585	-356.3659978888411	-1140.3487582557063	-5940.128387167854	-9618.264050713604
79000	-443.4631115528853	-435.495729506096	-428.11883383460537	-415.648439909657	-405.6911715442684	-385.2444893823909	-372.5301926950746	-363.13262339364655	-359.23718665427117	-358.86201401984437	-355.516469530404	-390.2621921226714	-487.5200858347481	-344.34958257709303	-1042.63448183281	-5919.280499744765	-9656.098813126539
79000	-421.35785781469116	-412.9885437864533	-405.89418541246874	-393.91215763870264	-383.92927937756235	-363.04460366952026	-350.2252168668807	-340.2653385351907	-336.396235946302	-336.6295422654117	-331.410328850953	-360.2558110962793	-454.0179087469406	-323.62285921656706	-987.741632716808	-5810.761986033406	-9441.63072027617
79000	-418.378933608953	-410.5312701382271	-402.5467826912516	-390.84210248186025	-380.7349506408014	-359.094387170351	-347.2031341946753	-337.3323680098431	-333.7172470735565	-333.1236291061546	-329.03532295517033	-362.94189810891356	-451.88614935482786	-319.5890074414708	-977.3461441587018	-6032.561674126131	-9744.690447737736
79000	-448.9289811152085	-440.7232046063527	-433.2837145689404	-422.0866706287661	-411.25186835945976	-390.4311089669977	-378.66814753317595	-368.2168846155886	-363.55752583237216	-364.60272985511546	-358.18657655077146	-388.2592001075632	-481.7809476482325	-351.8309955102673	-1043.8722096400622	-5807.727057812404	-9256.368138512784
79000	-411.26207662311896	-402.71772941847803	-396.2560824491099	-383.86125185398055	-373.97719925994454	-352.54064274751806	-339.92876759268887	-330.53524370416693	-325.92943779399144	-326.7587286138781	-322.2412879578385	-353.1136241264238	-445.21224753336736	-315.83194620810525	-939.0742872590291	-5884.707769907609	-9599.216670408987
79000	-461.75664820313705	-452.3924829038558	-444.43227758676795	-433.03699509736725	-424.2250016028032	-402.5120775728696	-391.2374253777404	-381.615975231209	-378.59871821088507	-377.33700472721046	-375.8039157115659	-419.420247090015	-523.1429571477868	-364.668317202826	-1151.5622044937552	-6219.204543756858	-9987.216743149169
79000	-395.27864882677926	-386.95824392239376	-379.24584961586623	-367.28192725729434	-357.84977372810374	-336.1111589456621	-323.4429085812245	-312.468577315443	-308.01342736232476	-309.8671540968832	-300.1042699520376	-321.34867997571405	-398.1856050948322	-296.2360037982534	-885.6517607853028	-5510.662061615106	-9170.307363272303
79000	-432.8061948673424	-424.32700982913764	-417.51469050916063	-405.6153476310765	-395.4171096805713	-373.97603629645704	-362.5900777750963	-352.5120361107848	-349.5899392576214	-348.7760000904502	-346.68261185311934	-384.6068350850967	-482.98894813944787	-334.8081780967971	-1038.2105022216751	-6075.814358613167	-9861.678785541075
79000	-431.60699887493223	-424.2125662566549	-416.13226229477294	-404.41857128563436	-393.8503038571485	-372.816904151685	-362.02119847057014	-352.21077305144485	-348.08335342429643	-348.8506815194214	-345.97206370455274	-383.85417335705404	-490.97377454620715	-335.8397514050113	-1039.031074162115	-5979.8091041863645	-9724.219705002306
79000	-460.9799107074735	-452.25406234616435	-445.36498698565237	-433.63148360135847	-423.36046443128316	-401.2894264521998	-390.57655143988444	-380.570627797135	-376.8553949595639	-376.3719299750726	-373.78563362068047	-411.8887092855627	-504.25398495966283	-371.4021852833326	-1083.9494890249339	-5909.606362899929	-9651.727328744946
79000	-425.74689944850365	-418.05003188311144	-410.60557693513607	-398.3962039739008	-388.63687359428167	-367.0816290838598	-355.24215247353874	-345.8014505995282	-341.8356040804429	-341.70630935439516	-338.60490300968684	-375.499672384247	-467.44443388774374	-327.18010639924887	-1045.869499908708	-5983.911462742627	-9809.78878987198
79000	-430.1912736966702	-422.4258119812209	-415.09665139340365	-402.2315907217326	-393.12331091394077	-370.98665889962325	-359.2965468560542	-348.74846782299835	-345.1398184323065	-345.1804792869563	-340.3030887526258	-371.19722513299257	-462.35708095881154	-330.619763401355	-999.8766807715789	-6039.360793007605	-9729.579716253635
79000	-432.45578599150525	-423.7246510830763	-416.8839359220911	-404.61855767431234	-394.81684398013374	-373.048484519284	-361.47430719143114	-351.8269098887759	-347.6353563546144	-347.5334673583794	-343.762742395931	-381.5410076843426	-478.08786718580365	-333.56454276566785	-1025.894254480761	-6041.3187624069415	-9772.095618157866
79000	-397.30420568317413	-388.83124073645996	-381.3983071620725	-370.1053129803249	-359.8758350635977	-337.5748809281968	-326.22872303835913	-316.62870375672014	-312.7464924008877	-312.2255368246557	-308.8686786175465	-344.41965009643985	-433.9852141565243	-299.5769942384169	-941.5030326821861	-5914.775468983519	-9779.078204095054
79000	-433.8082179941349	-426.03351618157166	-418.9234681476292	-405.6812757354585	-396.81567922223763	-374.66861174625444	-363.31530460010856	-353.81774877827246	-348.8031639754638	-348.9966253054422	-345.80068654150915	-380.57510493034823	-467.5591313382719	-333.29770781554777	-1096.8026535479341	-6128.581997779813	-9965.271055997651
79000	-449.03639573195454	-440.2549677939316	-433.87865192120097	-422.0096001792947	-412.39677843708205	-390.8026904150107	-379.1917859950316	-369.9195802335101	-366.94032367422255	-364.7301086122859	-365.3453483714948	-407.7352230706875	-513.6816516974684	-350.0142916928685	-1151.4325427890478	-6231.0365832919815	-9955.649819786433
79000	-441.12648317201916	-433.12233524194033	-425.61601693392066	-413.1260792437823	-403.7598800898499	-381.8380983305156	-370.5291827658364	-359.82464714539566	-356.4256082787124	-356.51644180558276	-351.78119345433714	-382.27743219515224	-470.69326375156254	-341.0346386082704	-1028.5008548003727	-5900.346218608222	-9661.762521350602
79000	-450.2353182638941	-442.14285956288234	-434.5503336004495	-422.42068420334726	-413.102882069973	-391.22483278152845	-380.27801632877384	-370.50085132953274	-367.4821481922754	-365.3801287200827	-365.29307702992764	-410.45091544801187	-523.8966497813134	-352.29716242934336	-1124.3417285948046	-6143.67387472828	-10040.94022998125
79000	-402.91918917660684	-394.5675576603127	-388.04208711674397	-375.66024531623884	-365.2678709231726	-343.53584756130067	-331.1792491155507	-321.1980524549443	-317.14362155832544	-317.5843249224757	-312.1423332303778	-341.5713316488493	-419.6088266404776	-302.9106444363785	-948.7554629603712	-5908.0173939880615	-9687.71320854006
79000	-454.4277967114402	-446.0025927330576	-439.18660779638464	-427.05168381329736	-416.99592168669915	-395.7841968665715	-384.32793404941435	-375.41683021522056	-370.8676036445091	-370.32967012074454	-366.90003659646004	-405.06776386872735	-513.1108986805513	-357.7393060781564	-1124.4950783229572	-5929.402816645823	-9792.48653870847
79000	-439.96951740557694	-431.227456349561	-423.75136056320565	-411.8491640526015	-402.13378670760034	-380.2454912789294	-369.4011889400399	-358.4445045815393	-355.0907169027226	-354.6937980453777	-348.48709909265926	-379.8277953459266	-471.9637100780234	-340.31786150411085	-1049.1309204646452	-5664.885795192021	-9299.506213614372
79000	-423.954348789368	-415.4735577821078	-408.33724383227826	-396.2812863036935	-386.55449539451433	-365.36720508199323	-353.37003337200605	-342.72969262215156	-338.8573739275258	-339.2872698131639	-333.07300824452176	-365.97441139829215	-464.1999749826725	-325.37648096295317	-1014.091318263133	-5849.449141741639	-9627.628386205588
79000	-446.3337440081801	-437.8273591569058	-429.9102308440998	-419.1910314896719	-408.87190853083604	-387.0191037211035	-375.708445772322	-365.7373509934598	-363.0768979455708	-362.0168844033821	-358.6934022222007	-394.1690037556555	-502.84270330445855	-348.1763417039061	-1061.1843572957764	-5799.8694893577485	-9456.637217227295
79000	-475.08438788404305	-466.2595001199237	-459.18530221720965	-446.23394777040164	-436.75909730929914	-415.5245948356953	-403.9460783462918	-394.7535445431763	-391.7223807093218	-389.51653788630455	-388.4687858141673	-429.04814877614996	-532.1899166272904	-375.935354522021	-1190.3190873956487	-6250.605923943128	-10095.112368166729
79000	-426.9397153007515	-418.6881656447329	-410.4553856013618	-399.0750720136258	-389.504487676838	-367.22598347565275	-356.850033506312	-347.2096070522528	-343.21750922886685	-342.14092149818856	-340.5221659912672	-380.1789134254918	-481.2429557173918	-332.2219427131392	-1011.9976371456779	-6052.142906357522	-9793.742536405165
79000	-438.9838627574578	-430.6830268913258	-424.2296933192403	-412.3265925685746	-402.45380583520136	-379.91252874920553	-369.5889858217247	-358.6689596047957	-354.44969037733864	-354.86069451317434	-350.69462919358585	-386.9718885162784	-485.8750934299265	-340.50694621097136	-1092.4583340538381	-6029.160676970705	-9755.996846142902
79000	-470.6508646328299	-462.9885041180032	-454.5982919951496	-443.4232151883368	-433.19620134856785	-411.86373434439554	-399.9561833574432	-392.1573875708279	-389.25692334034983	-386.668534819835	-386.7890817663251	-433.6765210360808	-553.6875652045409	-373.3005690514247	-1164.1953368534553	-6333.036434241816	-10185.127787396139
79000	-414.2478992300985	-406.1822587147742	-398.99071041143515	-386.922620389161	-377.45155209370176	-355.07376540174255	-344.29470219723277	-333.6758782770566	-330.54784859693535	-329.0190910074151	-327.4653896392435	-365.720348729559	-467.96787085460136	-315.58186082755907	-1042.080312409741	-6060.46287505047	-10065.45829777214
79000	-418.08807205815526	-409.11095523992327	-402.3650416289502	-389.97770139127306	-380.30278510915434	-359.0269985933853	-346.80861690440236	-335.9524074238523	-332.4801997809747	-333.0512900061283	-326.76170927954416	-356.6416463080769	-436.8894680783984	-316.86746807781446	-991.3421059257847	-5772.327174022286	-9557.273842879022
79000	-457.7436943202724	-449.34159966364695	-441.53019805825176	-430.1585545893781	-420.0797979794163	-399.5899515156029	-387.8482266382128	-377.6172876500326	-373.3405321096366	-373.0659475432185	-370.6350883676268	-409.31608338756183	-510.4740297619264	-360.6005804726543	-1110.374406072872	-6112.576304276934	-9785.709612903885
79000	-430.93594110952085	-421.5906649528276	-414.54370491313415	-402.5889570669086	-393.43070252162863	-370.96753802193524	-359.8970438298694	-350.2342227105659	-346.74715326707206	-345.25692362587534	-343.484431203893	-383.2183714457876	-476.71191517322217	-331.77985500394055	-1051.9771212576889	-6056.167663429224	-9798.41174952155
79000	-429.30966260816575	-420.89923264911397	-413.69097931361665	-401.55446839241165	-391.4778046344394	-370.6697545766035	-358.20463278080103	-348.77745704283245	-345.289826508654	-345.5240492885776	-340.39045527080964	-375.04525821178277	-475.9453280013924	-331.3854160373576	-1012.9950247963566	-5936.902903424908	-9701.099005924654
79000	-449.61972780834077	-441.41375163816105	-433.39848445365334	-422.0436803655881	-412.07581595759234	-390.81511005515694	-379.8220287914959	-368.92961712152504	-365.37967727954543	-365.7963147112189	-361.77454760421756	-398.29711300726177	-492.51396339224345	-350.1553496546937	-1100.5586913964971	-5992.775981509237	-9685.71282117971
79000	-441.49629895258283	-433.6138498906032	-425.57729871963244	-414.6556306991255	-404.29525669045114	-383.0483438956591	-370.8404514559653	-360.1237652907902	-356.7033171848269	-356.58062086474814	-351.8914102020555	-385.11561078021975	-475.0565726430803	-341.37549828356765	-1065.5318447021825	-5814.546981855216	-9452.881522158339
79000	-456.74038183174264	-448.790426805924	-441.65952222868174	-429.65168604046505	-420.6633120306356	-399.2306510115546	-387.2555805301924	-379.0469908950335	-376.34833448510966	-373.4988122570688	-373.5546279917728	-421.8322500570088	-542.5079969520755	-364.17172102233917	-1172.9595152059228	-6116.509741188871	-10003.782413347548
79000	-423.0419132111549	-414.5497665549132	-407.0321907786882	-394.5434491257737	-385.2265557067023	-363.7743006407612	-352.46429496179195	-342.81022182288416	-338.1450797837405	-338.1996996795728	-334.8799218588107	-370.2958493642782	-466.70057722849884	-325.7226650948011	-1013.34991966047	-5854.763384644654	-9583.710220338764
79000	-460.2663712146541	-451.480437335119	-443.8869405128774	-432.94882697326625	-423.3178656967907	-400.94785019397034	-389.35119356050706	-380.0792997408649	-376.70157186961745	-375.7717909424759	-374.1337030135481	-414.6151971942581	-525.5435694536054	-362.52396998091956	-1117.2607182775366	-5999.370180318403	-9751.2733542123
79000	-458.26537108375635	-449.15724939994675	-442.56074440954075	-430.8384517957928	-420.76579133369603	-399.85141074740466	-387.40887661934886	-378.06475399720523	-374.8622440665809	-374.4054257797655	-370.18514705649596	-406.8806746783959	-509.294052404061	-359.7013808870099	-1136.4068123505463	-6006.83496185614	-9740.094573702769
79000	-482.5313656997461	-475.3533843882123	-468.4977920325003	-455.98926434475686	-446.194454361802	-424.59031929135904	-413.8110182773439	-405.3054781621062	-402.75754473460984	-399.1314257065388	-401.4516377267029	-450.37784041394036	-576.4935317829617	-386.94495019392434	-1221.0049970087523	-6414.06403260061	-10175.173523112051
79000	-410.53483916759933	-402.69502180445505	-395.54672309179415	-383.5090537868223	-373.4517258092229	-351.44758351905824	-339.8194509511393	-329.10258579762035	-325.1298912167439	-325.76484070537475	-320.4078778547228	-349.6071615250678	-428.564730904022	-311.0364472613635	-965.0328666963067	-6116.375775795975	-9858.78308525018
79000	-412.9881918114219	-404.73184971777255	-397.328188195634	-386.6381855199478	-375.927758031203	-354.63740248742107	-342.32891201011546	-331.8477856657488	-328.373930302168	-328.5801920844367	-323.8105489727452	-354.91767063039293	-444.38060925980125	-315.1248363648961	-956.6973118864634	-5693.988741460805	-9524.918641800648
79000	-462.7701162889818	-453.9946197711262	-447.5965978206263	-435.76961315299855	-425.4583411230852	-403.7413100583136	-393.1394951635171	-382.96670991718025	-381.0465023448847	-378.52069528251604	-377.7411942839768	-421.16854368073535	-525.2779680095217	-364.9049145306788	-1155.7061948287424	-6304.847630730793	-10096.325003438153
79000	-416.03066757967605	-407.7452482522078	-401.3501188045163	-388.3348019317383	-378.42158759973773	-356.97615304355156	-344.5044788766898	-333.0130464923343	-327.9324187464399	-331.3632898346068	-321.12305490992713	-340.2900891718018	-410.4357444352961	-315.79931639987257	-901.2885680935108	-5692.000621989608	-9292.522892477307
79000	-401.2952747579264	-392.41335805119655	-386.23036586673805	-373.5543505326963	-363.6706910679869	-342.4336103393514	-329.82016968156427	-318.77340160577637	-314.096548628608	-316.3970109281709	-308.15006421484213	-328.7088453720779	-403.899998225551	-301.91945686465215	-877.0923985075192	-5379.973279463297	-9006.082815168123
79000	-437.31761595516264	-428.6636773805216	-421.29360241486535	-409.5283481644134	-399.8853533057892	-377.9609557162928	-366.683717600743	-356.25329606279666	-353.13072680510237	-351.914042130079	-348.02632597902954	-383.3702195310059	-484.9393512783258	-338.64502686956394	-1054.930867771251	-6012.578410601889	-9747.210714670957
79000	-418.19112652326584	-409.9715406949131	-402.98601096867077	-391.107261083132	-380.89593436524785	-359.8840998026557	-349.03566324737295	-337.70698789455656	-334.5925607236041	-333.3556465874897	-330.6370727695108	-367.92674970819917	-462.58711425075126	-319.4509440197179	-1042.1245875278967	-5938.3079695769065	-9801.576854563808
79000	-413.30541774947557	-404.56459767737744	-397.62782280296125	-385.56749936792755	-375.9568932777267	-354.19935620756456	-342.6189243493589	-332.25481323643135	-327.5924808118479	-328.32288780334414	-323.83741868603494	-355.5370772697942	-440.28417779318033	-313.58537228559663	-985.0737261367095	-5744.888367710376	-9504.091891231701
79000	-430.696136570238	-421.6471471873119	-415.4432730602255	-403.11868982877957	-393.4690505347167	-371.6167882817198	-360.78757696614474	-350.8671955740135	-348.19976147573954	-345.96759083635266	-346.38947726459776	-389.9320800052864	-503.1882031832997	-333.2965701764471	-1051.041005278286	-6114.172216631898	-9924.343751785891
79000	-438.1395934536232	-429.0363965788636	-421.489499933884	-408.7806408394771	-400.3893995776	-378.8995993841921	-367.5613561618566	-356.4420166721103	-352.25987298236953	-353.1687423282708	-347.0129364176497	-379.0805188548309	-470.7554098596628	-338.79589027686495	-1049.409263464819	-5777.983232562934	-9359.824681751663
79000	-395.4125157894355	-387.4044517221399	-380.0604404344736	-368.0077761638588	-357.57169464067636	-336.2800417394055	-323.88634652632993	-312.5519901022897	-308.32699816689086	-310.26118532609183	-300.9999690040612	-320.58525428982705	-393.8521187429499	-296.36244352643195	-868.8006114637852	-5463.1005864440185	-9120.007076561988
79000	-468.0908036335856	-459.6832507976614	-452.48550721780686	-440.6310216998081	-429.869858505106	-409.40757087045785	-397.51597259052255	-387.5391343311193	-382.2589276623233	-383.9995402493519	-377.0217599341994	-410.220080511245	-518.4222659162533	-370.9477610843111	-1100.4584012399816	-5859.421622228843	-9286.293096919899
79000	-406.1329350472952	-397.89349470060563	-390.28253315913463	-378.7191871159986	-368.7854188297965	-346.5865787123396	-335.53685351414543	-325.908927195012	-323.75111507110086	-321.03514348326723	-321.08819593232045	-363.0396214396545	-462.5856087660699	-306.71857712805064	-996.7453750092873	-6213.5125134875	-10314.402124192937
79000	-443.1462421554395	-434.91291876036547	-427.70153243902706	-416.2635454817163	-405.7907555414322	-384.043947821919	-372.6289982970071	-362.3219023772079	-358.49969421117834	-358.75879047318926	-353.5420469215444	-386.6640319181606	-479.10437687791864	-344.4052222091827	-1056.308988772382	-5854.899664476945	-9482.135306785503
79000	-440.8691663758379	-432.2607644446905	-424.5047412358509	-413.58145160457866	-403.35774679216877	-381.80402361553024	-370.4514225707054	-360.5636169794576	-357.65735467651535	-356.08504522207915	-354.380791412885	-394.57543844893326	-505.1170521508193	-341.5376696057338	-1118.7845939020813	-6137.5808822637055	-10021.825731251462
79000	-442.6511134146058	-434.1044388169641	-427.1357734116718	-414.5658371172274	-405.4751961029642	-383.44753597332124	-372.8929779142837	-362.7771257034834	-359.7320798068932	-357.1259987951377	-356.9945748829253	-399.37896527894696	-500.1015236108155	-343.6303556276082	-1100.0282408304179	-6179.395739578428	-10118.407039246067
79000	-454.64435222209147	-445.9151706576395	-438.75926701072905	-426.38157234564574	-417.86480747724124	-395.15945584155514	-384.012314905781	-374.94534334516754	-372.8012180606502	-369.6685932582892	-371.66646536221106	-419.2206857715388	-525.1055180044038	-356.2143616612212	-1137.6168055700266	-6359.495534034548	-10204.734889053896
79000	-430.2568324871445	-422.2140107676151	-415.1174552241659	-403.01919216668784	-393.3014142619457	-371.5866851037819	-359.6178765297076	-350.3755761582497	-347.5504289750098	-345.7361349861485	-344.14933308881206	-382.1829209973022	-482.3732208751036	-334.4115386474784	-1017.3895452266078	-6175.180305767828	-9952.137730723334
79000	-426.89421042694016	-418.7412713889948	-411.6532822215166	-399.99914811287954	-388.9204047559291	-368.5747704468782	-356.58037277354276	-346.02278761799744	-341.77643418730327	-342.82925238942926	-334.4420492332969	-363.9612396993505	-444.75653010704656	-331.5235978386434	-961.6498253657385	-5635.546260409981	-9207.569674908962
79000	-446.89241752819044	-439.508235890458	-432.21022169165184	-420.00478085227655	-409.9093676702511	-388.98235313123524	-377.1932645979566	-366.44729803242166	-362.1743800142115	-363.10294249026856	-357.0467152772015	-386.35478347654663	-479.770041094475	-349.7455195423006	-1034.6344015149507	-5446.867178181789	-9013.98926512045
79000	-457.4927379014696	-448.92747054654956	-441.65970867131676	-430.4464330837386	-420.00219872581124	-398.57082540196177	-387.2034837665423	-376.90468145140005	-374.39248328723863	-373.8323389199331	-370.9538981082873	-411.1119001646976	-523.4695423861169	-359.87471957588724	-1149.8454538781466	-6141.97405839761	-9756.369230215723
79000	-423.2475628191422	-415.49466682867694	-408.0833834459715	-395.2740842314561	-385.42258414697494	-364.3957963101692	-353.00773407009115	-342.3027810323116	-338.0625145354498	-338.0087862550293	-334.1268790850791	-367.24549527934835	-454.5931065713518	-324.07853516692205	-1008.2243075609459	-5901.583884484585	-9580.010254767058
79000	-464.0645150493615	-455.43477071125454	-448.5355710383067	-437.5075064103594	-426.6116020724142	-405.54526034125684	-394.30488677397017	-385.8589541557912	-384.17078136919827	-379.7992559691274	-382.0867453898246	-431.74540856538545	-558.3082115034475	-374.32795397276084	-1141.8710548358752	-6477.416318513385	-10279.803479199976
79000	-458.50183704634094	-449.1844613595413	-442.30571400512844	-430.4073467804484	-420.8229305527203	-398.4701841317865	-387.59087446300487	-377.91651831400833	-374.86032255387505	-373.81940214290717	-370.83211019981906	-408.79151326630927	-506.0869031933005	-358.4600442631669	-1144.6876251957456	-6116.200972164693	-9890.423981439406
79000	-424.9978740008334	-415.8953785326326	-409.17465574470015	-397.5958860936412	-387.45859333304895	-365.871610920073	-353.4300639117292	-342.86578025087465	-338.43677520697304	-339.74660328498527	-332.6434722346645	-360.4358590090184	-451.2697116581638	-326.1321931217535	-956.8863822762357	-5748.336637417978	-9332.367942430117
79000	-430.37104225755115	-421.8872978673058	-414.8913015810428	-402.78717925217336	-392.5239628457991	-371.6363947246572	-359.2346713279501	-349.1197318870323	-343.90968857095055	-345.94339935668194	-337.1914503189933	-362.6128796896219	-449.22571407861795	-330.7668493574831	-975.0761302472374	-5564.707940137382	-9045.910904308465
79000	-422.20113554811405	-413.0115791498298	-406.3810281485525	-393.62647443917274	-384.3809016753955	-362.7510560920513	-351.47870525363726	-340.63736206387995	-337.22675178923663	-337.31342699588225	-333.77876312947103	-368.7522196094887	-463.02713552385416	-322.2459474968457	-1009.1587811890136	-5893.816675617216	-9699.584514781014
79000	-466.1986533725587	-457.294474653749	-450.8020126900306	-439.157911808779	-430.17710217651563	-408.01685999194854	-396.5415870144306	-388.24150089832455	-386.9400885226671	-381.69976215921184	-385.73943311325075	-438.9795143138392	-556.2536675107687	-369.08978013644776	-1201.1885542612483	-6644.957503134137	-10645.3234876273
79000	-444.4362553355761	-434.8231247028168	-428.2315553088201	-415.8204615648102	-406.4584216017591	-384.5643776220374	-373.26720924974154	-363.03154012918293	-359.4480299169173	-359.26088993321133	-355.705852302396	-390.00423969266507	-490.7484920250272	-345.82931658548483	-1047.4611593888976	-5645.77185850971	-9310.217166985158
79000	-453.8977523145184	-444.91185830176556	-437.32850285470676	-425.60619137481615	-416.1454352113533	-394.0868613586114	-382.8611203189545	-372.2553875493437	-368.5846829839539	-368.1006579413807	-364.2165317968845	-398.7912282283458	-499.8987582748351	-354.1705609816813	-1100.1681408720497	-6131.1474405950585	-9812.520727312607
79000	-460.9086611616857	-452.80738854980484	-446.0587182034763	-434.0323195064075	-424.2870962738023	-402.70060220157734	-391.51243880912205	-383.9562285824564	-381.1767489178694	-376.95285544331716	-379.78278762945763	-431.6572823155484	-557.0130895940703	-364.2070765580818	-1198.253669083702	-6484.7992877364195	-10308.464011566464
79000	-479.86785187263513	-471.09034854795044	-464.68806579638687	-452.82409290157534	-443.60221048971334	-421.05002008687165	-410.92170937680316	-402.67959023998174	-399.83195044112585	-395.94019051688906	-398.4225569101105	-452.92679526211936	-566.2013827550627	-382.7023132872117	-1249.170531012814	-6761.7465621359415	-10694.670489044292
79000	-438.9053798972915	-430.6064334108358	-423.6590460140024	-411.61202706199515	-401.4492323973009	-380.27779460118575	-368.62560331124797	-358.6210431578152	-354.4605188653834	-354.86464590820805	-350.80346341563364	-385.78148719968283	-478.2328822432198	-341.55939167194913	-1031.134257903558	-5945.496016889948	-9706.35440917569
79000	-427.61234322613444	-419.00795386467934	-412.1508357070721	-400.29058754911114	-390.0936088837201	-369.1497602060053	-357.07691803392805	-346.7759439879353	-343.0930593421521	-342.75236810089524	-339.09332928670773	-373.5913791444154	-475.5805693024534	-331.0749296036838	-1026.458269809536	-5878.619321877417	-9503.207807749484
79000	-414.60597098620286	-405.5160463837629	-398.1796281158691	-386.4221272229148	-376.7983553667589	-354.98613035231455	-343.5833600320018	-333.1902445505054	-328.800211811122	-330.2245638856781	-323.98894172099546	-354.9420477497467	-451.7160138185381	-320.08405015876843	-967.143627345319	-5717.901327738916	-9488.139123291141
79000	-462.91516659549455	-454.7745154844453	-446.7307072062259	-435.1632741795438	-425.74920791422255	-404.03290194766555	-392.5367613052033	-383.25167579253684	-379.3273480583071	-378.46411962842393	-375.597107550387	-412.44602779991664	-521.0772506692045	-365.5494702462233	-1124.6242133928458	-5939.5173013225185	-9744.382056701454
79000	-478.7456501096968	-470.2194171932449	-463.05549557029286	-451.5250569469455	-441.742529092241	-420.2130423824953	-410.12279263801565	-400.25898652729916	-397.2733731308213	-395.03176495111376	-394.98250446170783	-444.6169332497547	-565.6422783071156	-382.9962302497294	-1224.9013030549252	-6343.031738880886	-10209.791506900872
79000	-439.235870771313	-430.6453258136641	-423.7112008683968	-411.5396084423677	-401.89667193563446	-380.99266311275375	-368.2866207416128	-358.82805397885977	-354.83258731463314	-354.2086734118345	-349.6728027741883	-385.10837539050175	-476.51857717239096	-341.2445510843251	-1030.58291122226	-5974.46412920762	-9649.768621893705
79000	-419.60038641446346	-411.18882877762593	-404.0751751553818	-391.92193465244395	-382.30415428174956	-360.4757225811	-349.5665850546678	-339.4751078755659	-336.0132292678831	-335.2343491445322	-331.20793691012585	-365.5376198996594	-460.58409202561296	-320.5321192689638	-993.0858544114091	-5903.515665240839	-9768.549621968785
79000	-460.0613380974764	-451.8126925216555	-444.68228212682476	-432.56742567544404	-423.4001879926799	-401.0313823997158	-390.3933825980201	-380.98816804084413	-378.0177815925482	-375.6598551487367	-376.0635551613636	-420.80444189965317	-521.8200023749359	-359.6442175827633	-1182.404984497623	-6307.315272100991	-10188.72005793299
79000	-417.0257486914413	-407.3454008932225	-400.654567799773	-388.79263947995605	-378.995725421605	-357.11279627750196	-345.7560715573782	-334.9614365937468	-331.095445926177	-331.76396749460463	-325.900065153262	-357.64496655470566	-451.54650851834083	-317.8060605290322	-984.5499518055282	-5641.38301541504	-9336.083955712684
79000	-442.821671705099	-434.4766160579838	-427.125691004815	-415.8943112844229	-405.9832949769341	-384.1775989971681	-372.8489855805017	-362.71606355504593	-359.04031478924196	-358.2455251143097	-355.61135592421203	-393.9697218452145	-491.37001908631754	-343.5874093482758	-1107.9464628098528	-6070.726161442421	-9847.01339806856
79000	-472.67504603391916	-464.4355353090849	-457.64621718906045	-444.5758661476066	-435.3737110250971	-413.92748499661803	-402.6774205774577	-393.12542994194825	-390.6982452161107	-388.1428957039798	-388.0463776471165	-431.33260652529725	-551.1088021557437	-377.06896824252766	-1179.5098839324312	-6074.260429711546	-9875.787077530096
79000	-430.54061108005453	-421.8677545661321	-414.66009671729324	-402.7608219280605	-392.8478378655521	-372.12010492998434	-359.9394456220212	-349.89510612767225	-347.22780138012814	-345.9910877983635	-341.76637420519313	-376.7455477375251	-482.10254021960884	-337.327455659119	-1013.0938629517601	-5807.884014885217	-9551.727260880638
79000	-476.86145112975527	-468.1631568872115	-461.1770129659274	-449.25915800912185	-440.12343789307107	-417.95141503629964	-407.24162572816175	-397.77792458319664	-394.90699522279516	-392.2463062795116	-393.20593847380275	-436.13720322079723	-545.4138861989733	-379.7577250215051	-1182.377546586006	-6341.507343065681	-10116.81473342031
79000	-409.723265439247	-401.40980151401953	-394.4067976872298	-382.2071460731339	-372.50247959172464	-350.7970476839891	-338.80629265535566	-328.7937826700291	-324.05375659142743	-324.89574653990854	-319.2376184246174	-348.0701452982926	-430.45703515894724	-309.39023748729795	-968.8882244331894	-5703.942847650596	-9453.815696605097
79000	-435.94342298089776	-427.26416901164754	-420.87858818809815	-408.00164961424457	-398.4862469773843	-377.023447601217	-366.1806758589103	-354.62693728368714	-350.4769320014812	-350.7680622460063	-344.7259385924497	-374.9816511944855	-479.7024798069113	-340.53315837273163	-1002.2465325598625	-5666.983126303778	-9187.35563335661
79000	-472.67826364687767	-464.67408888346546	-456.67804882112756	-445.7996489699665	-436.5195250240612	-413.87570559933977	-403.3327638663216	-393.24607826358977	-391.2460751972896	-388.6086717979478	-388.2596529076874	-431.4036134640233	-538.0129058461438	-373.96713985236374	-1189.3765746431095	-6055.983291565173	-9831.276464845978
79000	-464.28757284073134	-455.9832049653507	-448.5546326490459	-437.4346259007183	-426.5424838912763	-406.1371754727226	-394.6385845444763	-384.5545698276837	-380.9521357602583	-380.35688118903425	-378.61526805959204	-419.9796034953271	-530.883188862011	-370.822151245358	-1172.2065488275132	-5990.0731018719825	-9710.358763856897
79000	-423.8416939018867	-415.6606316845536	-408.4722742177009	-395.2617136123357	-385.72892444203006	-364.98165587742284	-353.0305780742431	-341.35259357736567	-336.80575155114667	-338.6396749772925	-330.4784488993948	-355.5535084438275	-434.7257825434625	-324.6781435584942	-953.89236412473	-5649.528506380716	-9287.690507312967
79000	-440.3544680469241	-432.6190967155501	-424.6480882281373	-412.5061605695686	-403.3283365253539	-381.51937013317104	-371.01927824639466	-359.9146989224183	-355.7145956020767	-356.20242774561507	-351.64700824989706	-385.6049317367973	-481.0292583045521	-341.4775364147199	-1064.877666511392	-6032.199127369392	-9810.377105283163
79000	-404.33062351632367	-395.49334143759927	-388.3675146664884	-376.2320298455576	-366.5853028895458	-344.9976986222641	-332.887751128498	-321.11658941116934	-317.086242033401	-318.5023230189542	-309.66605829482336	-332.25831609110867	-401.94751757247104	-304.26461257143154	-891.1934865879873	-5390.7438306205	-9045.688845347548
79000	-426.560068005468	-417.78443541100455	-410.82524423458375	-398.97639656144156	-388.476074574292	-367.38826485701895	-355.3005538993091	-344.9802965009437	-341.1875857538225	-340.82392706406677	-336.7644022583583	-370.239890085386	-457.47670830930366	-326.12803269944897	-1046.5841996693682	-6012.67448261415	-9786.31568285748
79000	-385.63774994538056	-376.3492834377317	-369.39073383672365	-357.18975890173533	-346.82844050949814	-326.0324551750658	-313.79777063977286	-302.2581743660303	-297.2337025816029	-299.9401523975139	-289.76261854007	-309.4679223525847	-382.46762000995966	-288.2594401390094	-819.9388462945086	-5439.10662165972	-9050.022490610732
79000	-473.6023513052906	-465.12362454442973	-457.84406142830693	-446.7201396153873	-436.9508542409948	-415.06793958102423	-404.29736081822585	-395.69639866233115	-393.41108676309005	-389.9358871657875	-390.4365962437792	-438.01132429359427	-559.5355597486923	-379.3319242183902	-1184.0899914973968	-6254.813781382107	-10143.041869172961
79000	-458.9590091001106	-449.7555179631668	-443.9342965021364	-431.5425428571376	-421.23855792706433	-400.12490138695586	-388.7241039053386	-378.8250798745462	-375.5708430127842	-374.1141894821828	-372.79258037247376	-413.99946106058917	-513.4620241656726	-363.32185746401797	-1121.127796774555	-6397.903390728508	-10171.879310293873
79000	-424.9967624505273	-416.7894890665773	-409.79383556132785	-397.20152337149773	-387.7225593952876	-366.2820840107137	-353.26506423022715	-342.30530567920573	-337.47616266251674	-340.02465683223465	-330.11001811924973	-352.5846887064538	-431.32681161422096	-325.4606153190042	-947.2105170133987	-5556.765441644862	-9168.380522243944
79000	-448.99559107487534	-440.3267238657348	-433.51147109003983	-421.61131031450077	-411.7351407257896	-390.45656610945	-379.0446859723917	-368.5666843047092	-365.52334903297356	-364.7446855890299	-362.10787730079755	-400.4524229700679	-500.73338309704724	-349.72606089441643	-1093.9253295058231	-5948.240269070825	-9642.097630890017
79000	-451.35476782780614	-442.64838261408465	-435.9657425589275	-423.91071632228807	-414.10503789987024	-392.29399027588477	-380.90147459209214	-371.9136589113931	-368.86499259228884	-366.8926100264396	-366.4304840718526	-409.25943677390836	-515.4663026354003	-351.9567456312531	-1148.9090603617094	-6187.397233383194	-10111.260307127475
79000	-422.9772764158288	-414.89486910448204	-407.5867315178987	-394.97630494383327	-384.9094038272617	-363.4549398085478	-352.11654512410615	-341.6314933306225	-337.29089824264867	-338.19407121400565	-331.55491309638643	-359.2148979672137	-440.7273468561119	-324.5255162162771	-983.1942622179212	-5666.745589797845	-9393.75181815426
79000	-398.1174375320997	-389.63664810511875	-382.5916842077991	-370.1675586780377	-360.4952262610486	-338.8868760539876	-326.98620934156946	-316.71789380391505	-313.5038663103973	-312.661356254336	-308.7042010239551	-340.7297242225149	-428.0650594846992	-298.0940076711529	-919.6501057465068	-5864.780879791624	-9755.300326781213
79000	-440.9958531236204	-433.5435644929472	-425.7186887939378	-413.4622683322077	-404.48106112832266	-382.58456191800445	-371.06575486947	-361.7499199661338	-358.3034673891529	-357.6540283156574	-354.5835156413186	-397.11626169844425	-499.6574583061968	-344.4527521589304	-1098.3128730582753	-6059.813138389198	-9854.81012137699
79000	-438.6122289517413	-429.87979613567364	-423.0241804007599	-410.96904297087656	-401.6027251643515	-379.73675878453236	-368.3414516127629	-359.01958697529324	-354.8353422930162	-353.89803014617337	-351.2200807477132	-388.5014392041071	-479.36963376448045	-339.60773777401675	-1078.3866428477943	-6067.236118053949	-9843.445169672948
79000	-426.3721952877285	-417.8461918630187	-410.628730592042	-399.8048622602171	-388.85746265125493	-367.7321994177571	-355.9078204018547	-346.18065929335074	-343.28262588887196	-342.2965035109103	-340.3822751630829	-380.0743739686651	-475.98555217186004	-328.990893997648	-1037.0203883305853	-6015.255318401919	-9877.20709564571
79000	-433.3382505300335	-424.47864778782935	-416.9883180641544	-405.4293721374953	-395.3309540904134	-374.0969717204529	-362.2522456639811	-352.1682356458697	-348.04988426005843	-347.6807969248347	-343.6214001571946	-376.19976542819893	-466.2695414201356	-332.7142761224013	-1029.8978072134312	-5811.259791587627	-9640.287308294133
79000	-489.73961906581405	-480.71827746289836	-473.9592422087026	-461.7175535492727	-451.8771029471432	-430.5144812091549	-418.46160234379164	-408.93070891462094	-404.77094952941627	-404.53255687888054	-400.44688467365853	-435.57331682204625	-529.5126842808249	-388.0139485565505	-1227.3634610150614	-6131.430278762343	-9717.974871155011
79000	-449.23438805085914	-440.8704637057973	-433.1233186382902	-421.34931705657095	-411.1248112252167	-390.34151722799004	-378.6730824297601	-367.7190241975364	-364.8007071545346	-364.3854552001278	-358.59530486838315	-393.36308315900374	-486.9306714950492	-349.9188980331534	-1075.4484785556767	-5840.01625149724	-9474.944320819794
79000	-412.69897358713183	-404.44426105232526	-397.29972410453246	-384.8551864837267	-375.2536753761906	-353.9065353646437	-342.51245579585964	-332.58766968000435	-329.39223195835916	-327.2718607594192	-326.94576757597173	-367.0899906954197	-464.2107188194457	-313.3181412647207	-1044.1069864882331	-6341.197199611895	-10289.814823624742
79000	-459.9492672567287	-452.5196615889461	-445.27085686916945	-433.04344106788074	-423.5061640451354	-402.35059971079227	-390.4781210009337	-379.97263489493946	-375.9745671692168	-376.0563405446675	-372.0829430897603	-407.67097987064017	-505.5729108470076	-360.9236288565699	-1114.914116487228	-6105.234156532402	-9791.35911627125
79000	-415.7995431466221	-407.77729830693414	-400.1626766115167	-388.6010595117524	-378.1557063140789	-356.2436082542236	-345.24180236841266	-333.82691342647723	-330.5370761240979	-330.6702564400623	-325.0476246865028	-353.44097543644	-434.87358701541126	-316.51118856978115	-982.2007130228047	-5998.072328169699	-9702.480805496756
79000	-417.1008187233207	-409.1093897970107	-402.7807211821559	-389.3558877900838	-379.81983588353097	-358.37664358199044	-346.4007170080565	-335.5354564044783	-332.4324394941358	-332.93995967170514	-327.1648182363674	-358.3958239112301	-445.79384541238153	-318.3756977566265	-1005.7526407435241	-5626.807639570604	-9364.040456689001
79000	-428.9901728230795	-421.385267837717	-414.50681781369207	-401.4669507980965	-392.5147488864733	-370.16985419544875	-358.71387907446325	-347.0631691320494	-342.1240104322068	-345.2883937807294	-335.0617411985748	-360.4333619511113	-442.7648708905651	-336.8620256427118	-950.7103222248991	-5523.417562701623	-9069.190398780482
79000	-433.98952985718904	-426.19311913788357	-418.55194479754147	-406.3164618755693	-396.26687430448686	-375.13682106051795	-363.2492369067259	-352.58880517634765	-348.7488214664896	-349.54112073784205	-343.7818410320646	-371.37778897422436	-465.2163373468417	-335.09052278104116	-974.8943226006483	-5803.004346603293	-9435.93544828062
79000	-394.2319366406345	-385.84525845903113	-378.47500290634053	-366.630369794771	-356.8159873327559	-334.80477525801564	-322.92476634084204	-312.66704967385016	-308.373574334865	-309.203515260268	-304.54678349054143	-335.6682090933291	-413.67187072280933	-294.3679649531785	-934.3324268762701	-5790.132474550596	-9574.26709339043
79000	-440.11519510864633	-431.5871253514939	-424.14178005049683	-412.5151440256178	-403.5684002685035	-381.27290891501895	-370.0490939521803	-360.44462450787984	-356.69802493321515	-355.69083108810645	-353.24852227197727	-393.79560933256175	-489.09174352359014	-340.8845516351342	-1070.3781547878682	-5972.800586137436	-9794.320902586082
79000	-441.27893647494926	-433.09990534096517	-425.632198421335	-413.3906717145769	-404.4549642322424	-382.86446099133025	-370.8740686208387	-360.7721951099644	-358.20847792110453	-357.35259835752316	-354.3691647948778	-390.46562433306076	-497.7016552758793	-344.99440872889943	-1060.9875036872997	-6070.177605294523	-9854.790474674786
79000	-463.75355917040645	-455.1686709670521	-448.37999234673913	-436.0069218410954	-426.45297157235103	-404.6964747377652	-393.1523083757052	-383.18063416661727	-380.48719520990636	-379.0704576427384	-376.6552743501373	-414.6468718385196	-524.9878612753829	-366.075941980856	-1135.1708278104818	-6195.982743669686	-9798.74437297328
79000	-440.750543506541	-432.60878586778745	-425.44983321179853	-413.50707793704873	-403.9275832110825	-382.35656969665655	-371.35590609223095	-361.7663601294918	-357.8120881096139	-356.26948122699145	-356.05174931643313	-400.7167592704709	-515.6225064735022	-343.11839575693335	-1079.7147059721037	-6091.767112908348	-9919.518480164857
79000	-423.88734774697343	-416.1472061812789	-408.7404071683042	-396.75932695671145	-386.3976389137502	-365.0465614154017	-353.809858541266	-343.60575015952656	-339.3974855925058	-339.58168807445924	-336.84200746190436	-372.66365155121036	-462.23779075427973	-325.4930788752484	-1020.8880714355519	-6120.242094990648	-9963.569089548457
79000	-390.6239512012446	-381.63825112263964	-374.49186022596695	-363.01921633820916	-352.8957963684852	-331.6748944171213	-318.91953497347816	-308.33946262709014	-303.7152609715047	-305.89546697653486	-299.0154058002983	-325.5606797909149	-407.90038680574486	-293.7647630338776	-875.8363165648751	-5517.033584266133	-9184.849692964091
79000	-463.8407688938082	-455.4002777862818	-447.9737033369384	-436.1571100190132	-427.0457300665989	-403.933957676851	-394.456646650465	-384.3985923577919	-381.3269118434078	-379.9335989083707	-375.6804618336202	-415.0335708050201	-524.4401050507158	-365.9353974110879	-1155.0996074556972	-6044.455345809283	-9789.717264467066
79000	-404.62097083040936	-396.78591339844695	-389.3284685999925	-377.27938957502136	-367.63219076343614	-345.9387797110511	-334.467895283841	-324.0926698221882	-320.1366918979869	-319.97506691342187	-315.86980573399813	-348.12721167581793	-444.8523396902583	-307.0169769085829	-948.4180689780222	-5950.127942772063	-9639.890237020738
79000	-423.5328920390751	-414.73209402796516	-407.5531116089275	-395.38490246700906	-385.7664235155152	-364.7711053160824	-352.51672992816447	-341.90890169632337	-337.4283304494018	-338.70599250158887	-332.8097532894458	-365.545730692208	-459.0917614161538	-322.92650433662857	-1001.0705514994668	-5835.948481684374	-9690.051946075439
79000	-414.7980458032024	-405.8559166461516	-398.66752442262197	-386.494053363925	-377.27631167791316	-355.10025447828696	-344.2574451379244	-333.65859343402724	-331.25111583195775	-329.76771051567795	-327.9071475463407	-368.69688253566994	-465.41420861917675	-318.5445228662317	-1007.0774158558219	-6163.4232798461	-9957.540473629539
79000	-495.91129589135124	-487.174160692474	-480.2838466584381	-468.09282001047666	-459.0448445611786	-437.44943508222013	-426.04499017753193	-417.3170476282191	-414.18048514639617	-411.0926613365955	-412.90950878976076	-461.1495248930689	-577.5589556952023	-395.22899737659475	-1293.794488738583	-6426.298380703653	-10131.244162639867
79000	-443.942212073813	-434.94687084351693	-428.5941792631682	-415.89597217224093	-406.10130414235226	-384.0708525947093	-372.63043741159805	-363.46137104139024	-359.06279468657567	-358.2062538893342	-354.8924651669815	-388.02784600930266	-482.73567193045255	-343.8180828766111	-1077.6909716315045	-5977.613048029035	-9616.267130159618
79000	-409.6972234466163	-401.10808091027445	-394.4537808760246	-381.7747611058419	-371.9007772439225	-350.6966348387274	-338.45168009898697	-327.7712091037185	-322.8350074828301	-325.28196250127843	-317.4283762791185	-343.12828263004985	-426.6673553392091	-311.48517532496015	-931.0086607899585	-5646.094198745897	-9245.212890262474
79000	-456.5785687920149	-447.7635600094582	-441.86353885240504	-429.4678536259513	-419.3590335560711	-398.31485502036463	-386.62460115391707	-377.5766156785835	-375.91680212561477	-372.2079910586344	-373.48289994025845	-421.6300681547888	-521.5432616432903	-359.7847081462091	-1138.0132298011147	-6216.943288009254	-10037.819820018984
79000	-412.2368553640363	-403.3510837062068	-396.20394358367975	-384.62170621941164	-373.755653574399	-352.8939889668156	-340.8147727917845	-330.7870790414752	-326.022843290337	-326.7674996009636	-320.99229579285765	-351.1318765377344	-435.3946713182958	-313.27526123398496	-955.9810422476659	-5781.0678920541795	-9536.724546316105
79000	-375.4858757597224	-366.7972925435517	-359.4084050289559	-347.0959302721278	-337.57668476925005	-315.42678818969273	-303.0759899955147	-292.4094640264281	-286.8938710762122	-290.0489806687469	-280.81809094347796	-301.59247203182207	-372.00047328930066	-276.91283858446883	-821.8606717011849	-5445.984867585213	-9111.741217961877
79000	-433.4237268174931	-424.7814442855399	-417.3308564675713	-405.6615517421229	-396.10602600327536	-374.33876429113957	-362.24932448276695	-352.2484685897416	-348.25120503291095	-348.0449591107816	-343.51835349934197	-375.09002122548225	-465.5443383291362	-334.3254022060914	-1039.671584473817	-5893.834435135336	-9599.000822909038
79000	-471.84368214365264	-463.94261066630344	-456.5922463280454	-444.7236691778163	-435.0095236943904	-413.7497165787712	-402.0555597764963	-393.8521617506308	-391.46628167930504	-387.71009814341005	-389.239872612004	-436.19537306917954	-546.0243037603421	-374.92642930136077	-1174.2714814023343	-6500.486779823819	-10260.105876466092
79000	-448.079188083901	-438.95218685523804	-431.76525393731373	-419.74245011209973	-409.6355437011448	-388.1905586357547	-376.77898291842274	-366.3023560552921	-362.92245742394795	-362.81957318429147	-358.7325426192451	-394.2003819306479	-486.48218980988605	-348.16825257926956	-1091.4427641831348	-6064.548990482165	-9668.557194603189
79000	-463.1970380216474	-454.75683048317694	-447.69336095442867	-434.4425291128547	-425.96407994233886	-404.3084657697611	-393.14591828916747	-384.1366005536514	-381.8924215577893	-378.4328215943307	-379.26611208005517	-426.9324405722746	-540.5067074163214	-364.836097672842	-1180.7429786599473	-6447.010531441976	-10359.11586365003
79000	-452.74366614061273	-444.66457005475644	-437.6966074282355	-425.56904879087165	-416.69246038752107	-394.2788696754082	-383.39813937823044	-373.55361686258993	-371.0619381291064	-369.02270598786436	-368.3876637171842	-410.46782320570577	-522.811396289753	-355.95999943578244	-1140.1588938223588	-6168.7617221542405	-9971.752090314938
79000	-437.7541437582978	-429.45841912062536	-422.91880174532383	-411.16052167552334	-399.7078751673182	-379.50123336113376	-367.3242012860708	-356.8159489186591	-353.31711075322346	-353.1357809649256	-347.18604749020136	-379.10555547761203	-468.9305035336298	-339.9818887285184	-1012.075390981633	-5788.8413345669915	-9467.678489825561
79000	-440.77930309569865	-432.1156461316843	-425.17250486030804	-412.54357449552367	-403.40933472592525	-381.7487069716016	-369.9359169487088	-359.5978680665843	-356.8476511758504	-355.8666845520255	-352.36319333151044	-389.9567629631891	-486.35212776955996	-340.62318101506384	-1079.3132681778773	-5898.918155668629	-9707.067392634312
79000	-418.12127039984676	-409.55492075614876	-402.19374994639287	-390.6641043192177	-380.22808797726145	-358.9247535821205	-347.19340233398873	-337.13327354316453	-333.3206425851186	-332.94155570291707	-328.76060678586725	-361.1235435040508	-457.03840060589715	-321.75203560435574	-983.2774763590012	-5937.832562560288	-9722.611366353765
79000	-424.14668619433	-415.7836683716272	-409.4182523048899	-396.3755875673602	-386.9240376613922	-365.41921060426785	-353.73756137987783	-343.3858155790016	-339.87349297820424	-339.7620723890299	-335.72906625378215	-368.65444941474226	-455.38055263305444	-325.07555716523603	-979.834240462054	-6070.012875789243	-9841.159165696106
79000	-423.32541643267285	-415.6730394293859	-408.6667491911484	-396.05893631310187	-386.44870256173886	-364.7729251824486	-353.3701042458568	-342.97013745291383	-338.80097518368467	-339.16910639080135	-334.6342534632146	-366.35449905708225	-475.9398302356018	-325.5680178665119	-991.9488822334195	-5691.898543886712	-9351.976875875596
79000	-428.21759982990665	-418.76858812078143	-412.8103852576838	-400.55801851302397	-391.2067510990522	-369.3489280064827	-358.0968283968163	-348.0678478518982	-346.030424884253	-344.1331905505719	-341.5041580047598	-380.3753879666771	-484.9885217508674	-330.18984381092196	-1031.7026309340908	-5890.877505354268	-9741.243436954794
79000	-441.4605216629166	-433.0438249294757	-426.19330523561365	-414.1612987167184	-404.5584346040259	-382.91527546173296	-370.5496015180204	-360.6477997608482	-357.8616395683083	-356.4531242527506	-354.6104012863985	-391.70052734479367	-487.96300488884344	-343.7319146333173	-1091.0258452741411	-6150.820953874586	-9927.423193157694
79000	-443.5179139743721	-434.1417584731324	-427.45260018261746	-415.52294468113564	-406.3493253514312	-384.4229259625558	-372.60837273246904	-362.53958653041275	-358.8082763761759	-358.49409961443035	-355.02926114837237	-390.3526311118816	-484.0096927523964	-342.52387920890897	-1121.6691438423095	-6058.619022363298	-9813.495729100305
79000	-423.3509085737837	-414.2834933855815	-407.6811189357897	-395.40308829782543	-384.82611267883993	-363.8166671111386	-351.1822305700778	-341.1842320016205	-337.3375671583926	-337.83187227268064	-331.4590664815943	-360.4593387239316	-442.97172438911093	-323.9032320315455	-945.7661772376927	-5804.686950806163	-9383.066961049199
79000	-438.15150261190877	-429.72170569211886	-422.44312348742716	-410.2853571083871	-399.43921355929973	-378.68095256708835	-366.0083702802637	-355.1274488746117	-349.8518747081688	-353.44276867468494	-341.6693625711484	-359.79597842162195	-433.9422586571417	-340.58330326151315	-981.8785345649201	-5393.02405464284	-8849.533634351073
79000	-417.29451530953804	-409.2509635385177	-401.4879888163542	-389.9518469791484	-379.8777736709502	-358.20510577393065	-347.1206702395709	-336.2902156632577	-332.0732839996476	-332.6640312916825	-328.43021547786645	-361.06180942780003	-450.67740682217607	-320.093385619731	-985.4253550095756	-5857.982446259494	-9571.917286872387
79000	-422.58901513625204	-413.92271651781886	-406.4573942325117	-394.4309756184542	-384.567301777878	-362.96794396782565	-350.78202699972013	-339.9329780715705	-336.5783078464629	-336.553124909759	-331.2718137395597	-361.48623603892156	-444.03205452128896	-322.4415718675811	-991.3840850234714	-6016.047843583597	-9747.678587675948
79000	-435.5956066545576	-426.5478663604147	-419.9214844221994	-407.6694025821615	-398.2253360643559	-376.5108390871169	-364.5056046599341	-353.94527588575943	-348.49392841218844	-350.1547313819007	-342.3877264599983	-368.0907106922352	-454.2814976649176	-335.84734086069153	-1002.0242179702645	-5662.535447830689	-9088.163601400902
79000	-450.1320561315405	-441.9286142282263	-435.26414531243375	-423.9407118083253	-413.37171880133747	-391.9067853882273	-380.89544476249836	-371.3904059058624	-368.47818143366163	-366.5765316284897	-366.0692792823977	-407.72408379614245	-525.3453623821501	-353.862493443558	-1132.7635611512346	-6202.854667347704	-10012.986933162632
79000	-447.1718536809073	-439.47236641849014	-432.6506929630677	-420.6256933693321	-410.8664857887641	-389.04331863787445	-377.2960512294357	-368.0599671249904	-365.16052430136995	-362.7510079554578	-363.30204504935074	-405.40691299706623	-511.73349986688726	-347.4155366094861	-1128.8753492762087	-6330.55233066954	-10233.733867643938
79000	-405.11242263040424	-396.33112839396483	-389.9645958155692	-377.14049987200985	-367.052504801734	-345.37779120323165	-333.29319294623446	-322.282066506829	-317.31757904643706	-320.2515698797443	-310.2382872615694	-332.87864539489976	-404.55191006467123	-304.08411085398086	-964.1548725494613	-5552.7842862357	-9221.026413811134
79000	-445.8898472699898	-437.4328471174988	-430.3953229330103	-418.46810549159795	-408.79594743079394	-387.54389587228195	-375.9777556144587	-365.9493733456001	-362.6560433820802	-361.3971125600417	-358.59042604401486	-396.89412782369834	-497.7326111969798	-349.9595323378277	-1084.9904290702682	-5995.855868752312	-9694.005315636476
79000	-421.482325924946	-412.8870707533371	-405.46170303253865	-393.26016290201414	-383.8119432114379	-361.70859859657446	-349.974192467152	-340.0118219524707	-335.7732797190339	-335.5574415203786	-332.02554780691946	-367.4719223908429	-454.90222394983385	-321.0549215218102	-1037.641321554696	-6029.06476189878	-9854.749442886128
79000	-469.66220806756695	-460.8864218049391	-453.7430051731853	-441.9511963386241	-431.7979101615807	-411.6143237782571	-399.36856812250807	-390.6807541219197	-387.27462746083614	-385.7503418503938	-383.9515749152169	-427.759003228601	-543.4411909619038	-374.50107199869996	-1164.5313965543075	-6127.070934595835	-9736.90753869077
79000	-395.54638578346675	-387.1723301804539	-379.72533586746914	-367.7706459237103	-358.2629457526004	-336.5878128521729	-324.6156271711547	-314.5904350601714	-311.2140331711656	-310.3975958349614	-306.0554273728534	-340.3602800383076	-432.39404708343744	-297.1987887148269	-924.7929378457621	-5825.627436986978	-9722.826546140308
79000	-430.2134014673364	-422.30911230878326	-415.0793463723019	-402.9398901735683	-393.8046317696582	-371.27776992059387	-358.98402297015	-347.9429118018571	-343.64739045063294	-345.1221718587407	-338.4892905413273	-362.371295289439	-444.0381823288065	-333.77621180681894	-991.8932734868343	-5833.882558761176	-9366.605891617526
79000	-459.6450842675269	-451.56292041498574	-444.3090721526747	-432.5780901897041	-422.29595510871803	-401.43374069656016	-389.22546370932537	-379.2940430771683	-375.6037799735027	-375.2951578048131	-371.7679849866465	-407.755334798322	-506.5218763137266	-359.9381577606117	-1104.4619095848445	-6267.615357334167	-9956.4677824641
79000	-448.9977205073424	-441.19753546012197	-434.08104563796707	-421.69954716437906	-411.8878766452859	-390.3114169564151	-379.1943737516014	-369.0639726252063	-366.00841505810354	-364.93185380973244	-362.4090625276105	-396.6822277847811	-495.9338370394542	-348.57114897986474	-1097.97095268466	-6138.296125059129	-9879.768985470799
79000	-433.7759994957835	-424.7342218097273	-418.04769935746964	-405.90587668586477	-396.713619664461	-375.1813315732895	-363.5981633978341	-353.15456555392825	-348.6825252091889	-349.3985862441146	-342.95748734510136	-372.7679846670274	-467.4158509642479	-337.2337595144957	-1017.1735338972782	-5696.590186628626	-9317.787800696437
79000	-450.5088251077342	-442.33995402369624	-435.53806882367695	-423.1955870213486	-413.2952203306878	-391.82245311530403	-380.7136507512689	-371.3914414114293	-367.6815411854243	-366.3126109599918	-364.51725578132385	-403.5803290688042	-507.6610051427084	-355.16417346287886	-1083.3775844672068	-6101.138677786039	-9739.556036286844
79000	-427.5538329175267	-419.84547414227035	-412.35253654815205	-399.9029948081602	-389.9275005697649	-368.94440375744796	-357.2484644788761	-346.8717901678045	-341.52274582594265	-343.55427560708233	-336.25684563126487	-364.32009374394147	-452.91616459047253	-330.93335841351706	-1000.36391677888	-5555.443917645466	-9376.983786352617
79000	-450.1892428477614	-441.97307143196326	-434.63821333912944	-423.1372167193605	-412.774486115278	-391.77090101429883	-380.05305006890984	-370.38556604492015	-366.4967692991054	-366.63486786972084	-362.80211359015993	-401.09890881978026	-506.958094483475	-354.01630755636467	-1078.6042054391037	-5986.74343988091	-9750.058919951072
79000	-430.2927929643726	-422.20978257850265	-415.11020501417426	-402.7415464152366	-393.0516029598406	-371.4929057456573	-359.92139975616914	-348.3083794908206	-344.0773803670284	-345.2990683116991	-338.2246941106977	-366.06740855855156	-449.94482844417905	-330.59752324804464	-1018.696488267256	-5835.095218219459	-9423.111872671254
79000	-441.51713648424857	-432.96325443153705	-425.22223267992314	-413.8769153560536	-403.68850223194073	-382.6726839519073	-370.94090229514967	-361.41565508213137	-357.9577465585451	-357.3013555400895	-354.9357876550167	-394.5072757286372	-497.316711381314	-342.98663175637853	-1076.0537553014215	-6145.164964091383	-9842.52434292889
79000	-449.5546547076428	-440.87549231129947	-433.4931808631929	-422.19101844574254	-413.0614024013763	-390.4900151009917	-379.8983055046759	-371.32268798257746	-368.2439577458072	-365.53193538522464	-366.2463568030625	-410.83342256423776	-520.6326147129637	-352.1101531030123	-1114.2909535198596	-6308.088593063551	-10199.246822345169
79000	-435.41470090735805	-427.00189279031264	-420.28040969397995	-408.53983986823334	-398.5748891352146	-377.0358808266201	-365.59597852597875	-356.03335393058757	-353.4203686996539	-350.48677041028526	-350.65041129487196	-393.85094066958777	-493.93523760409073	-335.75791347896796	-1106.8373682470585	-6361.23055756083	-10287.223959007837
79000	-465.81688851664285	-456.4913274530538	-449.53825677649166	-437.5681223405512	-427.4390306333997	-406.56511102044044	-395.3218858866979	-384.7520134297092	-381.4383178649751	-381.26324408129165	-377.14973446584327	-412.05320043116814	-514.2609763663029	-368.46463121311206	-1092.131063133471	-5947.506639900558	-9496.993836531405
79000	-401.5721798046996	-393.96155444774297	-386.4845554263465	-374.3749494416753	-364.58266084280046	-342.86198667904307	-330.553400962779	-319.92588128668547	-315.61772993009265	-317.0730200300522	-309.4079634512188	-334.41592870451404	-415.74065881283394	-303.35939238376824	-905.9355568257394	-5692.921179032702	-9304.718566736978
79000	-450.02184678927784	-440.7238662536078	-432.9573129030951	-421.27065023746263	-412.1552724617851	-390.4825237974479	-379.503017017468	-369.7199067617195	-366.9957764314859	-364.59645801667017	-364.65138386489764	-407.15418498797123	-526.4168200649589	-355.0338164364695	-1102.661679792068	-6104.621174372565	-9870.77554070791
79000	-435.0719750078495	-426.3745868648457	-420.18026066176407	-407.2162429849243	-397.4262740575026	-376.0410293312002	-364.1908718112233	-354.0290072779648	-349.80194915838325	-349.92904925741834	-345.8995920646564	-380.7884382449973	-473.42532960022845	-336.66898700785424	-1054.790126659408	-5954.961760700436	-9667.333295945871
79000	-440.1523975204765	-431.68365928237114	-424.63096288167725	-412.19787476176396	-401.96513127998827	-381.0154445058333	-369.8499073272498	-359.125560396787	-355.14156711462135	-354.8821222437869	-350.5107464177557	-383.8393496485585	-484.6735986741442	-344.4067580006022	-1030.4708723606582	-5859.290136937594	-9380.933111309238
79000	-462.72862047012336	-454.7380056302309	-447.5383624766973	-435.8159545099169	-426.76436633762023	-404.65687323394707	-393.32466414390683	-384.5825540467707	-381.9847197405591	-379.70297985118384	-380.82735085393335	-426.076468783396	-536.9783344933671	-367.81494410229624	-1162.351812415282	-6396.508458557125	-10237.656733020873
79000	-452.1619492497923	-442.15048833760324	-436.30844233280135	-423.6027392527636	-413.933449127094	-392.8584728235337	-380.48619332193726	-371.36306121566435	-366.37703263658983	-367.30787372337153	-361.6084419159743	-395.4547333164077	-490.20781515746285	-353.34938069827007	-1071.1550792706705	-5906.4388995520285	-9515.64798120218
79000	-494.1680537337056	-485.8592301885997	-478.1156318673207	-467.10180268013414	-457.06905293580644	-436.30485093774206	-424.31671614770227	-414.941727258132	-410.64881034162875	-410.4998963303919	-405.47496239061695	-444.42274336234226	-552.0788221563057	-395.5079808410394	-1160.7486746196348	-5941.150503768397	-9560.502885504566
79000	-405.08700707709755	-397.34042523062504	-389.5872618945188	-376.8917502590448	-368.0721846352753	-346.4672378049618	-334.1921975206148	-323.1616680568738	-319.49608537129114	-320.790370930208	-313.46915832384445	-339.76518549333673	-418.9965955039923	-306.14108034967404	-938.3335305537827	-5776.534811284983	-9450.095950372392
79000	-413.8292121318784	-404.81129185250745	-397.9555214831094	-385.64585348089565	-375.26416617450207	-354.81345955155456	-341.55853222602684	-329.324896498166	-324.4233087542311	-328.84080226919923	-315.6182924811492	-330.4644885634842	-398.92857481207557	-314.3192784368317	-880.621508798149	-5186.662335754402	-8619.833016491762
79000	-474.6156359824237	-465.2569454013824	-457.8809652515004	-445.8257668222177	-436.7161195406902	-415.7892157814001	-405.27504431242943	-396.61514560404146	-393.53229057226486	-389.96382893335664	-394.78501838420357	-448.24400927172627	-575.0863544740253	-380.45524173818944	-1213.64216447167	-6603.464517730357	-10491.541188987592
79000	-436.1695413138425	-427.2138149615701	-420.8191139253068	-408.14719790943275	-397.9230505069319	-376.6554121160846	-364.8548910746636	-355.0575005874312	-351.73679733971204	-351.3817188476909	-348.8866111556258	-385.0370510065565	-473.3399239412799	-336.91512587222815	-1041.4526182739503	-6192.820429299417	-9977.925715476244
79000	-415.09821831603045	-406.60491076642387	-399.241089954262	-387.48915113735814	-377.3108569445648	-355.7348278500807	-343.8309876318248	-334.47681134625395	-331.12814653268214	-329.91046585113116	-327.5694615639617	-364.56695589134114	-454.07343653968144	-315.25465305415935	-979.3209309667703	-6214.071997753589	-10039.424630187363
79000	-435.01468238835656	-426.7099017766095	-418.9809615157687	-407.20273301837756	-397.5793612285621	-375.8945729877522	-363.5939037528302	-352.9083025531088	-349.2890337101207	-350.45972029540724	-343.2899041481603	-372.918339143375	-458.55608310171345	-335.52140722196515	-988.0448192739929	-5851.884075122856	-9463.997390117214
79000	-446.7307621304576	-438.1520280420194	-431.24698959091774	-418.492894174864	-409.30765637290875	-387.5896734666999	-375.9632289224457	-366.51408405383086	-364.03280452759617	-361.38239121676196	-361.37203813223704	-404.28333870850304	-507.62775032423605	-346.6692190372706	-1111.1005259776557	-6264.967169452387	-10119.168042371186
79000	-424.43377244406076	-416.24440673713616	-409.0038497298835	-396.379389254147	-387.32661575964914	-365.31820322109576	-353.73584651379974	-343.9171464857373	-339.9942603699636	-339.16778026552936	-336.7438653763027	-372.3631983158236	-459.66982772146525	-324.60595550112936	-1041.8939359965273	-6076.306875764796	-9766.899707805971
79000	-414.9273332606211	-405.70667035688064	-399.0616758696323	-386.81027980745046	-377.0236703674037	-355.47647482221413	-344.15611710816574	-334.872675757186	-331.4478075116626	-329.60216943071157	-329.88335761588615	-373.389970585011	-465.5822129187098	-315.08821377656506	-1024.5535957362354	-6272.07423663822	-10275.369286954903
79000	-439.4595262995197	-430.57295362894206	-423.56420638327364	-411.76518775839816	-402.21493704139516	-380.8014279875537	-369.9735145929443	-359.9181377835893	-355.3754540994897	-355.05202063633743	-351.0852562377312	-387.4294229820358	-489.1700697714305	-343.19102501984526	-1047.5035958829942	-5902.637352762168	-9550.521843062128
79000	-433.56459130279194	-425.4285156826313	-417.5845740065998	-406.0617424846947	-397.1223426273264	-374.60939286068776	-363.3702386925253	-353.9488337609059	-350.47218238301065	-349.29820537595157	-346.9406416486741	-386.81812620328066	-490.2012605092818	-334.81462535728673	-1089.6735866910344	-5955.264824361369	-9879.9159941857
79000	-463.11180373547614	-454.4394280991472	-447.75749367700683	-436.2186462720175	-425.7629667012746	-405.1694302459286	-393.78145126046655	-384.53901612586685	-380.4470323271273	-379.2926955995518	-376.25668539437936	-419.3237274324546	-534.76846829207	-368.0130477429073	-1151.9372677840695	-5767.737151049101	-9532.0965383257
79000	-420.60156141755994	-412.09873483344194	-404.76245027804356	-392.60546337181074	-383.3263454327084	-361.7328226534944	-349.66766227047225	-339.3060817763776	-334.75503021071574	-335.53547925553653	-328.9763087052072	-357.3566081691746	-439.143204046998	-321.54852714821413	-979.385345346941	-5756.9130682740915	-9395.458397525523
79000	-423.59332068368604	-415.72643875746985	-408.55199453282154	-396.2538136071905	-386.80349729085185	-365.0638722414617	-352.86871012087136	-342.14153095921785	-338.46080806494564	-338.861256609597	-333.7220398692913	-361.5924029773904	-441.5531970593302	-326.1274872106735	-982.1995042892703	-5919.149168522547	-9566.195553813119
79000	-473.28031925102357	-463.9272008850484	-456.5914662379975	-444.8173347428641	-435.63255331811087	-414.36757268738415	-402.2063905023424	-393.61862540622235	-390.6420692589056	-388.1346453498232	-387.58820290662504	-433.2384039735013	-550.3303597792498	-377.24903969537166	-1193.8693080476294	-6224.3611113582165	-9956.239391848478
79000	-416.4023952958441	-408.0411934897232	-400.2142466938457	-388.4477912637417	-378.85653032955565	-357.4830003413451	-345.61959534808506	-336.1669521413951	-332.2570198784645	-331.10518875458285	-329.1519841937058	-366.3301103737272	-453.78930629824987	-316.559502836961	-997.0448517121715	-6276.911119949168	-10115.051340321916
79000	-440.40623691533756	-431.6591109404099	-424.5648269088654	-412.71507415184203	-402.5085369156834	-381.84469463174145	-370.4028782076304	-361.19415922927374	-358.31548880590253	-355.2512597663058	-355.8610196203606	-398.862697572984	-503.81399460875315	-344.4163092302077	-1083.7332969703803	-6202.148690544852	-10087.682450765056
79000	-463.3829382370794	-454.7416913831216	-447.4654168612124	-436.2905172090043	-425.45901812157166	-404.65591050307063	-392.5388225342908	-382.8664887717123	-379.5554841285554	-378.9194176026236	-374.9916154433708	-412.67175742219746	-513.0468664074502	-366.50157320083525	-1106.9159256577154	-5876.682050017024	-9656.854908575655
79000	-408.6853205968081	-399.61750661724716	-392.8376496024502	-380.41852741975106	-370.4674178777744	-348.8953161330996	-337.383439635982	-327.036431686856	-323.3418349354116	-323.1278770177729	-319.8781910027912	-353.4509819760985	-434.74758395930246	-307.955104245157	-965.1572585151724	-6059.265463866109	-9959.596552182396
79000	-425.768103245101	-416.81479136200306	-409.4076560740173	-397.5062669932346	-387.747673491746	-365.6787801742499	-354.3853669648346	-343.74972266721267	-339.4636705675297	-339.8084693454609	-333.4288434039389	-362.02761564666434	-447.5101556439986	-327.5994881734929	-977.5855016434633	-5720.697087625622	-9354.300934989547
79000	-424.27282425560315	-415.79994503631104	-409.2766815718359	-396.6901285746636	-386.685693656844	-365.56132629683293	-354.33747480642677	-344.96860587491165	-342.6148443674821	-339.7098826813033	-341.5416321961771	-390.1551270906584	-492.70079723609933	-327.2676567480464	-1042.6066292296186	-6500.137995457671	-10546.73507860067
79000	-454.22279353677675	-444.7168422484359	-438.1039515562483	-425.79345529181967	-415.9629924702175	-395.26116974336827	-382.66221468098234	-372.23079406890366	-367.24275139661006	-369.03996638411894	-362.80695234734355	-391.1605935714325	-486.83120732249154	-355.37719519271457	-1041.852943938113	-5716.123009500965	-9270.081244197923
79000	-434.4139868219667	-426.0124961036964	-419.31063325314716	-406.9089182412092	-397.6327579030498	-375.63301595499325	-363.80834293132085	-354.9405605055247	-351.2008705375802	-350.40947926676387	-347.65087833285435	-385.96881651814016	-475.7790260617069	-335.41153134422854	-1067.337916367499	-6143.627980530832	-10019.712366830936
79000	-434.98527482022	-427.16567698005645	-419.4055684292668	-407.1276409293944	-397.3913724451156	-375.6533194132172	-364.7812260108141	-354.99045008332064	-351.6159832221571	-349.7261271166976	-347.44201130731784	-388.27527570678524	-490.67502326255175	-336.8986672131982	-1104.2827238266748	-5994.195069220035	-9799.904461472841
79000	-431.2425065109924	-423.10864121878353	-415.45354076859365	-403.59277390385375	-394.52089894073106	-371.9520365525504	-360.4166222710386	-350.3046973001112	-345.8493352647501	-346.2359863163586	-340.52871231031975	-370.60677754785024	-458.03359163328105	-333.276678884582	-1009.3014071107796	-5759.230970431505	-9343.62110163924
79000	-447.9840076238193	-439.2075132436682	-432.1880039273464	-420.4651855866267	-410.85609498627144	-388.9603514814875	-377.32033382919565	-368.0754370185305	-363.93452483206886	-363.42796301285745	-360.0354528747364	-396.13054728894	-497.41328128988675	-348.87580645275847	-1128.9343707196672	-5912.1294744177985	-9667.50903794665
79000	-440.7320504442974	-433.13013717880995	-425.5581594435967	-413.6423623491512	-403.8779940922498	-382.22159895601726	-370.55360817526036	-360.52714249995506	-355.6031916975842	-356.43502562044085	-351.16783511268363	-383.1397189375291	-476.30559148595825	-345.24492402286086	-1045.9679725335322	-5822.687464036597	-9518.060116244298
79000	-400.0325946003872	-391.2368254793748	-384.86371622838334	-372.5759363760933	-362.3767359299394	-341.3053055778615	-330.0769634517729	-319.4219878906158	-315.00912421366144	-314.7404136215437	-309.9136866397764	-339.61813817453753	-427.55454943790966	-302.17848037536646	-915.9997471353561	-5939.9113455605075	-9639.01860390884
79000	-453.3403300886598	-445.72562263530216	-437.73969374293375	-426.0762489455976	-416.18812259784164	-394.37667277304325	-382.4366004622283	-371.9967606355635	-368.72000024782665	-368.97784124483576	-362.4405485680282	-394.4404921157687	-481.4207854934434	-354.6924802552541	-1086.8656504663945	-5764.628361334366	-9455.687898479613
79000	-426.6087994011842	-417.80030473404946	-410.59607942682584	-398.57188420281307	-389.05885617306143	-368.04806093488605	-355.28651524688706	-345.56981348490905	-341.73997140569935	-342.27882730182796	-336.33780272077416	-373.397573190797	-479.36945726270017	-330.7731494363928	-992.338777601512	-5805.987217349486	-9636.077025145547
79000	-444.6629782236445	-437.15670432393154	-429.9901323032918	-417.66940752101107	-407.71475457131123	-386.3492200168425	-375.5798335243798	-365.40420134989347	-362.518605975728	-361.48269287129034	-357.71407596624664	-399.18933439440156	-509.63277617898495	-349.32476227465946	-1067.7315010129394	-5868.294866043085	-9618.196030724932
79000	-474.41013656329136	-466.4560091325444	-458.80671611252916	-447.53823677655794	-437.18507273336274	-416.2811084295361	-405.2480052933453	-396.09671569982333	-392.75995041615977	-390.52613596403665	-390.52969870438733	-436.7839605488671	-548.2491625795168	-375.53522479411316	-1227.9377692145438	-6360.935023521843	-10249.536654314652
79000	-449.8115371085793	-441.3017512712875	-434.07568718317697	-423.01264904927984	-412.59727322804383	-390.92217566559634	-379.77952219465516	-369.73175792276345	-364.90877007752715	-365.4207956881079	-360.30772263309836	-393.15258254879524	-493.6030812194719	-351.91260497954784	-1081.0494731130416	-5895.664365656711	-9490.961505021185
79000	-461.274896102605	-452.9484303990031	-446.4601647859826	-434.2377505161119	-424.2649334105347	-402.88282999241727	-391.6347362890993	-382.0113703676563	-378.2118009840484	-377.7446286895239	-374.3893246528526	-414.23075327131266	-515.0906500441426	-360.984347401356	-1146.1602156077506	-6037.52616593745	-9792.413579857312
79000	-472.1597018803263	-463.98221075082927	-456.63864082478773	-444.1835600367708	-435.4741048953485	-413.61907963301627	-401.83447968934996	-393.78301787832703	-390.1844355186463	-388.495142379912	-387.52098011431866	-428.9427192010433	-541.3662896460537	-375.7759361913685	-1140.4285071847141	-6114.480143112339	-9875.94342028894
79000	-395.7821348601899	-386.7812810470915	-380.46679293101255	-367.35398205536376	-358.20057929852817	-335.92324323678406	-324.1979110521638	-315.2545554805511	-311.81136100231026	-309.86579261288284	-309.3790351953754	-346.5925752501124	-437.9504009509892	-296.6612856872638	-972.6021460425677	-6171.444397237736	-10027.143192888649
79000	-462.6218561333146	-453.2356453472669	-446.74149083987953	-434.5674648302173	-424.9035243874493	-403.10143079906686	-393.2682454516832	-383.3028684878545	-379.45816477505514	-377.7184080004816	-377.9996556536059	-422.5205434164127	-537.4641311600001	-367.57066120204166	-1134.0791994271237	-6353.031252193982	-10191.622711911265
79000	-450.4730032083212	-441.6511307364674	-435.2668730401901	-422.2673747637598	-412.8892965735808	-391.7270303985631	-379.48382138209195	-371.09866028287837	-367.80896628861507	-366.026763525841	-364.93207305992127	-406.83688090529523	-514.3119702678564	-350.8412293984658	-1108.449036501393	-6299.5569047049685	-9975.159189511276
79000	-467.9623087787109	-459.3773707332292	-452.18771807433296	-440.4764429191267	-430.6772504181128	-409.1638636857991	-397.9783402311852	-388.42424172542894	-385.0104990433928	-383.9826396724561	-382.03088722567855	-421.4727963095184	-527.5918056711309	-369.15075204525556	-1180.5341538151927	-5999.203659474743	-9719.108899466128
79000	-443.17059995060646	-435.00332967023894	-427.328771811442	-414.9387561349288	-405.31479865865646	-383.5492477343013	-372.4905329617978	-362.7394482955413	-359.76169409787497	-357.76387980205993	-355.7884583321557	-393.28858692585806	-490.36019244126095	-342.9637120180674	-1068.596170340452	-6188.526078638624	-10055.340871913837
79000	-396.428803118011	-387.8451639855642	-380.6292128576603	-368.2585454633239	-359.249879491843	-337.2116716959159	-325.318758864668	-315.4281269755249	-311.4488513461598	-311.8276432497555	-307.1385924314024	-340.2157979341338	-422.48818554857064	-297.58165458495995	-937.8736605892756	-5991.384403565921	-9749.99246610649
79000	-449.23586433671767	-440.844071701627	-434.10102356198485	-422.0483800445527	-412.9649527743702	-390.8941393656297	-379.4084207581091	-370.4498726684156	-367.59800457075545	-365.2324692955252	-364.6513340810995	-409.98010341595153	-523.9647896811352	-353.67847905160164	-1113.3156315782023	-6099.692484766372	-9956.213965587762
79000	-406.9875624000973	-397.8393352330734	-390.8627181388027	-379.1473899372452	-369.2174929943823	-347.7698857116235	-335.52963121398346	-326.4115506915127	-322.6794191733183	-321.75350294234755	-320.38243067547296	-358.477561927376	-446.62183007765304	-307.5388786999677	-1000.9080567072356	-6266.163840134064	-10141.61515744142
79000	-471.66860387725984	-463.042366843706	-455.92037779377466	-444.7963799553728	-434.050402938857	-413.73930935900717	-402.3094066693661	-392.67672286501767	-389.1182893723431	-387.67621560850677	-386.1066901397537	-429.75684334007406	-547.9730505041899	-376.0842492687408	-1139.8525081077391	-6210.625281158369	-9834.561264026923
79000	-456.8699954077401	-448.8224258348934	-441.57491805678427	-430.26805705468917	-419.9158561449433	-399.30720131485447	-388.4851723896124	-377.8590209771272	-374.2366340670091	-373.46741375971385	-371.8135752495812	-413.6292344829936	-531.9545427922235	-359.97844696316895	-1128.2694872620343	-6099.875479156742	-9792.630497033177
79000	-437.00262859877205	-428.9674481442516	-422.0660487051318	-410.26925630245535	-399.82744834190754	-378.8686885011047	-367.2494241119108	-356.0181422276039	-351.8722772393659	-352.6913733572974	-345.6565615226924	-372.57277616418673	-463.13106888142437	-338.3365896566926	-1031.9793580278465	-5819.857788530339	-9444.852928529057
79000	-435.49428078636316	-426.67420691953356	-419.75496373420737	-407.43461821765607	-397.87970483627146	-376.0781496271965	-365.67840114939736	-354.9649665829922	-351.58611263587284	-350.46687572151575	-347.39440244758003	-384.6555296976287	-496.62073437669324	-340.099769580913	-1011.3176852260434	-5959.34587823635	-9586.093147890264
79000	-438.09339620272016	-429.8284317078988	-422.9823483905947	-410.7091346245119	-401.47638327638145	-378.9830874172783	-367.9573076185648	-358.34182602990137	-354.4690092385329	-353.5919994708765	-351.43265078262385	-389.2686916744892	-481.41169153027494	-338.11757863065566	-1083.239132748511	-6073.763457886976	-9845.526447177062
79000	-459.55313644123623	-451.9992388628536	-444.3267857702976	-432.8372294652686	-423.2126157522512	-401.425668446702	-389.88383406959036	-380.56280911964745	-377.16393476873503	-375.4049118879072	-375.35317161185947	-417.45010837402714	-521.6761952949224	-360.62657208592566	-1183.8295629599043	-6314.176297615113	-10080.082213824326
79000	-440.6612047296398	-432.22927970022295	-424.9789963613899	-412.9824989104475	-403.5120308821546	-381.18501909385986	-370.72084200324946	-360.32061062003663	-357.4027315568082	-355.92481881026146	-353.3523854906459	-393.1277957949414	-489.0454607698589	-341.31497258163665	-1090.180495165553	-6119.41776518818	-9810.98801462114
79000	-413.3304739315121	-405.1777782423139	-398.2695901341338	-386.33932376410996	-376.22570945368636	-354.93956836047096	-342.2744134264736	-332.31700769914204	-327.9954663656707	-329.0287818632493	-324.1099609850406	-357.8303995876049	-443.0961355107428	-314.23103758460337	-984.4242281082987	-5948.18663511369	-9697.892490765378
79000	-417.0047689765486	-408.23323536019984	-401.2760184492059	-388.7292308724054	-379.2467501379152	-357.3291268295122	-346.52878858108573	-336.2081435048794	-331.3437008452183	-332.66358836561255	-326.184078713035	-359.2178940418664	-459.18155378508334	-320.30253684472297	-983.0522261661353	-5438.466119075515	-9168.488109825095
79000	-422.892259103873	-414.67057263136206	-406.8506898320996	-394.3366133217237	-384.91420270244674	-363.5523299082395	-351.59776049788866	-341.0465833594487	-336.34416292615464	-338.3972697434833	-330.21041991185575	-355.35400470225494	-441.3602653461214	-324.60584154819327	-956.0204318393546	-5696.964913951642	-9213.401782938165
79000	-447.66730351901566	-439.13225218157123	-431.79081188439153	-419.4230643910573	-409.8187811354586	-388.48991823774384	-377.5643443940595	-366.70478352716873	-362.7646863411704	-362.99814041813676	-358.1189903614776	-390.9330552029282	-488.62103605051664	-358.5493493754402	-1092.0794943261612	-5971.352276190276	-9742.231857344781
79000	-401.8056021939172	-393.01119316621464	-386.0135163696661	-374.1627588492855	-364.2075886794653	-342.1375622279999	-331.006541670952	-320.2472961174538	-316.4070185614085	-316.7299638721201	-311.3960476761449	-343.80100788752605	-433.5091232702055	-302.7971612525686	-960.6524196059695	-6009.114565516628	-9799.988903439327
79000	-440.53792972804223	-431.56129447851197	-424.3948785052158	-412.2053653509273	-402.6829152959	-381.4995882864335	-369.7248017628961	-360.57223684487474	-357.09110180173263	-355.37082627844154	-354.4708756763075	-398.5035983449331	-504.29733437990814	-342.40185290080194	-1096.8238120533244	-6176.284495849603	-10067.105479496295
79000	-422.2605137534182	-413.7996705389772	-406.7059816944671	-394.7227774379919	-384.1555915026512	-363.2020188505862	-350.5060461154777	-339.14172438226916	-333.99538121054945	-336.41668309887115	-327.55761282706646	-348.4562175116031	-417.92421626870885	-321.3692542219859	-945.7057852095807	-5629.6686697363675	-9226.371507127813
79000	-400.2080848762193	-391.9579593526954	-385.05743847631976	-372.92360025124594	-363.32173528758113	-341.28117997146893	-330.08748623818366	-319.3215639421086	-315.21601825491604	-315.8945987217275	-310.2078266697798	-341.0830394935006	-426.88915969241856	-301.4450680750933	-940.271411495273	-5716.441736291571	-9522.221896273662
79000	-401.88099104634495	-393.6606134889216	-386.0770200857922	-374.75615176420047	-364.35556986505	-342.99188108153527	-331.50099065490423	-321.35915968607577	-316.9013920559811	-317.5108558267344	-313.73115758599766	-348.0177712956019	-438.7782803689136	-308.4520766180109	-947.5889291715481	-5681.2862667655845	-9485.325946421497
79000	-456.6656504880416	-449.21880143222785	-441.3901741405893	-429.2078148397503	-419.6161460153216	-398.13984125620067	-387.29808516751854	-377.50726673776376	-374.31028317978877	-372.4875625059103	-371.72522529060495	-414.774880800194	-513.7674907253303	-359.21872621254	-1084.234258060195	-6377.739816852551	-10111.424344231922
79000	-423.861440716642	-415.4029399894708	-407.9679987368241	-395.6222016861857	-386.52372742219404	-364.3566048002031	-352.77884552248764	-342.3776247264534	-339.5274959191636	-339.39379150869985	-334.2778003906375	-369.85205219813	-462.2838916042488	-324.896102326081	-1050.9336939606535	-6011.585480058045	-9780.1113941955
79000	-436.19230408157654	-427.3184577549793	-420.4441856348764	-408.66537368365925	-398.5470958691534	-376.86573074288407	-365.7023765343158	-354.79734041817784	-351.1912434996037	-350.5307791429133	-346.36108920120284	-379.66106972736605	-467.64819460925946	-335.9915098578724	-1047.1078376707076	-5975.4024812646485	-9722.352160821998
79000	-441.02564511970553	-432.56273339199646	-425.1704683255518	-412.57048127615803	-403.13090697317455	-382.565421107194	-369.54003616659344	-358.88946501443337	-354.0979600268109	-356.32295660399	-347.96255690005086	-373.02500789467604	-459.88235549221986	-342.14797852736996	-1001.1571889101692	-5518.773058612475	-9062.061231382557
79000	-446.4982353780011	-437.9812679073168	-431.29867293378726	-419.875722620715	-409.4215666388974	-387.8150838712822	-376.30024253088646	-366.61829779990455	-363.3740307246166	-361.32564607032424	-360.23855325871097	-399.2752032847102	-505.2218159711371	-349.08977332607634	-1092.6568811506274	-6208.354750472495	-9969.960854302235
79000	-453.4344257386212	-445.5691326192	-437.81383677680327	-426.02686649502493	-416.1689430855117	-395.0097782908678	-382.3900471245841	-373.8783787350199	-371.3832842352132	-368.9400926137551	-368.59259831965977	-409.8752336742579	-512.3868800882542	-355.64019906620643	-1127.5535983308878	-6123.096576020932	-9949.737422559878
79000	-446.9095948424689	-438.6928125083073	-431.6992595325448	-419.84995952215036	-409.94150000494244	-388.172149379581	-376.91442384206044	-366.21469820222273	-362.77877838370887	-362.2438274699588	-357.8227432090463	-391.87186714992856	-483.6015770346267	-348.3198326069653	-1081.4917909685205	-6118.406864913557	-9770.160677520877
79000	-435.14704133118113	-426.9726496986484	-419.94402532588373	-407.45301526778053	-398.01679300052723	-376.8283398980092	-364.5068404245239	-354.53567927573386	-349.685463714569	-351.2067994865309	-345.02326213971514	-376.700110306581	-473.7993629650932	-338.02266319931334	-1020.3917792479763	-5785.9873877137725	-9420.452719459385
79000	-403.44337548759273	-394.545447657513	-387.26161986175276	-375.3790488024189	-365.4259000718955	-344.03746752952657	-332.101309932991	-321.5195575389097	-317.64983483017113	-317.8853535404601	-312.9171391615289	-343.1989747294626	-421.2871937880256	-303.4173329329093	-955.7999870303329	-5938.7124038609245	-9733.340404325083
79000	-437.10922575174396	-428.4433343070153	-421.1807634996018	-409.20683317845055	-399.2698906537352	-377.75166400029514	-366.64302491719894	-356.0224821116083	-353.71235900787457	-351.6608579251061	-350.5323135414246	-391.38662518769604	-491.6942046042071	-336.85039576262494	-1125.8570141635244	-6117.209090754926	-10019.735797014915
79000	-399.2078830115112	-391.0687302528959	-383.980058344905	-371.74431029984623	-361.4123464721873	-339.9546077372377	-327.8088419570656	-316.4865846788873	-311.4642511166	-314.1149794158445	-305.0711610156982	-327.4585741780753	-403.01459745406885	-300.1183443657097	-880.1559132419945	-5567.4107402392765	-9212.413979823246
79000	-417.1166634156964	-408.59002955194455	-401.47346676818296	-389.3097924083812	-379.42206341475946	-358.30820903144996	-346.6898137686159	-334.94423637737526	-329.5827941855116	-332.5543758539203	-323.1265213064719	-347.0735751635064	-421.6820290315482	-317.87396796681566	-934.4030673168174	-5644.2815378634095	-9330.019918058366
79000	-478.8797631019088	-470.55238940321914	-462.18263355294147	-451.4638341226064	-440.91370218908753	-419.52637659794357	-408.48346943982136	-399.5752284091925	-395.85252034948365	-394.63626974132416	-393.9067185522862	-437.8966289417371	-555.8966574718671	-381.023699159225	-1218.799805737366	-6291.416377829892	-10029.339944032845
79000	-396.1012561382009	-387.41431062010906	-380.54266685113606	-367.6233328051419	-358.15908483744437	-336.5786020554233	-325.2605003323143	-314.67379199803673	-310.661651687964	-310.5987304600057	-306.9878017357551	-339.49252229359735	-423.12716168577396	-298.67004790934374	-932.9096994968768	-5913.27753563981	-9749.020246759486
79000	-428.35254356384	-419.9435925709422	-412.24456407225404	-400.3752189678004	-391.00510440458385	-369.0429042688013	-358.089838636538	-348.41445807184857	-344.3907853618145	-343.431102112561	-340.4455899650702	-375.4387640552462	-475.86304404804133	-329.7299709489141	-1013.2676977317932	-5993.195504373429	-9724.104111361234
79000	-445.34303818736754	-435.9963952208424	-429.78809208873037	-417.901524289707	-407.5974950701294	-386.00891672424007	-374.58875448281486	-365.76446376234236	-362.93803137291263	-360.68538426552385	-360.17423786707536	-403.8331903738938	-496.69383496118803	-346.1178695614504	-1093.5117808294692	-6549.040144135128	-10403.900946739961
79000	-447.29811543061277	-439.24664374690866	-432.19275907786135	-419.8189720083176	-410.49780815616145	-388.73594771031253	-377.22897228970993	-367.5829882165599	-363.96814885553016	-362.60492634764546	-360.1696385991899	-400.73529920616244	-496.9488014368189	-348.1550809656384	-1098.852582573885	-6006.84868110098	-9799.541077447495
79000	-433.7149186473801	-425.0657699422441	-417.61376546065395	-406.1633393602808	-395.5416874520238	-374.88090069424663	-362.47192026618154	-353.5301101068436	-350.2564638745113	-348.2008554343307	-346.56253416113714	-385.7816539185486	-485.44675073478874	-334.1281805842517	-1083.920243246788	-6023.549044513588	-9846.390262962213
79000	-438.97330787729385	-431.25399917996964	-423.7842956179251	-411.7581704597387	-401.99756936167637	-380.7447495651921	-368.7710753885585	-358.13162623052614	-354.0451966065467	-354.8590274604814	-348.52781297436604	-378.54496553705184	-464.4527254172559	-339.7150228206737	-1056.9385593623535	-5741.0855651296015	-9403.181950051692
79000	-458.8069172922739	-449.9461061136805	-443.16787289003224	-431.2170401822028	-421.44019093125684	-400.35835799913946	-388.3868092215794	-379.8389623094073	-376.5692085366156	-374.648820032814	-373.4937941995032	-417.5495726109936	-528.9788481037342	-363.07382486750146	-1120.848892083399	-6136.164545094906	-9925.454329036438
79000	-418.41246792890803	-409.24127816951585	-402.65010882870826	-389.5712219684557	-379.94559888449214	-358.9560922802099	-346.43724065466967	-335.239639352562	-331.2223883087361	-333.16761065106635	-324.15850182781867	-346.35486540576863	-429.8698964512351	-319.0704844795224	-916.9601620535582	-5611.140867344487	-9160.97390679091
79000	-443.56665885777215	-434.6840438333287	-428.06378545877334	-416.30441858130905	-406.21909294363394	-384.84843877771755	-373.56624072349547	-361.5008260636334	-357.42421322161385	-358.49921840210754	-349.72591693798125	-373.6682102285635	-458.36580919850593	-344.53768274137485	-1019.2532125041887	-5682.414825156512	-9249.274087801932
79000	-439.2742116933984	-431.34999461365857	-424.10139271763177	-411.60146291603644	-402.8959395022837	-380.4470618346569	-368.9728600625922	-358.83201149062387	-356.180016790422	-354.89025825623213	-352.499013338383	-392.00357727333886	-487.50093713561114	-340.337037406363	-1091.9593718510575	-6342.874792632395	-10236.71355668602
79000	-428.38746626741647	-419.25925302319894	-413.3315536004971	-400.55522939499656	-390.77363347325564	-369.68313494186424	-357.64881021676695	-348.0606277958969	-343.7011656974804	-344.82258824747703	-338.74061465284103	-370.03581326098157	-461.682538147098	-330.2111516881642	-1018.4663454958207	-5766.465062416716	-9503.359069402255
79000	-432.94117696584505	-424.97055863266667	-417.5845348809374	-405.91865601255904	-395.897762155019	-373.98074111870926	-362.44854434058794	-352.1393185424997	-348.1515095193069	-347.99804602674794	-343.3891250606734	-374.28434749049643	-458.21679614921044	-333.10019013335364	-1035.9103151055335	-5961.920782845932	-9638.270880799095
79000	-475.66113392176067	-467.5182330948195	-459.8082136922289	-447.4994501264588	-438.4001638899033	-417.0298960140656	-405.8050070303688	-396.17670755292363	-393.1605784406322	-390.93991115995	-390.99769489226	-436.2302211404744	-544.9028839544123	-376.22649101959615	-1205.965601328362	-6416.779156287862	-10124.864462756113
79000	-409.04504458227035	-400.83468804142694	-393.78940357023697	-381.41512323348127	-372.29984378326793	-350.4663387140034	-338.1696114312731	-328.1518316015131	-324.2535717066046	-324.2540671240996	-319.18831127286114	-350.43969994924845	-434.8294641721162	-310.5799304888196	-970.3238269299917	-5704.367468276923	-9338.232265645933
79000	-428.85465984753273	-421.4577899982834	-414.34508087808973	-401.4986491111522	-391.6945770171511	-370.533154433097	-358.43517708948133	-346.9345199367853	-342.5287535777403	-344.29300156239015	-335.7824505899256	-361.04857340745417	-437.7967964081152	-330.3205595157483	-976.0653997413604	-5622.726992868366	-9202.51575987307
79000	-416.54014512226996	-409.00409059854815	-401.67717864279876	-389.56973416488074	-379.1534483929039	-358.0935068462969	-346.73891766131715	-336.1985603614643	-332.556089845363	-332.8464468181879	-328.6801348021569	-363.65354079811596	-455.1896666866259	-319.9679514917406	-976.1531256841424	-5970.57454037705	-9761.984450135858
79000	-430.6903941017234	-422.74376998307224	-415.38433508866495	-404.1378042772509	-394.012907796484	-372.8804125200925	-360.9573871228572	-350.7464583175136	-346.54603880077696	-347.3377365769615	-342.96972327342286	-379.2084048755593	-480.24062542963327	-333.44478853628124	-1015.0945738849842	-5943.095205367419	-9702.626574557218
79000	-436.90441564277546	-428.32734757017295	-421.46447340268656	-409.7701431484686	-399.57005695069915	-377.9754931065035	-365.79938645069655	-356.2220131436404	-353.00140253993465	-352.9463154943786	-347.68509191275064	-382.7461770395511	-472.7063708248924	-337.96822867508115	-1031.7592728608693	-6140.343647232476	-9914.314187106209
79000	-447.1123110500086	-438.72629611400777	-432.18393788024315	-419.6911471368045	-409.61996231427963	-388.55408445330755	-377.1709279253101	-366.96064186290977	-363.6249186454891	-362.9378176711713	-359.7187496909557	-396.94548744190627	-489.67442101901946	-346.7368358708059	-1107.7461393900655	-6013.18941771146	-9876.150762114687
79000	-421.2167413047289	-412.52420618720663	-405.3763217594365	-393.35933335293987	-383.02904726840706	-361.6639504585567	-349.9441677891514	-339.94035519447357	-337.6730114980447	-335.92667155046513	-332.5434478639363	-367.34658527653227	-459.70093016188673	-321.684439940653	-996.1067162593143	-6102.639403914509	-9822.820464941346
79000	-400.9304138066274	-392.19132841058394	-385.8444665240442	-373.25585501677267	-363.6594057306126	-342.26629109811756	-329.6668416470179	-319.2981790630102	-315.72742519488156	-316.06234516794154	-311.04218397176186	-343.94015376402075	-426.70999322471346	-301.1156973230038	-923.4487567259008	-5988.37881716211	-9786.349710663417
79000	-447.53459339914633	-438.8169493287561	-431.4231697602053	-419.8715459037645	-409.63120874608035	-388.1754897192218	-376.47793736953594	-366.56150521044185	-363.7870351040685	-362.7257180697926	-359.61792100190604	-395.5552259971935	-489.1685233926363	-348.761688295753	-1091.915517066913	-5880.5321484525675	-9525.904727751717
79000	-419.74330078484235	-411.2134838850873	-404.7250055834227	-392.46752158764093	-381.870890987904	-360.68639831868	-347.9348724686825	-337.70757520027854	-332.586328034059	-334.93981128277755	-326.1769017501112	-349.30176209172174	-425.2296830553436	-320.4209439606505	-931.4741254967356	-5589.995488672505	-9223.797604643632
79000	-460.27651822745946	-452.4765161538437	-445.80515050048535	-433.17065233174026	-423.4538853089907	-402.79141077632914	-391.00417687229134	-382.46598983726705	-378.11412495729286	-376.6989937648438	-374.3309279230059	-414.8858757316251	-531.1985696411294	-364.28203652303307	-1133.7723928188157	-5891.058127344722	-9654.937097259117
79000	-423.19377961825944	-415.43547902610965	-407.50214015200885	-396.1606460882489	-386.27482296098555	-364.58043262167973	-353.0358382692442	-342.05274967046375	-338.9396288307659	-338.59398330267646	-334.6311962885963	-366.3248082194542	-458.49680394646794	-325.0019390958953	-994.5835516978476	-5843.235036245363	-9640.826531369894
79000	-398.37512116908323	-390.3804309639417	-383.01015001524996	-370.7781290298633	-360.80910238668235	-339.5125593980424	-327.30564838687343	-315.8656282846242	-312.0948167356281	-313.7549042104682	-306.6017786902053	-333.0251777686073	-414.9392273556771	-299.95874044307124	-890.9213931630326	-5584.4282922378625	-9226.127297922032
79000	-435.32639832041673	-426.8779568154157	-419.711314991644	-407.134519865214	-398.4170180739547	-376.1965138840373	-364.48001418292444	-354.21094167940197	-350.94886357478634	-349.6367355798448	-347.19048022856333	-383.42655185059846	-475.22800242716954	-335.70373099944936	-1042.1288211490526	-6057.640252330556	-9883.421209891063
79000	-411.9499407217455	-403.9142521571311	-396.49791570938777	-384.2476292341843	-374.442693458896	-353.0259663685405	-341.2333658099172	-330.6152433571597	-325.86916367417905	-327.34526300478603	-320.4151784183169	-346.7624449370084	-435.79945948483663	-313.6130046065909	-923.1642471309366	-5654.819322780451	-9291.795039105142
79000	-414.7306256417797	-406.18595594208654	-399.1771040130631	-386.52374549252227	-376.8107437435613	-355.3991691200677	-343.43536696900276	-333.48091117271497	-329.2234517185453	-329.4931128973178	-325.5189623042508	-357.6839378357574	-441.43559342866257	-314.02345356106093	-985.7697758610059	-5915.259930638131	-9741.02344540959
79000	-436.3978854194513	-429.13262625820505	-421.1252071070591	-409.47868518159703	-399.7053351766942	-378.27345027237493	-367.2182363085177	-357.8576815402499	-354.22675166134485	-352.66252645015055	-352.1027079968636	-395.5552812120441	-500.0641509819146	-337.86943167450676	-1101.7412375981198	-6224.428315417246	-10169.500796111126
79000	-432.0230648096802	-423.11173371014746	-416.1746827311404	-404.4240921658171	-394.3848475792673	-372.99374670192617	-361.9515110590455	-351.3669195390377	-347.5842995883866	-346.9659346014679	-343.4920402455944	-380.23665470294435	-475.26872292996404	-332.6704320777744	-1033.5768216417935	-6179.396900976882	-9884.313065673978
79000	-427.4336976035502	-418.74784350770045	-411.9225119549823	-400.70093406103626	-390.1519713625945	-368.9313109179204	-357.46429137615115	-347.82566204563005	-343.581029964468	-342.7860027413461	-341.22373710363394	-378.81829909297977	-469.01424288882015	-327.8955159252441	-1043.0147404112622	-6153.777627221354	-9920.059089224478
79000	-458.770513482245	-451.2531718465276	-443.4008982204476	-431.1723126534429	-422.7733289413891	-400.3539048224364	-389.60192561069744	-380.16783170750693	-377.801188633245	-374.6853547832092	-376.0573346773833	-424.0737065222948	-535.5493052391422	-361.85603473020126	-1162.7874906479683	-6170.509051257448	-10014.84839698781
79000	-420.1350063525564	-411.0953412986957	-403.9981237236282	-392.2785283080493	-382.16403798284847	-361.2145476746275	-349.4324114550379	-339.5368083199616	-335.1546913221473	-335.1032292125051	-330.6727321862284	-363.72511167287774	-462.3059070716885	-321.31000049416855	-992.847631745269	-5647.908947542052	-9438.315924661914
79000	-444.75711166069055	-436.0240080563482	-429.30116440114176	-416.80732489864545	-406.8809507677995	-386.2667121326101	-374.6848697718189	-364.75278301725706	-362.6905796682536	-359.76281116698857	-359.52160953143726	-400.63395409155873	-501.66119467729874	-345.27579720568446	-1100.819787263027	-6176.601614848584	-9980.094980659978
79000	-448.55394886075044	-439.07472553429534	-431.8967891008695	-421.35973385227953	-410.6055862267365	-389.64920481898787	-377.49478453834183	-368.4599649015759	-365.278499082341	-362.67959876963454	-359.7943039478767	-399.66434971912423	-504.47153891522146	-351.60582126918615	-1120.3699499173738	-6008.016264732411	-9848.392563942874
79000	-419.9371910048259	-410.6497379311175	-403.9760412504706	-392.06102607661774	-381.7148687494968	-360.6015561334832	-348.24934599926536	-336.9444753022988	-333.4078605731666	-334.56909166293093	-327.33745702306896	-355.7044564602674	-436.10914394801387	-321.2919450443048	-971.2552958013797	-5857.718835076925	-9522.66387197818
79000	-457.5039391618804	-448.98676590799175	-441.6362647708417	-429.92568371481354	-420.4703325145644	-398.99694951814445	-387.09088691868504	-378.40979504024375	-375.4308416505195	-372.83866259413395	-374.7296986863808	-419.8101021283639	-537.501492692146	-359.13335453945444	-1108.3308928247027	-6374.911674224359	-10193.96719370848
79000	-447.3413676383451	-438.0597292367903	-430.9446940193047	-419.17124153741076	-409.783422362411	-387.88884360231765	-377.14500999149067	-367.71070211108605	-364.11311485709814	-362.7475956749032	-360.9722315643218	-404.2144119829506	-511.29295460657863	-349.62052303228666	-1115.3799931659364	-6329.992469286237	-10241.122111672177
79000	-406.7709621634681	-398.70303066722613	-391.574369779297	-378.3497215975432	-369.8233360484389	-347.05744699096005	-336.32949579560886	-326.43568437694375	-323.0832679638075	-322.4802590849154	-320.22296423199	-359.1575353674434	-453.6209314026454	-309.75339346015664	-981.2407932497382	-6093.085906505229	-10026.84560592296
79000	-449.745463247958	-441.35100849634273	-434.03631905000344	-422.2188463791464	-412.73825440610295	-390.6664011724468	-379.1031335991639	-369.0875234391082	-365.1789190624243	-364.75707388986166	-361.638666421873	-397.08519171985705	-488.78303751353764	-349.6733674481592	-1093.3700405954658	-5917.450137430383	-9630.22937248125
79000	-441.7524963030545	-433.97375058261235	-426.48998641046586	-414.3024531751712	-405.2896660011228	-383.1444251649342	-371.6783546753626	-363.42375701516886	-359.9316635827459	-358.24970822538177	-357.26580005285564	-400.3849070641673	-508.94277873400455	-343.93647192784914	-1112.0507483422657	-6076.718008249996	-10006.222863101868
79000	-437.3595043190573	-428.28339339298446	-421.19602080990484	-409.04720187736996	-399.6583299747882	-378.1395360097154	-366.84844892340305	-357.878545127961	-353.0010273562453	-352.8317872942112	-349.1169777833191	-386.51902820498486	-488.033321444266	-339.0268237599056	-1073.7050669611704	-6016.8827242922425	-9859.781291269763
79000	-440.01935681538777	-432.5728914404241	-424.17176862196237	-412.63007711814737	-403.2187996489722	-381.6012368097027	-369.3650000696272	-359.8805965390075	-355.6552097388018	-355.955726252118	-353.13986258421306	-390.5377222764003	-489.3298117910006	-340.6763609143564	-1081.3177882326252	-6030.680388200368	-9838.2072265706
79000	-462.3948201453904	-455.2155986954048	-447.2409844232	-436.40194897546803	-426.5922130961801	-404.5415655930498	-394.2173140533716	-384.2593048468117	-381.55178567586347	-379.1146649689672	-377.41368842899817	-418.3521673518235	-538.089474152891	-367.6222348361094	-1132.4112846557537	-6013.176196966329	-9766.576000641955
79000	-429.06516474574437	-420.285891106474	-413.1987554343993	-401.399287252685	-391.765654552392	-369.8728276420566	-358.3454011544638	-348.12417381216466	-345.54748316860224	-343.8093757961531	-342.60169194412583	-380.5318187843721	-471.70361185896513	-328.4337242727283	-1058.002425111896	-6273.5152128275695	-10124.882844149692
79000	-426.9468014254256	-418.82776192160696	-411.5457911867807	-398.6842655826099	-389.6471176859262	-368.1109805693668	-355.63450320492444	-345.68853712535025	-341.5746937911244	-341.6557759760543	-337.27321860701466	-366.8749312616991	-450.36527283698257	-327.46331260609924	-1005.170463451227	-5770.196813028458	-9569.770189486248
79000	-424.4629507469809	-416.65761352789434	-409.29518385553246	-397.638654199543	-387.5033589241002	-366.37506793100465	-353.4362066490405	-344.26460412947625	-341.309401898328	-339.9765444942979	-338.19310231286295	-375.4051105839022	-466.3014639946593	-323.98587052876985	-1054.8198433614689	-6127.540770527917	-10121.837050393422
79000	-423.1027945086618	-415.53156872612493	-407.95960026006486	-395.77483650639465	-386.11270905804463	-364.70847026630986	-352.39275306437713	-341.75736799441216	-337.4975098780544	-338.79639843556356	-331.7171447303477	-360.0185989354538	-444.61769012586234	-326.2756523499692	-994.4177232927491	-5603.610660041492	-9236.907035814913
79000	-444.1681249919774	-435.66049138932846	-428.315531090732	-416.1028269823802	-406.7092872192485	-384.8197219285622	-373.4848403213967	-364.3932415945951	-360.76110625041093	-360.65810519444284	-358.3556880061979	-398.51629926075714	-498.0627629410777	-344.1958534791335	-1095.007983640128	-6312.589714150813	-10044.324833285007
79000	-445.8401163885194	-437.82777312495006	-430.8193194646213	-417.80105792234383	-409.22867877545445	-387.08326061247595	-375.33410609201405	-366.49018186991253	-362.7355734195364	-361.66721536215346	-359.2748612012603	-396.80586576484967	-499.42455068252286	-350.052915593489	-1082.5193635616426	-5894.395586768334	-9699.547241369675
79000	-448.29564360751556	-438.9933048786631	-432.53817498926225	-420.59435761888506	-411.4646488370896	-389.66822015433905	-378.14962200777114	-367.73589320909866	-364.90142892409176	-363.6270352943001	-360.5982551875021	-397.5888090965339	-501.2686444993438	-351.9967320468894	-1072.390358948434	-5905.298322690807	-9677.142633730664
79000	-430.47940401761485	-421.27361315776636	-415.03710614040546	-402.39448063083444	-393.26201897912136	-371.1254092632249	-359.9515015344254	-349.2953251592302	-346.3800699519597	-345.14751983551287	-342.22137697091307	-378.46330107356516	-473.8660896954086	-330.3560307980824	-1058.145774027149	-6146.9154014288515	-9822.70523550659
79000	-434.63087355568695	-425.4422712848558	-419.2861227879982	-406.765536041579	-396.5666857653404	-375.2813139268826	-363.4001492763289	-353.1797936953174	-349.6899701049688	-349.18476454207666	-344.303270829119	-378.97682430251314	-465.3132299102555	-335.70162760858	-1069.5304647335781	-5966.421091928459	-9623.421045589861
79000	-426.0926793515146	-417.693242815198	-410.0108596340063	-398.4032292853831	-387.8894761849323	-367.55140411562775	-355.08001633570757	-344.95202546104554	-340.22990623514164	-340.5918866112559	-336.0536831143808	-364.333282313496	-455.30125464269287	-328.9470082468368	-1000.6170079744172	-5895.346771043945	-9555.871780220707
79000	-443.44614448647724	-434.5473835297685	-427.538794496492	-415.61442792135335	-405.79893304313146	-384.7324272681427	-372.85744209120196	-362.5740823692117	-359.68046526103984	-358.3075115318115	-355.0047682533217	-389.38062887753506	-489.95327034163887	-345.2872033375899	-1035.0430295607255	-6022.040480260409	-9719.73129794232
79000	-464.104702545852	-455.17341939239714	-447.7400187356247	-436.66717122575346	-426.7628194208402	-405.80289060922274	-393.56380859535875	-385.6256474642413	-382.4402500891542	-379.45355370010316	-381.62255726007754	-428.8767272576205	-547.043898751692	-366.8197374475655	-1190.913070972949	-6213.68013155932	-10108.788274241864
79000	-456.3158375224254	-448.39077329290524	-440.27622322930773	-428.91543409217513	-419.1726656418007	-397.72009661492507	-386.1520693783069	-377.23608774193804	-374.5673392337042	-372.32931912399783	-372.0122050022801	-416.54340631198454	-529.5924963438686	-357.9972175678371	-1149.3836092677777	-6050.872561291592	-9960.437994035243
79000	-450.99097396871355	-441.77980542054445	-434.7560945433225	-422.54103597795483	-414.056796398438	-392.23897208521487	-380.2935175782505	-371.5004902400382	-367.71384412605767	-367.0475648607424	-364.3272969534346	-405.7320861523828	-506.617346674325	-352.5054616649227	-1128.9960022686623	-6070.470318103122	-9841.114426910823
79000	-439.33420862526583	-430.463438970083	-423.6806405665614	-411.83593210399533	-401.6859369622199	-380.2504919025329	-368.5922148888084	-358.6127050974991	-355.62082371089554	-354.2770611131181	-352.4467819634745	-389.76804712025734	-479.5020618410142	-339.02830608116136	-1085.5097369669838	-6190.225820101454	-9929.449172064762
79000	-408.96489967569715	-400.52393367308036	-393.24067947491795	-381.0351044551286	-371.0300418878851	-349.85319723421134	-337.81595160042656	-327.806813004913	-324.2457998182246	-323.62345133547717	-319.6076715779891	-350.0739779292809	-433.43701561760605	-309.0486657540507	-963.4669129876174	-5782.670885138309	-9630.13663383932
79000	-473.9540340889328	-466.34248093643265	-458.1726028744427	-447.3040560132164	-436.6523618339328	-416.1410028514299	-403.9690049216842	-393.12459529246587	-389.98553167758683	-390.2996859147292	-385.62511464391486	-420.1033620505549	-518.4748725673809	-377.44930398824954	-1140.7814945194623	-6053.576308498849	-9524.577358126273
79000	-437.47060389912184	-429.053477810094	-421.9541828925423	-410.43158880501494	-400.54115227543105	-378.6847858144141	-367.37808119682387	-357.58054418376736	-354.73491466209657	-353.80506687548836	-351.60517051492764	-391.6167275042642	-495.1835223806634	-340.0619320779252	-1082.3569152672258	-6255.5014581360965	-10039.291442622314
79000	-466.4837812993172	-457.54293915458857	-450.6280352692831	-438.3864862069688	-429.74950370469867	-407.2635073875454	-396.74638727449246	-387.1124796295095	-383.72585213137796	-381.4049080110529	-380.76517060786335	-423.27959874796653	-537.2443595939121	-367.9226375882534	-1178.780425879562	-6239.7589072488945	-9892.326688947987
79000	-419.3639274911425	-410.4084630171289	-403.3319801373154	-390.76292263304197	-381.26527599800454	-360.1511036613676	-347.60788203014147	-338.39944924742815	-334.9895826808243	-333.9222715692667	-331.5086911526076	-366.9232568135746	-453.8540856630191	-318.74755378813074	-988.4203062439778	-6219.6463043954	-10165.937955726127
79000	-435.54848261916993	-427.257484864997	-419.852350441067	-408.3906001397569	-398.5769476361645	-376.6035239780655	-364.9581014058609	-355.5367260299589	-352.2931808510391	-351.0827425717706	-348.57233764964036	-388.1581068165521	-484.51986090295287	-336.52563507516567	-1065.3007099867978	-6263.358054299547	-10052.209362870808
79000	-398.439971393025	-389.6440011076963	-383.0402580337687	-370.0106755676304	-360.01606222991785	-339.5829817978274	-326.86947319906307	-315.43706731937243	-310.5315880801532	-313.50640206652577	-303.4596504256413	-324.1771737016794	-392.9104838280274	-298.47248436866414	-877.8148745734999	-5460.572077387798	-9137.886775440436
79000	-424.52620972080086	-414.92520861936396	-408.788267786572	-396.5642246324428	-387.0526088895934	-364.7398304506574	-353.4568741289327	-344.16297018381044	-339.4750391282086	-338.96302949069724	-335.10604400789975	-371.89021299979123	-471.07272680727755	-331.4842111024834	-1003.0025403104697	-5959.926165965964	-9739.286004796697
79000	-425.75769787257974	-417.1462490076853	-410.3081236053437	-397.895371693926	-388.4727272897876	-366.61885423639524	-354.6911154118064	-345.29915454925	-341.3996549389395	-340.5633764273571	-337.630689678024	-372.0200389712394	-461.01465707874223	-325.84753611063564	-1046.0050991535838	-5990.23995294941	-9797.270421240013
79000	-423.92463026569385	-416.143163454432	-408.1969716556203	-396.7473931878071	-387.0167360839514	-365.35304654304633	-352.8299508577771	-342.9729131193692	-339.417579225871	-339.6366139754834	-334.69259617506583	-368.48224457209955	-455.6592142983518	-324.54827114253646	-1020.3958855603594	-5877.988352593688	-9478.229705339609
79000	-437.8040659272952	-429.0141534413681	-422.1106064358108	-410.4713960901745	-400.08766561014994	-378.69611480473964	-367.46115191722856	-357.3009629179675	-354.4729137378798	-352.8927091934743	-350.21440812961526	-388.19095071004585	-489.0198940110281	-338.15469212944345	-1066.4835898101649	-5975.3688580527005	-9808.725915340343
79000	-405.163953540324	-396.6480545703116	-389.51660538180926	-376.95942435910194	-367.1830248544629	-345.66701466054155	-333.10750098766846	-321.94233296377865	-317.6139923614831	-319.3319823351318	-310.99762012066145	-332.5978660823708	-407.84909780341746	-304.9224106585388	-915.9308358760233	-5592.314297412959	-9069.694416019764
79000	-418.4824411887338	-410.5828663238246	-403.4042542618741	-390.86965192711705	-381.0297538320713	-359.4269276415555	-348.24465919536465	-337.3184655287165	-333.6578547752894	-333.7155409516514	-329.2083533036874	-362.04008127578925	-445.56753377342096	-318.8781422079452	-988.4877502094184	-6011.526059477422	-9769.094239829237
79000	-444.27365198459955	-435.9213004457729	-429.1094967205209	-416.2763657664583	-407.2008592056968	-384.8780094508437	-373.98606836112765	-363.7657538997987	-360.2709336798444	-359.7118865717817	-356.05027589271737	-393.19234787776685	-487.40893171747376	-345.18960569128313	-1067.1739398617026	-6041.232191439762	-9703.547717324902
79000	-403.7592967198068	-395.3215394438846	-388.430425104928	-375.6449937087159	-366.0647672954165	-344.79575717736907	-332.9820225901111	-321.89640239991866	-317.2858805813441	-318.92554053896157	-311.8854172250776	-337.2151313074943	-414.37536919974224	-309.24927189037174	-898.1800699444966	-5550.733374738484	-9198.68010121087
79000	-429.25371527056956	-420.31381163612696	-413.44322268182503	-400.7632183840416	-391.7820587854775	-369.42259899007144	-357.20305278613154	-347.8218618299108	-344.1906846631502	-343.7599631534894	-340.0269299672556	-374.99171243727193	-462.01606781756635	-328.66309692511425	-1027.4611891673933	-5750.179437737831	-9588.454060263808
79000	-429.87763865788907	-422.1722802350239	-414.3466414875248	-403.2725274052401	-393.40440645790494	-371.24117043204063	-359.9922029248072	-348.59970759422635	-344.66210634902404	-345.4576418530092	-338.88404733365275	-366.75991798589183	-457.21432794582694	-333.7186625370427	-966.3167323478363	-5641.086280442745	-9345.348442959821
79000	-448.93481654345925	-440.1284731924686	-433.3187839137228	-420.71631275773757	-411.6638326541587	-389.1897219300324	-378.3525094059867	-369.15465859053376	-366.8712231357447	-363.7903424511707	-365.65422663769255	-411.26905894007945	-520.1683204671505	-349.44160046951123	-1096.874597766654	-6209.606370653111	-10045.719733389054
79000	-475.54684688043216	-467.69788461439333	-460.02928731492767	-448.98806554955183	-438.73073725915265	-418.0088712808009	-406.1225735848202	-396.6514710463766	-393.7841476663429	-391.9487255678183	-390.2944635030724	-434.7266302319409	-553.7605831433425	-379.8741543070897	-1192.6343556965423	-6106.460854354297	-9831.552160589858
79000	-432.4857483115914	-424.04356799777383	-416.95599572119914	-404.47090615544755	-395.2098124809506	-373.7185891416642	-361.174797753665	-350.78749471743936	-347.18387851995186	-347.98428178192387	-342.4157808947742	-372.4109109735196	-454.51412943970405	-332.13807087271647	-1029.5872423570431	-5889.989876417888	-9633.067075707328
79000	-439.233936079179	-430.50840032072693	-423.37411919821926	-411.3776050020408	-401.9877313341593	-379.9213867220856	-368.8123580124327	-357.88308794000994	-353.4897336410581	-354.0463087542754	-348.96184335875256	-381.63397582795403	-466.88918981839277	-338.71476691488465	-1055.345140928675	-5903.019075674589	-9649.578848870178
79000	-440.73754185738056	-431.701010557675	-425.32358246314294	-412.4562341511063	-402.9424115240733	-381.50779783712557	-370.96459651963664	-361.17591540903175	-358.0127961372599	-356.02860899562995	-355.0038166190221	-396.22515539652386	-501.49968748881696	-341.99199546272195	-1117.5953097833024	-6173.337979011185	-9932.849475243152
79000	-462.0204699348773	-453.1556155476099	-446.3941203665053	-434.53937047085026	-424.8338149752495	-402.8073466443267	-391.23519589129336	-382.17962007860393	-379.7988813939445	-377.22051821296424	-376.7383854788141	-418.891058132554	-526.7253469094074	-361.79512186220626	-1171.1559633593986	-6176.757535014329	-10046.642561487193
79000	-465.610825744951	-456.3502436694922	-449.777595569531	-437.9829411475031	-427.7407191266025	-405.89034296653284	-394.8385212214528	-385.2779274116338	-381.97250519998323	-380.6670347499786	-378.8644903311629	-418.29547073594733	-519.4985131425979	-365.3567073662877	-1190.7849914246474	-6173.052518108683	-9978.967553914268
79000	-444.00840562123483	-435.72664674879286	-428.14647346788576	-415.6302284043527	-405.99762588960317	-385.8315107606604	-372.92286967189193	-363.2396114904735	-358.12091397812196	-359.1686207556037	-353.57961871215304	-387.21656749549425	-486.2141616324754	-345.2345427166948	-1051.5478041515814	-5843.268173335242	-9547.161190539859
79000	-448.6004757254601	-440.4792495971763	-432.9459811714908	-420.36746368728177	-411.81591463045254	-389.85925690180704	-378.7088559264437	-367.3981607463706	-363.37990037099996	-364.1578597645134	-357.5558403781733	-388.18130649643246	-486.88230529901284	-350.7907678568666	-1041.0648497956865	-5459.18362235014	-9073.057052008166
79000	-431.51161332494985	-423.3912396759167	-416.12636451337943	-403.9877573786189	-394.5799482601715	-372.71916874535884	-360.30699475199674	-351.35117122433843	-347.20831967256385	-346.48401755766946	-343.2598772935809	-379.809174887558	-468.26613352305844	-331.68861661868686	-1051.7187448886664	-6059.317847668155	-9940.976177663932
79000	-466.4988385423673	-457.8898023307919	-450.7080691121118	-438.3008159831443	-429.40315666836506	-407.5173934241477	-396.3785306170841	-387.39102589733614	-384.7725257637228	-381.57956028350253	-383.8014529695	-431.7829022598918	-538.1522705443701	-369.23369415750517	-1160.4284963951302	-6465.974003037607	-10339.207676285745
79000	-432.71704425462286	-424.54239335642677	-417.72528931282517	-405.819738757747	-395.46940720027936	-373.48770707068854	-362.237553879632	-352.09661452346506	-347.8890524694636	-348.20763702498596	-343.8292255674265	-378.6331771606609	-470.785526506168	-333.1357555233625	-1044.199439100162	-5992.4184368729875	-9776.377384329324
79000	-439.8626730516145	-431.9887066412723	-424.42943496832976	-412.26988779007706	-402.91093538398377	-381.02401920387524	-369.2763116062396	-360.50186740302075	-357.05091213165053	-356.0552730530087	-353.83301698897185	-395.182796344504	-499.8800724563084	-344.9274588918748	-1074.6117540851315	-6274.788718904135	-10029.734229832226
79000	-445.33022432077365	-436.62095915444405	-428.9026695738134	-416.98379749925846	-407.9631342178033	-386.8663437032906	-374.73927564266313	-364.95731997493965	-361.07394412549695	-361.2998364599464	-357.2407511095018	-392.2719707731091	-496.7333016886486	-347.777524995647	-1058.556708015496	-5727.611253670391	-9370.569342851
79000	-442.9240524854171	-434.3867200561523	-426.7893909597746	-415.36055069893166	-405.40588772514434	-383.4341742921732	-372.3703598477327	-362.73349023266707	-359.6850633234386	-358.2905836265711	-356.267905507728	-396.79461612337985	-496.1752678560009	-343.7406947018284	-1091.3068568463343	-6259.513099273648	-10191.374729545192
79000	-427.88626834796906	-419.11428083441564	-411.81060760975487	-399.726089806045	-390.74375978736737	-368.5999115839946	-357.20281028089846	-347.57762774233026	-345.63709509992105	-343.00704992719403	-341.68002894766477	-383.5061311524279	-488.3966278537048	-329.4265005379485	-1065.3474407855383	-6078.514616278471	-9932.857817294569
79000	-436.36295604316894	-427.94091222725166	-421.1783456061667	-408.91239227092115	-399.66723874494346	-377.3140333272878	-366.1976275202557	-356.4839182818876	-353.8237013792144	-352.6429600642351	-350.7244894788671	-391.8732668450762	-500.7918021064193	-338.8001504439486	-1086.6861601340336	-6097.900058655829	-9859.597035381503
79000	-444.10061598731176	-436.1373137532016	-428.88533723520453	-417.092963428247	-406.94776545271833	-385.9394333908359	-374.22716733184546	-363.57334079407195	-360.23178352056556	-360.3617779046072	-355.685830945484	-392.5153671765987	-492.54858292207047	-345.40523599679665	-1095.7658220121903	-5950.474170501742	-9612.742802413035
79000	-418.922300769428	-410.0729387535776	-403.6217402637208	-391.661930110521	-381.84797137487107	-360.4825625595837	-348.7005232090695	-338.8566154351357	-336.59855748892755	-334.0685763338015	-334.5125361904208	-378.22115880867995	-490.0776763472816	-321.327096939005	-1027.1183410354543	-6279.702670790828	-10289.961105874281
79000	-487.4340942920023	-478.5445861243578	-471.8129796552234	-459.6222990140451	-449.98863125836965	-429.0499881432429	-417.3147011287131	-407.15318528924695	-405.16306974543727	-402.3621226535565	-402.51994973548454	-445.76948207331935	-560.9273597284208	-389.6150657371755	-1219.6163392707585	-6393.165185968334	-10049.990976624389
79000	-449.47849215029566	-441.67374007279506	-434.5120394464506	-422.3607040248081	-412.74697322653583	-391.392378801137	-379.67913292728167	-370.00544779289044	-367.4489774634008	-365.89312986693545	-365.39323859338975	-409.8493174222519	-514.9356648517595	-350.9914965924493	-1140.399521569688	-6047.339466826451	-9847.00408404236
79000	-435.57114233882317	-426.05572007211526	-420.1604416333875	-408.3008755309786	-398.0241892920969	-376.45667688866905	-365.2464928168823	-355.20621422752924	-350.3554206783469	-351.3857310034368	-347.34639427960934	-382.86042114127616	-478.8988685313011	-337.56579268332473	-1061.486566080862	-6019.915784660866	-9783.40749234744
79000	-407.9283970696376	-399.18099747656237	-392.067523091724	-380.5434793071713	-370.5620320642107	-349.26473862119906	-337.9084674018404	-327.4965580905402	-323.5607307835142	-323.03548277295596	-320.5908694459513	-358.692532884071	-450.71670180651296	-309.4508566712798	-988.7119285310561	-5870.023724276142	-9830.679800612781
79000	-472.31156305475656	-464.0756568647616	-457.01374212965146	-445.05419921245345	-435.37893786522085	-414.05531658171134	-403.75575898266317	-394.14640491202886	-392.00917414017925	-388.47981064727486	-390.748740551075	-441.3646889929052	-558.0188883912281	-375.7856850382465	-1193.3437414980615	-6287.952062246883	-10104.753829770973
79000	-445.44256464641313	-437.3838961383822	-429.85700158125536	-417.7852730607034	-408.76881097527865	-386.8938306388032	-375.26985375593614	-366.0354142724382	-362.55116174688493	-360.9489354222549	-360.0479162327852	-400.7816233716973	-512.2757002973237	-352.4307787502969	-1075.3729688265084	-5953.887122911404	-9777.681656414934
79000	-462.27354654608706	-454.06882848832333	-446.88064914712896	-435.09298377756613	-425.5362480118621	-404.2959524091648	-392.96260742532075	-383.6886719371274	-380.78562569757423	-378.86739492296135	-376.43859868863336	-416.039264407496	-529.1121473286373	-367.0730128126446	-1133.93258128693	-6070.83251936962	-9718.962221187985
79000	-421.3886500270085	-413.3331706773464	-405.13512808587603	-393.2523779803055	-383.4683689154588	-362.4383477357042	-351.26665207084307	-340.2852406475899	-335.6564425943107	-336.82927246470524	-331.2030944369213	-361.67481533858574	-452.04070543545805	-322.3474420040047	-975.8207278799753	-5881.816396235596	-9450.41091978768
79000	-436.4883031297232	-428.18994948143285	-420.54488307374953	-409.1856290560057	-399.4045395068156	-377.0098028978848	-365.5164642251163	-354.5203708449776	-350.0324210795595	-351.66454933816283	-343.9811436107823	-369.01474452167713	-451.3939472257949	-337.21388585578404	-1022.7764998425017	-5551.309231756222	-9106.166724402538
79000	-490.37700241819937	-483.0440405898339	-474.67434044179873	-462.79694801689607	-453.2205627585273	-432.3920073549898	-421.1639150248506	-412.11455026227907	-409.459428410316	-406.2235694169359	-407.6100023110655	-454.1056550483256	-573.0633555490637	-392.24784665724184	-1282.6400753743158	-6385.967142631031	-10131.261545361309
79000	-402.8046609061921	-394.59395156589136	-387.20578194991	-374.93193205139016	-364.96902073988093	-343.25860627281764	-331.68739237204863	-320.9566979953221	-317.80586618311196	-317.43460493619506	-314.0903705599568	-345.74240758105134	-434.06434429452065	-305.3570516435442	-929.4785896700362	-5975.7628363397735	-9599.546574635677
79000	-457.2979552336366	-448.58780782739865	-441.53119954090215	-429.5628389155776	-420.08770330002466	-398.05364800378453	-385.9063434694419	-376.23371944673875	-372.4037438549496	-372.54819853102134	-366.8412212287323	-399.8139977331036	-498.96331885659544	-358.44633180232034	-1085.4456071743214	-5913.044782203861	-9527.363141284635
79000	-470.26676905621775	-462.5260725536107	-454.78233147811255	-442.4219515269393	-433.3929692040509	-412.4646564959458	-400.52867932544575	-389.69546874794037	-385.5007660789571	-386.82040481646374	-380.5986823653784	-415.1788810336414	-511.9787189613523	-370.3558251204933	-1152.3700871707354	-5774.256203720222	-9345.622913296256
79000	-420.06213233881965	-411.4202623013865	-404.0532360795102	-392.3433086077606	-382.67808741665164	-360.63822620157083	-349.3798600622729	-339.71465108749436	-336.3145943778674	-335.10202658648313	-333.1885998086376	-371.06711884361187	-461.90061081504666	-319.5851092314767	-1013.4795231921076	-6132.112585905589	-9913.577573200728
79000	-428.5576708027866	-419.6605445546746	-412.4983191570729	-399.8706839361445	-390.33267765493474	-369.5378546954197	-357.0568748788978	-347.115274684406	-342.6459204581151	-343.6049166246515	-337.86718916860787	-368.949711375414	-458.67806548771273	-329.33854365119083	-1005.6779187160795	-5632.48088623904	-9304.710161427372
79000	-473.7621972862466	-466.16590725563583	-458.47605883245666	-446.5999835513636	-436.8737630453017	-414.8482466352954	-403.7603901330295	-393.7839321908359	-390.3703659288892	-389.51056012599076	-386.78081666949697	-424.46600708800554	-525.5127007259524	-374.3192896701183	-1186.308238857904	-6202.968100873463	-9834.868247682696
79000	-462.95670175492074	-454.35449706688706	-447.6835095238749	-435.64876070965875	-425.7387586158205	-404.2630569892218	-392.33619204069595	-382.7921436946463	-379.0719725615802	-378.6252648565558	-375.19679820137884	-412.4186184254138	-515.0408316010978	-364.11865493870465	-1097.5505585280484	-5879.385393354856	-9492.175131597696
79000	-412.9389774329018	-404.23629724879186	-397.3804288009258	-384.9459306471906	-375.37979099164204	-353.94115974204755	-341.6107285624821	-331.3807379630694	-326.7657865168312	-328.47928912429717	-320.61357575307466	-347.07743465045667	-441.8126927594368	-317.9231623084386	-948.8113444014176	-5553.522130385979	-9041.203416321909
79000	-432.5226391010629	-424.15060478960544	-416.94207952302	-404.82536253754927	-395.49166027194207	-373.882616691315	-361.7440817663408	-351.586519037781	-348.38668600588636	-348.02640647560776	-343.33606964971835	-374.89760839484995	-469.2922810103004	-334.14565386843645	-1007.8432664593959	-5848.742524890219	-9523.565106001839
79000	-446.985169944767	-438.58402851244597	-431.031180660419	-419.1715773591627	-408.7742335076548	-388.2278344832012	-375.19441489828114	-364.85632830410657	-361.1967042531732	-361.3226172498336	-355.20893472594634	-383.6929281581898	-466.7183010290376	-346.92887141975973	-1039.499839378439	-5838.411223396966	-9449.651111936724
79000	-471.3525339474001	-462.57493360682594	-455.0506741368111	-443.551907489123	-435.04382647668575	-412.7119963651371	-400.98825704406136	-392.66887571086704	-388.14321503652906	-387.20632438611966	-385.6480252337101	-430.76832502317325	-550.9117216059883	-375.932196693416	-1151.8310369269202	-6093.01761813878	-9741.867093454877
79000	-430.97803748852147	-423.5373638506708	-416.2090647369351	-404.17006724916814	-394.45331309206495	-372.7486981322106	-361.0061707374675	-350.3561817217485	-346.45319233956246	-346.92618272179976	-340.0608118032396	-368.98609345717296	-457.7000987538776	-331.7456336565898	-1030.113307310032	-5779.735341732467	-9399.506369531278
79000	-481.11462594845113	-472.9704033909656	-465.9283927773179	-453.33859320254544	-444.2906851610798	-422.31184925337254	-410.6443240321626	-402.4532659557981	-398.5391264554658	-396.54121685716854	-397.3386359856934	-439.19857643074073	-554.3852919518876	-382.2883545246375	-1175.1468516888376	-6197.4073233164245	-9942.442367170786
79000	-435.77525497046497	-427.4439896015207	-420.73077736182694	-408.78833495141555	-398.55612761794316	-377.0453066533361	-365.42311424226045	-355.43266415653346	-353.35771339933626	-351.5169141674147	-349.1474894013026	-389.11550721188314	-487.60330725569884	-338.62354417308063	-1063.7412917909069	-6039.586954622472	-9920.268805784248
79000	-451.68853772010533	-443.06701844009694	-436.5053142015599	-424.1035897622513	-414.742293843315	-393.937679605141	-380.69447827278555	-370.5572154659472	-368.0576727113783	-367.2429838192229	-362.76034877977537	-397.9048127762057	-488.47638351856807	-354.40085940620077	-1076.5285918769398	-5755.378434601659	-9372.024522218368
79000	-418.7417861023729	-410.18123019774674	-403.7257032927109	-391.32858711534743	-381.3397244779814	-360.5030731241286	-347.456619893787	-337.06411856644576	-332.45487866959024	-334.3836650995343	-326.8778423949075	-351.74379469073085	-436.9614616551754	-319.1632341937424	-970.7733700772393	-5706.700735471172	-9248.86809842451
79000	-438.51785626849204	-430.12665395925745	-423.3502916290918	-411.4452992469261	-401.13150483814866	-379.63157173691343	-369.1053355942539	-360.19055025188914	-357.9045498272388	-354.5996703008975	-354.9835234486951	-400.0875423270631	-510.1092357452611	-342.9298291171541	-1087.4931919845649	-6359.939805285868	-10135.816280090636
79000	-438.1425302917213	-429.24247816794644	-422.42094459321464	-410.70898122171604	-400.3296610091077	-379.43426923386744	-367.104327642461	-357.822390027394	-353.7700029906266	-353.41638207709	-349.65660969300774	-385.06233006329535	-489.49891098028564	-339.56759684011763	-1052.0024139344162	-5954.442400533821	-9643.392908551688
79000	-476.0619679440674	-467.95204191186247	-459.4728021111284	-447.81807157981154	-438.36391299184186	-416.60330917527426	-406.1994376081504	-396.5851651374968	-393.1718024646945	-390.82393684529126	-389.6566489054082	-432.06908950752165	-545.3083834771052	-377.74127320302443	-1166.7610819958245	-6054.9196093835235	-9765.95425567141
79000	-415.1889327711591	-406.15927962296064	-398.8421803729304	-387.011726970287	-377.38604060078933	-355.7974089780303	-344.0416224032252	-332.85392648961624	-328.7051048261245	-329.91804322960786	-323.2845729652832	-353.8135498308016	-436.7252515263565	-314.48173518275206	-1019.7863828516327	-5813.0272002449265	-9564.871107809127
79000	-453.0060740400785	-444.96820118461113	-437.91540145456605	-426.24855829088597	-415.60217700987147	-394.25436026198514	-383.1140248290874	-372.8688899542683	-369.39674920082626	-368.82111341799924	-364.94991323301224	-401.8441608236585	-496.4384215552045	-355.38970909468657	-1083.8705377149313	-5973.702503539613	-9776.939966749957
79000	-435.9932280205863	-428.3024984978403	-420.87142818107924	-409.08219576726276	-398.9629787629318	-377.7946318250056	-365.9559440300608	-355.6032918982299	-351.6099790524236	-351.7791074163719	-347.81029215163744	-381.47253755220487	-472.57192121510207	-338.21729709106216	-1048.0736910553721	-5883.410018397871	-9544.603161055073
79000	-421.186951333292	-412.6269740218286	-404.5783315214865	-393.00060690582234	-382.4780907725323	-361.7993958425625	-349.78672604922605	-338.30695666049	-333.955241109987	-335.88315990734424	-327.96399966542765	-350.73533403043984	-428.5957088636745	-320.6595019793181	-937.8741368284383	-5475.81376125613	-9078.852056766598
79000	-424.04257351098573	-415.1250187253157	-407.9158783219652	-395.51865958328324	-386.0319022983786	-364.2683916659352	-351.8443007826252	-341.5845432151521	-337.4281540966849	-338.20194993738824	-331.9631082192645	-358.67197512569555	-448.5839490433248	-324.8065551677448	-987.7452619323806	-5677.628814194405	-9288.931771005506
79000	-462.4224701475349	-454.06164568536934	-447.3323546233194	-435.5099800288883	-426.18969351463556	-403.77652085813173	-393.0974728960663	-383.6269953682856	-381.1322253331577	-378.7877704788779	-377.27627274872304	-419.71710910715836	-529.6171730156344	-363.62856575512706	-1145.989651484325	-6059.363918927522	-9820.564138435753
79000	-430.47512706357725	-422.3477887031374	-413.918456122039	-402.0165132444655	-392.5363524674059	-371.3531981770153	-358.7949689971115	-348.9554864250618	-344.97740468280097	-345.55856494834956	-338.91232366515965	-368.6500110309104	-456.35921268870504	-332.32912582336553	-983.6261853332339	-5840.074651418032	-9541.036424104901
79000	-425.6347176959444	-416.9033164360941	-409.7938450860599	-397.4992168396708	-388.004808983797	-366.54598327640366	-354.6046505982991	-345.7804392339206	-341.417501978148	-340.80963947896026	-339.53590272337453	-379.8483381466283	-480.23174748111126	-327.07375084142006	-1049.664254720065	-6211.112671212578	-10020.125650911754
79000	-450.81927203616954	-443.163648966357	-435.7668124240801	-423.2418056928153	-413.13408553321295	-392.71916070023417	-381.3014134562662	-371.7735618758802	-369.0290139619274	-366.2713126785457	-366.67773748935093	-412.5706997251446	-517.82975697057	-352.3047497044091	-1152.4967427285198	-6417.430053664572	-10365.089974028584
79000	-460.8820124681474	-452.3036727787954	-444.1142008563011	-433.15807220886256	-422.7921418325556	-401.8430720658165	-389.70799335274637	-379.8959011457741	-376.71344687678805	-375.9319261472872	-370.74496502814696	-406.95081589780796	-496.7712186110184	-360.35938698439304	-1103.3228706280292	-5947.224395529774	-9602.796612375874
79000	-464.5859453646672	-455.96668300962426	-448.67665533161556	-437.16786386029924	-428.17567506003246	-406.09765840851117	-395.55257019922266	-386.0635644175886	-382.635681361201	-381.25569695460035	-379.16430869702714	-422.84091215175016	-527.5917620747272	-368.4778588245148	-1157.965072775695	-6096.474339988588	-9931.634444122206
79000	-382.56764860147695	-374.1339161452912	-367.09325936640124	-354.8456081637602	-344.87468098530945	-323.16719345010154	-311.13989483395267	-300.1097344206272	-295.5680094135089	-297.10072035992226	-289.33686546637296	-314.02317420306053	-385.8769705882489	-285.89424673883804	-846.9951943107951	-5715.543168887036	-9394.946675198302
79000	-391.7674960432361	-383.39576168229235	-376.29001053942915	-363.9766925961628	-354.0212151665386	-332.47199628175025	-320.14188064136994	-309.852498899744	-306.28335598832155	-306.37546852923674	-300.14179257012825	-326.9100246371016	-405.16802742146166	-292.98665392324426	-887.4257594497302	-5676.872276230363	-9365.154244422672
79000	-423.961253445556	-415.63951615140076	-408.9491691225009	-396.5329071329834	-386.4418499710887	-365.24322733330985	-353.1525442522695	-343.7033581261525	-339.61123036901256	-339.0394580829831	-335.9495334145945	-370.7309850842347	-468.09456247861203	-326.6599982347088	-1015.7848410090885	-5938.9231353184705	-9652.39451735176
79000	-461.64664646560476	-453.723965173236	-446.0295518359032	-433.54403305773747	-423.94334202312365	-403.3572685325411	-391.281154122841	-381.76251946532426	-378.02763316508106	-376.97034956816174	-375.80641266558365	-414.49371408503134	-520.2626121246406	-362.45217318445356	-1169.0847875924421	-6235.47858937512	-9989.64759164398
79000	-410.2967876775117	-401.17425608817547	-394.676533875918	-382.4547012525521	-372.4058573037103	-351.06067987292556	-338.78813847245203	-328.7625349215056	-324.3180883727772	-324.2829962166345	-320.062649947635	-351.26293712528434	-433.1920826613582	-309.2651300749035	-975.0827329997817	-6134.647186272996	-9835.81235274249
79000	-439.2717455280456	-431.50375556726016	-423.96221101262034	-411.1384119308789	-401.7008549663194	-379.9866845753527	-369.3198713724672	-358.48089080107513	-355.37242331686065	-353.60672456276535	-352.1634416615656	-388.5122064619027	-488.0060079721342	-340.24464550741016	-1074.9502142738424	-6086.770571873333	-9896.153281731351
79000	-436.70284815983905	-427.9575228200972	-421.9733221016075	-409.0604957167111	-400.10928349179267	-378.50706797596683	-366.18052455869287	-356.31653476040805	-352.62993527831816	-351.97742383307167	-347.9939019330067	-381.9827152359696	-475.62840731120394	-340.27216503444157	-1027.1988363980543	-5812.367316982738	-9478.4061358595
79000	-416.3410132003592	-408.5085613272994	-401.5848541889699	-389.0283477614463	-379.27524972374	-357.83258094951884	-345.7655335292508	-335.2611207176908	-330.73804522600307	-331.33759335525303	-325.6455990026856	-355.7454431734756	-439.30431433815994	-316.45794237342136	-972.6654120963588	-5927.948436572183	-9655.924702631144
79000	-434.51466478494405	-425.08258459540804	-418.2834737108247	-406.1784779145611	-396.5410240357017	-375.80156585731663	-363.30789929313204	-355.042889627758	-352.0894559627569	-349.3651240215516	-349.6061610352008	-392.02156798662145	-488.7348164283238	-336.44026900465605	-1060.6563605640436	-6352.5874410011365	-10345.2875875779
79000	-431.87151797856734	-422.97219140762587	-415.7031113991671	-403.8898042047907	-394.52733572681444	-372.2705793514549	-359.92148614280694	-351.0258799478767	-347.0984315487332	-345.93064812092155	-342.6089814707033	-377.4315638120509	-467.19262256580066	-330.3735426521597	-1076.0521149164297	-6093.483234998691	-9938.94165434336
79000	-419.21621356183005	-410.2793785205632	-403.45218043004644	-391.3391469642786	-381.6370254153163	-359.9589953517229	-347.4726461481163	-339.01754796317533	-335.8640559290323	-334.51170010582666	-332.8576063187953	-372.78211853057894	-470.43306174838415	-321.07627915675033	-1004.588450523569	-6218.62220720548	-10238.766671192214
79000	-446.6513199712565	-438.2073305909473	-430.7507116917082	-418.6630407866678	-409.8353105203129	-387.4874771497212	-376.3955044461122	-366.43523130310035	-362.5184234372126	-362.32517460739257	-358.84193162302745	-395.6291695795507	-491.1782178012862	-348.68378232545837	-1051.9411634796745	-5991.29637450674	-9668.972833446409
79000	-400.96577924245946	-392.69755717322056	-385.5635783250737	-373.6589099709836	-363.98797123358815	-342.5589673084396	-330.03737300681894	-319.5471340783467	-315.61263819937795	-316.58916227503624	-310.1807244888289	-340.56799733207396	-419.5007965576383	-302.95097243349574	-912.3818602382111	-5744.681792714721	-9479.041319508156
79000	-463.13000270400363	-454.4001806847179	-447.0414790654722	-435.30695416125195	-425.49689152684374	-404.61910295182673	-392.6109048101703	-384.1438265554342	-380.60083704463216	-379.35914194716366	-378.42674800604806	-421.55573356200404	-534.6968696465508	-364.59793697251877	-1153.169622984801	-6322.427941425879	-10045.78309308423
79000	-425.1214335704185	-417.1337664854234	-408.8793411646687	-398.1085934062618	-388.0337547130196	-366.60562148677036	-353.8503672988805	-343.702530447349	-339.69265742350115	-340.38488447445445	-334.0882864451359	-363.6638187366086	-450.74691169130523	-326.78189364374134	-981.3117027644325	-5686.24108466331	-9302.794717434917
79000	-427.1309649316753	-418.4515648680774	-412.04493333678823	-399.2800463137827	-389.43783736288856	-368.10788091495374	-356.0929331554953	-345.54979928711094	-342.4729989335988	-342.0926718466362	-338.86765071833145	-372.76653851638275	-461.8694249571236	-328.18736771017615	-1016.0155274225872	-6005.023819219095	-9707.718440992583
79000	-449.0539769820112	-441.1651222954775	-434.28988681050026	-422.61151888604013	-412.6478191203612	-390.63626522495184	-379.92514390166633	-369.3309002411629	-365.74370555495767	-365.2963893557925	-361.87404299028753	-402.5657015196827	-506.2754936929865	-354.8106732263339	-1106.9305551718583	-6051.700312518779	-9833.264917671337
79000	-430.25676054605213	-421.73656413362266	-414.29928306710127	-401.92916049178075	-392.67263473168157	-371.46157799063707	-359.0886033024841	-348.9393076720074	-345.8397450670504	-345.8113334474662	-340.81504760738204	-375.90227615897544	-464.57101398786654	-332.16163430297746	-1003.3310602437006	-5903.914161733946	-9520.739311889567
79000	-425.8071396922532	-417.60439140605774	-410.2985640052934	-398.25200446641804	-388.6488734235613	-367.24811723367026	-354.8647242981327	-345.1149148372148	-341.9852703829139	-341.51931680454885	-337.6976893680127	-372.46698098599836	-461.2572815233814	-326.1610891831717	-1039.8555071425135	-6068.414826429729	-9957.40995644455
79000	-435.6334237974315	-428.19007570709545	-420.82020161009626	-408.1841441763893	-399.3699719351451	-377.82468620191486	-365.62900741276127	-355.48042876542	-350.4591392962042	-351.91327654748886	-345.35019980596763	-375.052930511824	-462.738720683252	-338.6122809359296	-1014.8172323239188	-5562.073707902003	-9157.153498654954
79000	-434.29896042910474	-425.9234394721325	-419.0285651692955	-406.8922405091421	-397.30242597663766	-375.52485687148913	-363.7831937119035	-353.38637059608476	-349.4062072247198	-349.2553067855366	-344.33373485640635	-376.15076125361924	-466.1218466734386	-334.16788373660194	-1074.022756141571	-5799.298858337765	-9431.180161368711
79000	-453.5605497679103	-445.296353473074	-438.1283811841202	-425.6665329518652	-416.4841153732485	-394.5474956188707	-383.32377861315297	-373.25337378178995	-369.47830160229546	-368.7622990742201	-366.3850244618753	-405.0296128412613	-499.18987992503327	-355.6251425183881	-1097.3306272378777	-6181.16141740529	-9916.499749345427
79000	-420.11512546297695	-411.6122667520634	-404.6738481895316	-392.38550401545945	-382.533173041733	-360.79712529814185	-349.6242490700656	-339.85501199940364	-337.3183444028377	-335.7471534204205	-334.2058838199192	-374.40362764547365	-480.07090692468853	-322.8569168264026	-994.618336751712	-6334.955526361919	-10266.66243787094
79000	-407.68286748933474	-398.61812894871355	-391.90825910659254	-379.18536726200637	-369.1417712991613	-348.0267006859986	-335.89156077909837	-325.1029184038842	-321.0234012536485	-322.1994547140289	-315.4015994329187	-342.6085927428145	-422.8864959357548	-307.4099115640637	-943.0816567664665	-5769.353361005462	-9425.03104924383
79000	-430.7449209871508	-421.94908104993607	-415.2395198956655	-402.8625421064545	-392.75264952981297	-371.71331143019347	-359.4241412968355	-348.85393940488353	-345.65786641715505	-345.1869037005302	-340.363451160296	-372.22032168784403	-460.39821139375454	-330.9867988065635	-1014.1038629783525	-5908.475199512696	-9644.449133202064
79000	-477.6821631412529	-468.99349194206803	-462.6363315985437	-450.9334438134558	-440.7846332085948	-418.530275716182	-407.9939791461141	-399.8588434308758	-398.2937588054067	-393.28550537270826	-397.46100923105274	-449.52276803200743	-569.7326058087242	-379.72959011516906	-1226.0934640688936	-6415.828082504182	-10302.106789153166
79000	-417.17821724657637	-408.47656020683417	-401.8712086444048	-389.66991744230825	-379.8353153778102	-357.7602665973661	-347.2426656612009	-336.45881373110166	-333.5966130986265	-332.73025209382627	-329.54774371204445	-368.9252303824125	-466.157040153707	-318.4926366083853	-1002.1882697764468	-5970.480653061793	-9828.454717162269
79000	-431.3894360115741	-422.13890287541045	-415.2127276985282	-402.94306610620856	-393.3131438757763	-371.20824841801596	-360.3087816366191	-350.51504911927617	-347.602783460567	-346.20317614098843	-343.79540600984194	-382.9830918683031	-485.1623730206689	-333.5319887263729	-1034.3682274570665	-6043.078042551572	-9892.986897110279
79000	-411.61933602687145	-403.4595034942523	-396.1926932381937	-384.13999625888914	-374.45981000517236	-352.36956747282494	-340.8181052459753	-329.8352510219466	-325.883546005236	-326.9572690160067	-320.3975853207871	-347.99840979931577	-429.0908150652265	-311.6625024680172	-967.9250426543276	-6001.579837271944	-9618.082026979988
79000	-462.95749038422	-454.4796243568928	-447.2933278642582	-435.7075111154966	-425.92760196440656	-404.428583775071	-393.04621108771096	-382.6897805590951	-379.5473088447524	-378.5935069256549	-374.9447044766434	-414.87443714819045	-517.6878581973501	-365.3633340547279	-1137.369595948918	-5951.410999699089	-9739.692829299307
79000	-413.84397126386193	-405.0583718613258	-397.78038644099234	-385.6238383668374	-375.89961361439606	-354.78825307797047	-341.8039292261976	-331.0254641375274	-327.4611589366056	-328.61609030811934	-321.2744522616289	-348.80446251883944	-427.64670411470183	-312.4614794253527	-958.148627774984	-5818.140319869786	-9537.869656935534
79000	-446.2868997786577	-437.327897915066	-429.9634995654192	-417.94757333303187	-408.7141326626546	-386.73987789849764	-376.04539194406937	-367.5254893152561	-364.8540007043231	-360.9873301474616	-365.49223919971416	-417.8682763644812	-525.0975038800505	-347.2511830064768	-1144.6984629952105	-6790.864395860117	-10807.699175543332
79000	-428.95669696048856	-419.00414006136464	-412.4949490261287	-401.5525542353587	-391.0101798736571	-369.71020298680304	-357.7142296012551	-347.8197523810359	-344.0937606922473	-343.64558964773624	-340.9720042894601	-375.88881727566985	-485.24508997008456	-333.0723165690849	-1022.7857493034888	-5870.430326435988	-9654.273826246219
79000	-414.37596818917496	-406.5740100023114	-398.9260747738493	-387.0539665715928	-378.27213530683053	-356.664407430626	-344.3978936079977	-335.00908452276536	-330.7971166186774	-330.37813270286955	-327.92375949929504	-364.42537214335385	-478.7532333260037	-321.98154725770274	-971.489746929325	-5989.655273667761	-9850.519645934442
79000	-408.51439924510294	-400.7284276937126	-393.4170570757064	-381.3256282456887	-371.78262598663036	-350.19381009009106	-337.9560533741277	-327.83089008831416	-323.14943053243513	-324.5969052230895	-318.76775186681135	-348.78147844072714	-427.9655158148177	-309.4683779177987	-958.0342719595498	-5920.311649332974	-9641.374335774237
79000	-435.40237772585346	-427.0544177295882	-420.89192764949	-407.79656480633275	-398.19727858150134	-376.71458656360375	-365.52469193913015	-355.4429570670275	-351.8222795581426	-350.7287310847668	-347.91887562183575	-384.41195789725236	-484.07609108956785	-336.0206569823968	-1063.9041835830826	-6061.297574353719	-9908.44703220031
79000	-415.1994569698151	-406.4016077398817	-398.8619177062274	-386.966332289471	-377.3708044641141	-355.6767914193859	-343.8512907818486	-333.9864202495707	-330.2196961332487	-330.42931316886836	-327.01824900648614	-362.43679575639237	-460.2682449090184	-315.4953851890868	-1012.1098174970148	-5896.897598924962	-9738.599630708251
79000	-421.45876587861665	-412.98745930617514	-406.5671219536085	-394.0797148045957	-383.82527625034396	-362.5646402036359	-350.66157680809624	-339.92334550131164	-336.816504478631	-336.4498625741455	-332.3371235509045	-365.92840971831515	-456.14612711910326	-324.2267179307932	-981.2687659403921	-6109.409343891467	-9846.561919215554
79000	-417.312437769917	-408.68239862768354	-400.98588400404384	-389.060296055427	-378.88523643912833	-357.7409204437595	-345.54020289649407	-334.78542149842156	-330.9145521784622	-331.44372810771404	-325.360037509684	-354.5762086049576	-435.38384033326827	-318.6231897919003	-967.9188547098868	-5743.202147193056	-9491.198106816959
79000	-469.988202841351	-462.7166849141887	-454.4624476120386	-442.7689747307917	-433.7849565144723	-411.923050856786	-400.34068501314084	-390.5772432608131	-387.6381219678331	-385.9590322025384	-383.445897404009	-421.874832022486	-537.4709635690169	-372.7506901504384	-1156.9742662806977	-5956.7281416675005	-9586.107374174706
79000	-436.38044192818137	-428.2208534329473	-420.7809459726363	-408.959911074292	-399.41744825291636	-377.19417299994853	-366.05824344995455	-355.5876078754136	-351.91588107965197	-351.5338406016125	-348.4786526062027	-383.70250773327905	-471.5936529187248	-338.59915369681823	-1024.9932027205841	-6154.424170767263	-9792.825990346273
79000	-468.278193195409	-460.75036402071356	-453.64160245987495	-441.0818921003912	-431.7956916641259	-410.1241352231666	-398.9457343315003	-389.5919958343008	-386.3473608295363	-384.5748511058141	-383.0449864258116	-425.1300713494827	-530.8408273841798	-378.05266087282746	-1157.3895972200944	-6446.205407002586	-10283.510794527914
79000	-425.9931191512985	-417.65968383573215	-410.62480313546206	-398.3380642681369	-388.0193017037743	-367.4993876220077	-354.7896638661311	-344.5300752293719	-340.1792100882156	-341.7854544645211	-333.00732490981557	-356.53134069223916	-437.8752122944459	-329.62465263557414	-931.5489189377454	-5650.61099328272	-9337.874770390943
79000	-420.8237867142086	-412.50951442719844	-405.6331839685782	-393.2537304039695	-383.5124078593946	-361.59864443078584	-349.7549827757893	-340.3079359419394	-336.99069259561185	-335.71338118899814	-332.6780766676503	-369.1708288685882	-458.699020034482	-321.95779372312313	-1005.8366465818671	-5990.605146426917	-9769.88113176399
79000	-402.10564488497636	-393.336519327356	-386.49880811285817	-373.4315087797297	-364.6344023356321	-343.26352570968095	-330.6105271671022	-318.79128251970747	-314.1420162382333	-317.5312079724926	-307.1969060914889	-326.11070491088003	-401.9461641640739	-304.27667272492954	-866.245986957094	-5296.159892031551	-8917.640438398943
79000	-431.337413309159	-423.6836069212818	-415.8756205838984	-404.35150536987396	-393.6250870965223	-373.4530602858207	-361.15712294318604	-350.898020206209	-345.4011651090665	-347.71640346240923	-341.6501305693465	-372.50585745506635	-473.733593336422	-334.2466778420404	-987.5874435174409	-5971.489153449379	-9726.101611284577
79000	-420.8593158711344	-412.27180234867797	-405.43966126922686	-392.38423259950014	-383.3601532949672	-362.0330640519821	-350.62519454824655	-339.93968592060304	-336.62672884205216	-336.54427469221986	-332.8067587394419	-369.51298138627004	-461.71328756529823	-323.13423799745607	-1003.9995405382226	-6003.461825589271	-9764.436428827072
79000	-432.0876936097763	-423.3233205077296	-415.970887029611	-404.3187849381503	-394.7921594836859	-373.146175604596	-362.00748276535955	-351.9547400159835	-348.91666978571556	-347.4896751881146	-344.50921754622925	-381.15204630970607	-482.48573197822105	-335.02363493161596	-1058.4617017129817	-6140.000501637	-9985.372966051253
79000	-420.3582796997942	-411.8984587528038	-405.06456795854825	-392.84855831147206	-382.94656257514964	-361.80751276256495	-349.9358170065504	-339.7743817931899	-336.3215558999516	-336.1891112535925	-333.37831597023694	-370.9074503055199	-467.45206946817467	-322.75593048845764	-1030.2094680493824	-6001.610037078249	-9880.168902937527
79000	-426.67616970902975	-418.3999996907857	-411.59091400187975	-399.40127607041234	-389.64006648216355	-368.4463169631365	-356.19241236487454	-347.01556701610883	-343.75476185491	-341.6228354577663	-340.63713151999144	-379.1537681180197	-473.98369633673906	-327.50826317100797	-1060.5488234503337	-6217.961268154204	-10154.022528647414
79000	-466.9944174215375	-458.67881588255403	-451.29932312791817	-439.6589260791302	-429.6528418789779	-407.91402676511933	-397.0984480270853	-387.33399785314407	-383.85287106547986	-383.16415289296134	-381.55689893163543	-425.1458481680141	-540.9463504018993	-380.5149265303168	-1139.6489938332445	-6076.931581811354	-9833.66483109054
79000	-469.0740712221982	-461.40228645926857	-454.97978767410217	-442.46248870989325	-432.9509626112735	-410.82912689885734	-399.49712077648013	-389.88819255484225	-387.22901167837216	-385.3456545003731	-383.23748083917667	-424.452897326909	-524.0610471672132	-368.77236924229203	-1217.555398729979	-6205.4821023634395	-9948.277872029494
79000	-457.9362400299383	-450.42977088684626	-443.25229606981947	-432.08368050154616	-421.63924281021826	-400.7159340027193	-389.120535215919	-380.0674750098796	-377.9736380455958	-374.9648938881027	-376.6362627689788	-425.6340957178515	-536.7733147614018	-360.230898801637	-1157.6618410127878	-6488.08040293555	-10327.096840023023
79000	-434.7793143584146	-425.51814947101104	-418.62412658886234	-406.9218190483141	-396.47971394890527	-374.8122920051253	-363.5554499139351	-353.52810145041497	-349.46120340827366	-349.14859363284154	-345.5856210680957	-382.38553693490474	-476.9545615707025	-333.9355760144642	-1085.9894027421265	-5933.261194140873	-9700.65001762187
79000	-444.1260131171943	-435.18044879469767	-427.74699851167003	-416.07540250108025	-407.34311462342873	-385.43613001031855	-372.8184978679178	-363.95338784880414	-360.7250454159321	-360.3786258968589	-356.0540367309473	-393.364147515363	-501.4739849107819	-347.5398322599662	-1053.2906674070211	-5819.829429873823	-9525.313507349205
79000	-435.4366295244052	-427.43955188834764	-419.72389894653	-407.7967525878771	-398.5434201607325	-377.17650601431654	-364.8321538360381	-354.56944178984133	-351.0332561659331	-350.45318223456854	-346.6766135201482	-381.9433856604912	-468.1412559619065	-335.86912824263976	-1066.4158336548037	-5797.137589473964	-9638.167591090043
79000	-459.6071656817917	-451.1945938737512	-443.99117635718216	-431.68690479076156	-422.2781895244018	-401.0861340209526	-389.46098642457616	-380.74076316472605	-377.6731752581973	-375.92911612795007	-376.0149845286927	-422.050038231198	-534.9209433893212	-360.43883981701686	-1184.565496842119	-6191.681224237776	-9962.050220012885
79000	-419.3942197197026	-410.3577518779866	-403.63432411266996	-390.7792510107289	-381.698879660751	-359.99767629180036	-348.71704261263915	-338.7570846990576	-334.7098797947759	-334.97801270817575	-330.41598850633864	-365.00110226351796	-461.37710227727337	-323.1532105778975	-960.8236293687113	-5714.477296302098	-9431.16955994101
79000	-465.9268934033234	-458.60668134390363	-451.0292976933259	-439.37305595700195	-429.4380748530945	-408.59800138253263	-396.5062379869828	-386.32218192557144	-382.63912591785765	-382.06210388366594	-378.25702138001	-412.1193512364736	-506.1433546038918	-366.7939722612848	-1160.1249628074645	-6020.811160158931	-9635.234629354829
79000	-411.46938996956493	-401.8501154804652	-394.6932433221006	-382.4943128826816	-372.8721419337716	-351.39286626489684	-340.20350748271653	-329.6705372890999	-325.8072888280568	-325.65017542896385	-320.6982855594415	-352.6607982104691	-443.31456506819603	-312.22924662800017	-962.0346216464159	-5910.994393001467	-9598.520133807053
79000	-457.7290941084525	-449.5849454010576	-442.26923757168566	-430.49483178728474	-421.28501789529923	-399.34266811734614	-387.305794137285	-377.8162242766928	-374.5734650678168	-372.67647846955526	-371.48163451270256	-409.7754164311425	-517.0139376678682	-359.37628255328764	-1120.7947893913367	-6127.932404324523	-9765.905998079426
79000	-406.12571441827635	-397.0681507504135	-390.06862009534535	-378.6176379454604	-369.0139757755484	-347.3638794017085	-335.24682022004805	-325.58033407886904	-321.65607479487386	-321.46185070624955	-318.0128567050142	-351.9364200490764	-436.21140174316133	-308.9415388181289	-974.8825085461929	-5958.949731000678	-9697.507308757233
79000	-433.3087814135562	-424.6352247638227	-417.18497759154474	-405.30820477252223	-395.466013207145	-373.96372125483856	-361.72119419389554	-351.5482659305933	-347.36288277910944	-347.8955843938488	-342.5939100653644	-372.08963801029074	-456.8702990767408	-333.7052478777766	-1014.0558100315674	-5783.860824316506	-9506.507631948978
79000	-447.57923305255497	-438.7270667860866	-431.4777060844818	-419.1253054648291	-408.9936428926585	-387.98668132096384	-375.63861437749165	-365.95910208098167	-360.7679113382611	-362.2102887101003	-355.08871993589185	-383.3414319113586	-477.6728172621061	-351.25648148544354	-1058.902930904055	-5623.576265684557	-9163.394926864334
79000	-447.96550111601016	-438.7592566272401	-431.64724848211205	-420.17280685613457	-410.2258212452182	-388.56900300202807	-377.30370115143154	-368.15890755804725	-363.89693143121497	-363.5036876491636	-358.92826953421076	-396.7357544011299	-501.8164512553387	-350.77469960554924	-1088.2725212160453	-5950.543928732314	-9741.935910606886
79000	-431.697604512286	-423.3418438928143	-415.8437948988778	-403.8559443774867	-393.590411114186	-372.5046794332006	-360.72983628321504	-349.82420509118043	-345.2895690147136	-346.44301011871585	-340.4051445749403	-368.1926512713257	-450.28780436131035	-330.7904185945536	-1022.7923911577167	-5767.747315343664	-9428.160135925371
79000	-412.8732715802688	-403.3794437002987	-397.8015365299087	-385.60073329244017	-375.4682819224685	-354.0538803682995	-342.4620409572985	-332.1271654855948	-328.1862812956857	-329.0665862982247	-323.2719730179628	-356.47726112530705	-445.243988159955	-315.5107452739759	-948.6154210347703	-5789.432034357809	-9448.381145883428
79000	-464.5318743461031	-455.7444001285175	-448.5158637302915	-436.63231018623674	-426.62555735665376	-405.1028229687423	-393.60080553119076	-383.5922212990481	-380.550617203758	-379.42347861301863	-375.4770232231359	-412.61377073810473	-514.3110924071697	-373.8377226675955	-1156.9927332944662	-6179.7250760333	-9781.922590198577
79000	-408.07202251727193	-399.6673670060289	-392.2694841229882	-380.5933272903071	-370.6162317032583	-349.7966408399341	-336.9055418935491	-326.08274655563815	-321.1956260581109	-323.27343228010193	-315.4286828877904	-338.7336803542554	-413.961242468829	-309.96792596773685	-902.6681640768613	-5676.875476631693	-9289.283298278238
79000	-404.14271969615993	-396.6289101923253	-388.6139175552118	-377.3535718828649	-367.18636576788504	-345.56935185697864	-333.58431196373544	-323.0345640073435	-319.31687700538697	-319.6117204739708	-314.69813088805216	-347.28120541993485	-434.52399640495565	-305.8386330491222	-951.5686653553371	-5927.209420583718	-9685.645520034132
79000	-393.81859572193724	-385.589221963929	-377.94891819104504	-366.05097687184514	-356.6693316037045	-334.5618886453021	-322.95478420396375	-311.7277118851185	-306.597283449258	-308.45675710816334	-301.1376553079624	-327.1214270320919	-401.3471285690124	-293.0013969561366	-929.8537811452793	-5733.102596802597	-9436.85808576662
79000	-426.72234614378095	-417.880696806963	-411.1162328970242	-398.87964217202307	-389.291655745129	-367.31834095254936	-355.5383074181041	-345.26746975802155	-342.3220187510865	-341.21031558828565	-336.8642330906376	-370.35870847425	-468.98357670034125	-328.22024389636147	-1029.3203110720915	-5837.727379359005	-9584.187808086544
79000	-437.547771998786	-428.7377710781839	-421.5104096983118	-408.96258091837626	-398.99218333805476	-377.9234009079968	-366.42152055820844	-356.12976346351286	-351.69967435187834	-352.5115555391416	-346.6972583053268	-376.50165897575874	-464.6854673082389	-339.9311218962447	-1008.4709363512112	-5800.738800107183	-9389.343108815798
79000	-498.58571356877025	-489.76618823988474	-483.2589029654176	-470.52048362332334	-461.0097686390217	-439.49878606553443	-428.60122795444914	-420.4361146903049	-417.8029244214714	-414.8962012923532	-417.50561323850667	-470.07447562786956	-590.5547748702634	-399.34760653926634	-1282.538309312374	-6500.181198020847	-10236.98931466795
79000	-414.8349544129402	-406.05088753176165	-399.2399386465706	-387.90683780173447	-377.43616556580815	-355.9306124633854	-343.596806208265	-331.8147552285713	-327.71999279184524	-329.67165560986865	-321.0275938365662	-345.9958545473913	-434.3839764485933	-315.7473352126858	-933.1736002881423	-5382.286757559455	-8955.53100226002
79000	-451.43443567854143	-442.99875979738744	-436.00242405348587	-423.86945506702375	-414.5215967223603	-393.10936255811515	-381.5053041258271	-372.3990584931322	-369.3301357916341	-367.72029521199823	-367.45722675255723	-413.14307183225844	-518.7090083131254	-353.0161482995075	-1128.3321538327978	-6238.188710316995	-10185.527073402984
79000	-412.1429355558261	-403.8501106377018	-396.52136529223816	-384.7718906669337	-374.7077574402082	-353.5544800225073	-341.3392349062444	-330.80203009882365	-326.36819092613916	-327.9456140267855	-319.0937739747814	-342.9467786471888	-429.78176619131216	-315.39779757031414	-899.5753686564591	-5686.764965994446	-9413.825787718262
79000	-456.24424963558806	-447.2038815342544	-440.7116745230641	-427.8622637461964	-417.7405775222891	-396.6543175052938	-384.4782236934845	-374.8701996126214	-370.6142086607399	-371.0963020573734	-365.56651757453926	-398.6530822154185	-496.6509920581375	-356.89321691024827	-1085.5848014024436	-5703.494247761467	-9390.676157758382
79000	-465.14707974127316	-457.663279760094	-449.3624786675935	-437.8776133151538	-428.07773317549845	-405.8865498287232	-395.07284018449235	-385.88289841954753	-382.47165280325333	-380.1999403548214	-380.4233086158231	-423.39016309993417	-525.550556098857	-365.0880763832238	-1181.9128931984758	-6296.111063460665	-10104.055803931322
79000	-427.28106383443	-419.54406900948806	-412.5986385867364	-401.0719969032011	-390.9738088744433	-368.8112614262867	-357.33618314729216	-347.7135491719368	-344.4938144628058	-343.85543609705263	-341.5152349275553	-379.9795488263556	-483.1100838539864	-332.2122254284058	-1010.7414565908718	-6268.2142203071435	-9926.427325614659
79000	-424.1104850274758	-415.7340716437332	-408.8010583971579	-396.20078588662	-387.24448375171426	-364.97814544719375	-353.66252209821994	-343.5129502870155	-339.2113894489074	-339.6142179428155	-334.896062397868	-369.37089750782076	-463.1592101517306	-325.00927420045326	-1050.315388651926	-5904.301810762484	-9657.378598525947
79000	-469.47265516890167	-461.0678302161621	-453.178973863783	-441.3981658488117	-431.79055211876425	-410.5629604524387	-399.9877066197761	-390.59255968402994	-387.07811089841977	-384.92905931749266	-386.32873900263127	-431.1795113298134	-543.1211058476944	-370.10814175829563	-1171.698678144773	-6379.561918183183	-10211.460867845159
79000	-445.3969604467017	-437.12902681154566	-429.8930392418044	-417.61317755142477	-408.6142236289415	-385.9660828602231	-374.86306365216353	-365.1001105577432	-361.8625204125523	-360.1057832673721	-357.9550385823395	-394.3944554527104	-492.6991011031503	-346.32505081984505	-1082.3346387161341	-6268.593524395095	-9965.190883721107
79000	-447.4950943102091	-439.17067276329846	-431.58848472566905	-419.73735732682496	-410.3695380852082	-388.60512426551765	-376.90198643296225	-367.0073189772744	-364.40792871658397	-363.22797759364096	-359.8774450488787	-397.5393947386182	-496.43234027372495	-349.0429467007329	-1095.5766207222944	-5990.333076826396	-9681.138686574719
79000	-421.06359823816746	-412.5602999672941	-405.4670145115593	-392.58224201724613	-383.59882056821186	-361.7467162642652	-349.7120659895705	-339.7690117769448	-335.933136506254	-336.5172645384201	-331.34444299235327	-361.46873247983814	-446.2032141027341	-321.13284889230357	-981.0799510788462	-5857.6385815812655	-9580.903226211032
79000	-405.89008714201424	-397.3601683558847	-389.8641517833726	-378.1562465393964	-367.7940793714289	-347.1749086638676	-334.88051303058535	-325.25167091480984	-321.1195546322536	-321.2979615739594	-317.53213592756737	-353.2320664252344	-455.3131111453211	-309.18836680947635	-932.9721448458143	-5930.257930989056	-9754.79303855393
79000	-423.6401439806403	-415.29335223580745	-407.41662042220065	-395.66997474526715	-386.20251703509433	-364.0830377555683	-352.5478885771502	-343.2185195243029	-339.42937029659214	-338.099963414058	-336.18125386013867	-373.430946570819	-462.49084798227307	-324.7444647423301	-1030.936417162382	-6028.8444276309165	-9854.178431399363
79000	-412.6534896493076	-404.4151172231976	-396.5601830496793	-384.53638887733166	-374.98570305163366	-353.21092569367727	-340.9625527736335	-329.4978456526489	-324.50716798822265	-328.3250940283733	-316.8029444004582	-335.3238270138275	-409.55115400432425	-312.4707355433143	-926.9542688259979	-5350.428479641567	-8893.629230835108
79000	-431.9850187071682	-423.4138263215917	-416.177889137935	-404.02426541148554	-394.6985776233388	-372.6947846323127	-360.8651309529126	-350.46572127520926	-346.3426337321146	-347.06023454413395	-341.7257179847172	-373.94001051648206	-468.244907451528	-333.3922566595003	-1024.0202070939781	-5726.715952134799	-9462.304690879795
79000	-486.53420046721413	-477.95640079573343	-471.5456592487482	-459.72281796844607	-449.5066011340132	-428.19087014600973	-416.7555736655571	-406.75224542837265	-403.9620973171709	-402.1450456039941	-400.40309452549303	-441.4000547211067	-550.934870739788	-387.3271735264967	-1214.5653909979312	-6312.451412274272	-9985.179141292709
79000	-429.62736294133657	-421.24893471083374	-413.57895628981356	-401.90454590671925	-391.44958872845115	-370.4114261099152	-358.77645501381534	-348.35437774097903	-344.6335961749028	-344.11098021766736	-340.82217204761554	-375.2277197770697	-470.4687207657985	-329.2759990502295	-1051.9457683316998	-6123.432055738528	-9780.251162632007
79000	-451.1049851790975	-442.7458194699416	-436.25250938435903	-424.1402964184516	-414.4514028692199	-392.5038850602012	-380.9502123461836	-371.4235056998687	-368.29918331090204	-367.1606840752739	-364.355636335017	-403.4169899902026	-507.9470720606183	-354.0334446067754	-1104.0271152041564	-5947.615880833978	-9713.515038957315
79000	-435.45333709680534	-427.22127318749745	-420.7742848872021	-408.5817486582142	-398.0622472071334	-376.3349325881862	-366.0513640462506	-355.4646217464038	-352.0206616184304	-350.7571822973701	-348.34562114225497	-384.1209628138357	-491.2141506890188	-340.9263302683103	-1034.8601974025396	-5909.074384359346	-9546.28114815493
79000	-380.95842242902705	-372.4349622156882	-365.530614694437	-352.6299274570181	-343.2268021498189	-321.95990612210556	-309.3679231809919	-298.06920667948447	-294.0048866571964	-295.59566012498595	-288.58833911470543	-312.30890064711133	-388.52572300396395	-281.48820678502733	-842.5240174426117	-5643.154873604293	-9415.544253549355
79000	-409.02032953699745	-400.8253897697909	-393.10962501603746	-381.15537724481044	-371.46212050688894	-349.6986294452995	-337.38740970526396	-327.25460068376884	-322.7067404332273	-323.81368890033735	-316.82601661703796	-344.3815596677475	-421.1441578648132	-309.07663156232354	-937.7824218603272	-5777.622612876609	-9460.77310184848
79000	-421.62800448563956	-413.3218149965613	-406.15628138030087	-393.88089997709096	-384.16473643036926	-362.3421311345733	-350.76564527929804	-339.7957000163814	-336.372796602464	-336.30071894380677	-331.7129237323517	-364.706509906232	-448.25352312865346	-321.7404480828624	-1022.8706022265214	-6167.31808470378	-9944.580930829261
79000	-430.14920781302607	-421.59405089567764	-414.7850002310292	-402.3265265276036	-392.4292733248359	-371.024765898176	-359.6146879369179	-349.0288075814858	-345.43231162736777	-345.55112870892214	-341.6793397582308	-374.7514827394916	-471.2878444953821	-332.36213269158395	-1015.019447215525	-5894.907533349708	-9437.436463815266
79000	-437.2864304782409	-429.7912965034575	-421.83665238277166	-409.9544165145693	-399.82134407218723	-377.82963161089924	-366.09805911145037	-356.9032148017898	-354.64572933909807	-352.46631315318024	-351.10291998577935	-389.7246198057538	-485.3085917228913	-337.9822627012249	-1050.032857237075	-6352.371444937284	-10074.011731099961
79000	-442.6955094114174	-433.5506247651354	-427.0084572928543	-414.6841925442012	-405.08888206066564	-384.1839399985877	-372.06275657436237	-361.1668278200611	-356.9977565206234	-358.2360314729593	-350.85328922993244	-380.7829225140235	-475.33965313995037	-343.1338013380823	-1049.30468197821	-5844.45166980096	-9384.922954752095
79000	-456.8075830099065	-448.72848592239654	-441.79815827043416	-429.25771906044406	-419.58105026895873	-397.6414528640622	-386.5369119561359	-376.2014504380594	-372.8559426325128	-372.0562113780927	-367.80635770371345	-402.84860192972855	-505.29937097823296	-358.8634734995979	-1096.4645012646204	-5817.411355208826	-9452.07191551907
79000	-443.8968245041729	-435.74956323918457	-428.11747952781917	-416.303017132382	-406.71898579053527	-385.91145465061317	-373.4501329562772	-364.0239344397431	-360.6677359747735	-359.2867910045605	-357.1143381455513	-395.090174897862	-495.8402980303349	-345.21451907707666	-1079.5428980519982	-5881.215145828428	-9536.338924347336
79000	-413.99317946247754	-405.59306125959836	-398.5940791464819	-386.3129107793419	-376.54461352097934	-355.33343930365794	-342.3331064223994	-331.9768147288005	-327.21037680208485	-328.71232107434145	-321.5660571115288	-347.32269090630507	-434.79919964089373	-314.04467265139556	-979.4773611789528	-5651.767783851401	-9297.383720754042
79000	-429.4861679296494	-421.2674995818018	-413.7024033666383	-401.579953717457	-392.2223288612091	-370.1925233763644	-358.1296181498593	-348.4678118775695	-344.2881747044144	-344.0771212911436	-339.98556365754536	-370.893743866814	-462.8778427520161	-330.7136577052994	-1031.8661063260545	-5841.462843018126	-9572.428471451898
79000	-416.47074310684997	-407.8091274690159	-400.91497813566986	-388.81831748280786	-378.2328073742221	-357.547696177911	-345.19969362331267	-333.7545535642368	-329.2650456860363	-331.1347406704087	-322.44974586776965	-345.0920345640638	-419.9604438299043	-316.0652692647944	-907.4842072745059	-5576.519139293952	-9097.658041209375
79000	-439.6206998549638	-431.34579530937526	-424.82442548538467	-412.13859019368635	-402.449005918965	-381.083433531934	-369.7327154756759	-359.53125225631885	-355.26032558771743	-356.67103669079523	-350.4239849363426	-383.7332558683602	-482.0243911531792	-343.7040133582604	-1047.1879330652034	-5827.3617419285065	-9513.265504515985
79000	-451.3601647984388	-442.6590525004077	-435.77722043102045	-424.12206996819987	-414.2046592590582	-392.46234569337093	-380.48541094920404	-370.91706519641696	-368.2082357251067	-366.7245260737753	-364.1073072679516	-401.60590659761647	-498.99398774418285	-352.8501553406344	-1106.9339135226098	-6055.869231060547	-9804.257150927402
79000	-429.9972908284419	-422.36479508616634	-415.01192371369626	-403.2530706701542	-392.8589159151008	-371.8005778295315	-359.91800530720593	-349.5409678058003	-344.97439800075034	-345.7463689261668	-339.98207540778276	-369.5798851462877	-458.3913616262101	-331.04772508303773	-999.2656833992478	-5779.878904102492	-9466.353841273338
79000	-407.5458102899704	-399.23697038151346	-391.66553425678325	-379.35031553135855	-370.03700563821127	-348.3569697028265	-336.2557513029236	-326.1235336056483	-322.4240526301944	-322.25617608685883	-317.8222219210051	-350.14902278833836	-429.99389810773334	-307.06395936482056	-958.7109934888268	-5905.598656406808	-9689.284204943753
79000	-411.71970517610197	-403.82189348999356	-396.2509121568027	-383.9886667617279	-374.43324562805134	-352.37553352358714	-340.3268672675067	-328.9187901965384	-324.85234481130607	-326.99572472957414	-319.23588225135114	-343.22427066551234	-421.8482390572837	-312.8562687916108	-947.3385894468672	-5779.816426103523	-9504.257886945747
79000	-400.3045239744199	-391.5621204276077	-384.409494561179	-372.51793620379294	-362.23930920918536	-340.6005932988774	-328.2838236877787	-316.83747019627367	-312.6225739278892	-314.4222991662986	-306.2732902641894	-329.6755854098932	-401.62791294438523	-299.9234113102244	-893.9167244355795	-5709.8899721327425	-9349.60153437665
79000	-406.8911716166314	-398.6189102415231	-391.3901002308208	-378.98925624485014	-369.37633449357094	-347.5499605086155	-335.47558171430063	-324.2505360418357	-320.11791818483607	-321.3791576022192	-313.460919508647	-337.4161303904697	-414.41627184344605	-316.10931937959145	-926.8846185679821	-5521.718040140834	-9139.7404196133
79000	-436.4518965540907	-428.1447557972589	-421.5376226393178	-408.9285809412604	-399.3287466933513	-378.01977445311604	-366.8551723036405	-356.18848684171587	-352.76968825937496	-352.3234232679245	-348.49473125967233	-385.8081140596283	-480.9441267143105	-339.80539047737153	-1046.5611483321838	-6044.6723969185605	-9756.339040689842
79000	-450.2074739257517	-441.80276318577256	-434.9079622208646	-424.27514981209686	-414.25294503436044	-391.5666765060658	-381.46571736566693	-371.57246621905165	-370.25894476910656	-366.14573005991446	-368.12820105707505	-415.9643825892961	-521.8273833803881	-356.5028501697793	-1124.1272730716598	-6505.638420819807	-10365.12475441258
79000	-455.23014061744595	-446.0545147132586	-439.5598182691628	-427.5526670139427	-418.52448740018923	-395.56062759398174	-384.24779681170753	-374.7503895302043	-370.3330168230804	-370.66463722341035	-367.26827635940737	-402.76301033587447	-501.7119593765156	-357.7616824626275	-1079.165516024086	-6056.536780049535	-9782.281321817669
79000	-394.7672427354246	-386.14366087758646	-378.5297485723275	-365.82320231351775	-357.1079916980455	-335.5010128892565	-323.1009717405986	-312.6871739335679	-308.39571014282177	-308.95546106154546	-302.31408079182955	-328.86083194071415	-411.4517605089189	-296.8928678074092	-886.0176941547287	-5629.625583803566	-9327.326846959644
79000	-417.5182831277468	-409.31095859927063	-402.29514680880555	-389.9975516948741	-380.4016674317713	-358.8216226702107	-347.4720901963812	-337.6676416432209	-333.3943133748751	-332.5524526983858	-329.5185339507278	-366.31812183303856	-458.8601259883339	-320.9419472006757	-1004.8140790540439	-5963.955226095129	-9680.743305551498
79000	-463.67924795210615	-454.89010179608476	-447.73230334553506	-435.81823708652075	-426.1398207757221	-404.7642933736404	-393.27731481206484	-384.7590122324139	-380.59874307039786	-379.1886352286526	-379.549752769797	-425.95370083870574	-540.7396322144358	-365.14789686004497	-1188.0665760119853	-6341.481431556497	-10188.325716805284
79000	-455.3567220013634	-446.87791029874984	-439.396614077117	-427.88767562612315	-417.81236471211344	-396.05421384912296	-384.83518805054337	-375.59547068097464	-372.01810575350464	-370.84585021300614	-369.39667878826793	-411.9906257120558	-511.96866189761374	-354.9942481262128	-1146.3664682781314	-6379.297257359366	-10178.933806638739
79000	-446.51430862449354	-437.61342178695236	-430.8557491841722	-418.4133491083853	-408.6788962019674	-387.37426835354506	-375.62961154153845	-364.65222402574585	-360.59673908427766	-361.49087497730426	-355.871840310801	-385.46466892058737	-474.5399084120569	-346.86053025920984	-1026.2771286341028	-5743.951252346162	-9216.958231670538
79000	-441.1718829419538	-432.25001086472787	-425.28543480577474	-413.9996597202047	-404.26460495622825	-382.16872101156446	-370.6072441547001	-361.12133319918354	-357.94723133382774	-356.47504530882094	-354.46754665907815	-394.0275509225367	-493.2761504984721	-344.2052890118009	-1077.997648733843	-6229.738514926403	-10112.400366778125
79000	-452.7480669442938	-443.60700774685347	-436.9918186523482	-425.4459240420847	-415.704573310724	-394.09805219260886	-382.8161822747734	-372.41192050748117	-369.4225465494167	-369.40964385823327	-363.82611667647245	-401.2817188967261	-499.59258504436565	-356.40684678043965	-1092.1727847313086	-5861.815982165244	-9579.136961577433
79000	-458.0363647686759	-450.3069191413038	-442.99938038036413	-431.72335849040724	-421.75176685263375	-400.5570719286691	-388.8389879809583	-379.7175136924853	-375.8959302158528	-374.3912259085823	-374.2335463817473	-418.52985117460014	-535.226739437337	-363.3662044657913	-1127.3156916124956	-6163.556624035841	-9923.988428977067
79000	-494.6187822980789	-486.11293711669475	-478.14667374322204	-467.28534896531846	-456.9813733699299	-435.1078664540804	-424.0341260986732	-415.7617486529343	-413.1906450205636	-409.7697377142228	-411.02948381515904	-459.7720819753974	-575.0149063585907	-396.63268245332665	-1229.2305659182132	-6541.412133444964	-10259.055809570244
79000	-463.5043528474517	-453.80244373827605	-446.94157596449276	-435.18047358685646	-425.47925217834086	-404.04555876460364	-392.4543512929515	-383.79289872138236	-379.20971922887907	-378.3553556719892	-376.74218710448196	-418.5781000083809	-520.0263161009841	-363.140390315279	-1172.3194659421158	-6031.630306892767	-9789.073196851625
79000	-444.0260828573969	-435.2344304772955	-428.61454805870693	-416.76108783900384	-406.5355406374843	-385.2324713736181	-374.06161267085156	-363.6906580430867	-359.97717742453233	-359.6745992481426	-355.52750938194856	-390.2197270821207	-487.44641848519467	-345.91624095662445	-1053.240316736608	-5956.418828112069	-9664.058410361582
79000	-449.3276557588308	-441.05008165105517	-434.74374007177227	-422.4284294927926	-412.58356679509	-391.71788913582543	-379.68923408147356	-369.41301609009554	-366.17227936494174	-365.8594297201519	-361.87322214334597	-395.32031000447387	-505.5044383805788	-352.4583130163535	-1058.7830282148914	-5893.908301866734	-9614.06482074267
79000	-424.1266702818213	-415.89420089710404	-409.0371879011721	-396.12377603428786	-387.0399728103156	-365.75217125059373	-353.57072006171416	-343.88240086323265	-338.7866254437841	-339.721108978924	-333.9201972114974	-364.4772041193589	-458.443930652132	-329.98294338136077	-996.48040548091	-5639.715487675996	-9344.870046742126
79000	-449.0533607969653	-440.146777409431	-433.4776919846734	-421.91466450795247	-412.1156493727275	-390.1648376666471	-379.3970237004368	-369.037761131232	-366.72027644409445	-364.02202188735725	-363.2691685904269	-404.0401559687563	-515.2369458095625	-351.1981820344672	-1142.633741053299	-6135.492874407192	-9887.695068896666
79000	-432.77651218519804	-424.99414566631833	-416.16703202086086	-405.2675216608694	-395.9321756546214	-373.90824376549745	-362.5489593763038	-352.9537654375	-349.821246090526	-349.21872385191574	-346.67287459020326	-385.27112787933567	-489.3686792163705	-334.9224112828281	-1051.3333924541746	-6076.715365562918	-9969.505625700469
79000	-449.47889764496637	-440.83588678740233	-433.5747032091912	-422.03066208420296	-412.69963193319506	-391.34664020431273	-379.5085776782604	-371.14664110954345	-368.36334551439955	-364.84038850510274	-366.6415249363068	-411.34984511620166	-528.2509356427497	-353.1638448491372	-1115.3802778515146	-6224.926736428193	-10181.322334512372
79000	-416.48961104706626	-407.9230449088492	-400.8459701384032	-389.23318711618583	-378.8327574286551	-356.84237729499876	-345.56861790022003	-335.7281125905265	-332.21885595550077	-331.42709715741694	-330.578238830631	-371.8718120949453	-469.635638984029	-316.66108270205564	-1023.7516114264996	-6187.196831552875	-10150.775371267247
79000	-446.9157252820154	-438.6351011672512	-431.36208168389163	-419.80309854116024	-410.58491041781565	-388.523768612655	-376.6900805224922	-366.2631736815433	-362.724105621738	-362.9046788091041	-359.50099569412106	-397.22841510299617	-491.72917468811437	-349.09406864165356	-1098.84347891972	-5942.9733524069525	-9713.208532505609
79000	-404.79428429656747	-395.8040507536211	-388.79670928873924	-376.5190605787765	-366.75609886622044	-345.8956276737845	-333.4489761592767	-323.5442468812707	-321.18784594925546	-319.8637569841532	-317.73756606660584	-354.1580581391167	-444.1372473542457	-305.54379946641944	-974.1940768921528	-6148.429329190694	-9997.625326112837
79000	-432.0030018522656	-422.7800605829597	-415.63234193024556	-403.92902320040344	-394.29697212634255	-372.2284525850077	-361.3249843005891	-351.0136551371878	-346.66818388907393	-346.8264350079765	-343.10406145826425	-377.6065928819073	-469.706390553432	-330.5228583486335	-1075.4260591491093	-6032.315333065875	-9803.592857408396
79000	-435.69608807979404	-426.4164540774564	-419.27882999231775	-407.8051405595063	-397.07788730726327	-376.04481509129494	-364.38749980794614	-353.43122018584717	-350.307739618541	-350.4887529434357	-344.591299992752	-376.38306898532755	-459.3355387662252	-335.2760722857866	-1020.4474642299859	-5672.560734251246	-9333.75046606576
79000	-438.6566039537037	-429.716924178999	-422.88772024565986	-411.50298109414985	-401.44215013056225	-380.1562457309138	-367.867070125298	-358.8895329012604	-354.33200051243074	-354.32921502556627	-351.1726314880275	-386.50248037244074	-476.1254498936127	-338.2741726846396	-1083.1983021417102	-5962.9372429778705	-9818.877063718957
79000	-410.8880823535228	-402.71054513749016	-395.0745118031919	-383.2617551413364	-373.45929858562204	-351.548738840792	-339.92446315908387	-330.4814390749431	-326.7980960006031	-325.87145025404425	-322.91467449959583	-357.4806298719099	-442.20123873632457	-311.2106254220041	-982.132614599388	-6114.309399009261	-9885.57840980801
79000	-414.55597192462056	-406.09747306249545	-399.6570975289247	-386.9952477019864	-377.55765441980105	-355.99221599913824	-344.2524433275364	-334.57671676674335	-330.65024327371236	-329.652878624711	-326.2633641905415	-360.38247162698264	-461.8383669079292	-316.97284415543527	-1004.9765283399265	-5851.078159906173	-9675.401441186044
79000	-444.40780433501584	-435.09454547190614	-428.6314991989561	-416.44824786472975	-406.7342836916814	-385.2520594590279	-374.4643931780031	-364.9970407975159	-362.1481735875978	-359.71796789881853	-361.4259682247247	-406.60603273497196	-510.4779527191469	-343.9409655981289	-1150.5638775684395	-6612.542971788346	-10513.785631946661
79000	-443.33750414553276	-435.10522399999337	-427.7014757815544	-416.15385220594555	-405.34226389555874	-384.2653082944238	-372.56088754199425	-362.66438532757866	-358.5148887298448	-358.3008450541458	-355.007830487927	-392.0297707161123	-485.12037183743286	-342.6903360437665	-1078.0188484034875	-6188.39937892707	-9964.302784655256
79000	-452.76936253161483	-444.54723987426354	-437.208608029313	-425.6614783445225	-414.50876247388845	-393.32961094214505	-383.13123894708394	-372.7277754422218	-368.8501125557774	-368.61441975797896	-365.3583617075805	-400.7832936215716	-507.0545328321719	-355.5468000336126	-1108.200822494779	-6005.550691048625	-9737.865631646411
79000	-411.8824287047421	-402.2755378262329	-395.33775554046423	-384.0880252490383	-374.0677155341723	-352.26104717024475	-340.7744072368411	-330.01635352863354	-325.81943646896934	-326.9265544622998	-320.48719886828184	-350.30545975590746	-433.88053132378803	-313.22646454637487	-930.527036817174	-5642.042324841611	-9338.980233426537
79000	-417.9232120926268	-409.07832259376306	-402.1460393825956	-389.50020039902745	-380.52742983782537	-358.5686507872303	-346.14398660681525	-335.61702816852863	-331.8443468291143	-332.91093897072994	-325.38769626297784	-353.6185781376787	-433.9938727749633	-317.44853342778043	-986.2339603158038	-5755.948552349338	-9455.17741487806
79000	-457.3710707871856	-448.7415656053021	-440.98394342985256	-429.6805832624683	-420.06075200814075	-398.37049064557306	-387.11757012546116	-376.7925530825631	-372.7746844311387	-373.0379874693383	-369.5793347048068	-403.74801375475374	-498.49802203722305	-357.412537200531	-1110.5997154776476	-6169.90336559817	-9811.314159010977
79000	-422.03564425914425	-413.7036234253966	-406.13554860103005	-394.9351859348358	-384.779759188187	-362.9541039668614	-351.5417277792628	-341.6182124665222	-338.4074860134292	-337.7771090705855	-335.2939043222325	-372.9889939800894	-466.6698243086898	-323.72418543948584	-996.4814611556544	-6116.72802711508	-9939.098276739807
79000	-462.8351213056514	-454.627203605189	-447.5471322853022	-435.17278825367305	-426.0564108532218	-403.86732661265586	-392.5925835636925	-382.723791716277	-379.54670263354734	-378.2405192538302	-374.68135748836096	-414.4384618166718	-509.47757655621746	-362.6480783145555	-1144.2697585889757	-5996.215127574971	-9649.750973198798
79000	-434.61959401090144	-426.49747877411505	-419.7459204648765	-406.7038420334586	-397.56829974175196	-375.8351833595736	-364.22329806981963	-353.894391771406	-349.90458305469434	-349.64242602572585	-344.12996874647683	-372.70946045788577	-468.31243947232065	-339.2493810072992	-1006.9717845306017	-5738.691876578355	-9342.010055564206
79000	-445.31327610312786	-436.13779742101093	-428.96450582348285	-417.65496162048953	-407.80189518439283	-386.25373782327546	-374.26413774278194	-364.59085011181156	-361.0993658973164	-359.5324887567823	-356.9050539085718	-395.26899635794604	-485.2814862864122	-343.6620196522466	-1114.3374214419077	-6305.904692751573	-10041.685656840742
79000	-408.4735766879824	-399.87244838604676	-392.2095001276828	-380.56231521490827	-370.38348283287525	-349.6459170396038	-336.7970624833274	-325.77629218410726	-322.1178444965005	-323.6558204924329	-316.36437711985525	-344.7994155633262	-430.68131266593525	-309.68327710084446	-907.688678658767	-5662.062424050416	-9205.943325725302
79000	-442.12840413229543	-432.8669156253787	-425.5644501523911	-414.3225041152914	-404.68296963750686	-382.4658936616244	-370.3292284357077	-360.67250749611594	-356.7675086908384	-356.19389472799054	-351.92368081105917	-383.27893381165364	-471.8226942988707	-344.9398649843758	-1048.9069669433811	-5967.7878010549175	-9566.77773489868
79000	-474.47308060790203	-465.2126564020736	-457.88800806598584	-446.2068927777284	-437.0100707141822	-415.3893110480128	-404.193847364508	-395.5583578482887	-392.5100599952042	-389.6485118369641	-390.36223767791785	-436.3416850564437	-552.247754566756	-375.8228678556179	-1192.9125721330684	-6341.041971653116	-10235.64332113064
79000	-408.26236303098256	-400.2649697153903	-392.8652823042159	-381.0047138996175	-371.0453742569281	-349.26474371916765	-337.7808456421013	-327.52543448193074	-323.4788784278333	-324.22632724287445	-319.54903951452366	-352.1731187645677	-441.27001827078186	-309.445627997413	-962.1128835126751	-5967.265637618957	-9740.660949615738
79000	-431.56121859330096	-422.6380300043887	-415.38228238120536	-403.99297384525505	-394.21260028110794	-372.8809140348004	-361.80438315079977	-351.6164259501983	-349.0757249626032	-347.9157304805516	-345.97692501070696	-386.5391854074562	-493.15706749531284	-333.6790076686457	-1048.959706032165	-6147.558297726944	-10126.716482682124
79000	-463.16693857283644	-455.2271811443527	-448.24424939654165	-436.49532142205	-426.1797217900517	-404.9106730454696	-393.3455053268876	-383.9373080682218	-380.0886876003099	-379.1055647155448	-375.8083327224785	-414.9638163592226	-518.0549453180771	-365.42631873134593	-1131.3087120057928	-6007.6070856737415	-9721.826866244768
79000	-435.99169752455606	-427.1390195802132	-420.2110887005561	-408.76692345237745	-398.17423060345516	-377.1072874832611	-365.9255672065333	-355.9149409103181	-351.90185387673336	-351.8971479428787	-348.67171312452894	-383.7820799483563	-483.28337775963456	-340.33544973857045	-1027.7170063972608	-6042.499377656661	-9697.226011771207
79000	-476.0092155165939	-468.3979092394515	-460.4227547822681	-448.5960092509696	-439.0941229339038	-417.7507462262561	-404.79783791948586	-395.2885571165161	-392.23236426586215	-391.20253016385686	-387.47016491323933	-422.9935950141956	-516.8466519076882	-375.307343309847	-1175.8443113573114	-6066.490356384783	-9798.220580447529
79000	-476.095115816011	-468.6972535668059	-460.9315147221874	-449.67826567616896	-439.6773009813814	-417.9826168872418	-407.4882305028314	-398.4550821896441	-395.21871805434586	-392.15738107759125	-392.793801621487	-439.7852139938748	-552.2271159481476	-378.3823364083429	-1224.9625999092118	-6402.673866091306	-10175.58936166872
79000	-445.9587711120283	-437.6237157203371	-430.37378750970123	-418.76817546561335	-408.2400777772196	-386.88370814952725	-375.16538143816894	-364.6575475263413	-360.8546672686072	-361.275783693973	-355.98868165782545	-387.9668876883245	-474.17827017903403	-346.5438433212573	-1076.0016447040425	-6067.826682660913	-9766.08485248735
79000	-423.75219424192875	-415.575473206712	-408.40939975686916	-395.91979926319925	-386.24103872062324	-364.9077485924475	-352.8077927489896	-343.04850550518483	-339.03834082912266	-339.01083990166165	-333.7657685256584	-367.1686242273152	-451.7341918802419	-325.5821802910742	-1020.0149466875235	-5776.477344531086	-9415.92794123536
79000	-398.2670781620607	-390.1304351973978	-383.05511308507647	-370.58100475402443	-361.05298994467165	-339.3446443603852	-327.25001370124585	-316.9223562346447	-312.83540411080725	-313.5020530017434	-308.3132664100189	-338.507917202556	-423.0079073631803	-299.88836199686443	-927.3795432341393	-5713.132605176487	-9442.252646826073
79000	-431.5806504684701	-422.9062925642745	-415.6959003015191	-403.9406287555189	-393.8554584295054	-372.70819376193657	-360.94676775269005	-350.1944971135616	-345.96228775433707	-346.62974219493384	-340.4271781694942	-370.21259943830415	-464.8765996859759	-333.60771584312175	-1004.921952342168	-5704.632080157167	-9380.069974369813
79000	-429.06196344654035	-421.1536347173724	-413.3465135059643	-401.51045001299474	-392.11243037482484	-370.5517990212946	-358.89054983516655	-349.27689308826064	-346.5992058992624	-345.16555455718117	-344.0932092660874	-385.962184085668	-488.7465523467063	-335.42389715791904	-1050.1652545626346	-6097.415627976942	-9993.930030300658
79000	-405.01449748786905	-395.6675035989204	-388.69753877070815	-376.51700739163607	-366.96573918699454	-345.9947570527229	-333.1820830035825	-322.532660078896	-317.8016188783498	-319.60925758307474	-311.25465584078063	-332.86453357986693	-425.8704681766814	-306.3833816813136	-879.2352121412041	-5304.553122566641	-9046.707500130471
79000	-439.6944173899842	-431.36206313904034	-424.6100621365529	-411.18155187167224	-402.59852556094455	-380.50698565650964	-369.2443057903242	-358.9030568748126	-355.12435160291267	-354.2570447187907	-350.92836508340514	-384.6829148597419	-477.9033858452088	-340.38768130262287	-1053.1403186184705	-6177.508633862468	-9792.353617051103
79000	-428.97344481493224	-420.61633592910425	-413.52993652677327	-401.91801273780766	-392.23290530960577	-369.84834309725267	-358.9920306923735	-349.35452989472896	-346.18573576819415	-344.2841166902199	-345.11920874946253	-386.702996954257	-481.9779114339412	-328.7317491407038	-1103.1891488086512	-6286.814023457557	-10213.52021896072
79000	-435.5706707143828	-426.9305655361739	-420.1845061797757	-408.46678978677653	-399.1659471131957	-376.62496992770554	-365.0757038422022	-356.1896109505688	-353.28906344904215	-350.1239829415291	-351.64456319211575	-395.3721138296105	-500.81885757508866	-335.32579405767007	-1097.0678743012786	-6547.32382355916	-10591.597336608991
79000	-413.5471356975699	-405.9003745798038	-398.1608543635012	-385.8646703127396	-376.69103252663865	-354.70324810992395	-342.77165646079925	-332.6644987144431	-329.37704980843336	-328.5268603993347	-325.45939091818974	-360.620627655405	-446.9715606738664	-313.3926840707494	-1036.973304683502	-5860.525776412979	-9763.462074053083
79000	-401.06211914237497	-393.00567023936327	-385.78148030999085	-373.4164704769064	-364.08000034773454	-342.9459850616546	-330.07438489348067	-319.09561193684	-315.1009300191809	-316.21039630250795	-309.1509565888099	-336.24223299878344	-419.39267050978964	-303.08679799293094	-899.6531834865364	-5656.319508113358	-9273.63173299082
79000	-427.91326928783724	-419.3521711791114	-413.0487906485757	-400.11204134444813	-390.42565369525926	-369.22602136436984	-357.0404567357746	-347.88681503456525	-343.67408435122576	-343.1532614190144	-339.6423045880597	-374.1089478141836	-468.57908139356016	-330.3616105113318	-1008.2110510962676	-6027.902134319511	-9880.823637365314
79000	-410.8043192772813	-402.0833836048015	-394.9081104155012	-382.6280743213291	-372.8448761203887	-351.42338173858616	-339.9611940863888	-329.8040047966634	-325.46195338156963	-325.815567816727	-321.2080992447381	-354.234026394401	-441.8298146347844	-313.6941374319992	-952.7828450070464	-6019.399569575705	-9667.943992585822
79000	-431.79394488243986	-423.96950410933715	-416.1864358050246	-404.26389510010324	-394.0085461181643	-372.1952954391418	-361.08780356202686	-351.81621198999875	-347.81147716766066	-346.9806142667552	-345.23135331212274	-383.69964900103696	-477.8709918020134	-333.7950879738752	-1046.811145923485	-6152.473663470912	-9956.19537786754
79000	-446.0242498912657	-437.73423615612313	-430.3546700277198	-418.1961713307023	-408.9716362743491	-387.4025353065934	-375.6409744412956	-365.3969242269223	-361.1170831273455	-361.380906612963	-355.2162214517413	-385.58031741902766	-474.0202550988854	-346.9340967019261	-1060.0866894132062	-5682.776837057159	-9246.567757208424
79000	-419.2918573105896	-411.38996797297966	-404.15164736988805	-392.0114088122858	-382.73383505709154	-360.7526611737844	-349.29810185889545	-340.64591923337764	-337.30658644325456	-335.15741867805565	-333.86031655555314	-374.7366085404363	-478.04786578590614	-321.6270472006565	-1025.2247538238714	-6115.3478671334115	-9936.331560240957
79000	-476.78393002916715	-468.32985608086983	-461.7015050507418	-449.6461090386631	-440.05892698263676	-418.323968061833	-406.8948102286959	-398.30049647910135	-395.5151633744898	-393.2497511086871	-393.0995247957293	-439.0575173440812	-546.8546865200373	-378.01117587851354	-1217.4199176378472	-6320.270589662596	-9953.695777974046
79000	-413.3961310969477	-403.5331753090498	-397.79015561046987	-385.1723853360394	-375.56833565226236	-353.7887655846926	-342.73133515674175	-332.71123042931686	-330.01625968000104	-328.58232887987384	-326.80263293921996	-363.8651934844326	-476.6889827806078	-318.59825338409286	-962.2732462958462	-5970.383073860663	-9779.32826512756
79000	-447.6467780466956	-438.929686583563	-432.69028602540305	-420.9467998764733	-410.71584673533124	-389.1867061718807	-376.9575329777318	-366.8150455112396	-362.80765799216425	-363.21381418036486	-358.8774833666695	-392.25806959420356	-480.28597124944156	-346.94335935580847	-1094.230798442844	-5959.889809399704	-9673.911195269657
79000	-410.3189765100191	-401.9547551305119	-394.5991971460258	-382.82079672144846	-372.9895380438358	-351.94005202260337	-340.07873616171895	-329.5305842624455	-326.2157623495758	-326.17485491433195	-323.49189383819794	-357.92547078381705	-445.1582778924398	-315.1378578621516	-946.2447468714751	-5960.025735629145	-9755.351982607068
79000	-437.7606105879064	-428.29844399406585	-421.47508355417943	-409.19320735956467	-399.7636566117645	-377.97668323965564	-366.06007047828683	-355.35895254246657	-352.0400040604263	-352.4012038524563	-346.58654326547986	-377.2528720202663	-472.0987168290883	-341.5946513125981	-1008.659380955772	-5822.256413423556	-9424.413161304718
79000	-410.38566289259154	-402.1762151978947	-395.41604089637354	-382.7488701957666	-373.2383004041177	-351.99582881665737	-339.86900260410727	-330.26646302472005	-326.2652819608908	-326.0807539820068	-322.7328319754865	-357.13072616935574	-452.9638694530604	-313.39058550477716	-983.268753996294	-6110.933466211576	-9869.799895147193
79000	-407.58288636636627	-399.18218315907677	-391.8446744234106	-380.2218958550493	-369.987907659369	-348.30092730117565	-336.6068927466437	-326.44227302020994	-321.75885712831865	-322.268563655346	-315.44255759824	-344.9204867922583	-431.1499147601943	-309.71053222751925	-917.8214337263997	-5684.265932595502	-9498.3855836947
79000	-415.31838150941945	-406.21010763414625	-399.44540747616855	-387.80577493276917	-378.1609312512865	-356.0646115167025	-344.8571328915	-335.04692313063197	-330.62269149069704	-330.2394778496208	-326.9657639989084	-361.93301389880753	-460.95543589118955	-318.1016078704683	-996.424268017177	-5790.911761627539	-9583.191077371357
79000	-376.7851978913227	-368.33349718338565	-360.9623718371657	-348.374850824653	-338.93036154366376	-317.3002746721358	-304.852147596921	-293.62195503665856	-289.661587792052	-291.1137647041586	-284.26104152207324	-309.45778545371354	-382.0390561249185	-277.2425868251756	-837.7705401475713	-5638.845317260363	-9477.327956600047
79000	-500.10291766289066	-492.48304986312417	-484.9536580894633	-473.2782655788791	-463.8105136218017	-441.3879320635962	-430.9939358269843	-421.05058047065637	-418.0234944756492	-416.81244091100837	-415.3640174587733	-459.29919807931134	-566.6008945159432	-399.4832936747797	-1266.8451923126572	-6284.207218492724	-9925.458409426436
79000	-440.57801014995323	-432.2088051916939	-425.25251740587004	-413.49271045707746	-402.815794647186	-381.8642877500729	-370.0666916581979	-359.25795411062273	-356.0158393414386	-355.9894170442883	-351.2535733163522	-382.83991064565674	-480.676326540242	-341.14258737379043	-1109.6440283423183	-5858.144690585925	-9526.794194501672
79000	-438.24872587463096	-429.5722659182506	-421.9744340393549	-410.3375066846452	-401.1269596247508	-378.8808686503505	-367.84188968766557	-357.5495819318034	-354.5845170277575	-352.7916553159802	-351.1686427639461	-389.0574524678313	-494.0276398863811	-341.1024397094305	-1081.8749337684665	-6003.768513254288	-9859.124651583128
79000	-401.75395101255384	-393.67205973797024	-386.4248919331595	-374.45232395017706	-364.82754023650097	-343.4557469240228	-331.47842327072647	-321.26671013724587	-317.22901058085984	-316.6032270065728	-313.1192346862247	-346.94994945165405	-434.85026520017465	-304.03920984477185	-955.9942126420104	-5880.284074679372	-9787.242671369615
79000	-388.9388070640942	-380.9367822802754	-374.4022734466384	-361.320978787727	-351.7686241729631	-330.0144431758259	-318.2153985513379	-307.67087590295364	-304.3423223986404	-304.5166700647253	-298.3376702911128	-327.7696405458567	-414.624521919696	-290.7942745945524	-899.7582592912172	-5777.549645607138	-9535.995063805367
79000	-397.5655268714823	-389.07279027060815	-381.74548208678624	-369.5369402839957	-360.26075192438077	-337.62650669447777	-325.6572704902832	-315.0135732868068	-311.13573783447066	-312.01118105513433	-306.5436761598719	-335.19299536137834	-411.8723556137641	-297.31010594549394	-900.3248915616566	-5794.374737596006	-9560.771960993496
79000	-437.8395418773856	-429.7976070448634	-422.7091144214542	-410.40001586236554	-401.26753106223447	-379.30841123956907	-367.8282512360365	-357.40410901393375	-353.5564338836302	-353.2131002279652	-349.2443968618203	-384.1145421247066	-473.1773998247943	-338.936671030006	-1050.5171511760398	-5801.460719274445	-9593.408341861099
79000	-471.57909395418625	-462.41395119489306	-455.05207113923547	-443.45886805860187	-434.6271202753352	-412.69055060392003	-401.7122877688993	-392.1431828398526	-389.6303613929829	-387.1024097039779	-386.6845469840211	-432.4724136279184	-541.8123172039278	-370.58510412197455	-1198.3498902870367	-6303.369767623247	-10192.239607089614
79000	-450.76371727312153	-442.4715644348525	-435.54180139472777	-423.4612566795971	-412.83945825623215	-392.0270343345101	-380.61182039549055	-371.1317823670315	-366.28468232168046	-366.11588051655815	-361.44966876394415	-396.9849319068431	-499.2053102872225	-352.7312218929113	-1082.3931025923343	-5918.57907396869	-9496.14766593534
79000	-409.1673599848183	-401.55731864857404	-393.37264057709564	-381.47855324235525	-371.24686168153306	-349.93968660014485	-338.51305027903265	-327.9890369263119	-324.2115791083208	-323.8699322778576	-319.00974597839445	-350.97435428494305	-442.0812587452207	-310.4229965397111	-945.8062595936636	-5890.076997642523	-9506.776727430046
79000	-415.94265948860055	-407.39948588991024	-400.4876884491127	-388.6091568273846	-378.25821325905036	-357.52121133383343	-345.22983256259806	-334.7299049142627	-330.6887046380207	-330.82069955806077	-326.38817134059315	-358.05773731979986	-456.1054382815136	-319.4822805387713	-989.5932563544071	-5686.752333283124	-9495.733262964459
79000	-423.1820482561902	-415.08852527110366	-408.01014375754704	-395.71247134913165	-385.66894681810686	-364.31378106789987	-352.331076649586	-341.7964579459165	-338.75107272159204	-338.44693010579806	-333.8013536707421	-368.3807204502228	-459.3920811204892	-325.05905293975326	-1006.9526267464862	-5868.1616521806445	-9542.768788887595
79000	-445.61603356006304	-438.3122252285035	-430.6955060254192	-418.43133383775626	-408.6955810753743	-388.12545174926663	-376.0653165444579	-365.5074180889455	-361.5284691174204	-361.4371896131799	-357.04557153736846	-393.04690792419945	-492.8718763194102	-350.1460697020582	-1049.2696502795134	-5739.292053318571	-9393.820359047777
79000	-428.19762148461734	-418.8118251969075	-411.82851988136355	-399.63111126086005	-390.16733529201935	-367.9908991275389	-356.18767698136605	-346.28880716099223	-342.4076873921546	-342.65774217643553	-337.911931631944	-370.4350533284234	-459.2338507091654	-328.12458929921746	-997.5561888776459	-5851.979854742841	-9590.805175311953
79000	-420.1152905998497	-412.1541513400354	-404.1855171408766	-392.4926110781479	-382.4782629908668	-361.3310432451356	-349.46947255775854	-338.9488087898167	-334.6143428778063	-335.64125985139816	-329.3198358964773	-358.00801238743634	-440.1902474962701	-321.5470117564202	-987.9808671006571	-5699.612508430174	-9397.438328402211
79000	-404.56807890719597	-396.3431807074067	-388.8948108185095	-377.2532184546578	-366.8949595654073	-344.85823198148086	-333.5291429530304	-322.98599311426466	-318.6892573486779	-319.3102509175725	-313.36067103864394	-341.41921223139343	-428.94074011032075	-306.31465907320654	-914.9741724289148	-5875.03311371082	-9586.153055008917
79000	-409.3031351341624	-400.84586260092567	-393.9097337080264	-381.1246650223412	-371.51245010549644	-349.7262111136075	-337.9520279587979	-327.06585284276343	-322.4494561265252	-324.4548382141324	-316.4976508676839	-342.0497856841462	-416.83190971611185	-308.85905945603616	-949.0836228812327	-5765.314802064369	-9361.0930944403
79000	-438.4368265697263	-430.1674245310919	-423.00570033051787	-411.62303191756666	-401.583233213708	-379.7666857679352	-368.64076983956033	-359.08555265533755	-354.7756904065431	-354.7894383624735	-351.87932568398514	-390.2842935794106	-487.07793264633204	-341.09142472518573	-1068.6222168397662	-5845.3752159514615	-9687.694451329577
79000	-433.23509814440234	-424.95159930363076	-418.204784235266	-405.01935962272375	-395.3570305078098	-374.4536202293699	-361.70692536163807	-351.07481824511933	-348.82439084305867	-348.0949380039115	-341.4434698506263	-370.6504476383809	-457.55559987088793	-334.1296821932169	-991.5747330915815	-5615.898464703112	-9250.259290613603
79000	-466.55907418156386	-457.97305722151435	-451.6389579134188	-439.4284276632426	-429.06739834151495	-407.9028514530331	-396.7205261049524	-386.36007287373724	-383.9918889323855	-382.8928226607495	-380.17840958756767	-422.6688434745993	-526.4083035616472	-367.8882774508948	-1168.01722651434	-6139.714710026925	-9888.845485881486
79000	-427.40961639450234	-418.4971313140076	-411.17733197753597	-399.57812708982146	-389.6411075684123	-367.94149450696654	-356.0449658374107	-346.4774389026881	-343.22630374890355	-341.7090146784677	-340.0136160545652	-376.0722607347323	-468.84661039377755	-326.3499857507766	-1049.9937735335072	-6059.7043664575485	-9883.830257549811
79000	-458.6564298814059	-450.08192483516467	-443.081438712693	-431.05465575365633	-421.68474059210683	-399.8930419897513	-387.4379394416926	-377.68456068514524	-373.51240784857345	-373.8224495213455	-368.320154713051	-401.0791407930719	-494.0836880353221	-361.2618542135743	-1090.296667467599	-6031.796699800729	-9519.019748296096
79000	-419.89963003595113	-411.0631281162439	-404.11446387151847	-392.39751634149354	-382.93943546627736	-361.5701808793163	-349.5617661055642	-338.94604608875255	-334.4677458272853	-335.0030411166228	-330.33832638679047	-362.37980223989325	-460.9708346618659	-321.9165413617878	-1010.668327181272	-5972.704069978134	-9686.408045396929
79000	-414.81875403869174	-406.72919483075185	-398.88047923534197	-386.82371946701846	-376.44735139347506	-355.9959318430241	-343.7630374770603	-332.9613320287328	-327.8806670091449	-330.02839236629046	-322.4597221855035	-349.5756148011229	-433.0442288259857	-316.96101274463985	-933.6632801634329	-5722.560524082409	-9344.693637610895
79000	-436.15425221040294	-427.4540020718109	-420.4770998918685	-408.5706024725041	-398.73165187561614	-376.8116089783195	-365.55494315356395	-357.1636423627759	-354.2879526877655	-351.08010299347467	-351.18825197193183	-396.64572205771753	-496.8079578080719	-337.79882783990655	-1079.2819521343185	-6155.795999001869	-10132.369691768148
79000	-482.2471910537141	-474.4064845990116	-467.03179080484875	-455.2137930419734	-446.1252550671815	-424.12273757886135	-412.7717161410187	-403.3125046613101	-400.1469937466794	-398.69235556784946	-396.628030003385	-437.4876230787034	-547.4073412998988	-383.704115484499	-1202.8824065147724	-5964.63114119383	-9691.369687114304
79000	-440.10897009679303	-431.650162711255	-424.4956010906382	-412.12109541433335	-402.83325590925904	-380.7988997072478	-369.2360349173024	-358.7944554275441	-354.7855967082739	-355.4859235551457	-347.8371767822339	-376.37547518240706	-465.2776254751512	-340.4259083132165	-1022.6272062555571	-5803.8381515225	-9383.346086302738
79000	-448.39887252241334	-439.6127991819737	-432.69412094264334	-421.49874404854813	-410.81709688759634	-389.2110238499487	-378.4035364331462	-369.5374068336218	-368.1082915633436	-363.5573232032146	-367.406918065767	-418.6564224189204	-535.929380861067	-349.0559514153476	-1137.5840387792637	-6588.863521255928	-10640.745369915248
79000	-417.1227167727313	-409.5004258714905	-401.1726454700054	-389.8347179300613	-379.3925845817489	-357.96428279990135	-346.61102138282837	-337.059622443742	-333.8409704244519	-332.4407750054332	-330.4609964460389	-367.55518445095646	-460.73520368499175	-318.3733915672403	-992.7331219620061	-6222.176453105086	-10034.458010423697
79000	-404.22148983117324	-396.24980530351155	-388.8431548003203	-376.3714783312114	-367.16028156595314	-345.5480828607265	-333.8568485205074	-323.4033800279754	-319.4500292766557	-319.33917017924404	-316.2692322038338	-349.502565233649	-452.69856174654956	-306.70169004381444	-967.3568047559967	-5903.779343736695	-9916.572750240182
79000	-415.7373596529583	-407.6253408014593	-399.9199908634144	-388.29465590856944	-378.184203155337	-357.188415986853	-344.09444297826764	-332.9182729924334	-327.59061448330345	-330.8656536015781	-319.82770433285873	-341.41254148170566	-419.13299138894706	-315.2562784687245	-946.2453555226994	-5532.152951450741	-9182.802621206625
79000	-451.01518416386904	-442.61379036130523	-435.3216016022814	-423.4773458408422	-413.46229216484227	-391.8409036473095	-380.6336914863201	-370.05838533466164	-366.95316512510936	-366.59244779108036	-363.6600202933806	-403.7794752386938	-503.58408036556096	-351.68692731597866	-1139.9521419513671	-6176.876924166246	-9871.585064183737
79000	-413.52949759400514	-405.294335979933	-398.3494284906839	-386.2744985009175	-375.82709584277507	-354.5088828890255	-342.63979764362756	-334.0822870327478	-331.8800260344665	-328.8729135646286	-330.2993519942041	-371.9799510219175	-476.60156918607873	-315.1704081248507	-999.4180246036882	-6205.263092858323	-10001.8083093635
79000	-417.4903259242451	-409.0997954424345	-402.13272185427905	-390.35525865465104	-381.05992537091805	-359.19610273979214	-347.54113174977823	-337.7628717566484	-334.0647003135469	-333.3881264473348	-329.92430958863827	-364.5794239605584	-467.9032472844212	-322.8829617559813	-959.4442436281647	-6090.244540510743	-9804.64474436313
79000	-465.5074257975201	-456.8274901891196	-449.5189314756337	-438.1550423509352	-427.1654556480401	-407.0767132093421	-395.56557755609566	-386.3464160576326	-382.71785282954346	-380.9055464035174	-380.183051545554	-421.4377891490226	-532.9354260575994	-369.6339368769329	-1164.6910599297128	-6029.069841126606	-9718.662442109216
79000	-432.5909246137065	-424.3202770433379	-416.2580151178865	-404.95924735554433	-394.6393785662993	-373.45300660982326	-361.67544040430226	-351.27933542088033	-347.3769833624485	-347.2047450203884	-343.64200246032703	-376.0744557560629	-462.1076628186925	-332.29852395062716	-1076.661073875546	-6007.250650341781	-9656.991727367675
79000	-479.0049334244665	-470.0194632102439	-463.0432985428218	-451.1792762586641	-441.44685631997754	-420.0806816585295	-409.1142153622606	-399.27465019488056	-395.1079954852773	-394.75459657062993	-391.62736020408573	-431.8052996952662	-544.4943463092003	-383.4057190734558	-1182.941716910388	-5876.3204234555615	-9635.250516410068
79000	-376.3497421571503	-367.766648413664	-360.83945186069894	-347.8820564376042	-338.2067895107247	-316.7084368933234	-304.1541799598582	-292.51719893923064	-288.18975486990297	-290.60645650002857	-281.317641482121	-301.1344947737304	-371.3558072941187	-276.1546624441636	-829.915795610043	-5499.919961024761	-9237.894682581926
79000	-445.4461466943372	-436.28722786063565	-430.4266570178973	-417.13155695677324	-408.11694264632297	-386.4241244057175	-375.45655758619984	-364.82930214605295	-361.1706217971804	-360.79918776796205	-356.3484436782489	-389.6117307048774	-486.470043781694	-345.98336077067347	-1070.4470927681716	-5859.198849097497	-9650.519227402488
79000	-441.5193613633241	-434.3195416793116	-425.7416707849938	-415.0218542015816	-404.5004411009651	-382.9734383597117	-372.0432354038349	-361.61635424908735	-357.5155439188232	-357.898118844157	-352.57717965403435	-386.027672461541	-483.2141569623774	-346.20515515137026	-1040.867405893086	-5833.5146790215185	-9472.944423331253
79000	-464.3008220527597	-456.06350513009545	-448.8628579975786	-437.00071895246253	-427.2324474976225	-405.40874005300486	-394.2762460919849	-384.23915282061023	-379.9488927924136	-379.8280544919471	-375.335379215756	-411.6434593083718	-506.3530452355765	-364.33964073434134	-1143.870988628399	-6125.635318972158	-9714.912628415746
79000	-438.0780372205708	-429.20643318592954	-422.36910308762	-409.8791117640145	-400.00600677429406	-378.4482626664703	-366.8244394103129	-357.3725443792202	-354.25140119394933	-352.62756119375774	-351.3505869032037	-390.6160187952214	-502.933356015491	-341.27222808403155	-1053.7012185720798	-6095.269742605061	-9893.599686019865
79000	-454.8189583638283	-445.7690955504933	-439.62849842047655	-427.88420286365863	-417.23294092942007	-396.34035176870407	-384.51536928538604	-375.00738939143673	-370.6925196301673	-371.2545280791095	-367.1250114503184	-408.25204170719195	-518.8615167020206	-356.6616898110251	-1134.393474256477	-5991.411934045032	-9717.738754916405
79000	-428.32073215676184	-420.3240742293831	-413.30314354765613	-400.7378013432094	-391.5229518133768	-369.8566975482324	-357.95631060143455	-348.59575256042814	-345.3303810138168	-343.2595230123129	-341.79020257130077	-379.2260078401231	-470.70245067007596	-328.21371157293873	-1079.4349092497305	-6155.621783253076	-9961.084194131678
79000	-442.1986844834174	-434.5618418504473	-427.06023764085074	-414.91083161714414	-405.6504820342525	-383.31520862200273	-371.7946164571553	-360.9380755641115	-357.12083736350104	-358.6457723336645	-351.10633712698836	-382.1386460122566	-468.7611674698017	-343.8296070715388	-1050.6833405717862	-5990.468048888347	-9571.887428818329
79000	-435.64190532359424	-427.03595572580326	-420.15392458845855	-407.565413018919	-398.13216850256043	-377.1146663416287	-364.79381781927094	-354.29335171628026	-350.9769871958894	-350.45396824821785	-347.9114243140174	-382.64340720567145	-481.2879536086743	-335.9557660255223	-1032.3774650119196	-5987.153671332811	-9730.035195157807
79000	-432.9554047898566	-424.1662355752431	-416.8850821067726	-405.1186854783209	-395.54457830121663	-373.6422711827275	-362.08607245623836	-350.70009479997293	-346.7481717027358	-347.4413529121453	-340.7576996133336	-369.2059608851612	-454.81395300456046	-332.54254519589597	-1039.612151525664	-5818.275426974578	-9441.631315168861
79000	-447.1413185971835	-439.59116655082084	-431.7199733876798	-420.2813563102434	-410.84827946534404	-388.24046521561326	-377.0411981863095	-367.84632194129347	-365.3255339209508	-363.0126591971563	-362.74979386558533	-404.4063986880219	-506.8394748831992	-347.71563969798245	-1116.9412956177443	-6112.027664425978	-9981.628217816875
79000	-412.3585154094226	-403.7447792943764	-396.7976428018679	-384.98056265895025	-374.4127735583902	-353.45435497466286	-341.55120692338363	-330.65222023586716	-326.3047429212723	-327.3740929081823	-320.160541444148	-347.1232883508187	-431.16953042898604	-314.90535158820416	-941.7554939793105	-5696.233494042196	-9336.711799186693
79000	-443.8942039506106	-435.09983495624	-427.57999881647225	-415.21061455967777	-406.1140508824188	-384.4749704487913	-372.6449165244341	-362.35343037641894	-358.5461260872372	-358.52939365497355	-353.58902020061413	-384.98383929487096	-477.19943027553757	-344.34472722410567	-1060.2312194845251	-5710.457474951703	-9480.631867361923
79000	-434.467134528829	-426.1160277253603	-418.4770195351942	-406.55766176866246	-396.62841139022765	-375.1345762950524	-363.6068252036874	-352.69296991791816	-349.1358619175016	-348.79566448961015	-344.56080962138657	-376.5996443514204	-476.2485991722766	-334.86577444441156	-1035.8110692467305	-5740.102280009577	-9316.849770981822
79000	-387.13504648646096	-378.6595372933256	-371.13070447767024	-359.6483072931409	-349.63704233016074	-328.07250390215336	-315.57880392495554	-305.636493436582	-302.2115762109398	-301.84087194131	-298.0334559301836	-331.44214069818975	-414.70596986651987	-287.3790369575546	-905.7171296272994	-6059.529974739699	-9959.564596575632
79000	-437.327268843547	-428.5468075050728	-421.46848264006366	-408.8178079936463	-399.7474254256254	-377.99095698956336	-366.8572232053222	-357.4528608695135	-352.5815478153401	-352.80582537882617	-350.0847061854379	-387.0818677990007	-484.42351868809305	-341.3819485708762	-1027.8996738772682	-6112.021015334176	-9877.388023533593
79000	-407.8722223537009	-399.7161708172691	-392.6743919367181	-380.22379463785217	-370.4736284247792	-349.47251362338665	-337.1532440758912	-327.2584492723141	-323.11293508509743	-323.2487793822808	-319.08526001584926	-348.43660107879793	-431.62658029043524	-309.2391065365121	-946.7334296989947	-5728.499993523868	-9543.827998014216
79000	-448.9844778489059	-440.65783546428645	-433.5978191830084	-421.0626975841941	-411.9516995808466	-390.78041764907005	-378.28524625226083	-368.28521340179265	-363.93708587930496	-365.04218204300855	-358.3680652673409	-389.5350571075765	-477.5436688763813	-348.7296478538478	-1062.740798767638	-5901.013572561201	-9548.41162005242
79000	-441.04862771654365	-431.9135685546674	-424.59763014657705	-412.8228144503096	-403.19300576269393	-381.38499164886264	-369.8555481552508	-359.09882368368744	-355.0807714667744	-356.59001883637166	-349.404456180746	-378.8468394269098	-468.6063183910204	-341.7929176864395	-1026.3483472020068	-5837.3657805254325	-9476.304286746976
79000	-475.3274927201298	-466.6797312661094	-459.4428496825156	-447.0465648040114	-437.27046055431776	-416.4221360966919	-405.545645437782	-395.6412311292991	-392.13824511374924	-391.58896637154	-388.29748892682267	-430.9902069656644	-548.2159247755458	-385.5077636184266	-1169.9749515795372	-5921.572530085365	-9552.402741821685
79000	-471.1507406733819	-462.31996443524713	-455.28827351048204	-443.4151535915039	-434.077086836511	-412.2198630868678	-400.33992204179793	-392.1714904976476	-388.8177035065355	-386.60697573690305	-386.92320536566376	-430.97875319677144	-535.824567451711	-372.99620195720934	-1142.3441896513075	-6434.538835329415	-10226.003816663657
79000	-449.21764837423615	-440.91602561058966	-433.4815801228238	-421.2716083264186	-411.58417223827433	-390.4673902718538	-378.7113773559016	-368.39071403197244	-364.47099830221094	-364.22535957723863	-359.5302566385603	-393.24971370992785	-483.3548161036864	-350.62824705879717	-1062.3047218528818	-6037.058044547864	-9586.085325210812
79000	-425.38211240605096	-416.35651257729234	-408.7369018704148	-396.6954343530326	-387.7466353512363	-365.4953081290456	-354.8572449655607	-343.7343505391241	-339.73535491128035	-339.8966138491232	-334.4297869588942	-367.52047163897885	-461.73171301815165	-326.5227519177684	-996.0193546466004	-5765.008005499511	-9473.437996392999
79000	-462.96389732261724	-455.84001699530694	-447.9418363094175	-435.67128398243995	-426.1106918506548	-405.1375660686553	-392.89554502087975	-382.13792498369486	-376.7112070218097	-378.74430803199493	-371.08471191395495	-396.53069440296207	-486.81159491786514	-364.63348337171703	-1048.6870784661842	-5695.975075980117	-9226.96568657484
79000	-426.11334526478487	-417.1501614206063	-410.4950257109131	-397.8467342316733	-388.361921358229	-366.98002247350666	-354.867842479102	-344.27091748238456	-340.35142362401314	-341.38272871969883	-333.73206607240354	-361.91456856316455	-449.3726114131071	-327.2809138774052	-979.3666460400285	-5767.611609825165	-9335.791812727299
79000	-440.41472039294007	-432.06037279765343	-424.4341363571547	-412.541494895274	-403.11578823799533	-380.8614217791438	-369.80178458967936	-360.76982878494306	-358.0973900551809	-355.27540684400395	-356.9700679207776	-402.56655928340217	-504.5912597840353	-340.04251737960175	-1137.0387404814405	-6393.562165413793	-10407.835245281703
79000	-441.54223795964975	-433.0769520453507	-425.99453310495056	-413.6570603789703	-404.25140954133525	-382.48578724046854	-371.2736366162563	-360.1078996023234	-355.7931865935315	-356.7704246015364	-349.58428911625765	-380.1126060563458	-460.5348368022247	-346.13046713761065	-1027.3613273073602	-5848.822240430935	-9340.36031381607
79000	-465.04024364873294	-456.6193591827052	-448.9531808409558	-437.68680043759866	-428.13569528701794	-406.83507282636737	-395.180190326034	-384.41529866414027	-381.1240928281219	-381.59171332874223	-376.6342440970669	-411.9230772098668	-511.6765509779315	-368.5858226474466	-1116.4734559756887	-5788.485608783927	-9360.815450271248
79000	-428.51675941231395	-420.2807509460631	-413.43905613241355	-400.7495464483161	-391.1227545060955	-370.07490244853835	-358.3749933175206	-348.3827217031108	-344.20817815842685	-343.9788625155841	-342.37810568628595	-380.30049120735913	-479.83800848515193	-331.2439225485435	-1047.9485175795332	-5956.674362370416	-9789.530636669146
79000	-434.3293550473029	-426.27224635936926	-418.81957564212786	-406.41507894377844	-396.22227064320543	-375.4623618893406	-363.9707750745788	-353.1798700152996	-347.9200477193278	-349.94001412600295	-343.40238035307533	-372.2553378316086	-458.44318391461456	-336.31426418863464	-1003.0621577568071	-5668.399353864696	-9408.786531101592
79000	-452.2009357936117	-443.86449707616526	-437.15080323265926	-424.57314031450744	-415.20897580767803	-393.2846412706688	-382.5474316856157	-372.9742791040521	-370.5537037696173	-368.74033265234556	-367.96501737158025	-411.8674037023517	-519.2018095390594	-353.1960188194892	-1148.465015072271	-6294.225201080426	-10039.138287183934
79000	-443.8964643833566	-434.88731832477646	-428.2840888177846	-415.4778138880831	-406.2757778763458	-384.5089399290389	-372.93448843394725	-363.1886746440291	-360.879707967177	-358.6877445265517	-356.4133944791496	-394.9507645745042	-493.0031381964889	-344.95988379995856	-1094.938092988418	-6144.0884672279935	-9854.359272264202
79000	-429.87658640988553	-422.5275686113545	-414.9945219427207	-402.51234420930575	-392.6819442797239	-371.0406756957782	-359.672681242655	-349.37929060714464	-345.5119467015965	-345.5113242045455	-340.72903474828684	-374.8372288605489	-474.73233270158215	-332.45961112765053	-1017.3313745143068	-5814.479496800351	-9555.56557378828
79000	-395.9284040210579	-388.4335028236342	-380.7697356208319	-368.95667972462115	-358.4426939200346	-337.1421531905146	-325.1774808542975	-313.6181390450984	-309.1155722772138	-311.29458571407685	-303.23249829021756	-329.02223592404795	-402.36186042937163	-296.0259559453832	-935.2153256042941	-5628.636506491777	-9226.969647674168
79000	-405.239307921738	-396.9808044693897	-389.36968268087077	-377.2770074958768	-366.89221153479656	-345.87836787703696	-333.7290193363916	-322.39982585992215	-318.1816084384984	-319.9240390618628	-312.4009005123756	-336.35694752508397	-412.3979434776711	-304.57259100754135	-934.2671958024476	-5624.985380265455	-9177.213202602881
79000	-409.92752004725213	-401.38055203398096	-393.8853658993092	-381.51971609921065	-372.1192202103437	-350.64430487118466	-338.4412962205618	-328.2897499431018	-324.7368213029185	-324.97797440169376	-321.14960401261885	-354.0300491961592	-435.9192232271334	-310.0689584224136	-973.464971749132	-5800.8143096508475	-9670.203779138099
79000	-437.69336373025754	-429.69538087692376	-421.63362378690664	-410.372080235981	-400.4422950282444	-378.8743683451962	-367.542994234144	-356.55630995410525	-352.44617117318046	-353.1691886932892	-348.1386014891337	-381.41418831024356	-479.31769512381544	-339.21181480900736	-1025.1147844101724	-6027.082999630715	-9569.787013887399
79000	-443.70506825065155	-435.0229841054895	-428.1107729940962	-415.87948708899694	-407.21216068808275	-385.7128548515024	-373.77178985238345	-364.7795965933666	-360.521724613176	-360.0447531729532	-356.7280718285368	-394.8408844064258	-494.91340761379627	-345.65205378565406	-1090.6546784832412	-6066.514083636502	-9747.092273384436
79000	-460.80079563635945	-451.97349525320476	-445.41672133687604	-433.2092511511511	-423.46027083702535	-401.96547333654763	-390.04678192542264	-379.5074118966804	-375.84846766075026	-375.4586363274878	-371.8009597729102	-406.75192680353723	-501.276157688721	-359.92674327010604	-1112.3847091993894	-5966.609716824835	-9683.855749043927
79000	-446.07783020030166	-436.51432650238354	-430.0245447170874	-418.47577734082745	-408.71951519196443	-387.0431043086092	-376.1933432329803	-365.3662270004285	-362.58339774317113	-361.0632536010175	-358.35420040030203	-396.1721567081749	-492.1866841226738	-347.23497479705316	-1085.5773508843656	-6016.697005436348	-9708.586016600788
79000	-435.45781274435706	-426.45758390574167	-419.59393845618996	-406.99692163950556	-397.38434843789753	-376.3994122424673	-363.92146691628005	-353.68392317745	-350.25236482574167	-350.7667007684032	-345.31455858205135	-378.9780792256178	-479.20693563799256	-338.9047152470599	-1022.8438470386662	-5675.728222266175	-9442.726062120646
79000	-418.1802925583736	-409.31632129174847	-402.58946614119355	-390.97631072818797	-380.6922789574993	-359.27907859983924	-347.7540643936161	-337.1609615822104	-331.8204370776456	-333.74997487586745	-326.8141104363416	-353.9154612036323	-452.3502041474956	-323.13041621670374	-943.8304629292037	-5607.075270783024	-9254.189386548467
79000	-478.9745810731314	-469.9164928236599	-463.4978095095391	-451.69536416133883	-442.3136838726242	-420.44441618351567	-409.6355158028029	-400.7104609042105	-398.208911725511	-394.5314570871139	-396.2443446547629	-446.22657131290555	-568.1234451965114	-381.3832640278296	-1190.8533166764073	-6283.146408664305	-10167.442422681823
79000	-456.29109424516673	-448.4509075339712	-441.48053029537203	-429.425034159392	-419.1114670565401	-398.14557591602363	-385.52400841458325	-374.7020427055098	-371.0593859322685	-371.29724587692493	-365.62650851874383	-395.16541810142127	-480.0651192564146	-355.9380376659219	-1108.4525142145342	-5643.21892148978	-9277.05455882528
79000	-424.2789130860525	-415.55902829993227	-409.1630019418496	-396.4347888248734	-386.9403675134514	-365.3364708866103	-353.3071659905392	-343.4009523303997	-338.9119321507291	-339.1761168507777	-333.99615147118135	-365.2841378749542	-449.5565797814791	-324.6211411007819	-1019.4406038117469	-5838.983779148486	-9587.583934366547
79000	-438.88668338675365	-430.4840584575906	-423.49336713662393	-411.6554582304427	-402.4814040892595	-380.5116846384144	-369.2486716341939	-360.1121619261628	-356.98101929548017	-354.4604542311575	-354.92752763182625	-400.81478717304935	-501.495852255202	-339.77521373766166	-1095.469653337457	-6268.99370573279	-10157.382644491918
79000	-431.3985092744054	-422.70984651641896	-415.1501816911387	-402.99302873947533	-394.295457469206	-372.2294363209997	-360.3461360095528	-351.1321508716025	-347.05636856466884	-346.45463701222553	-344.0089297434278	-382.6425361900214	-481.4875291285999	-333.1036117114519	-1051.6420378851249	-6079.695718373395	-9926.086178170919
79000	-424.81603402872037	-416.2077222056906	-409.6672914493659	-398.67328923833793	-388.34872087685767	-366.0594844728374	-354.503413208409	-343.54309571890104	-339.97194400902924	-340.5098699740539	-335.038924841904	-366.2595871790066	-457.16827852103745	-325.77538694085877	-999.8402276407318	-5976.577952829757	-9579.494288327434
79000	-447.8246621006465	-439.16803376228273	-432.57871032062866	-420.0154277005935	-411.02828200993105	-389.37765834026396	-377.48818147521496	-369.08543547409624	-366.70099546686197	-362.8467975295188	-366.26310616702193	-415.08787199851884	-530.1965094002555	-351.14477738358414	-1134.5587830991342	-6307.701597230078	-10234.745631015083
79000	-468.07828841464146	-459.12842204528084	-452.2360497471248	-441.0401414591789	-431.22158685768767	-409.63489504922694	-397.8614221671045	-389.0190134670308	-385.605189021564	-383.306438240977	-383.6615995825122	-430.4448468508415	-534.9323371251306	-368.21059831977493	-1200.708608541844	-6445.461459203149	-10314.801018318385
79000	-432.2932670820443	-424.25458624329997	-417.3096042597427	-405.2200737313025	-395.06485058272153	-373.3127652604596	-362.2058149819467	-352.49220451843274	-348.3013015787594	-346.9484117118985	-343.98248696305126	-379.3162365025545	-469.6526575700042	-333.3564425466682	-1081.4420463264341	-6103.324007999017	-9838.409517545551
79000	-496.6587980508892	-488.7558308292102	-481.4727780367792	-468.44880595522636	-459.24940208351745	-437.68522369170785	-427.65626847867776	-418.10297068331687	-415.17472020892666	-412.45097441257906	-411.4851028686708	-458.36745455425336	-579.6348567013963	-400.3716493766499	-1245.3843589766223	-6246.009212626906	-9886.841739839107
79000	-467.86981281334687	-459.5807732507906	-452.7001434432904	-440.26181563737634	-430.67592925633477	-409.3355348935297	-397.2940441379057	-387.895800143969	-384.4797965530885	-383.48375777538564	-380.6189779363812	-417.05114425307517	-514.3389275156642	-368.55779300750385	-1094.0604515585153	-6158.07470235845	-9890.073899022978
79000	-446.8593011616683	-438.79971879102726	-431.686211080246	-419.33852185579906	-410.37631978693327	-387.955261381379	-377.076044791642	-368.1943460005691	-364.5714743793032	-363.0559887878923	-361.3538685185091	-402.89447708026654	-510.4599456689523	-350.08740642955155	-1077.7649939727264	-6089.811087442682	-9889.321350299791
79000	-440.327227826604	-432.12463359000964	-424.374909457516	-412.579388175954	-403.2309124191136	-380.7742055357998	-369.8297633602667	-359.7161992999221	-356.23695501573224	-354.72531096622623	-353.48137197063505	-389.81391893145064	-484.04835001549475	-341.9272727428473	-1050.9188585575334	-6211.485648318968	-9870.533000060872
79000	-463.5616248164884	-455.1649618148477	-448.72794689075073	-436.9735288742512	-426.6476091000157	-404.863427269947	-394.9087041853094	-386.1101684162655	-384.23763487876045	-379.9093735727682	-384.2866869116265	-440.5703208950569	-565.537476436081	-371.39623093103546	-1189.2992953348896	-6672.210787150641	-10726.985884795273
79000	-436.69561392649007	-428.4379137267636	-421.2000463678451	-408.78938713728303	-398.39127537812186	-378.42593748440805	-364.96228164397127	-354.56683553257056	-349.92728312201183	-351.7783212196999	-343.63788466512784	-367.60402361395404	-453.33307342047993	-336.2986745730604	-1011.8775923726844	-5697.1235601692	-9217.65794075589
79000	-430.42377782980515	-421.8932828802626	-415.1468716277424	-403.530556703761	-393.53179963558756	-371.3987428017464	-360.3539228969171	-349.47686464625934	-345.5286636136552	-345.5656588093885	-339.0987648922757	-369.956480874222	-468.5896775519535	-332.5283458512529	-991.9060491300257	-5730.701933658885	-9340.284051009858
79000	-397.25284022799997	-388.4220158268888	-381.922689124133	-370.0553545267693	-360.33589979509696	-338.500073266078	-327.13463775652116	-317.1255641418811	-313.28640447712746	-312.4577347340144	-310.7178650272287	-347.83023081218664	-438.5896368477843	-300.05389739824943	-947.8683629024715	-6084.22084545759	-9979.282423251894
79000	-423.20431316651724	-414.8778703854473	-407.7359781457032	-395.56392415680693	-386.53061117948886	-364.3183322705643	-353.322389807333	-343.0165446651506	-338.49319421649085	-339.38018289370666	-335.09420114680887	-368.15642351295776	-458.0390436658144	-328.12580897693704	-988.6000394040033	-5744.31145484246	-9482.266612064108
79000	-425.6697124896708	-417.2390539109659	-409.8873530876446	-398.22106434088914	-387.8629626976718	-367.1268375212318	-354.65821548383315	-343.8337851395677	-340.59064196533365	-340.60192894487335	-334.5670806626269	-364.5445404237296	-446.8162464544338	-327.36492769985057	-978.5155579083755	-5826.129268175571	-9439.996135204658
79000	-419.15562969074875	-411.0981473661674	-403.8977453564316	-391.68981666509603	-381.6557666528508	-360.1063601807778	-348.05847759286934	-337.8314969172162	-334.0505206632068	-333.97151010067296	-328.8265041835128	-359.98067946448515	-448.6611127613639	-320.258905071167	-999.9498452242467	-5824.137773225157	-9654.088218338171
79000	-449.4142629485834	-440.68160749726894	-433.9550729266775	-421.7376825725662	-411.7104567182182	-390.8285414202347	-378.6451786311089	-369.6962775325483	-365.8730842799594	-364.6331825133953	-361.9694804167386	-399.7384928857161	-502.16878630512633	-350.59942320743113	-1089.5796537119961	-5962.813526899645	-9774.204214303054
79000	-440.6471047583404	-432.74683266016126	-425.7598341385581	-413.53666025173493	-404.01706707401627	-382.6915156599456	-371.55720654157375	-360.70186127113453	-356.5615889344892	-356.7140448708254	-351.97338323516425	-384.41894434079205	-478.81423714927865	-343.06258585882495	-1032.270535300899	-5856.177622838986	-9448.105937218517
79000	-477.681147647875	-469.38402813123787	-461.9675006471405	-450.45613083999115	-440.66036688714615	-418.3739176541834	-406.8249817979309	-398.28035242123445	-396.01080936867754	-392.4994650652447	-393.7534167906953	-437.6735730478084	-546.9645588456939	-378.03031362427265	-1207.6623053275957	-6311.077544833198	-10026.346040602539
79000	-466.62032790348155	-458.52371333816876	-451.02278586762435	-438.6858558597604	-429.88391715738277	-407.1985379120235	-395.8206981639009	-386.16613131112086	-382.3548781222401	-382.69530564463156	-377.0281450407065	-413.04651030079316	-513.0123770333374	-368.63920117437783	-1170.1919307994801	-5944.4657728903085	-9650.435893346217
79000	-459.2808467542034	-450.24745816440236	-443.48372709596794	-432.12537210495066	-422.2789831160578	-400.4421568589915	-389.67717499484866	-380.6687104691341	-378.90015356729475	-375.4223934592796	-378.3234145174423	-428.5356263178006	-546.4240428497623	-364.46168565900683	-1185.8569619668451	-6394.088479999135	-10302.919184122557
79000	-438.98542944541884	-430.56582723478544	-423.937498133062	-411.5567931332264	-401.9831001005275	-380.3359433628134	-368.9767605254215	-360.22292106119096	-356.25173626697426	-355.07022590100877	-353.5274789279493	-396.6056797292226	-511.9272489112278	-342.611597248112	-1064.7311790884928	-5976.406197712103	-9797.7897363671
79000	-426.4538336666507	-417.6808878902981	-410.7640323500826	-399.708282245913	-389.4108981280778	-367.318524007704	-356.73843879698467	-347.1396501487362	-345.5437861987661	-341.6425763297136	-342.474974225194	-387.72369963202584	-495.04929601505876	-328.05429445072235	-1054.7975575262901	-6468.227640181361	-10379.306705473706
79000	-459.4722086761669	-450.93616274518536	-444.43138806779524	-432.8868077702838	-423.12752200407436	-400.935600927151	-390.34295083998705	-380.21132097946855	-377.62842189588656	-375.53601126191694	-374.6707676698232	-418.6222074896033	-527.8397114995224	-371.7874452772135	-1144.2922048824544	-6075.292457378723	-9879.349969756058
79000	-444.759048987631	-437.29225503808067	-429.09571072436364	-417.88065985994365	-408.06070874096685	-386.59986805668103	-374.5754016684113	-365.18869723748116	-362.40648605495903	-360.7646043104737	-358.6710376684129	-401.7384008895949	-503.3708745971194	-347.4170939927533	-1061.9230972598887	-6154.821918818351	-9974.182855637118
79000	-457.19422012062233	-447.80443007623137	-440.5790855272472	-429.0695205332024	-419.60868202412615	-397.8832951090856	-386.52487101080317	-376.821342442316	-372.8960437283933	-371.99388922471536	-369.0284904662376	-407.3867428614509	-503.61942667425575	-357.2298159850266	-1145.687049852362	-6024.043387246632	-9756.013444087139
79000	-427.0780667103891	-418.2366182340142	-411.95665071971797	-399.99443208151035	-390.15494856822755	-367.8877519851537	-356.1280024914892	-346.4930171544729	-341.728020776388	-342.1467294440518	-337.8404276810944	-372.20399757877766	-458.40357893311665	-326.59876722640524	-1025.2241713614824	-6037.51321366483	-9859.09213578343
79000	-448.63581182696026	-439.1642896851053	-432.3743329176062	-420.8583024611986	-411.00927607242687	-389.63709911288714	-377.701600428517	-367.68637487909973	-364.4050963267524	-363.8326461654273	-358.7079276084634	-394.536714885038	-497.277013436445	-353.2645653811553	-1065.8864991824807	-5792.5253106700075	-9412.77376803668
79000	-442.22526931248643	-433.9849803688638	-426.45281308471823	-414.29637651840494	-404.07405133876415	-383.4489135509356	-370.94793591942937	-361.236928376582	-356.49538410397344	-357.6253660095801	-349.5531953549768	-378.0743610524324	-473.5742511147383	-345.0426586369278	-1006.4742742537849	-5550.679434943821	-9115.41909724239
79000	-432.95381885020396	-424.9718549258371	-418.0394277810224	-405.1088565968654	-395.79647600688565	-373.47554544244235	-362.54912715832535	-352.91349456589603	-349.8669655592774	-347.9707238809918	-345.65669789260596	-384.5422678870873	-477.4626209190031	-333.7041959038573	-1051.1939409138945	-6031.212696169917	-9737.913869923073
79000	-403.6695291678986	-395.11766265695434	-388.12563119491955	-375.98366028928115	-366.098782821683	-344.3167849581117	-332.7291178321951	-321.9826863807052	-317.5975506670721	-318.15539438442846	-312.3193091393428	-341.608725729099	-420.33339305134484	-304.34934607034916	-935.3667984136531	-5814.784442855644	-9523.482441931901
79000	-450.95202330205234	-441.31202889136006	-433.87368171600184	-421.90138715026444	-412.70975481786434	-391.57824645524175	-379.5287514906066	-370.5386478524725	-367.72567193283834	-365.6491243275868	-364.12092833739433	-405.738777846194	-511.49246297617447	-354.46191825006764	-1068.5243373535257	-5930.649673112939	-9743.04320510951
79000	-438.9562429331183	-430.04279533287894	-423.1309873375181	-411.1271433872274	-401.94919687095376	-380.54440495463473	-369.3271711344301	-360.06122158636583	-355.195029881836	-354.4743816309295	-353.2603946777387	-394.4868495826253	-497.5914085107889	-342.03006617408937	-1094.527218539327	-6157.810072160996	-9927.20787893006
79000	-415.95574019467716	-407.96350324861595	-399.8852191797109	-388.559983308101	-378.3552857849089	-357.299472456267	-345.4569978853916	-335.60492670218576	-332.3676649246152	-331.2746998284295	-328.7832713369725	-364.51495087941237	-459.41236294585576	-317.98588299610503	-996.1455748932832	-6033.165211798631	-9896.210619519858
79000	-435.00755710653425	-426.7977534504913	-419.50330283426496	-407.27889936375095	-397.43134339728226	-376.289134538047	-363.7610771252592	-352.6247885587614	-348.4963262208761	-350.619212317596	-341.8651575601571	-366.8564120553876	-446.1107074126599	-336.12617560031345	-998.2703273352533	-5542.214652415222	-9057.639843932935
79000	-425.10074664050063	-416.77572898140295	-409.3110041893222	-397.83249965620064	-387.7533465809988	-366.3418090770523	-354.52501087454414	-343.73619077498233	-339.4841893276378	-339.7654877273047	-334.0516546454115	-363.3546914911126	-452.5498586940197	-328.9494209484945	-983.3866854337844	-5771.685577747488	-9534.341282913316
79000	-427.42150339447085	-419.19236660279523	-411.9997659932114	-399.7119047763325	-390.05457161742885	-368.0531361672335	-356.28186916415507	-346.13860546917215	-342.52104897670546	-342.0263154665654	-338.3670586358259	-372.2892549532029	-457.1791830800767	-327.4645961803318	-1035.080636694642	-6144.884378159687	-9882.33696400724
79000	-462.9588172073241	-455.7484059209624	-448.24484965091386	-435.61915478153844	-426.21176717517244	-404.36487273442697	-393.5524982465401	-384.2709928723756	-381.1561389717081	-379.0717906414437	-378.91002480896344	-424.62373691289446	-540.4070208388375	-366.5915485911418	-1190.1077499042372	-6311.907298240229	-10045.840491342227
79000	-446.55851432265774	-438.053794494018	-430.5679957915584	-418.48838486052	-408.7020117176677	-387.88597261327766	-376.1425792587853	-366.1232898302723	-363.19509290746834	-361.04606063401496	-359.9588701379215	-401.3014739117018	-517.3702449603977	-348.004493097166	-1104.1067593978821	-6240.992506166509	-9947.853945804145
79000	-407.5906350271348	-399.4254533955047	-392.8577527569776	-380.52856747190947	-370.63567937296705	-349.52390432804316	-337.3109547766423	-327.54552000021295	-323.7090660057026	-323.8155267452088	-320.3000619454916	-356.7943782026611	-450.5995016187896	-311.5298757273911	-980.2310928297115	-6098.52983849809	-9950.772009410257
79000	-434.8755316104019	-426.0484563205718	-419.30830626606104	-407.4721317715291	-397.41789506125787	-375.8017016746073	-364.57923136703096	-354.01263904579605	-350.3030157148697	-350.50750796451285	-347.3922040167366	-384.69067325446525	-490.70265993310994	-336.50280481972663	-1029.790011805335	-6119.668176805872	-9848.900597475615
79000	-481.7617828040926	-473.29340697662377	-465.45137908561	-453.8868210219225	-444.52464296510954	-422.20035250079366	-411.79677438491666	-401.43236136998905	-399.8726354177608	-397.16827373222844	-396.37200903808275	-440.11234897943416	-548.975311850449	-381.8431884417868	-1263.4250221660966	-6249.692600809994	-9962.419018864059
79000	-415.6483231625818	-407.46058282216194	-400.0751773486407	-388.1266424107239	-379.1379799437622	-357.12147273591927	-345.47491003855475	-337.0095744482418	-334.5768132558876	-331.337973999714	-332.2582981287329	-374.0867928000897	-478.03238237664544	-321.24322373198254	-1016.6557500195786	-6211.963038527786	-10065.488065658521
79000	-473.6530951951553	-465.92062975669717	-457.54937743548356	-446.1324254108421	-436.7070924918665	-414.99583343311434	-403.3297175162683	-394.7161224564415	-391.23669488974264	-389.03821561673135	-390.16882625161134	-436.77547730410635	-548.5607992158513	-373.4120343327362	-1218.0482105249919	-6317.6820057851355	-10085.756870245306
79000	-456.1856312311263	-447.7149987004801	-440.231044179404	-428.1847419568778	-418.9521828770414	-397.4548359146609	-386.32582644703234	-377.190092148088	-373.8804701845603	-371.66256565076947	-372.0523085926852	-414.5056424088752	-526.9158709600051	-358.0288157513133	-1138.465176914963	-6299.758021931928	-10090.6932363103
79000	-422.7342137617959	-414.4018901757635	-407.44959924363303	-395.53222501553796	-385.5807552636101	-364.12038725176046	-351.6737547558195	-342.4696046472623	-338.2402616210706	-338.09974660202647	-334.4017016771829	-370.79941144691657	-459.21412066398165	-324.55823748576375	-1030.5656642233857	-5902.894780492414	-9751.983891395392
79000	-445.54863201062005	-436.9240204614738	-430.1272617507032	-418.04956416844595	-408.6210737614192	-386.09021322701483	-375.80993752872473	-366.43811466378384	-363.5279721513747	-360.4258848693221	-362.59111259635483	-410.2835235928668	-516.623824149147	-349.1464813689644	-1134.9851960840183	-6571.472319568861	-10471.221874057643
79000	-424.9898216629459	-416.193537350147	-409.2190489217963	-397.44700798647807	-387.6253219833908	-365.63607258286663	-354.6235457554769	-345.86255469465317	-341.7759079566958	-339.79360439945503	-341.056542487741	-383.0440118254419	-489.74255796235155	-327.839468598764	-1065.6410443836864	-6040.878402324887	-10029.210195489386
79000	-459.261310199501	-450.915310978105	-443.21826115228754	-431.2755392795319	-421.02936387559026	-399.5295621773337	-388.8650918299471	-379.26229937380816	-375.894837883944	-374.2670132716666	-373.0974128116707	-414.9574725383458	-517.8249166845244	-359.4650250796605	-1140.4625471628347	-6207.234014101661	-9980.228810552895
79000	-443.186684555951	-435.05980951474294	-427.0197500104004	-415.2655574504146	-405.82234743751474	-384.5283935196203	-372.2366892067113	-362.42831329184327	-358.34738277973145	-358.1799744411997	-354.36416184412417	-387.50081199884755	-474.1860064081428	-342.8758847434224	-1060.7030622593084	-6350.636988942852	-9956.285573314277
79000	-448.72566591466364	-439.189409916266	-432.28756636696556	-420.07966838420657	-410.7127471512665	-389.00104305167497	-377.14250813063103	-366.78575934076775	-362.69532419811895	-362.5447581388057	-357.88400060702	-390.8692306671883	-488.150009742684	-348.32318739025845	-1067.5386384286542	-5956.263122187765	-9526.127726317194
79000	-397.2866631703884	-388.6848886098141	-381.62092869637735	-369.4974613810381	-359.4040475317854	-337.9567528600519	-325.86159066604944	-315.4101964938886	-310.6314760892634	-311.8872896212821	-305.0714242832284	-330.8829717407897	-410.3797211206859	-297.5169554034652	-907.4844930529456	-5825.812912574132	-9477.147212513639
79000	-430.9782518946604	-422.5334534036154	-415.2489753369802	-403.41525829302986	-394.08050487031596	-372.120403500134	-360.8607226868834	-351.14606569801447	-346.94183593195106	-346.3312363892677	-344.133332419693	-383.1792021222335	-488.7151369530408	-333.8151012149924	-1032.027338476528	-6236.4273285153995	-9992.958372320123
79000	-416.3389972229279	-407.21470898848315	-400.8261632058265	-388.140920559803	-378.2452694524359	-357.3078801188076	-345.3814843572532	-334.2579130300969	-329.6120967705616	-331.1859632256075	-324.9559246545825	-351.81985162274987	-446.1183209384113	-317.79001598705673	-970.1914172249523	-5604.728738408709	-9289.94049245264
79000	-424.7045015909055	-415.5167958530421	-409.0767329732402	-397.5039642036677	-388.07089797437806	-366.2387083506195	-354.58905802377467	-343.5831059973962	-340.4257711350395	-340.5180798556064	-335.7604704021339	-369.30679855098435	-466.77057405205375	-327.69018069978404	-1012.7890893346131	-5877.873587202741	-9573.137241881454
79000	-474.09837501017057	-465.93383217553225	-458.25991311944784	-447.0829946155285	-436.2033261517971	-415.3091285523336	-403.71527564323065	-393.9326911344169	-389.47535205016555	-390.7173551863717	-384.08090405928505	-416.40990959210365	-519.942719878247	-375.9074533242082	-1106.8589843822876	-5814.901995304235	-9307.445030782585
79000	-466.432869705409	-457.8265414607651	-450.73425870142586	-439.5220565557705	-429.05331659889185	-408.76866607262957	-396.5402719283314	-387.91232161015256	-384.72941664126444	-382.68473323063364	-381.90848900088315	-426.25236435616057	-544.5704340455325	-368.89489780125524	-1169.7124336425215	-6451.946178004028	-10127.09163193001
79000	-430.17029457330017	-422.38161651863385	-415.177435431633	-402.8264507218938	-392.14482088228993	-371.37828000439276	-359.5902464645385	-350.61128198843926	-346.2387091726234	-345.6485471255889	-343.1368826971153	-381.7782499856587	-482.3458780244035	-331.94446607748665	-1075.0609933495525	-6277.375031568037	-10101.109671810653
79000	-405.13772361281707	-396.69981439723273	-389.14060390617414	-377.4694914885067	-367.1691768106523	-345.770471202488	-333.0451065666358	-322.18404973454926	-317.879190086349	-319.61228721317815	-311.19918509999974	-336.14471902104714	-408.9086266328363	-304.44876845293237	-917.7270239677734	-5658.756530143375	-9373.90238258896
79000	-426.7975930855751	-418.6197043742569	-411.5432102927563	-399.38147355096953	-388.57350054561255	-367.79023711985644	-356.7711416645432	-346.28527363331676	-342.4506400927035	-341.94929707808006	-338.6564987964855	-375.1970522746023	-470.39329588349693	-337.77832046149626	-1017.7462456419352	-5849.797897993781	-9527.051593169626
79000	-396.49001678679036	-387.73732575081607	-380.70845966171674	-368.03735875642747	-358.2495944843841	-336.84283330957646	-324.76237153435824	-313.9280726057709	-309.1200576829605	-311.033021183092	-304.0364319459396	-328.45205783710907	-407.83773504787996	-296.8230789474706	-878.6328640713485	-5682.016689368928	-9440.752305819364
79000	-416.6460392389551	-408.6383062476354	-401.3883901130152	-389.5416058671167	-378.9853544936827	-357.5068774568737	-345.41803483805813	-335.072317432627	-331.04455102517426	-331.4851432293602	-325.4864816195156	-353.75659270739976	-434.0662636978213	-316.3988591299249	-997.0909796135693	-5791.800450584414	-9517.821871780308
79000	-436.30570575106645	-426.8873959795053	-420.7286961711921	-408.3712891048948	-398.0930157315278	-377.2307758353353	-364.963561978875	-354.46356612816413	-350.68104560693735	-351.26046150397787	-345.53331437924516	-377.8284058579318	-465.2271819864657	-337.00382719766674	-1006.7718547331199	-5884.9497151809	-9368.694982732555
79000	-434.99457078579024	-426.86429637987004	-419.8883211833905	-408.1774829836088	-398.0620028651742	-376.8197283018795	-365.4381087600133	-356.3651791860372	-352.6749523370359	-350.53449201698527	-349.94312490879446	-390.19401020440733	-498.02079200243156	-336.26542664290827	-1065.206096150008	-6320.928415566393	-10157.340816560532
79000	-428.4366735785453	-420.5021874250044	-413.431111006452	-401.7853058136135	-391.43178688177846	-370.20727709207125	-357.7414122396385	-348.04360118441423	-343.9164857319631	-344.141209278605	-339.4324167160594	-372.06604945360374	-465.5854481659471	-329.2562398622865	-1044.7230144417597	-5793.73040550814	-9514.810229964713
79000	-439.9882075178521	-430.5349268741638	-424.02048715948075	-412.94858944331486	-402.28357594306345	-380.7519622994699	-368.96101161608993	-359.6238050037117	-356.26854220302044	-355.3046100521906	-353.36751819655336	-390.5894492461107	-488.1974877314732	-342.2563930381661	-1090.5744215542463	-6031.913635142746	-9857.80490688234
79000	-422.4071682651876	-414.21989011636816	-406.57633681300916	-394.78224976564	-385.42888309697224	-363.64864995948994	-351.6427142101555	-341.07565444395203	-337.77315317666216	-338.28827446297663	-332.22557005696007	-362.6807072706348	-460.3111037267117	-324.82995189778666	-969.9083225856083	-5674.985270462783	-9266.511953158855
79000	-449.531564505404	-441.3070746743795	-434.39399665008983	-422.77682133064343	-411.94801117170397	-390.5203457136515	-379.1149838876447	-368.35289085473164	-364.40795417457383	-365.3780132693221	-359.33209593440847	-391.96295234391874	-498.6776733483103	-350.5191540005677	-1086.7450136210873	-6048.187980392539	-9742.073087543049
79000	-446.35116648690234	-437.9095051253973	-430.8182447341698	-418.3416582659572	-408.4730613680861	-388.1509844149015	-375.70308036738214	-365.7399783119123	-361.4183347957703	-362.8185728708379	-355.09024912294564	-386.7530017143131	-479.9831974595338	-351.12810045321993	-1055.2897006537992	-5738.162414475708	-9281.074853602644
79000	-411.664473978581	-403.0108552234217	-395.3878500617439	-383.2453516021599	-373.7442203919214	-352.456931390268	-340.23919371644774	-330.45344617964844	-326.44780723133124	-325.82053254337734	-322.7125792834082	-357.476179945536	-448.67181715078834	-311.76747088421143	-988.4979496809905	-6128.063145345701	-9958.20024118291
79000	-425.2723709552691	-416.9816917892385	-410.09728173978505	-398.48892806811614	-387.7091574200772	-367.33746208647506	-354.8148670296231	-343.98131892037145	-339.857601586261	-340.8720244202694	-334.2479523329743	-363.94838542644385	-460.6304988057968	-327.1819076805493	-988.9234058322711	-5763.194868936869	-9544.73845804595
79000	-446.5333327855105	-437.9623013304906	-430.5882386298187	-419.48934535414287	-409.26974730106195	-387.8656324626125	-375.5954551734302	-365.74210857116356	-361.808553566658	-362.0572759190158	-356.75744932452454	-390.8201592922014	-490.0485139607371	-348.72660806769727	-1054.1446839637504	-6000.545437561588	-9680.539233047644
79000	-450.4587174728645	-441.72187098149743	-434.5871475713788	-422.6508636359347	-412.98372642905974	-391.32042092814186	-379.30237934890255	-368.4245032691688	-364.628157222077	-365.90971915194945	-358.44569533307754	-387.7847946451148	-474.771170659552	-350.2907500327977	-1055.3989306067617	-5690.80503259367	-9273.96207745154
79000	-428.49697329284794	-420.2487146091689	-412.90286249147897	-400.23172731190266	-390.778365770029	-369.7412204636262	-357.67611649177957	-346.6223035023932	-343.0167916543833	-344.1236927354241	-336.56953012508495	-366.7779617211876	-464.3978106264398	-332.04821413468693	-976.7654817836943	-5578.403501668563	-9139.514919740246
79000	-433.26839649167584	-423.7609842914406	-417.79789212164184	-404.96732438442234	-395.8152341356897	-373.69739749389674	-362.5523601985014	-353.0282934641443	-349.73347974869546	-348.40699158028673	-345.9715647246838	-384.5471932686216	-481.9118984927651	-337.25265329954084	-1027.0751994656973	-6096.781546345089	-9860.242066240718
79000	-437.44509217678836	-428.81896807091687	-421.3296730398511	-410.4602274533238	-400.1813445756936	-379.3693126862436	-367.9268958878859	-359.2153548606411	-357.2312207942335	-353.866313784564	-354.6756415135273	-403.70705371422645	-525.5533467309863	-346.9118751838505	-1075.9671486294474	-6256.466349694555	-10238.094298055228
79000	-421.2030182970617	-413.148206337246	-405.01290690685863	-394.0848056827665	-383.79330700899106	-362.0022265303399	-350.55694631024096	-340.59038104912753	-336.9791182012258	-336.51005306422275	-333.88574292947794	-369.3818272045462	-456.5686150679695	-320.9976149545104	-1037.659050029255	-5995.704931370238	-9765.924816199951
79000	-409.7692705656704	-401.5985812835209	-394.5389707198744	-381.8072832989876	-372.2573368171014	-350.79923813457754	-338.4597113173028	-328.5243311343528	-324.8512804472703	-324.7273256150448	-319.2777838538216	-349.8434324412097	-441.60568569973583	-310.5318493318662	-975.8126320801288	-5925.802350337069	-9783.909773278256
79000	-430.361837395817	-421.7392913077062	-415.32561988117305	-403.6657617357903	-392.59149894431715	-370.9080334652796	-360.4610126919309	-351.16357633650614	-346.81149524824394	-346.1530787829361	-344.0715286379224	-383.05603753707237	-481.79488035074195	-332.3738028766657	-1062.8864267577992	-5959.615020333737	-9804.33407391982
79000	-454.91195930543114	-447.4609104084103	-439.63555226516854	-427.8863584603665	-417.9836841222997	-397.39633973813557	-385.7383618707517	-375.78539072344023	-372.3509403421136	-371.59834995063625	-368.5298324466177	-405.7655292606478	-523.4517710751103	-360.02140855577755	-1060.878748957341	-5854.160399007391	-9658.938083926323
79000	-436.3326997949985	-428.10323463398083	-421.22250161832943	-409.13898891865256	-399.00806562306263	-377.2805796564988	-366.11839802777104	-356.0393565485917	-352.0912936501375	-351.6874944697376	-347.3961235792713	-383.4833492153336	-470.42590962230463	-338.7162978796177	-1037.4535380154095	-6034.068403594758	-9814.198751768012
79000	-430.3021851640802	-421.73551245839633	-415.4343795609644	-402.8173081124422	-393.1778016502167	-371.79905993042183	-359.85098833728284	-350.9684643050243	-347.7565936188208	-346.1045487225039	-344.16908592478507	-386.4497738946972	-491.7524839205653	-334.587341988472	-1049.8963344268197	-6094.528440013751	-9905.646748656554
79000	-427.9890536005789	-419.2777421851573	-411.75991201280596	-400.15530734531603	-390.2460028299598	-369.3483748327271	-357.43733251794276	-346.8446752971315	-342.8618885752674	-343.2013412307854	-336.96983819131316	-371.18019994240296	-474.3892872432889	-331.76647029437294	-1013.3144207645246	-5556.372210069495	-9298.51646816546
79000	-442.9459294438446	-434.5551464829471	-426.9589753841455	-415.2181346602505	-405.803964623558	-383.15626542224913	-371.87801085552104	-361.9997296738455	-358.0021343305372	-357.73688061886895	-353.3386405873082	-387.97992619644725	-480.08680469186214	-341.78093490350153	-1082.1093470089418	-6153.426330092837	-9926.541740377854
79000	-454.38200917613096	-445.4437075914722	-438.5644118890812	-426.83460950870324	-417.2223646643045	-396.0515770155796	-384.6619351378199	-374.8267187124425	-371.75813512591515	-369.72609391204054	-370.13152333534674	-415.49295933268286	-522.8838372463856	-356.8044716350774	-1155.6916653701935	-6347.459547032433	-10228.2401928404
79000	-453.9990249134577	-445.61053578447655	-438.17194215860235	-426.0186514054715	-416.326145197325	-395.01934958411147	-383.7934334445978	-373.4370920313123	-369.4009919597142	-369.0153726471669	-365.4959553255237	-400.4937586389856	-503.7399669423166	-355.6764577291311	-1088.2017705434828	-5771.605244573413	-9464.751143301615
79000	-414.9961123653787	-406.8203547764191	-399.2998153361737	-387.8650853852988	-377.51956629526404	-355.8405825480011	-344.5544953158361	-334.2820901973512	-331.308359626563	-330.6218584881899	-327.2812773731648	-361.1381124910875	-448.2174157751649	-316.1994841136297	-1007.1647639165764	-6015.021620034603	-9832.92022650166
79000	-417.9994544744047	-409.6626355540908	-401.7940330405676	-390.1118888107202	-380.52742527854605	-358.861172095787	-346.5757753036521	-336.7535218246458	-332.1417300842759	-333.535158971625	-325.7145555764767	-355.3813353191601	-452.52058114820034	-323.2294935316212	-937.9944677196953	-5507.986575038356	-9222.491838843649
79000	-426.7355221684398	-418.6313154427437	-411.7349116586268	-398.6247606713564	-389.46704748856115	-367.4678744339032	-356.9139429746399	-347.29331438786306	-343.85306969717124	-342.5658754929441	-341.8350635810381	-384.5232166081462	-489.22080921651906	-326.97959301332776	-1087.1800556016246	-6225.45506929245	-10046.77514464048
79000	-406.8002666415243	-398.36481928529736	-391.60054357206815	-379.5408383899587	-369.10463298341784	-347.24997753593914	-335.31188613287134	-325.2083680984258	-320.7480451756098	-321.723746103763	-316.75398700009714	-346.8121678874577	-435.0561638871988	-308.74211095938665	-948.8599844033498	-5877.279307399093	-9772.06159009351
79000	-421.55649669729684	-413.28732434828925	-405.7376707442107	-393.91102970860754	-384.4671298726258	-362.779345991939	-350.45887853015006	-341.3661693272947	-337.7827922352463	-337.0696710683164	-334.2879646619965	-372.48087536210085	-462.8840561541843	-323.03224043095963	-1013.1994731598572	-6046.701873032104	-10079.360168213647
79000	-428.5454430756781	-419.3183928107309	-412.1268475705721	-399.76759864561006	-390.3960309578357	-369.06637107889054	-357.18704462719796	-345.8109883326414	-340.97078777883064	-343.183401067044	-335.17293103956405	-359.15582104752986	-440.2109704069495	-327.89035479515655	-1014.7521517589455	-5701.18490557131	-9243.051201439313
79000	-436.673318679527	-428.0174152273931	-420.532539316641	-408.0833177564019	-399.32745412354643	-377.66866849001707	-365.9185335764381	-356.4837052826083	-352.6936662006766	-351.81725243707143	-350.0388777603233	-389.7567091697569	-502.0851604344105	-341.57336448172026	-1069.0075200026367	-6020.328152460809	-9824.306168026584
79000	-443.5836124854289	-434.64846485994934	-427.64802063085375	-415.2461054507405	-405.8936748113464	-384.4855956188324	-374.03947177117846	-363.6864912226928	-360.0506583453996	-358.5374389316803	-356.76570195821836	-396.765308665095	-509.23765984930384	-347.0692813648894	-1035.5571047870803	-5881.714818544732	-9716.176455290097
79000	-476.9838874057362	-467.9088914019715	-460.62747551709475	-449.1446071543885	-439.798391988087	-418.5069191654955	-407.36382843690325	-397.1816805429438	-394.32745133486895	-392.2015894043666	-392.73739288372946	-434.9323743389444	-550.6030977567608	-380.7951927262747	-1180.1016713269537	-6276.232121924628	-9995.810499415755
79000	-424.682688592562	-416.31853601628154	-408.9333308900328	-396.505690617219	-386.8979440659816	-365.90437332256136	-353.3998116854851	-343.48209516559376	-339.6781474812192	-339.84293962487294	-335.1417796156277	-366.6107304961169	-460.21192451695043	-325.8902419906489	-1007.4094104964546	-6030.8119587984465	-9646.137166058477
79000	-408.7103352291053	-400.6439129094716	-393.44586575365776	-381.0226285998406	-371.50054429449324	-349.27093542751237	-337.5472169113791	-328.3064211684494	-323.23067825338507	-324.2766960768032	-319.41467934579657	-352.22237489531767	-434.1015103849081	-310.27616026798734	-954.8887845003967	-5895.39987692724	-9636.76572408782
79000	-446.5061006826599	-437.09017187810053	-430.70010493586227	-418.2337763809978	-408.9983202131671	-387.3073179280499	-376.66631662442813	-365.9306722901371	-362.0107339087611	-361.3277260038187	-359.9769987520017	-397.05519476785554	-506.4208480252139	-348.6165798437062	-1084.8080407384248	-6081.187517718038	-9775.048854186596
79000	-409.6390594845128	-400.31147533553735	-393.83640553256834	-381.60861398196664	-371.93597528016454	-350.3562869694154	-338.00207343118433	-327.5605733625371	-322.6787431713974	-324.7455520845284	-317.21670621897783	-341.15760633552793	-417.55248401509726	-308.72964526284	-936.7868149781536	-5484.681995616272	-9332.181698078422
79000	-445.63732708726786	-437.408315091548	-429.7291131484994	-418.3985658346337	-408.31751587098245	-386.385552571976	-375.2860002684107	-365.1405378136863	-361.56020659111016	-360.8659942130216	-356.33906176272325	-391.7014037133114	-488.24970304195557	-347.81510675166146	-1080.5847320492771	-5833.29180893989	-9414.071855557955
79000	-401.0155680634173	-393.04498170111106	-385.082793183	-373.2285049410996	-363.2115887247703	-342.11053509816725	-330.2631431767098	-320.13852702902	-316.00226730612354	-316.30605479688296	-311.11949301479444	-343.31738043611676	-428.8115952882136	-301.56553476396834	-955.2131851174884	-5742.015000539295	-9678.560919740225
79000	-442.8167070773336	-434.2833344341633	-427.4906484437867	-415.35642405957674	-405.29179993212233	-384.39691539816795	-373.5097550984716	-363.47063043022075	-360.675673675093	-358.70480489886745	-357.174882948913	-397.60110590793187	-497.34169935674555	-346.29619710594784	-1080.5434204683668	-6077.301649403907	-9854.21067011617
79000	-434.79312964684556	-425.9874026491566	-418.7756666606336	-405.90302786365464	-396.9863971816092	-375.51974224718316	-363.14972068418103	-353.8546156364232	-349.8601047400459	-349.04438199767935	-345.4715716343679	-380.0396439801378	-468.1360384631677	-333.6502503830624	-1054.7848151502103	-6025.383311532034	-9798.767549669903
79000	-429.01182258487023	-421.1627605461694	-413.2657291936021	-401.76593178774783	-391.8849731074246	-369.53224044218507	-358.5237745977467	-349.29432238278247	-346.1436938202693	-344.7294423749888	-342.55950285963587	-382.74658808644637	-482.01691381168285	-329.7451667977755	-1064.2061793594478	-6017.869101191057	-9866.490537519854
79000	-445.3711761166294	-436.9788851409861	-429.9431758076934	-417.5418811376351	-408.0406710257651	-387.65049517990235	-376.19603974596106	-364.5029951024646	-361.2197253320215	-361.95129021817183	-355.7421342707707	-389.23272707058226	-482.3714486240288	-352.12107626322586	-1024.283137594187	-5801.122059328313	-9320.990670169527
79000	-431.252573250392	-422.38413985557787	-415.69217152128004	-403.35636181593225	-394.03300635573424	-372.33684968878555	-360.398726145597	-351.6139319058723	-347.8059796114296	-346.57686609316255	-344.07487777378776	-383.85838332106357	-488.1380543672129	-334.4457649452674	-1039.9331213925327	-5957.002063135219	-9791.134638621506
79000	-428.76730359722546	-420.4881935693857	-414.23599408952094	-401.37082907697004	-391.4767786048594	-370.8684870242641	-357.67458846068945	-348.6885179724028	-345.0772021736005	-344.52009207323505	-340.5047728941338	-374.7863716154929	-475.5765206185826	-332.71644917192054	-1010.6887885515563	-5979.7694736389485	-9669.704200934893
79000	-450.753077853655	-442.85504076782746	-435.9957637797375	-423.9189401244654	-414.0329918336259	-392.6985115614537	-380.89715888768535	-371.91026246457756	-368.16723689846856	-366.43238586352976	-364.64784603240133	-404.95230573667385	-505.6966084068294	-352.7962795997327	-1100.932746373873	-6068.137332198436	-9909.66938444627
79000	-422.4649523396545	-414.32226204424194	-406.57854341617605	-394.7865935077963	-385.26422747702	-363.84646706457323	-351.2749861177823	-341.7017435666479	-337.8290378423014	-337.7446074353259	-334.3278352384438	-370.41189918636934	-462.36757592156107	-326.6363681369398	-1012.0834524676884	-5936.041421000193	-9633.868362808525
79000	-429.85746721783585	-421.4559584987272	-414.2834654179151	-402.9376666416192	-392.83604852882723	-371.3938622389779	-359.7127455208047	-349.34703878945754	-345.8964777132348	-345.273872782987	-341.28222989423335	-375.14644648480606	-472.9509230549786	-332.6394964748026	-1056.0773567171939	-5940.508242453313	-9690.485357568565
79000	-418.8398277768671	-410.8601738916023	-403.6366235042795	-391.25268954235094	-382.177537985772	-360.31907794165494	-348.3942822103213	-338.38832425923266	-334.95100000395854	-333.94282928040576	-331.5019329699529	-366.1399307181669	-454.6996189004821	-318.7436653290196	-1042.1707072753936	-6051.516058441989	-9817.13907980656
79000	-403.04652982217084	-394.0591683053581	-386.792403673906	-374.55057243684234	-365.43866455616103	-344.028713272015	-331.2108737413814	-321.2545679182723	-317.8196760319974	-317.39998290775355	-313.68153666835934	-348.12617029745377	-442.6842191061796	-304.0021711439064	-970.9543931069512	-6005.715085036129	-9760.442173697224
79000	-439.21674217290706	-430.74291767943555	-424.00210996433003	-412.3295311051362	-401.82935816515834	-380.344211435683	-369.40392558706384	-359.6935592654717	-357.1855251101591	-354.67679727134856	-354.91013116866543	-397.10692732153353	-496.620686792485	-339.8594289138351	-1077.4547481529974	-6348.215810279307	-10274.017343193042
79000	-427.3145801862174	-418.7934537415131	-411.9410678077315	-399.2250554563634	-389.8650325958881	-368.16043825704764	-356.08189624171183	-344.502680088836	-341.0049443349179	-341.6325594688026	-335.2666299783807	-370.6330964391611	-453.785148368762	-331.2164706760652	-1002.8903368558576	-5801.805713698989	-9475.412984141616
79000	-398.9920962566917	-390.9041036504956	-383.5086541219227	-371.87895224485135	-362.5206982886887	-340.3236904908161	-329.2979784581877	-318.96123427904513	-316.21510605177815	-314.30184399838805	-312.72695314872885	-349.9247877327262	-445.02968322409384	-302.96595010430656	-951.4845906494687	-5893.780149599075	-9754.613228893384
79000	-455.4567693250958	-446.9610765920278	-439.7687571644885	-427.68226080000113	-418.1211864792697	-396.89250430700673	-384.48432282817447	-375.96249460441857	-372.8393837305242	-371.3624601632788	-369.1824324012002	-408.23181437689124	-514.870862171553	-360.41285787179754	-1113.8123479559497	-6003.760926620595	-9653.99150942358
79000	-457.05285090925946	-448.65302863108377	-441.56896374513457	-429.68064401220863	-420.0185190836825	-399.46572425828987	-387.20324580821733	-377.9550219550218	-375.19819436250185	-373.4524543873444	-373.45326004044375	-418.1465405890794	-530.5900719468933	-359.67316076308816	-1170.0651344099542	-6298.572114514264	-10156.962220066654
79000	-447.1170029657071	-440.1389157841438	-432.2701266854012	-420.6629934852913	-410.34462238185404	-389.169942485996	-377.38181571781354	-367.5757781216382	-364.37858251032696	-363.4323895273285	-360.1721703047235	-397.6296019903615	-490.02494791310085	-348.9889101881471	-1096.8829121781748	-6232.5724325036645	-10080.400914674987
79000	-455.4888975066235	-447.1095151968949	-440.7830303722507	-428.0710871495371	-417.87411350203683	-396.456507096928	-384.8613531418005	-374.5878137703107	-369.78232043771817	-370.40158344210937	-365.0380935265277	-395.50245182850847	-482.50590223254534	-355.27027897912427	-1093.3216649640947	-5885.843094474756	-9568.980329937978
79000	-421.64488470702923	-413.01110279360836	-406.5812635855187	-393.79322362655	-384.03285966256504	-363.1049565045481	-350.76336769711963	-340.10209743266546	-336.1237299496281	-336.5289459761178	-329.8338000270042	-357.88658485509336	-441.0909612142939	-322.02063169865727	-947.4003421397562	-5678.045942272091	-9227.013317402472
79000	-415.6787277428666	-407.26158574823836	-399.8521123906309	-387.58860845575225	-377.5621153444436	-356.3531422245071	-345.1359012452233	-335.10143249398186	-331.46119085040345	-330.2728121753781	-328.5123231273646	-367.01413531937663	-459.35584517763965	-315.7406289062813	-1013.1012535693521	-6206.652251352371	-10074.135131263221
79000	-453.96454987053215	-444.8578414280264	-438.10502895993983	-426.74360688754905	-415.75476487028436	-394.7765518370088	-383.3432811514123	-373.3308497104182	-369.4548056377357	-369.83538583101557	-365.4179683391912	-401.5318025161657	-506.51451931163194	-357.83221396322165	-1054.389931111232	-5960.155325760565	-9566.532806956668
79000	-421.8988374134306	-413.2067391663172	-406.3008818933976	-394.0044665732722	-383.76407857848926	-362.26626302722553	-350.53216560634115	-339.3211768327078	-334.87951035466835	-336.73368812536904	-330.32000624252345	-358.28319221463187	-435.72507276652135	-320.5134940279416	-973.8162919488591	-5960.141345783735	-9739.599136420587
79000	-434.900702219103	-426.3793887713869	-418.77142930726285	-406.6624889258313	-396.55542353422925	-375.3008753333943	-363.8826678911701	-352.76487353966473	-348.8933023373028	-350.29347294557067	-343.75722268943196	-373.890563336159	-457.52884975551706	-334.1291900486169	-1036.785987050263	-5810.89110790601	-9461.76576749795
79000	-474.891320987199	-467.032235338425	-458.89790523174776	-447.0262682908508	-437.4179089419659	-416.22282476971503	-405.4628389425368	-395.917685774092	-392.7491576912544	-390.0259462890878	-390.40812965477517	-435.2778020467194	-540.4267184269838	-376.1799613185968	-1197.5648991290814	-6462.605028596717	-10222.871965202072
79000	-423.334474501038	-415.36305653455474	-408.3314497260928	-396.0029252112796	-385.8361279395903	-363.94067280117474	-352.637512670726	-343.06669708621143	-339.102550469655	-338.31665446675294	-334.9157582489661	-370.97501232841927	-462.1882287064239	-324.26228728884445	-1027.6037253490988	-6151.725341420446	-9963.88788730088
79000	-421.2296841640042	-412.22322246175975	-405.2056662745874	-392.93783484355686	-382.99656064741896	-361.4294056670521	-349.4475365436419	-340.56333446760317	-336.85640462566937	-335.4203325577683	-334.5486039455068	-374.9533476518931	-470.4551974549138	-321.56043048836426	-1007.3038803538639	-6375.301055724448	-10344.190472395867
79000	-448.5891492135899	-440.6531806522331	-432.84118934530267	-421.26816684356197	-411.69447062963746	-389.5358121156578	-378.4007698528116	-370.2401709843146	-367.21546138974406	-363.9326849685365	-364.4855938620881	-408.49854680648633	-509.8972419723978	-348.6398920437718	-1140.960096780559	-6194.9110329565265	-10147.692888406582
79000	-425.7309891862321	-417.5064242375564	-410.66466203925035	-398.77652199093893	-389.2709706233023	-367.24505939639715	-355.83773496823807	-344.91694712681186	-341.45326992221754	-341.5536221653368	-337.304500727781	-370.2367070577061	-456.5743709624982	-327.82705520757503	-1016.1194093012407	-5882.0611991908245	-9581.189763646304
79000	-445.9658677414319	-437.0680064603354	-430.08199189995076	-417.66176227633025	-407.8009149332532	-387.4577488119529	-375.37501663699237	-363.27846819622624	-359.49554747697925	-361.2119201520065	-354.3225607569311	-382.9574938090004	-470.49796635861543	-345.2531053736123	-1076.936699844858	-5856.498863697764	-9408.802191182915
79000	-414.4098760146727	-405.8765060478619	-399.0509024406626	-387.38775379889944	-376.92620664683403	-355.5469247871112	-343.84483073704206	-333.9215481031306	-331.2894315745036	-329.3081612170243	-327.3795285967953	-367.3557871649256	-465.2231815636927	-315.2634033381834	-1010.618988167218	-6123.949159410621	-10036.68559504553
79000	-409.0660896239472	-400.90336875986384	-393.3798797519847	-381.200534934835	-371.6015571969292	-349.8580446536039	-337.55702107771305	-327.4392657080831	-323.4489121521379	-324.3308082790899	-317.70807365694895	-345.44793933359944	-431.17791125308605	-311.5083789872809	-943.4390339216584	-5835.417815810583	-9607.714233675395
79000	-424.3635808395101	-416.1590891349565	-409.1013721374804	-396.61949035457667	-387.0790015787829	-365.84020477649403	-353.81633462435565	-344.13419049096694	-341.01501626613236	-340.1109688435805	-338.1244200062864	-377.96146238906914	-487.9092497291447	-327.99868235810635	-1018.4065019423964	-6019.212597578246	-10011.13794393227
79000	-445.7662443516363	-436.9209272141661	-430.245671397329	-418.7800489537145	-408.5066691739222	-388.1716355092653	-375.6209509737575	-365.3554468945496	-361.0543664304368	-361.80177478565156	-355.67729949849166	-388.7129521357307	-487.7245132215774	-350.4967517302702	-1012.2577322846074	-5633.356909803822	-9308.445275391823
79000	-453.78098688067263	-443.7708834828533	-437.20061965451515	-425.64428996746165	-416.3065733940753	-393.7414318571658	-382.6576563510399	-374.19384990974436	-371.9388587404861	-367.9742754581945	-370.2853934775529	-416.24406989372204	-529.1557066597281	-353.62871170603074	-1158.2554726667763	-6581.4445014376415	-10441.767534522336
79000	-452.4997882969598	-443.3136769794949	-435.8702238789551	-424.058620936986	-414.9766158523378	-393.3324320132427	-381.7742687096948	-372.02065473140664	-368.04707006304744	-367.6049936181744	-364.11465897048186	-401.740039022503	-501.2713693574715	-353.4830913001245	-1109.3656278410347	-5966.495135216462	-9609.184453184494
79000	-443.23174408357374	-435.2819480393458	-427.69068498162613	-414.9331764207253	-405.42688598308894	-384.58771145079277	-372.94659664846677	-362.906902959287	-359.6878888765652	-358.9201742117086	-354.50294178619623	-390.56609277410337	-480.2389559173137	-344.6519221430142	-1050.4561352726043	-6080.861221685132	-9809.8759752205
79000	-434.1634180686103	-426.1382159604294	-419.579961294774	-407.5821215742508	-397.4472808375362	-376.46378590091217	-363.92677340327333	-355.60141501860187	-351.8120130000821	-350.39583072667057	-347.5542211783334	-386.11771681005547	-488.5845913424177	-338.94974133249525	-1055.8009636636375	-5963.445727528494	-9746.313231380618
79000	-473.00328467774483	-464.6191998754864	-457.7548813588839	-446.2125271176924	-436.2856606378073	-415.05710940935444	-403.56055302210166	-393.78279596459646	-391.40813484119207	-389.71018412475723	-388.7265103483708	-431.89494271581475	-542.6640343191128	-373.4729421488591	-1170.5762635359074	-6408.045398099118	-10179.787886719056
79000	-464.0201575297913	-454.79871153319607	-448.5166870236762	-436.4439519631984	-426.1256733642582	-404.3232042397672	-393.8399085539758	-385.0085063139608	-382.83479714043426	-379.54372789172635	-381.75031191543457	-431.51468117571284	-558.3208822466775	-365.4094059349831	-1190.407639628	-6448.940001546553	-10418.73710380454
79000	-505.99603284478434	-497.64757962786365	-491.1792528440755	-478.72661473294374	-470.0718192510727	-447.1909847163872	-437.38774255936625	-429.14274870627315	-427.4239970608198	-422.17590319880003	-426.691650505014	-485.9907932174171	-621.6222645546528	-408.73798367072135	-1341.4090456023941	-6654.65766342612	-10534.767603698978
79000	-456.12645648260366	-447.251011299122	-439.4370802540216	-428.1613647578006	-418.75189959171405	-396.74503369834605	-385.936595875082	-375.88755818796255	-372.4000724834041	-371.6317801191119	-369.8512985055797	-410.3312696699871	-523.8439939942039	-358.8002881694255	-1112.9391476447274	-6116.527033188607	-9929.62439960823
79000	-440.36007668304427	-430.8405728413443	-425.0077736490577	-412.76319928657483	-402.7387836503676	-380.6848937983881	-369.74664489844423	-360.10366853681506	-356.7094118401897	-355.0508692298511	-353.9390385674262	-396.9139005745829	-498.0012878522342	-340.0292027179329	-1120.149999220724	-6290.8212141378945	-10210.118370573035
79000	-441.381959358557	-432.1826760807212	-425.14436637548994	-412.86288651812583	-403.69165573993956	-381.8352051591089	-370.37499016506086	-360.81159399375724	-356.3583962652092	-355.58929704669276	-352.83677392438943	-388.90555072241614	-491.67677636851874	-342.1709907287318	-1068.7274478323352	-6097.3592425246015	-9769.097427388679
79000	-448.31934704529976	-439.59623535454017	-432.3321352801078	-420.89453041137483	-410.7743808983417	-389.0466910047616	-378.3580017502587	-369.2253547190352	-366.69086741272645	-363.13707098580505	-364.37024830678826	-409.2002630926776	-512.6024703352977	-347.6215467978641	-1147.389461167987	-6276.64693314307	-10120.245482922815
79000	-409.87299118942855	-401.04254391970284	-394.04063308050905	-382.0123800015025	-372.58376748911843	-350.9414987153469	-338.5832482625709	-328.7858766060311	-324.12656693665224	-324.5007003225627	-320.25000447881564	-352.84577233893765	-437.7404812136011	-309.3067065415858	-1002.0541724963725	-5928.113112380339	-9765.945784988593
79000	-470.1498163994395	-462.02189283221895	-454.8365375043084	-442.54700326965724	-433.5252671941874	-412.24513669318816	-399.5626815233282	-389.670631519083	-385.0170778276654	-385.61503183142264	-380.4381578085248	-413.95492660141997	-502.87759977762823	-369.38342735081017	-1137.2767651836166	-5927.522188756982	-9533.255649539278
79000	-430.80285533078535	-421.7952351303592	-414.32019145597866	-402.6029410531064	-393.5809925681228	-371.65763905961774	-359.8148263810678	-350.26181509778104	-346.92860096673724	-345.99055343070336	-343.7253949851768	-382.50447427768785	-476.93390041626714	-333.2834125629186	-1012.056014098744	-6045.15370878287	-9856.829555224516
79000	-405.0914943065469	-396.99044657206395	-389.47877644120473	-377.14942902225744	-367.08618350076677	-346.1452936859621	-334.0019195105194	-325.1311041710217	-320.7040746079445	-320.6699624176689	-317.3834293730705	-353.00497384268925	-446.49254918417836	-309.64653165804367	-944.9055110201848	-6093.2972897062655	-9847.058924602632
79000	-414.10796439140495	-405.5601064538832	-398.7146336108513	-386.87190525924996	-376.731476678814	-354.84720674163253	-343.0764450991485	-332.91695165641875	-329.29194455135627	-329.6975263373256	-325.557708892092	-359.49065055982527	-448.11023278640124	-313.86990081688447	-975.6136906909327	-5851.238727770717	-9689.946102331369
79000	-434.15343766429964	-425.5892682243165	-417.83677002777057	-405.8394481000122	-395.45063425198424	-374.3985500413131	-362.7050673030734	-352.39061704082656	-348.1946956650466	-347.9180068509476	-342.7678600242409	-374.4517464879926	-459.7871881370509	-334.0289564689433	-1007.1099273768982	-5837.152589997007	-9459.330872666427
79000	-418.02468351168335	-410.1958899295518	-402.51722944253055	-390.1292859490761	-380.4322555761357	-359.6041092274113	-347.53490469514065	-336.99631099403194	-333.67131562824017	-333.58102764438047	-328.73983583742483	-360.5347607682159	-456.01283172035744	-321.3839227348931	-975.1854303115273	-5739.40653755115	-9473.99351318374
79000	-427.31239597163847	-419.2793218326024	-412.549763071154	-400.3350890429284	-390.23742404467373	-368.52469636698737	-356.74271799616395	-346.9788093532042	-343.2183072052007	-342.6135869493326	-338.2538231992111	-369.23412529933506	-454.78811228542935	-327.2904944614589	-1044.7210569667639	-5860.36749071005	-9514.892019000183
79000	-452.1760466724784	-443.2792974572297	-437.0574187398227	-425.1013358847472	-414.69598960259714	-394.3988452943866	-381.550684534316	-370.9696961941836	-366.9567869062361	-367.83917799726925	-361.31117776015793	-391.2491031004249	-483.49519080350535	-352.69940587357684	-1098.1881946556316	-5843.308121090448	-9431.38452779252
79000	-409.091590764094	-400.3575261291838	-392.9965488159051	-380.75290596838636	-371.6025410399681	-349.5141022531946	-337.117753495967	-326.70238324622795	-322.53372280020824	-323.48910170850706	-317.31137474944177	-343.74346091213437	-424.60432239923216	-309.4324404623013	-936.4706356707196	-5719.3189337052545	-9416.352259161082
79000	-447.0967461872455	-438.72301447460876	-431.7991251264032	-419.59793968482643	-410.01126418093	-388.3472466714889	-377.1691476733978	-367.43034659820063	-364.8225323360648	-362.8942803963522	-362.09248249234184	-403.9925928439128	-501.2072177951252	-347.2969927018061	-1126.827824882768	-6539.235822579106	-10377.119133392745
79000	-428.472101518507	-419.9793556959457	-412.47835444514754	-400.82551938342885	-390.96334085028644	-369.49181125832666	-358.8825555934062	-350.3957656758313	-347.3363588695534	-343.85901217701996	-346.1591190102008	-394.23740470916715	-498.79424213954957	-334.12927639596535	-1104.9243189600813	-6354.801138814428	-10230.04389361504
79000	-453.14094474451264	-444.5077267529727	-437.1261384995801	-424.96649962405866	-416.5110043716858	-393.97924580925184	-383.2226119985778	-374.0846165792128	-371.3838707108567	-368.8701117606393	-369.30266211446826	-415.7428231562352	-523.9981712356887	-359.5877019762132	-1168.1521661608442	-6170.207580920162	-10009.394810235643
79000	-457.4060854877399	-449.9728326836525	-442.34028577624787	-430.0069040445752	-420.32027508415365	-399.37143080748945	-388.38826916596776	-379.64361056892074	-376.05215815523877	-373.71659187915435	-373.04032431364294	-417.11287435189735	-527.7661990724275	-361.59160544053645	-1143.0023894646733	-6214.83201159847	-9885.27070075157
79000	-453.09000728602774	-443.96105293439774	-436.8547734099457	-425.45865690822075	-416.072005655813	-393.89946265982223	-382.41111787630507	-372.15352557983897	-367.4928067656868	-367.66431382796173	-362.5729499708939	-394.19712103480475	-496.0462281842743	-354.53675558480955	-1078.8556881447673	-5959.17596644086	-9601.095480633645
79000	-418.1284148889893	-409.94070816761507	-402.74911272521246	-390.72794996869607	-380.34987462040175	-358.8968443605462	-347.5861130004212	-336.3112052850803	-330.87134826966576	-333.00949195433776	-324.6235588424023	-349.3944277954499	-427.06220305904725	-318.6897796686999	-949.0780660086687	-5660.6654363605685	-9258.578095345303
79000	-455.0053277064199	-447.3856562271544	-439.7313405585025	-427.6385763279003	-418.38570989770494	-397.1515329712321	-385.40559030290405	-375.67870721214507	-370.6203710419538	-370.9386635656789	-366.51154648481855	-398.80912684355826	-500.8231058691939	-358.83976985538897	-1100.1656133421757	-5840.74806089285	-9583.572227349854
79000	-429.34279060045293	-420.45147921810144	-413.4172361784061	-401.07782006622756	-391.89690862130385	-370.07453157507337	-358.0692916774565	-347.57160631666835	-343.4474128502682	-344.01524430849923	-337.05109494760023	-365.188981695645	-447.14979605500247	-328.4426840191478	-1014.0362462223526	-5871.281422771874	-9536.389507436596
79000	-426.366662752804	-417.86250934425703	-410.60236090717996	-398.7140336118571	-388.0327725960766	-367.7671461668108	-355.6810343211482	-344.538578271294	-340.7852614180336	-341.9469629371078	-334.91932462480526	-361.6758513106688	-451.11828677423387	-331.4750597230454	-976.6643892909301	-5640.4745107902945	-9321.841947206618
79000	-401.4311558033587	-392.6121487357936	-384.8955871079392	-372.77206235334063	-363.22888348785597	-342.43674587901455	-329.8652152343311	-320.2147113554847	-316.5230737384017	-315.89764023020894	-311.06063831108315	-343.871104636976	-432.6892145097177	-303.1893077283013	-971.3968723579059	-5681.069001796928	-9524.839288139498
79000	-429.4005919889582	-420.9580566478207	-413.77273560368275	-401.9774046110481	-391.304117896061	-370.6393892091941	-358.1825830085683	-347.0111158425418	-343.21757169120093	-344.4755728303696	-336.27544895918226	-361.5472346821346	-441.0732505555363	-329.6177328082044	-995.0877503620136	-5442.151704145052	-9045.562947696137
79000	-461.54455866674397	-453.30503915769776	-445.0164152030224	-433.9968436417024	-425.08532832286056	-402.8255409249808	-391.6705189730696	-382.488003390587	-378.9004531745024	-377.1660673729848	-376.1567213857874	-420.76730233221866	-531.910725892611	-363.66626150878795	-1122.571734836849	-6133.631746043105	-9851.584931042535
79000	-436.22959601870383	-427.73132158570473	-420.65725871272895	-408.2107199995593	-399.5020556746634	-377.04389713282296	-365.5024514866468	-355.0091401077831	-351.2558301177747	-350.80443847513277	-348.12655439265166	-384.0596119000994	-477.0185495695305	-336.36277633792446	-1072.5407929390644	-6006.677888629831	-9738.027527433554
79000	-411.8155484648406	-403.15285416542343	-395.6863119526037	-384.12060398988274	-374.17156257078534	-352.4303749381211	-340.08666610314594	-329.80595450956775	-325.9880834883079	-326.3023016646674	-320.62458201626004	-350.1480291992487	-432.5981674929435	-315.08848137247907	-963.8005905983796	-5847.8468813302115	-9459.69735151853
79000	-447.0242138110027	-438.41840840617635	-431.4921630296514	-419.71854611595825	-409.12834139870057	-388.44981024101816	-377.1908529121585	-368.00761329795034	-364.9199711536053	-362.77034210851883	-363.6120049608225	-406.1515450491204	-526.8338988214682	-353.02967442429014	-1088.9383060006644	-6036.618680735799	-9849.23754004798
79000	-424.58136856448056	-415.4104355864491	-408.2756178562909	-396.21810244985363	-386.40274961441247	-365.07425760155314	-352.25643895051644	-342.4428675944151	-338.29941112013034	-338.79424228116784	-332.77453296733944	-362.76839663381605	-441.4762591620683	-323.50824558896994	-990.169129317399	-5895.935282475696	-9631.371116359707
79000	-435.8283673744025	-428.4712600586375	-421.1569095260374	-408.7727697927786	-399.05972478812527	-377.2305648994741	-365.53853692925134	-355.149277411857	-351.74168612197775	-351.4637795436217	-347.42884945666225	-381.4935298228901	-469.51280960006073	-337.03969490178764	-1043.7263247978203	-5981.146598676911	-9702.767724875084
79000	-428.36229949662675	-420.1809501756942	-413.44301727546684	-401.03188299510725	-390.9378011523952	-368.6749671440182	-357.3992754751505	-347.0333944777023	-343.2533101102158	-343.6080283327313	-338.34574241150995	-369.2101292028142	-449.22733526941886	-328.66800650699753	-1001.5296488006093	-5779.630243682871	-9470.895962488028
79000	-433.82945088296555	-425.1055499798543	-418.6139790893773	-406.27952814907326	-396.696254228629	-375.2648591810331	-362.7414860607945	-353.0634890890212	-348.7376308619276	-348.67246670356207	-344.81415542398923	-377.7050270451235	-468.51025504238856	-334.4327294904305	-1040.767303137913	-5690.0318596154175	-9438.1880042017
79000	-456.11007576761824	-447.36562055595965	-440.0760982535857	-428.7656406682622	-418.38866503898566	-397.12276594569073	-385.811898711177	-374.90962352411583	-370.06665901948037	-371.2944195054674	-366.19508979181546	-399.7319027633993	-486.05992003906806	-355.8958728260044	-1091.660379112658	-6136.340897398809	-9712.727476459137
79000	-443.711939473287	-434.2546954945465	-428.1476850197785	-415.3805218482797	-406.29221076769716	-384.73620195238556	-372.7234961853882	-362.4418838113341	-358.63412671510224	-358.1919532173826	-355.0605295642239	-390.8207191357618	-486.09290324010635	-344.41372609241415	-1092.116889272338	-5719.4812869816	-9358.427779472471
79000	-424.9047895869158	-416.35249420592015	-409.15636312189173	-397.1933390210536	-387.2083947196143	-365.1658938137674	-353.09595914378804	-344.195113441898	-341.199759321503	-339.44679553234755	-338.3420952142082	-376.6744708045284	-474.20996509904376	-325.55540469852656	-1045.0499774460054	-6075.111570120549	-9932.425946456598
79000	-444.0713355948977	-435.26100528948984	-428.1552399367865	-415.9742155066284	-405.8512738718408	-384.94832937809423	-373.1084641941581	-362.9084901388109	-359.71559890593977	-358.5105990848929	-355.98367372582726	-392.64255530981904	-487.7471129962957	-343.05993264375553	-1097.7012088977042	-6066.931816732515	-9811.081234760675
79000	-407.52094083886107	-398.5622231141981	-391.72301339990787	-379.1640209025112	-369.8601283856743	-348.46268414442153	-335.88151697110635	-325.146226380614	-321.2308015854109	-322.4022020907233	-315.8983773907013	-342.9451259981682	-424.62884541517036	-308.05708852629493	-922.0775529245026	-5922.50516026985	-9632.467317745826
79000	-411.5950223678201	-403.129809029438	-396.2779233034266	-383.89541361375655	-373.85393572927916	-351.9281362604819	-340.5814164224238	-329.5808345724182	-325.1591674632654	-326.4154371400152	-320.0541475169791	-347.41418632895954	-428.55199745653977	-312.31854730793185	-911.545870573175	-5665.222051144357	-9467.290694653178
79000	-455.6483220725042	-446.6853168225583	-440.2153505545163	-427.45324699090577	-417.88893352381837	-396.35022094383896	-384.84820926620847	-374.58271675782123	-371.4964804851335	-370.9832223808698	-367.8338531305742	-406.2306314152571	-501.5835840647535	-354.45965650507844	-1140.36431399103	-6215.326119780691	-9922.998108836902
79000	-438.89015394357824	-429.765420910939	-423.013275289203	-411.15254369242336	-401.6287747450339	-379.3269632070495	-368.9102428348337	-358.89149507677126	-355.32682257984084	-354.398527068769	-353.22325717470386	-393.1023488459302	-495.10058993091866	-341.06290546958064	-1061.640700398994	-6011.462889023667	-9867.749248072108
79000	-429.0572133649919	-420.48508133326254	-413.4691583167335	-400.9544353775219	-391.6534259346834	-370.15974324794263	-357.7722113438569	-347.6337631984526	-344.20683383758893	-344.1603306905846	-339.8765022332398	-372.43087872349025	-459.92880841394384	-329.17721559568923	-1009.920592515889	-5815.397370830131	-9533.610205667643
79000	-457.5364817435566	-449.4731016486916	-441.4893707418191	-430.1541938261877	-420.2922595145577	-398.2810258872053	-387.7478957194512	-378.2360348194746	-374.7125060910249	-373.2162528733552	-372.23288437856957	-416.6803073743918	-528.4923433712055	-358.95477035364905	-1163.8149123250118	-6249.350972221462	-10017.115829412589
79000	-408.00517514525467	-398.5073157828214	-391.98361161348936	-379.7627755719735	-369.8621937478296	-348.52400346114257	-337.01898501591006	-326.6207467740548	-323.02273965497875	-323.12726432583366	-319.94607652932956	-352.80168984387836	-452.8950896739004	-309.83536415789376	-953.3159446143349	-5866.062377804968	-9519.928574514073
79000	-432.5522410729425	-424.40864626130775	-417.15074780063225	-404.7704338439048	-395.62072634307265	-373.4687301411042	-362.0228274750429	-351.7909242466454	-348.4232166634609	-348.32033521291834	-345.5024652210819	-381.5437002689232	-483.46601501779185	-334.20805765904953	-1024.3840903347316	-6179.178700499833	-9908.458055613186
79000	-439.98268097664254	-431.7396420495606	-424.4201647201533	-413.13617524535596	-403.02971727669444	-381.5186626742668	-369.36963754440234	-360.170865889244	-356.41069340380466	-355.85215142295067	-351.7846331950839	-388.07089550375224	-486.73188957851926	-343.1684852245514	-1054.5312053171049	-5786.252663723022	-9556.439473894226
79000	-414.56325890769324	-405.92314735989163	-398.9677805200294	-386.87978730061707	-377.1593079224508	-355.5804093328226	-343.4526248008499	-332.4015385703216	-328.3279588085582	-329.5647072258354	-323.0369715078012	-348.8575385870027	-426.2775286972782	-314.3600814111337	-955.8563681228597	-5875.627316116936	-9520.601163610885
79000	-457.1303475183531	-447.38783318476055	-441.08451498185826	-429.480784779944	-419.1967923220731	-398.1747847335557	-387.31137590866	-377.3024024211225	-373.23317503086554	-372.9501821867071	-369.31259038339414	-410.29856063211435	-522.8141548455789	-359.43546785880443	-1135.4138257920893	-5978.995769585706	-9739.92455429779
79000	-444.7764636298724	-436.3236395503204	-429.31091054731775	-416.4617430251984	-407.5493720119256	-386.301721564276	-374.85796288004366	-365.00714637287444	-361.5808079875578	-360.5040273444577	-358.78693193738957	-399.86989781974904	-509.6182564878669	-346.80807727678354	-1080.0572391131466	-6137.459237303194	-9910.495124111567
79000	-408.6356468743838	-399.52294249101675	-392.38709438466566	-380.43823315611564	-370.6036671802115	-348.57763411409843	-337.3106042462926	-326.9794789850365	-323.43930475674813	-322.8139382970346	-320.5102571709736	-354.30634983142227	-448.4473981242303	-309.12148264864067	-986.470704877685	-5998.174276369572	-9741.742814922058
79000	-426.4854329059013	-418.2766790055971	-410.53743081186434	-398.22090432573043	-388.8296586752722	-366.7765368043239	-355.3307284743776	-344.78388724346496	-340.1113233640884	-341.4380690479265	-335.1970473535468	-364.31557490009556	-452.434128720229	-326.48671096532803	-1009.4069375714228	-5655.4838955714085	-9428.252486851168
79000	-472.2143687278187	-462.6546499789354	-455.746874207208	-444.06946181426576	-434.49915804513256	-412.7796419176355	-401.31331128308847	-394.2430438064272	-392.79890235372164	-387.1105091034675	-391.69785011122764	-447.48618984674306	-570.5039521529691	-374.2692257775452	-1222.9547169603036	-6622.540938658583	-10566.53606084893
79000	-409.04556525028227	-400.4483588532309	-393.19753320535284	-380.33834439139275	-370.4118258688038	-349.64790035400034	-337.5739964673484	-326.4812609568422	-322.2142127817068	-323.6714025227036	-316.5255443518456	-342.68894543645837	-422.249777702435	-308.83825637360644	-923.7036773112858	-5980.52448442494	-9583.787853355481
79000	-397.9050557359759	-389.0671171015462	-382.4258731924163	-369.97599544452464	-359.7257789372766	-338.40970154493596	-327.35173858089587	-316.4766094719424	-312.97476011642556	-313.5815943375348	-307.3489493619048	-338.7759959621684	-429.4332106499206	-305.3826441508015	-901.4692056419175	-5902.385848932845	-9609.7002019659
79000	-447.2705348831919	-439.44595986201483	-431.23957448317225	-420.390812778454	-409.95217837237556	-388.23880325744176	-377.73853698570383	-367.4085811820689	-364.70058116483114	-363.15423339470567	-360.16138330338356	-399.27477685642305	-506.23511101579584	-352.53640184219904	-1083.92934504354	-6155.446832428771	-9767.417919531626
79000	-408.7801116198035	-400.09022217375866	-392.94816505765306	-380.68358300772195	-370.77401806151676	-349.29944153747346	-337.81885839795115	-327.0676378181405	-323.0029399839267	-323.29621639890166	-318.4309662052571	-348.64377588559785	-429.0360357853934	-308.1574928925307	-934.988556481077	-5774.062782037	-9496.830656695436
79000	-438.4679220248047	-429.7271472818546	-422.3928989988827	-409.7518366099638	-400.51805184337445	-378.55256508884656	-367.4697733305606	-357.09632398020443	-353.7471481969027	-353.00531723275327	-349.8385255224286	-386.5194197386127	-485.1398681517813	-343.93852483832904	-1074.154229459252	-5761.7792541983945	-9548.815102705092
79000	-434.1451140631837	-426.2898086700343	-419.3531222217726	-406.7529083956714	-397.1963152795759	-375.5954017334599	-363.86547795340533	-353.8093175572576	-349.95448318860645	-349.7074598336185	-345.71934814340574	-381.7583814425223	-475.5467870514473	-336.26895165128855	-1092.0531448531403	-5882.233555224944	-9543.25548795989
79000	-440.53322759700393	-433.0435418233526	-425.553637430277	-413.827038128645	-403.38688365298344	-382.0350125689458	-370.21173620684067	-360.46244179331944	-356.83678781352575	-355.4985934610093	-353.9130036398766	-391.99837125412523	-485.44239786730003	-341.4095559555963	-1097.6103790337604	-5988.2847181223915	-9769.171229580103
79000	-453.39953378194565	-444.4403442827443	-437.80446702636794	-425.5565907991106	-416.3713546509419	-394.6845869547655	-383.09253763927984	-373.6184976932594	-370.84336994085123	-368.3833486123475	-367.4420625253463	-409.8442339001721	-521.6724030745672	-354.8683890496265	-1115.9715824380887	-6143.287060097823	-9980.217184393357
79000	-455.5557289550168	-447.1103331492961	-440.3413539954419	-428.4418278611896	-418.9750916869811	-396.79994606485434	-385.1965579288572	-375.0059374418462	-371.2208820775117	-370.77237385374616	-365.9304387410737	-401.15114146591725	-495.5860390304921	-356.6757459216623	-1071.3938705704247	-5919.161898253329	-9561.027757544558
79000	-422.144193935469	-414.02619151509475	-407.11496444184814	-395.2620586350978	-384.9634168664661	-363.19021129321885	-351.8198201969139	-341.59008400217266	-338.020132028265	-337.1718644120402	-333.80817971583275	-368.4632567691339	-459.4186165143388	-323.97221221692496	-1032.8458705878077	-6016.775303122883	-9826.01221581325
79000	-432.41641310291874	-424.12191533984907	-416.2418068800566	-404.7459837079093	-394.530683385704	-373.27054615916666	-361.63435421716673	-350.96598699616436	-347.4612952859345	-347.3807466918142	-343.2314829712334	-376.4814661826069	-470.1047692752191	-333.1547838225435	-1027.7286066367506	-5978.0009836701865	-9802.105759072549
79000	-465.45654183607485	-458.29070546219003	-449.8085067711041	-438.0206146050375	-429.00410605195646	-407.47558814239665	-395.96843697002055	-384.9423643615885	-380.6958420157245	-382.166080118668	-375.0566863171853	-405.88658090288857	-503.20079869245404	-368.6350563058635	-1076.5778394683166	-5852.140503934497	-9472.523166914194
79000	-423.17954279589935	-414.9733244717764	-407.60116508916764	-395.3628799128845	-385.8074828507967	-363.64709616483765	-352.3858885137433	-341.47780157429435	-336.87193998629937	-338.16712956897214	-333.17861940554087	-361.8620727622072	-454.5627298178362	-324.3849721016045	-984.6703274780442	-5770.687248609289	-9429.220885707828
79000	-468.2847194572339	-460.7986077888967	-454.0665280868639	-441.8154077822237	-431.5127111443875	-410.9900021444626	-399.1213016741328	-389.7174265100927	-386.35619044171364	-385.2039337436856	-384.23475178414833	-429.41025547789746	-539.5068427335467	-370.1832053012589	-1180.7849213654117	-6426.904154125647	-10286.920454177898
79000	-465.848008920025	-456.9395324241372	-449.4326502105618	-437.2936267712903	-427.6968446891336	-406.28700506424127	-395.001690547478	-385.5088316357183	-382.3731089280737	-381.15465649626213	-380.33759555731024	-422.6888116958434	-528.4446764190545	-366.58487009655374	-1168.308555821446	-6152.992673099358	-10084.644097214465
79000	-387.10985425526803	-378.50895290220296	-371.55921915038635	-359.3236026367987	-349.711360165395	-327.5422124797136	-315.45806277087695	-304.60048849227763	-299.5281107178997	-301.3037549764955	-293.9192114671356	-316.6127475345577	-388.4708499454587	-287.4794815719605	-861.7489007494312	-5763.527577501371	-9399.201193111794
79000	-430.6234384358203	-422.8445703244919	-414.3446745559833	-402.82847758159903	-393.1643433345612	-371.95812359125625	-359.409657253517	-348.44483221296224	-345.14122748030775	-346.02676301484354	-338.6777533103436	-364.12285667572223	-451.36543789391004	-331.8705285505345	-964.2376341633965	-5621.231702795476	-9133.299701866194
79000	-403.6908128195642	-395.02346447306155	-387.9469671226771	-375.2137649415446	-365.8848988246921	-344.44006738158424	-332.279909172902	-320.40540947769273	-316.10211368808535	-318.4113819467032	-309.65108705513984	-331.543490046718	-418.0388824089503	-304.9335349547127	-892.3181937453572	-5320.249552302811	-8893.188231663447
79000	-425.2722881480709	-417.8680415141806	-409.58198933722934	-397.1995833032413	-388.94104924794954	-366.7726468469577	-354.52801464026874	-345.6836271608725	-341.3846141268161	-341.35728843129385	-337.45769189492046	-372.5439067257539	-483.3009016463138	-327.77859901342237	-1018.9417306862618	-5899.0994246743	-9692.43572887855
79000	-417.0424118040897	-407.80337091728575	-400.7905266982428	-388.42114783253317	-378.3964099241383	-357.01794409266375	-345.30059874416236	-335.3409578383924	-331.29965229668863	-331.6378304144007	-325.6142888245493	-354.26041648739005	-437.4495987479666	-316.637350213637	-968.3266011364265	-5889.041691835543	-9677.785041907837
79000	-401.3057329367196	-392.5396465501958	-385.7434032417012	-374.0317536170826	-362.9021393470306	-341.44440655392333	-330.2105486569396	-320.3256947040466	-317.1217925833789	-315.7372435290262	-313.3022221377225	-349.8265947652925	-436.050820169932	-302.00973819409444	-951.3277895671272	-6100.717731309983	-10023.609327983359
79000	-448.63908656495016	-440.45893670336443	-432.71973377562784	-421.088494267855	-411.492594334788	-389.0758574680181	-378.38822660596276	-369.04706724003586	-365.6113156114154	-363.7401122803133	-364.78217928628266	-408.5580369982587	-512.7338607505062	-348.9737085825609	-1120.8528892308095	-6444.617411747534	-10203.243299015445
79000	-448.40966636641497	-439.3198835393132	-432.3042432559758	-420.40810545744796	-410.40056138223616	-388.330759339128	-377.77263257272557	-367.88793547765175	-365.48857459489477	-363.49607072398675	-362.7020187198577	-404.46775042553327	-516.5966392735602	-349.3395806581691	-1100.928998773691	-6141.984188203844	-9959.589499038026
79000	-412.80208448808327	-404.5463281404153	-397.35904478695574	-385.53761836963315	-376.1390773358063	-353.71578825338923	-342.13165972249925	-331.94737899660254	-327.682395025165	-328.19562259047564	-322.111244731609	-351.10825923657933	-442.67189168633155	-318.5085635796912	-974.3207224860502	-5820.406288067584	-9550.990173815735
79000	-438.25354157899983	-429.801401484172	-422.85837479551	-410.8659629239023	-401.21394843703047	-379.53097202223347	-368.2911514474047	-359.44574213645046	-355.5468446139542	-353.628936029664	-352.18112270867414	-392.76581306126906	-495.8595313992555	-344.3171492627897	-1075.9896085750986	-6236.142283461736	-9956.136758010052
79000	-433.0730015439586	-424.985631889447	-417.97818731216904	-405.6833447026596	-395.56776716806485	-374.10178996952664	-362.29067145969464	-352.1901280011882	-348.26079413450327	-348.5128194852811	-343.055423358602	-375.0859688940977	-462.8530231739348	-333.4633775680993	-1066.5019011233767	-5962.120852732265	-9671.574559488448
79000	-460.41371262243734	-451.74727536361786	-444.6702592736688	-432.37345808650093	-422.533435548739	-402.01095344951506	-389.5410591113917	-380.1818358855717	-377.1016166590929	-376.60786710101684	-373.34957771566974	-412.3752458994757	-524.0310982206203	-362.9164032230438	-1138.4000609988386	-6108.134869414742	-9769.409362109709
79000	-432.1967013902191	-423.6406717113282	-416.5544197527932	-404.50680863584046	-395.1506933870859	-373.7101666588141	-361.5222741782637	-352.31943355947703	-349.3294775298571	-348.0798538270921	-345.94523833763344	-385.15266033162885	-485.22963992087494	-334.60766148840844	-1046.518019731044	-6202.255647193471	-9974.694435085054
79000	-432.1615407774547	-423.4722329815039	-416.12549741508116	-404.1677643763627	-394.8750023583945	-373.18093699292257	-361.5105792677451	-352.6361438759375	-349.75156234197436	-347.446047572637	-346.8360215845387	-389.32292190721273	-490.5308218012276	-334.1673317960822	-1053.390861115182	-6181.092963598243	-10031.662295095093
79000	-387.6061830548318	-379.6327112903754	-372.3445046532781	-359.7657419095668	-349.4895881791838	-328.1034167363113	-315.673176906672	-305.1478001257199	-300.13512657850856	-302.30470327580474	-293.013768572981	-313.52030539260534	-381.2215703110576	-287.6195707495244	-829.1573974425548	-5504.275854092078	-9156.051312381658
79000	-419.05029505646144	-410.88201120541055	-403.7750100398885	-391.46537006958033	-382.1104734037103	-360.246556441525	-348.4206085933587	-338.86694567512563	-335.19842856705964	-334.77549237273337	-331.16472541146805	-365.4547722646783	-456.3650390673735	-319.58646368740494	-1008.2860263038649	-6071.17426114978	-9772.811621908177
79000	-426.19859395604345	-417.3268560011877	-410.0691826444724	-398.1848275823162	-388.3656452482912	-366.2296788316155	-355.21379046952416	-345.26309091479146	-341.4398826067773	-341.41766221736657	-338.29070545785055	-374.66667401079667	-468.64165299866846	-328.435771320171	-997.11713102034	-5988.382468762174	-9806.640728593798
79000	-424.3738974655906	-415.83205744428267	-407.59584733338767	-395.62355576667824	-386.52831040752676	-364.6736307616862	-353.01412235343736	-342.22638548344764	-338.73499762693547	-338.9574290945242	-333.46194796299216	-364.92768094202836	-448.71178134173346	-323.69955021213417	-1011.8012951919316	-6023.931315498435	-9701.13899919942
79000	-422.35088685953815	-414.2534418086592	-407.0938967644226	-394.6346918063284	-385.36179182218916	-363.40731543773524	-351.9593125175	-340.7135141378513	-337.00758708922285	-337.6148346628454	-331.5339937927792	-362.74597538455316	-446.12620226613325	-322.95434774979935	-979.5548543035048	-5702.284258241411	-9386.679117084146
79000	-430.3953579573153	-422.3957620725323	-414.7615548969946	-402.6096008436457	-392.70416602376866	-371.80791335508144	-360.1756035394793	-348.90827102357605	-345.0702677566991	-345.9074008653196	-339.5609333152272	-370.5062509563067	-462.3703146489755	-332.41009317668767	-1019.8141385428869	-5793.393632764238	-9527.37853527959
79000	-437.6129001371443	-429.53953697767093	-421.6330494445911	-409.98182360367446	-400.0616710058925	-379.14235548974375	-366.82824202160435	-356.6839840659778	-353.06077436171734	-352.646381806189	-349.4670277555833	-383.4879337144819	-483.6255788964009	-340.25614742615306	-1023.1762662658053	-5886.137304462326	-9664.547650573346
79000	-424.57458440616597	-416.1032924391236	-409.20785256595076	-396.8972373510876	-387.43765220255796	-365.6011501025741	-353.66063523203155	-342.61861637209665	-338.5719381646517	-339.82953180871283	-332.7600872604714	-359.6692526664818	-440.6840943825257	-324.8892692849087	-966.3164045109312	-5637.383506005449	-9257.345814250813
79000	-459.9672833353016	-452.6403176490782	-445.2942338634744	-432.51406788446843	-423.2523218575678	-401.9088059674926	-389.66173984273075	-379.337256245658	-374.54686516728475	-376.4149131315084	-368.4261936941004	-396.41816839316306	-497.5810344858171	-367.0414232015767	-1094.9867374410262	-5639.655407240612	-9339.976147449179
79000	-439.84942423256274	-431.6578630596906	-424.8255310765283	-413.0384852232396	-403.29255100920545	-382.10081336508733	-369.7812368547942	-359.85641756389106	-355.268071456718	-356.16603584867806	-348.0045691012983	-376.35311134632553	-478.87456415241405	-342.9946231077324	-1024.110889569792	-5678.166464227709	-9321.209951354549
79000	-431.86009119644	-423.8219338877925	-416.387227610553	-405.3894583356224	-394.4722140384183	-373.116044263911	-361.61977892907805	-351.14935974913976	-347.89338184486996	-347.0148825372563	-343.69646318568596	-378.92818353735356	-472.3381747299286	-333.3340350655966	-1054.8317934074043	-5979.55109028005	-9731.3097362509
79000	-405.0605632076357	-396.0772111934054	-388.8607769232944	-376.7101814662409	-366.4704009548943	-345.526803174463	-333.1027209025816	-321.931430909034	-318.613962726091	-319.7408625970267	-310.9323297967616	-333.41137636722397	-406.5129571352898	-306.95769247587907	-867.6699673586542	-5642.321242227489	-9176.02415415388
79000	-434.21679445537	-427.0613594183126	-419.3011428546118	-406.8289667402722	-398.06341203003524	-376.73092956939803	-364.7940738360157	-355.93710782488637	-352.14781751614436	-350.5258240750078	-350.1719671711743	-390.4909941443547	-491.3288043407119	-341.37148394816063	-1067.4370085863661	-6136.631195363437	-9964.465534226281
79000	-464.69765068006114	-455.877355699893	-448.71476745474155	-436.93238093723835	-426.62954249618394	-405.71538918688725	-395.1714195106666	-385.97479758118936	-383.39202922140134	-379.9887991271158	-381.08062864442104	-427.0443466126662	-545.6229381353264	-368.18378718284043	-1161.4748490564684	-6179.414017493175	-9991.403521397433
79000	-434.69912606172113	-426.2215328441127	-419.4559542632326	-407.108766635689	-396.9152082821415	-376.4857763966888	-364.13338089391556	-352.8811644481221	-349.98615278432777	-350.8530446627259	-344.9006765623003	-375.2998509878903	-470.29928345966545	-338.26112086060033	-1024.3258939337404	-5545.825971879303	-9287.793618445774
79000	-397.04721492926313	-387.8431061137221	-380.1886401935831	-368.7560920605258	-358.3710600253305	-337.20787729579274	-324.7729040140413	-313.3383350836088	-307.83957638736473	-310.99644830766164	-300.90541562500835	-320.211943663089	-391.76673473880186	-295.9763175190677	-874.7061094135986	-5556.051378922871	-9044.457255928368
79000	-433.9542590867663	-425.87398542381806	-418.2146655414197	-406.86312891595765	-396.76119743493314	-375.37752360874526	-364.3264119531978	-355.00497460831815	-351.09909931099537	-350.0945770609461	-347.77655994340427	-389.4866485692507	-504.0375392603042	-338.59169543247253	-1042.5009843335442	-6092.94697247557	-9877.021009307517
79000	-429.11466487738267	-420.05966468502515	-413.0051444515229	-401.80843240060244	-391.1212533227508	-370.04250799897443	-358.66836684392774	-347.6050028813621	-343.60507921754873	-343.80737041596507	-338.29725001731674	-369.2692866725934	-457.43305152144427	-329.4466271092922	-997.1334516621481	-5786.262061177907	-9448.879937612783
79000	-415.50800626595276	-407.7396779299536	-400.65188087815994	-388.19731461688343	-378.67579914483986	-356.7828499185301	-345.3712167925103	-334.90738431785604	-331.8955305747261	-331.35547089575255	-327.37467368261144	-361.9845482140164	-446.7437315306428	-316.39512304748234	-987.734905192729	-6027.5847397204825	-9828.410943653897
79000	-410.13700124688995	-402.1205290416517	-395.2959074779748	-382.67831321150686	-372.9588918301214	-351.92307186184007	-340.1114094770772	-330.94825452818	-327.27858736950867	-326.23635188194885	-324.85722829834305	-364.12231104005656	-474.73001320999856	-314.77706475191593	-993.8184994538063	-6094.597780336831	-9979.956475662917
79000	-432.7370215151521	-424.2202648216212	-417.09991801565474	-405.8207960319271	-395.7163859421549	-373.2021875877579	-362.21427904839385	-352.38359808447404	-349.09213837389655	-347.5909738826145	-343.62942156822703	-381.2081484321322	-481.7855109498219	-338.50397175172805	-1021.822971028066	-5937.631363009156	-9551.816819619593
79000	-427.1092297311098	-418.9252389637013	-411.88043369095345	-399.5628534764321	-389.68816869478155	-367.8450762325808	-356.52507080787643	-347.38757282147236	-343.2652538673936	-342.4843961208152	-339.5457462952198	-374.34257193080373	-470.2214540874952	-328.2197264996287	-1027.0516750743116	-5936.214910533777	-9788.168454158771
79000	-429.8766815754914	-420.9523695774636	-414.088847074223	-402.4440793277937	-392.6904261704829	-371.13174040411013	-358.6935683999936	-349.4811801585348	-345.7236165176132	-345.19436117929246	-342.1896901382347	-377.95561953854207	-478.23327142279305	-332.94438777511573	-1036.7683186684033	-5910.150000734848	-9713.341660762737
79000	-454.68793753316265	-446.48209376784666	-439.25679896917455	-427.55640109490116	-417.9502603384331	-396.0240775682831	-384.66350991063126	-373.9401244968555	-370.1509836420647	-370.391730195515	-365.60075676517243	-400.29676292509	-502.1408441443563	-357.90489213945807	-1078.1024875210699	-5785.087220755801	-9476.462862029624
79000	-457.88927942083404	-449.22542569869773	-442.5047311986553	-430.04499521732487	-421.0089856785493	-399.2314543678285	-388.03789049053455	-378.798621541115	-375.93223516961064	-373.7793522205302	-373.5260641679654	-420.8497535775991	-530.8705362100224	-358.1350180091967	-1186.0051360135376	-6390.010576682569	-10354.413878460084
79000	-432.29862090170445	-424.02775837683606	-416.76818388484065	-404.69670602168105	-395.2640040679581	-373.1857221495729	-362.1415250841936	-352.50235138864826	-348.5435042380682	-347.27935651304347	-346.5500858829301	-382.6984125799551	-472.0543616483379	-332.9172995530496	-1049.6925998411537	-6062.2463060426535	-9924.47540007225
79000	-438.74199140075063	-430.8115246954732	-423.45883746744806	-411.4571452554235	-401.3356868612742	-380.45401195996396	-367.4351612127939	-356.33414822026214	-353.51540323841124	-354.58197153398663	-346.2537105246601	-369.27576094399495	-455.05106783259856	-340.42697518914173	-980.1108414873919	-5487.699142327272	-9040.880655921897
79000	-423.469217630784	-415.9719023333437	-409.0246255262767	-396.5859268038015	-386.0741069482933	-365.5071401986059	-353.47501222190164	-343.3022653343043	-338.8290784332903	-339.11777066054515	-334.33926994236236	-363.9089577717408	-447.12814445400903	-324.5780275088851	-957.2811972573738	-5739.435075028285	-9487.503089528465
79000	-425.72502422645425	-416.73394531613326	-409.65351302864184	-397.13925169408776	-387.7298101455317	-365.98956958644385	-354.39855568514497	-344.0975705200445	-340.5559325828935	-340.06077971385764	-336.12671550336836	-371.7032779769902	-466.2650943928239	-328.13799632541	-1027.2114957431882	-5991.225803128924	-9872.182888073039
79000	-444.3934904547359	-435.81124730162406	-428.8536719052965	-416.62299823949365	-406.7963163470574	-385.6037947354561	-373.5744656652798	-364.8711242418225	-361.8428323164236	-358.81702277551636	-358.92724311485995	-401.1692408464028	-504.3034951563402	-348.5073933329016	-1078.4357900909054	-6232.864312152968	-10095.876111691046
79000	-452.96730270690415	-444.61735401804555	-438.84081538555284	-426.1558169259305	-415.59979365058217	-394.07643051958115	-382.34184363531136	-372.7999821325108	-368.7734448435161	-368.37470459866563	-364.94195822129484	-400.5657907720017	-494.60621256223845	-352.27624853470013	-1097.9003724936542	-6235.877679499934	-10037.899210229938
79000	-440.9840933179063	-432.22739584102544	-425.4893976906954	-413.26341791305083	-404.70498013158203	-382.3537375524898	-370.54568586958516	-360.12366589421447	-356.57452531124346	-356.67688646679875	-350.8896318989029	-381.7623277208201	-476.8520804302023	-345.2969966193827	-1038.7502508345003	-5721.977131097206	-9321.897674548964
79000	-465.7319281370256	-456.699836439604	-449.86643454374297	-437.90875900745266	-429.16111539437327	-406.9806416259763	-395.97877953851406	-387.49360418360965	-384.8828739451915	-380.83414272682234	-382.58145162472084	-433.5211165118742	-547.6728770981252	-368.6717578785546	-1199.4909744365482	-6451.444480382899	-10329.992193876587
79000	-411.88324710881193	-403.1045898845478	-395.7791269947423	-383.4956751720333	-373.9562303051859	-352.1077637034538	-340.39003925051594	-330.05796440964923	-327.0406026865597	-325.95546887052603	-323.41417870355934	-357.09164619658344	-444.22069569353283	-310.8330585863843	-1014.2782279970087	-6061.303673858634	-9981.119403751118
79000	-436.95482069419677	-428.883164930522	-421.86499302500425	-410.47913112521337	-399.40225764524206	-378.227114326354	-365.8294855869613	-356.2945022501869	-352.925435060485	-352.4952024078376	-347.9000178056037	-382.12130746289193	-477.7290456145905	-338.0758425381375	-1029.4858306642282	-5816.949274295056	-9490.398439700344
79000	-451.85857506063536	-443.9130735411226	-435.64642892867465	-424.25625413501734	-414.54921853780286	-392.625225700818	-380.40302101020745	-369.5023282993482	-365.3887639847266	-367.1212910871078	-359.4004305815077	-385.4116301067509	-471.35578635165945	-352.5430889391745	-1028.300116764863	-5594.4307404587	-9127.027125480116
79000	-450.44455737385124	-442.5147152509084	-435.6482751394057	-423.26523294825097	-412.7752013961249	-392.506863017488	-380.4759575225865	-369.6337966107785	-366.23292770430544	-365.86859413998087	-362.44965257978237	-398.34596774526517	-503.315079974887	-352.33892376472494	-1081.0066390166737	-6033.306123195127	-9789.10895567598
79000	-459.1209140470231	-450.38471454762595	-443.4570624897215	-431.50155259488724	-422.40369154019106	-400.48979457680196	-389.2085961796267	-379.3524930366634	-377.02405075649557	-374.540136133075	-373.4055378556192	-415.1028780330697	-528.6856440933576	-361.09572671118116	-1154.2798961999106	-6290.866881703285	-10027.146708326298
79000	-435.05948279586096	-426.77392365135785	-419.9492472131955	-408.0554362632455	-398.29487750491217	-376.0827913870589	-364.7212643516516	-354.33045636637837	-351.37452417352495	-350.57321852231684	-348.13061714575673	-384.89198467219194	-475.8951046147968	-335.67012452813543	-1060.652934674383	-6218.335999981625	-10006.924196602014
79000	-430.4281444991766	-422.4708272498605	-415.6153225931642	-402.8275153141741	-392.9569913364158	-371.6961286915288	-359.3377615691044	-350.6598702368435	-347.7367636397706	-345.8197575180887	-345.79530597271776	-387.4135841149734	-479.56590991718247	-330.50650109585695	-1048.5646633970723	-6374.624057531411	-10445.121726557934
79000	-437.7023724168555	-429.1437429027122	-422.0096449999357	-409.8921919884091	-399.8013496275867	-379.23055555599274	-366.92346322289126	-355.68763829767346	-352.6098883292011	-352.6541962791614	-347.59181166115565	-380.29089774060367	-474.162951198397	-339.5613741286998	-1058.9974956843544	-5895.878468787451	-9523.399168120473
79000	-402.8590765776007	-394.41122981800686	-386.4912211015023	-374.8815731230957	-365.1724067209713	-343.57114397622337	-331.57207251918936	-321.18732371028506	-316.84237386082253	-317.70146652221507	-311.0286064956102	-338.47511007329945	-419.8227794723688	-307.08782947841485	-909.4915436018537	-5618.976353761382	-9315.346445337824
79000	-479.87777288802835	-471.50969240302794	-463.75000801089635	-452.1114227830699	-442.31695421430743	-421.11730838319494	-409.55117110409765	-399.79727999851644	-395.2343806766436	-395.4758096175378	-392.07451673965124	-428.002622683347	-526.4632568389343	-381.29534708755983	-1140.2592624366853	-6065.4132403703015	-9542.373608363048
79000	-418.92090382257675	-410.6165852310594	-402.97465024670174	-391.0666005081165	-381.1936218816598	-360.29078844701553	-347.41766044094305	-338.48404998001286	-334.9653021373409	-333.7204374535646	-331.10403580898554	-366.8423468837584	-454.0005849310172	-318.7497896927935	-995.3916414393152	-6085.282831350509	-10115.993741077402
79000	-474.90053210428067	-466.5825726403394	-459.62381030347734	-447.5256566972936	-437.3177757863639	-416.38487558653406	-405.6118222124946	-395.09486035517494	-393.2647420972731	-391.5600742904687	-390.5921106132517	-438.3387944998372	-545.2346378306465	-375.43106619203076	-1215.3743961508112	-6405.260000477232	-10248.939875069831
79000	-437.52960132957145	-429.00964832403207	-421.960319158411	-409.8092699039697	-399.5765941375391	-378.4569639100713	-367.02247450845806	-357.7932535349457	-353.9574208159642	-352.82277096680644	-350.1944307108385	-389.76329890112873	-483.2907446075011	-340.4762228368429	-1074.348462657693	-5912.210702608638	-9826.9482757114
79000	-440.5063906916472	-432.61289714396213	-425.446326256306	-413.3059788039228	-403.3151725633314	-382.04185047061503	-370.969509494509	-362.3272096417305	-359.1735202092162	-356.21844572556444	-358.36324501040025	-407.2518654651364	-522.3394474861651	-345.4388556242034	-1152.8372125241885	-6295.672853585558	-10248.365659165485
79000	-413.28247594120785	-404.5355643546978	-396.9445559908284	-385.0967914428736	-375.2028767935482	-353.55685275563195	-342.0411765504385	-332.60269835624774	-328.8549557147293	-327.9611427674797	-325.86281296386414	-364.40535891097153	-452.5473318388692	-312.217645844858	-1006.760039866404	-6032.709899132546	-10063.80491282663
79000	-419.76942389071746	-411.01045673938467	-403.57592349436396	-392.52303479243506	-382.50384465027327	-360.628936594603	-348.68605691512175	-338.92397664711075	-335.4719104227913	-334.9079052706668	-331.0255316461502	-366.1580363997342	-453.2360797195112	-320.7290147712675	-1001.4160872979264	-5925.219092144638	-9662.699570114622
79000	-451.40773203385805	-443.3915528788842	-435.4406649997914	-424.57157710167155	-414.0930618207425	-392.7896135867062	-380.5958746024841	-370.5074093576821	-367.3116077162729	-366.4080243113969	-362.3328950010945	-398.13980456522165	-504.64462824006665	-352.43692965315006	-1092.5178679094463	-5850.436247645418	-9553.495395795426
79000	-467.05378869188326	-457.76352467477454	-450.96141207624856	-438.7675547638004	-429.4732358272186	-407.5597066650418	-395.9396756941085	-386.0960766374355	-383.57552073191647	-382.4316988991784	-379.3236757991634	-416.94830158700637	-517.1093930862546	-366.49851198786325	-1133.1493838190174	-5966.71390970926	-9524.606486756536
79000	-421.3599166900287	-413.405437353048	-405.3336140225875	-393.16053612958444	-383.35658375479716	-362.4663754438967	-350.062945735306	-338.86427143759306	-333.4591766262007	-336.79124451730576	-326.9123393324692	-349.83037949943275	-423.2573063676535	-321.48117000025917	-957.5266873632303	-5423.2940266558135	-8945.16996718687
79000	-442.00490534613675	-434.18768029206325	-426.39519574218895	-414.89439152746286	-404.60299996657614	-383.21655100137457	-372.1961158861966	-362.4463404129307	-358.472400788543	-358.0752141162407	-355.7709980822712	-396.283966667545	-492.6929772465566	-343.7437526567428	-1062.5187304700958	-6189.5783662960675	-9988.619153487081
79000	-417.67390447458666	-409.52799611274463	-402.37582011449825	-389.9623610029645	-380.5216109735362	-358.6689491347911	-346.94555201322055	-337.9468902779685	-334.01346147504745	-332.6342633724744	-331.47755937650703	-370.91752296621667	-462.2903870794909	-316.81686491567393	-1068.810414759977	-6129.466587307143	-10191.13772893289
79000	-473.72724642204616	-465.31536958623036	-457.6570673902797	-446.4736893579568	-436.02074772695613	-415.3295743571926	-404.0460935527057	-394.2575469066307	-390.4075892520578	-388.77769107423507	-386.9714116220145	-427.6423519032891	-535.09873618826	-374.46056631344	-1183.7964232155248	-6063.813946642201	-9870.83717112548
79000	-377.20318463570123	-369.1247624212992	-361.8658591211508	-349.757660236887	-339.4265463757599	-318.0197270101631	-305.4093724306893	-294.6021998137088	-290.13571837895176	-292.05015785328436	-284.48560240812765	-308.6806416500901	-381.0584724795298	-277.85430727070184	-825.1644524583282	-5848.746515138909	-9599.183347545926
79000	-416.49668677100817	-407.8687171189849	-400.3858830895775	-388.86267122158904	-378.67805761055706	-357.4173127015403	-345.03009664690524	-334.26320079919486	-329.75558585457867	-330.9006429049908	-324.8893299839563	-351.3741522986523	-426.6157688199051	-315.8872688053552	-988.4250461276712	-5658.344744645968	-9353.463322245421
79000	-435.195602789862	-426.1064216621827	-418.41174616302266	-407.48584099139816	-398.155097080207	-375.9964521698531	-364.6700064632981	-355.6517241486796	-353.2371229383808	-350.4248100391784	-350.46489258162933	-392.3059440320383	-514.8388561211916	-337.2794265866377	-1074.2218927505835	-6212.043329558052	-10072.440137270449
79000	-411.6895325447543	-403.6845082284783	-396.3921136869681	-384.21927756865125	-374.4314931037082	-353.37958076757775	-341.1679014821065	-330.7400904103142	-326.9264052946667	-326.6937880322518	-321.70510250160345	-351.90825634817867	-445.3308625814525	-315.7444168297771	-927.408444502771	-5696.795939614476	-9326.353913244106
79000	-420.70527404413156	-413.1156700695496	-405.108492726556	-392.1568105281556	-383.29287605267103	-361.371157610552	-349.6783158245313	-339.4498056060357	-334.951175579046	-335.1470367377622	-330.26848296448253	-361.9751657014679	-449.8786921609415	-321.93604726073	-1017.6376089127366	-6001.500741397883	-9787.647686238492
79000	-442.4374739825123	-434.1337647351799	-426.73396047260445	-414.7748015442944	-403.9514291254479	-382.5612436343887	-372.0274317861651	-362.27370717071665	-358.4809935270792	-357.4758563563503	-355.53629372975297	-396.34293043293985	-495.7209746129159	-351.20217731742997	-1066.3226267475604	-6138.006671174355	-9814.815649379058
79000	-420.2229748321136	-411.5039678418322	-405.19654258474094	-393.2106755184559	-382.71986427345934	-361.29762639704876	-349.3789583263692	-339.0446703638949	-335.9502413065945	-335.4166165832505	-332.42171917090155	-367.18928888233773	-457.00444120817576	-319.6581838569276	-997.8838642326216	-6094.009412669113	-9951.448362774272
79000	-461.4315189077793	-453.0368512085789	-445.6151180675359	-433.96083072304884	-424.31762664642457	-402.6492514753837	-391.3742467379579	-382.56972354859715	-379.0041454205262	-377.3627323521433	-377.30103432306214	-421.48025220755085	-545.6014169990054	-363.7359435692435	-1144.236486557347	-6075.11879121358	-9791.247922052582
79000	-445.9111284859451	-437.52943215079256	-430.88752935340204	-418.04474858531603	-407.8988149633904	-386.4863819474208	-375.4534639583816	-364.7458200911692	-360.8983233507799	-361.30927227173333	-356.21100647225643	-390.37278657047165	-491.7304892351342	-347.18298940130416	-1066.0170452834423	-5769.525069115814	-9385.97694285068
79000	-432.0332298373808	-422.90641562982063	-416.30295069077334	-404.1696618095376	-395.14645622293017	-372.6956217945453	-360.92128740610025	-350.6471849472568	-347.69200972760274	-346.9300000137817	-344.13296785767244	-380.91438830758244	-471.2106434088252	-331.331970382108	-1042.2659409369674	-6081.454586936404	-9866.410860578233
79000	-437.4630540803589	-428.93876839874395	-421.51869535503926	-408.74829257008525	-399.869666583066	-378.29440673863724	-367.0012447981551	-355.8839836837501	-353.6321599679293	-352.25250080292494	-349.7663414871197	-385.11056557503275	-479.79071768770797	-338.58763878986764	-1082.6993077707866	-5936.9195943573095	-9755.670263599583
79000	-405.0168035113526	-396.79531566145357	-389.64103252644196	-377.77621601322755	-367.1739772091633	-345.59317532925036	-333.78036694500304	-323.07636951922376	-318.59432932241606	-320.3813152862003	-314.0972508491565	-342.355366961715	-429.51764600662835	-307.33395142001507	-971.157388704148	-5692.395347650474	-9413.67671692724
79000	-439.8061703910868	-431.6966867211201	-424.31925393926934	-411.93659415056675	-402.8436275042563	-380.62795416855823	-370.22355338786986	-359.0102251708789	-354.90953636827174	-355.68970167026805	-350.4948711153789	-383.00593129293105	-489.1646819895121	-342.5597042791359	-1053.286515414236	-5835.135635895976	-9639.480707267196
79000	-418.8053317021045	-410.5519108530903	-402.8916820675782	-390.9811263369995	-380.5829724295002	-359.1095569194946	-348.56987818057826	-338.64673287938297	-335.0412455302213	-333.9578406559472	-331.818543834765	-366.6966388639371	-458.9284740964232	-320.82452090573605	-1000.0087132081281	-6073.874860856745	-9874.217522764766
79000	-418.61144030306315	-409.5681704192612	-402.3511515064342	-390.1860432418059	-380.17652739470174	-358.9429314080457	-346.98637370830494	-335.88297659106706	-331.8177817062522	-333.41228910837845	-327.151703832418	-356.92716581300846	-447.90002072632586	-318.2762592516445	-996.6002440173157	-5723.682486214945	-9447.746799847224
79000	-461.27950091754536	-452.0485595702516	-444.94759126524553	-434.16232955270414	-424.56271488470315	-402.5780931049755	-391.09186755717377	-381.1702582911534	-378.4880804107199	-377.24635347865546	-374.40845140703345	-415.2161744413483	-521.4370038297111	-365.4178082157703	-1154.619915926304	-6021.9998858519775	-9763.203178735228
79000	-450.0646087251824	-442.0714581716431	-434.37048625013523	-422.1942704228619	-412.3280645409529	-390.7461171686215	-379.97247744347084	-369.10413453276345	-365.78872120895875	-364.98422806072546	-362.76814689398753	-402.09320022930484	-499.8651468559498	-352.1841007410168	-1100.732918080002	-5917.966218857882	-9579.534907063553
79000	-410.8837396376964	-402.285618407927	-395.2545414062818	-382.7202158763449	-373.10077905502993	-350.85842656844505	-339.2761073586573	-330.0660824630388	-326.15970339797127	-325.1007447378104	-323.350858167453	-359.1360045339353	-446.11919889212663	-310.6125767334906	-1013.1529463063201	-6049.800188639824	-9806.126807540142
79000	-438.8715280986509	-431.7936829803997	-424.47685847164604	-412.20175755605703	-402.7283978732735	-380.5062946993443	-369.23411684458466	-359.4040126011787	-355.56229392046123	-354.4156857926761	-351.84554832536986	-389.61010102862906	-490.4737352234157	-339.03592834352133	-1118.5068618164598	-5882.53129098361	-9687.600467364262
79000	-435.7113316900147	-427.83210864913747	-420.2622007542979	-408.2723272348361	-398.5542907447374	-377.36186206470967	-365.07977665454285	-355.238557982566	-352.14372975402586	-351.7307554148548	-347.18904548018145	-382.99692189829494	-476.42161605897877	-339.03467064184986	-1056.2107416759734	-5887.210217240048	-9754.702951506846
79000	-415.21502007350523	-406.42802776780906	-399.23091433275914	-387.66359876749834	-378.0826565923243	-355.61600443520985	-344.0249394714491	-334.0271688550858	-330.51247989707366	-329.6405779365092	-326.5301821548125	-361.81116405566235	-450.7614172081614	-315.5200570068715	-995.3157943749328	-5989.121140072387	-9880.12721210442
79000	-447.4464400704215	-439.46440133604705	-432.24664451658276	-420.31895258300074	-410.24948625375424	-389.18791304474286	-376.77024456928564	-368.4862153411054	-365.68559042531996	-363.4458944563393	-364.5163769696818	-407.1543734865056	-512.9711487444849	-348.3681962274289	-1114.0656672364603	-6284.698252253398	-10231.485351057514
79000	-423.0203482971948	-414.83392132418305	-407.4566211943746	-394.72175339223713	-385.77690269432503	-363.95869392732016	-352.0152819540697	-341.36373814010176	-336.1072713393588	-337.70163740209483	-330.57402104345704	-355.19192809688974	-438.940450839214	-324.4546889335877	-927.9462571104822	-5760.001655122964	-9172.242812824983
79000	-419.6912615735382	-410.75559381257176	-403.3124774831991	-391.53408183156057	-381.6399693898629	-360.8037092641025	-348.162033680262	-337.6057599845391	-332.7699988106572	-334.58236837706704	-325.7552850006493	-346.5382075869926	-424.0847536207527	-320.45662359784893	-909.6537060177296	-5407.507809209994	-9027.176514462073
79000	-464.5269338462219	-456.90734813968186	-449.30298306979324	-437.42387390392116	-427.4480007044981	-406.2643051531962	-395.1005642475259	-385.0468650497664	-382.50848213942464	-381.2637442644872	-377.7886048345738	-419.30460412451697	-537.8141936647925	-370.1483727515365	-1129.9526528912465	-5755.5011385955195	-9414.125921403363
79000	-437.6737841969937	-429.69438057700273	-422.3352761074057	-410.2074282712879	-399.8519991816339	-378.861632016271	-367.5296525645733	-357.09161358064244	-352.2359501150107	-352.56000009525184	-348.10314488177056	-379.23514076651173	-482.68935916953643	-340.7800848616256	-1011.738929690206	-5879.911578230409	-9405.226148185415
79000	-427.14868053688065	-419.03944647344014	-411.8145505725989	-399.5650473877819	-390.04720268568707	-368.19760720861285	-356.44165075067525	-346.4599884338689	-343.0497027848225	-341.70492037583955	-339.71982012638176	-376.68738976918024	-463.3803651348851	-326.46267576186847	-1044.7030190385353	-6228.869161568319	-10085.878700326315
79000	-396.5676392681949	-388.14550786182093	-380.7610960417347	-368.6746541793667	-358.6912943491825	-337.24389436283667	-325.12022972419766	-314.50429886788504	-310.2224501723166	-310.9737004278288	-305.36827288242887	-333.569025204146	-414.5278337358818	-297.1368347036207	-926.1303115426368	-5786.437118358	-9476.706894122568
79000	-451.1281696335123	-443.19364625456865	-435.75529073309184	-423.70815582905277	-414.0912474415327	-392.22875044397296	-381.3589522477727	-372.64412237178055	-368.6335243325164	-366.3784261811707	-365.25461027645014	-407.82597222157307	-513.3830156584188	-353.1736423556816	-1165.5302071211493	-6141.993277778458	-10067.346265612377
79000	-417.3339019272182	-409.7171056045324	-401.76282453510777	-389.7171132999981	-379.7442769997458	-358.9909777609912	-346.91422337476536	-335.6513907286742	-331.0454152935775	-333.1910133113172	-326.2025653094661	-356.0795848363949	-443.52824282510954	-319.07613377346695	-962.6904214276225	-5670.455872270858	-9369.275026162088
79000	-444.42755861248696	-435.2413446663587	-429.49595557243623	-416.5623888416426	-406.49406336964506	-385.8611633141937	-373.749790183564	-364.5297427942298	-359.8164329477007	-359.83728029122744	-356.0213244280501	-388.41646220259247	-491.72450834966224	-347.2884032125314	-1065.3131104356105	-5780.440840370277	-9429.976991347181
79000	-403.1087146909617	-394.575756529734	-387.4244596282828	-375.1469407535766	-365.6178811987405	-343.6595355824621	-331.7782796389123	-321.1280919174909	-317.43496544190367	-318.2660754519251	-313.31333858446726	-343.5739898169567	-437.52775364085704	-304.49240687247874	-906.495589519159	-5831.537910337328	-9438.888751759352
79000	-425.2852685790933	-417.02582211225024	-410.130578097977	-397.2068656621225	-387.8828210700435	-366.93985759928853	-355.220431939115	-345.03742980680323	-341.4581720325756	-340.07240299376105	-337.6021253019482	-373.55332019016436	-474.8987680714723	-327.8765862601052	-1011.6176321688405	-6008.07983150289	-9887.386690372654
79000	-434.87692245305595	-426.44738726718873	-419.70524497722346	-407.7566960368548	-398.09637541672885	-376.7284446780579	-364.13839704380496	-354.0332927465167	-350.5432937454413	-350.5200823184957	-346.0531577928864	-379.98459716891693	-478.3658439637658	-336.87992109689475	-1031.4813963669314	-5873.33587179519	-9691.394133527514
79000	-453.8589664823148	-445.1275910475623	-438.13981303715747	-426.1151134622247	-416.0922867208527	-394.99878837851276	-382.9403781590268	-372.9994022120998	-368.53634650141345	-369.23527187890033	-364.763035529378	-399.01578778305895	-488.2194150437219	-353.49312326976974	-1084.620383258375	-5933.052805890478	-9638.793813783765
79000	-452.81937441158937	-444.9470171133892	-437.22801718172224	-426.1966402171636	-416.6053657285673	-394.4771283888421	-384.1538980808404	-374.7914487798016	-371.456984365318	-368.5170039718546	-368.8124359464695	-415.44838689552245	-519.3165142382402	-353.03440458052586	-1177.98298355835	-6365.516633620687	-10357.479877983067
79000	-394.57091080003073	-385.9521550705373	-378.5303300828387	-366.79416316821334	-357.0109469312455	-335.8637360774592	-322.7835823475295	-312.44979114953617	-307.9050418425151	-309.9417183625512	-301.0773551000996	-327.7776672821041	-414.6759834310307	-297.51852179390283	-885.7060122517903	-5608.789182684729	-9241.86807526349
79000	-423.7015781131386	-416.3491117420173	-409.16893548111335	-396.91371160102574	-386.886017544518	-365.64833944922356	-353.53029578445404	-343.7732152993436	-339.3233929612154	-339.98759893659695	-335.1757262843931	-369.21015336835245	-464.73490918133905	-325.1126885872303	-1009.5908884459864	-6009.636710875807	-9716.167866784668
79000	-453.48307188119634	-445.6303416564169	-438.44475554730224	-426.5742446320817	-415.97795677774616	-394.69416553737267	-384.15121775136623	-374.3401383658211	-371.42660384085247	-368.84470601370396	-369.37465503087634	-412.1330672253668	-511.81301339060474	-354.76224100557323	-1129.2982983688094	-6291.6860589105345	-10148.748699466923
79000	-427.9912137823257	-419.1250147732863	-412.3129424787473	-400.09333423727094	-391.11207389529085	-368.69164427051123	-357.65660458581743	-347.30725225733727	-343.4249183210367	-343.33004161696067	-337.7868709589126	-371.6977172613269	-470.0671565498906	-331.84555820517073	-1016.1419071869419	-5948.176294371164	-9544.528262659109
79000	-440.19735988884423	-432.0355652838313	-425.3715566439534	-412.8968972605958	-403.0052995563626	-381.85223005530145	-369.7718327154545	-359.59441771694856	-354.84881081284885	-356.41499862572147	-349.867203737674	-382.21107730640017	-469.82580267992176	-343.0538506741923	-1017.4427073794546	-5831.466618477562	-9339.604726429989
79000	-448.4610049363949	-439.7412464417069	-433.07817903264316	-421.15974315109565	-411.6365109487268	-389.9487124416115	-379.05631007280925	-368.57054168152695	-365.201030275062	-363.44624090806815	-361.43965148813925	-400.80499576632707	-502.29093582612785	-351.2360314004692	-1056.7027680500817	-5905.9083030389165	-9570.155859378901
79000	-439.41383381633074	-430.6107578027283	-423.9204138854198	-412.3560902451376	-402.733271556565	-381.2713666708368	-369.39509765225915	-360.0536022847817	-355.78825409504486	-354.67224307459946	-352.9248674847034	-389.4620071948025	-490.73846186382724	-342.88403768800856	-1068.3291276171371	-5936.199131542252	-9695.442534074287
79000	-386.5540149836947	-377.92837286933116	-370.8136435637079	-358.8684340616393	-348.0651081116475	-327.1992201140614	-314.5770495648438	-302.4136181589807	-298.48844372897787	-300.8344769898006	-291.20544564018456	-310.46973955659774	-382.33238598259237	-287.7749612965685	-829.5447430474809	-5486.434777980357	-9127.912141241459
79000	-436.10170876220843	-427.90497110504924	-420.55853726532524	-408.454507300704	-398.41341277613225	-377.7771921612657	-365.10432491775254	-355.46767350674617	-350.7481733133265	-352.00236885880105	-344.9065699332911	-375.1191077742655	-469.81157253836795	-342.0506788155497	-1003.6793306034306	-5835.719186491212	-9344.69643012161
79000	-468.9132017942483	-460.73092035436133	-453.57264850314704	-441.65583748153495	-431.2299342024192	-410.3909307505049	-398.7752492287048	-389.10233597973365	-384.71836479360604	-385.1261326462719	-380.31012487584474	-415.97668714642873	-518.7735786476428	-371.01386566935446	-1118.0264914829	-6032.7546899369645	-9757.978021898905
79000	-445.23588193752556	-437.1756036933123	-429.8165809096642	-417.63625780974496	-408.069740532964	-386.3704327733413	-375.03254171043267	-366.07515967999865	-363.9071012620964	-360.96048705656267	-362.84073181826693	-411.1385520141646	-521.2072409123721	-346.38335397961174	-1123.9582881373758	-6632.64478758856	-10521.13343946627
79000	-426.4903241820943	-417.0404244268966	-410.14146168046756	-398.29138269045563	-388.67313549535527	-367.05495782345093	-355.56354371920656	-345.5895524904027	-342.0497178870241	-340.8849364784219	-337.7798107771254	-374.0759716777609	-465.6690458528251	-326.1356157345377	-993.378233311269	-6062.330268934635	-9759.698942720597
79000	-390.4794303715153	-381.747662274064	-375.3644990398462	-362.89147125396744	-352.583966586535	-331.5167700600874	-318.47806722100785	-308.15525866864056	-303.99033465306707	-305.52767077651	-299.3796279340619	-327.5497510220099	-407.45771347243135	-290.75608208473056	-888.7214255228971	-5834.086950210464	-9664.359097059287
79000	-409.14056499035865	-401.05147511398127	-393.3695006994431	-381.64047150370993	-370.87586022034117	-350.3330876499132	-337.6573835010779	-325.64336876071513	-320.42218944182446	-323.99499724710375	-312.59273267371367	-330.6396098451856	-400.38348392531594	-309.38696913954226	-896.0208351145396	-5319.02766936809	-8879.053620146635
79000	-435.03861992685074	-426.3209522308219	-419.7208720965852	-407.190586955792	-397.7224768751018	-376.0540125206602	-364.4622431070258	-353.77108387333635	-349.3800531557487	-350.25742554188713	-343.64763862410155	-373.7207353169789	-459.6223731672597	-338.9770894570475	-1022.1776251740472	-5584.309085626694	-9285.660938868408
79000	-432.12952238402335	-422.9306024182104	-415.95757533148566	-403.3495055862927	-393.59884010741246	-372.4878459853266	-360.74817650116063	-349.61560165196016	-344.3887550989992	-346.416828055929	-337.4106662285997	-361.3643919270028	-436.4011911079771	-331.7242129838058	-995.7214425192075	-5618.514859921774	-9180.348954186069
79000	-450.0608336456135	-440.9091128803929	-433.2800371668109	-422.08794200696764	-412.10523697855695	-390.4925056191963	-378.6347015635511	-369.74218328972825	-365.2967257405683	-364.55962198447315	-361.32681936597527	-397.53985002777506	-503.46489583736474	-352.8203608816046	-1082.1144414640062	-5901.786004442351	-9620.9260722876
79000	-438.5266565381782	-430.0618824996836	-422.66414925746375	-410.3407469857393	-400.9327057833127	-379.42836270597945	-366.42730387068883	-356.6858662875969	-353.24990832763615	-353.78338527747644	-347.71141213403	-379.30401968989315	-468.82377963670217	-339.6842448566541	-1042.8099544732368	-5757.324521835712	-9371.778909886765
79000	-411.8513877125893	-403.6343494509951	-396.42305936990755	-384.0526908582435	-373.98126019331727	-353.79819077990123	-340.38890604740715	-331.41862950560966	-326.45410473028073	-327.241122914694	-321.9870173196417	-354.37757073237515	-444.6597412993254	-314.16517654142456	-958.6241864804689	-5829.916255974928	-9620.321085881124
79000	-410.93328115550185	-402.25530425928724	-395.13521805355066	-383.18861811529814	-373.47917438442084	-352.09789311149933	-339.86046170557023	-329.7263996403909	-325.01866176625504	-325.62355226050283	-320.4284859587133	-349.4767869894392	-436.5206243766567	-311.7371237166953	-967.6898723784844	-5612.105259854751	-9410.004295365085
79000	-432.5746120892432	-424.4809681122201	-417.4634369731936	-405.3726020716605	-395.3891382103273	-373.6001965858466	-361.4945164250819	-352.22969931957346	-348.9453302377909	-347.628992721294	-346.1332764680976	-385.03158092309525	-482.40998856709945	-332.6647859225393	-1065.5642531196704	-6378.975803407065	-10167.861458177722
79000	-395.9174939511881	-387.2993093767555	-380.8202296479911	-368.15434334383497	-358.13851100911296	-336.46543070048676	-324.3346227724359	-314.43864617153076	-309.51653774359835	-310.80550301195376	-304.25804740991737	-331.42231812764646	-419.2286443132832	-297.581843466871	-899.6201664752612	-5498.681857160987	-9224.335196272566
79000	-461.48186207426915	-453.2452780774151	-446.8421227874964	-434.98062394569	-425.1100307979785	-403.7010904190969	-391.66266491249564	-381.0121987559942	-377.83764212816936	-378.0025073993489	-373.28979864266887	-404.6501607346038	-497.7561935955599	-362.99666883910265	-1122.0507156928786	-5851.334927654419	-9594.504164363223
79000	-452.1476998050462	-443.7370142542074	-436.24617680357557	-424.4399166707401	-415.4157325384431	-393.8158624081709	-381.37262063376477	-370.74074853173465	-366.88623968724136	-367.7015174600391	-361.77354839000776	-392.2650109413997	-481.0560012824405	-352.40378378579123	-1075.147801763905	-5902.1173841975515	-9461.138920637834
79000	-398.72159157910073	-390.48945722393466	-383.12340537042036	-371.1654926506236	-361.1589630530589	-339.41654445611084	-327.58855460973655	-316.918124164477	-313.16694880349644	-313.16217828618346	-308.1821123627888	-337.4700171026424	-421.5129497224714	-298.8044079465167	-924.4130523335372	-5933.9049558124725	-9691.008683836157
79000	-395.91392396281765	-387.050839395078	-379.8471102784459	-367.8362451895176	-358.26199827836695	-336.63986356521394	-324.0070845548177	-312.8020490224342	-307.99479165625104	-310.33392341870706	-301.20185158539755	-324.9020969276854	-397.12890762962456	-296.315919777884	-896.274284851015	-5533.193109715817	-9133.11652402382
79000	-452.1240406796852	-444.5571214084888	-437.1456311484805	-425.3110152912618	-416.2221722280034	-394.684857275679	-382.4786817928199	-371.33236744331134	-368.4931152091278	-369.3706446406788	-364.2914634463898	-399.2934278099841	-498.721075383278	-354.944907155261	-1086.5345479593598	-5977.252382281557	-9604.093195114157
79000	-444.7630100501892	-436.25421002754945	-428.9242395040861	-417.923417526917	-407.1098993974802	-385.8479856795979	-374.7261305067049	-365.1115985332492	-360.3610624810639	-360.2078234574968	-356.60778616789264	-393.9694573677933	-495.76883758401095	-353.54214740804844	-1077.0362428047483	-5994.493958564198	-9755.046983803886
79000	-413.5606217153887	-404.93218039115317	-398.10531804590863	-385.6864613122733	-376.36933683561637	-354.6097570505778	-342.70262690506314	-333.0325348752442	-328.9170132556445	-328.4660049764636	-325.37505535425174	-361.5062923410203	-452.86218118703044	-314.3028798279885	-998.0410348773156	-6105.013680891177	-9980.501344419014
79000	-417.4621911137352	-408.9245789562486	-401.86630923877755	-389.73243046473135	-379.62700378985653	-358.88122355380125	-346.5346551399104	-336.46050738070016	-332.2447055982104	-332.3255011750337	-328.8491317120747	-362.7923566758069	-457.11861818050795	-319.21415934971543	-971.5878882786161	-6183.610883875635	-9950.664593395191
79000	-394.9311575949055	-386.64993009971147	-379.27842035387	-367.5253414077496	-357.83459122438427	-335.4811028829106	-323.55854599335515	-313.3382721591769	-309.6586889743739	-309.9011310988942	-306.2779084099064	-337.2989082765022	-417.31279666025694	-294.79265556310344	-929.7648538031988	-5854.586586924069	-9706.67541612713
79000	-445.0895762090198	-436.83315546311104	-429.48622795761895	-416.3772016915799	-407.83571310440027	-385.6932887371971	-375.0805916441829	-367.1131061849022	-363.1512431869456	-360.866205048385	-361.3836348578239	-407.02610003868995	-519.5520808081483	-348.08043374259336	-1111.5731445486063	-6181.398522734765	-10050.542181452858
79000	-421.5333152643691	-413.3043637905986	-406.03041406897984	-393.46152014440565	-384.45492371944135	-363.02417429125234	-351.00729390006114	-340.11482264977343	-335.6949755871689	-336.3630749249776	-330.5671188455205	-359.18871563251764	-452.63716647377925	-323.25170370392163	-997.6626656975121	-5797.738121812853	-9531.500876164653
79000	-437.841090098343	-429.5651138954302	-422.942540559022	-410.4150863569322	-400.5644997647804	-378.9239242091271	-367.88866425346896	-357.3611586805021	-354.2857092353579	-353.53262121451814	-350.4969080699536	-387.0055631680033	-489.95708561027374	-339.8500646204347	-1071.3892763231315	-6055.167019821686	-9723.664262347967
79000	-417.0975370854284	-409.21826349617703	-402.7907928181856	-390.4704363662164	-380.1907201145499	-358.6044346715137	-346.55933193987124	-336.95570329431797	-332.6757867045004	-332.90891049325796	-327.49484813125497	-359.8807564314422	-449.0750250846262	-320.9327366378589	-985.6882048897961	-5781.673962955587	-9541.91896300426
79000	-422.85858830034994	-414.65059721462507	-407.26282980328	-394.9028598495278	-384.5430522371101	-363.9169156961851	-352.00290072002866	-341.78907454038364	-337.0073116089942	-337.49439720753526	-333.0780846037629	-364.1624809009115	-448.773133179717	-324.00462835306837	-980.1264326400427	-5907.934078688125	-9574.50225085389
79000	-465.87611425867726	-458.4664155918946	-450.6627607241425	-439.57961872609053	-429.8370939212748	-407.4452314854284	-395.93013099748663	-386.266941077606	-382.8163772668677	-381.2146350050787	-378.1452096914248	-414.53303566909466	-521.7529390625067	-368.0600721460495	-1129.5551436204066	-5947.752107161574	-9565.731694423996
79000	-429.61249057370634	-421.5134425117147	-414.27303403643276	-402.5118909503768	-392.4033582007373	-370.4123329568178	-359.2728011732456	-350.0656203122885	-346.4031567266665	-345.0542585757176	-344.57476082604563	-386.50832345360607	-482.00289222151497	-330.25309811893965	-1041.469067812382	-6367.224706241816	-10243.225763236098
79000	-398.03697935690025	-390.07570704955015	-382.68810743549994	-370.72350342806124	-360.53324622269787	-339.59697248503187	-327.3883366047786	-316.6133735422425	-313.0917237490006	-313.22363049533806	-308.75632981567236	-340.59635213883314	-423.5261463718254	-298.0974188882125	-944.3389206374993	-5970.9937611015375	-9596.381867550459
79000	-447.8306725035494	-439.81827675001455	-432.1415222645209	-420.0693404976844	-410.22251074468943	-389.11173722777255	-377.0718325896891	-368.05256484422745	-363.52092254032294	-363.02941558938437	-359.30353107728746	-396.76835120740583	-493.688203571953	-350.37365416249816	-1071.400543172525	-5909.312703586915	-9533.567000823861
79000	-442.45277580726594	-433.8517400384477	-427.1685635498645	-414.8565193023528	-405.22943590285536	-383.3729318607937	-371.1470308428971	-362.08714480869344	-359.68121848936715	-357.9454436549383	-354.8891154559784	-392.7390758300942	-491.0855618103712	-342.5218345135447	-1107.4791655063348	-6045.783574274996	-9833.387244920756
79000	-420.85865124720675	-411.8635348412599	-405.25943742031023	-393.4216035503081	-383.8941616884704	-362.0737043975013	-350.62514773485645	-339.8667181662906	-335.95465675146266	-335.40529035764973	-331.80980863701296	-364.9880231548209	-465.5480265817295	-322.1192110559492	-981.3616796388123	-5846.243015929538	-9572.700234966449
79000	-436.9591436433771	-428.7555709580628	-421.5779044711881	-410.02569672157335	-399.99671414326593	-378.64788967195875	-367.3478820697518	-358.4135000194963	-355.73012923094035	-352.90801148141196	-353.751620370704	-399.3228091466777	-507.9124884993725	-337.25780255675903	-1098.3301449725789	-6435.9902196523535	-10310.862873070733
79000	-418.7605731895182	-410.9885155420695	-403.8478975489667	-391.7683441554725	-381.8554958143829	-360.3242826575878	-348.2384635920426	-337.3534239180488	-332.84576254942266	-334.62267013395376	-327.11362204015774	-355.2440848933739	-438.71626094626373	-320.13581582591416	-948.7052279429286	-5688.237613358378	-9280.709725350023
79000	-414.50874138070157	-406.23076600523325	-398.9214641828989	-386.17830033674727	-376.3775700802871	-355.3072230519916	-343.07580737875566	-331.9388438916845	-327.4123051973055	-329.0433343092323	-321.9429278450907	-346.2406429789212	-420.4634559529729	-314.1775427739899	-945.7213120117681	-5782.00852766249	-9394.808859974992
79000	-441.4822177559738	-434.2203880555862	-426.7415551421662	-414.4661563512102	-404.44764080827736	-382.8193445759021	-371.5492317874541	-360.74596350384877	-357.3696847547442	-357.16123068420836	-350.5173194164642	-380.64744482494325	-463.0507965966022	-342.6964478335689	-1018.364825875903	-5786.333842106633	-9289.743437634314
79000	-466.6627316580018	-458.4212911885	-451.5889396058985	-439.4388961728488	-430.3151095658792	-408.3460126602993	-397.93094519467377	-389.24315265860366	-385.9294439376459	-383.3478707319034	-384.93806433567136	-432.8656583324344	-559.4657352704922	-370.18923022786163	-1193.8538185999691	-6266.127680515119	-10126.302127622406
79000	-471.471273381643	-463.5227626115809	-457.0770631078597	-445.28381563011067	-435.04181806939687	-413.9298921943167	-402.7642958186322	-393.55111445615705	-390.251079520105	-387.8968086352907	-387.586884946738	-434.24839343395155	-556.1415444950264	-376.65349299285083	-1185.8082427931195	-6020.402382299813	-9768.35485775595
79000	-409.4830857755629	-401.896441830019	-394.95437458846556	-382.68979728469844	-373.0553725454467	-350.94966538621395	-339.1494558822914	-329.8567866059139	-326.2053763401874	-325.64274601705546	-322.64766015867417	-358.0675829295636	-452.42949562110056	-311.14603052930835	-983.7026117249953	-5912.15245071417	-9752.847984806678
79000	-440.45761347472006	-432.5543480549658	-425.1120000506342	-413.9574140630302	-403.6582905151691	-382.012548835325	-370.7142022694536	-362.1761753284253	-358.5846065074202	-355.91907596128306	-357.4147090216221	-404.6788235504756	-506.8213088988197	-341.59897975756166	-1111.0180669578963	-6346.498058432903	-10391.089182221132
79000	-415.8140396722456	-406.6531717410264	-400.048747016277	-388.2548600463707	-378.65620266433297	-356.9116895279761	-345.02813326097186	-335.2477707142798	-331.0851883820434	-330.38295079985147	-326.0376860132439	-357.42673230236886	-450.30700591100634	-318.1435199584488	-971.4011099688938	-5721.390911500815	-9446.018104997853
79000	-422.81704442403	-414.6235419805796	-407.3328687294559	-394.9594853807166	-385.1161155121081	-363.73593285388597	-351.9439797820451	-341.7423367716925	-337.53037885769083	-338.4570363261726	-332.5342000036244	-361.3404926436444	-448.77561670409597	-323.99926654105514	-998.5734944286737	-5753.898337421707	-9468.97913022514
79000	-414.76939489005457	-405.94711713130255	-399.54652630187144	-387.0953801806039	-377.6292971772971	-355.9320453606177	-343.68893653655664	-334.3586036542537	-330.3252915981515	-329.32920407839424	-325.883248173376	-361.8705634044095	-452.7911999586424	-315.99563697167827	-997.8984566564667	-5897.020707056304	-9683.959464900881
79000	-449.95852457925815	-441.75904774233874	-434.27406620560345	-422.3535462130625	-412.8735741140501	-391.41456208300804	-379.46394960487555	-369.9708477275192	-366.2276360885553	-365.7589603145255	-362.67445389776935	-401.2757456506573	-499.32068019318746	-350.62904075140887	-1083.0580071959237	-5951.491481450807	-9871.45971761695
79000	-433.09884589160976	-424.132166357211	-417.2119616088822	-405.44919669635453	-396.2054681781095	-374.1347683725354	-361.9079558539206	-352.1313610831553	-348.02943892544454	-348.10650824273495	-343.2119840241323	-376.37197625313917	-469.4848314130909	-332.63904801755234	-1066.7562620953454	-5903.609741345163	-9845.655395762331
79000	-422.38281595188545	-413.5547709575616	-406.7327381510019	-394.8089974044601	-385.18107635142906	-362.94032774243396	-350.98552725832815	-340.31371824738227	-335.5639424953893	-337.07423076443337	-329.95884263256545	-357.20742328776515	-433.7991307861877	-322.38129149279433	-990.7816174544945	-5632.641311682587	-9288.121500697802
79000	-425.5212931910688	-416.795003000599	-409.9140867459275	-398.52904240166197	-388.46498672717286	-366.195310172407	-355.7028386621871	-345.9101726266482	-343.10814062037724	-340.7398547371793	-340.58197394295166	-379.4197361106043	-490.7761042666883	-328.9112028335245	-1055.3401316292059	-6059.042961656349	-9850.775113312424
79000	-441.23665332997786	-432.6575099314334	-425.0813035400543	-413.36185856575037	-403.8145262902586	-382.224601064356	-370.170676172613	-359.9307539274477	-355.2946026407301	-356.28965821407337	-350.65122421032356	-380.2355168798743	-477.3782103774044	-343.12952477542063	-1035.2283838634246	-5746.011401440577	-9462.450971981274
79000	-404.22214186343507	-395.67304599688225	-388.9847502233525	-376.6833256852657	-366.675408206147	-345.1691029810068	-332.972469776631	-322.7311726423793	-319.05073243053477	-318.8078617707584	-314.0609366457423	-346.3150783916261	-427.2744334630533	-304.3341580172449	-947.1093380018607	-5831.5583064472385	-9719.387593810225
79000	-434.66178381994587	-425.8045206984399	-419.4424172549838	-406.9539845545381	-397.437045125035	-375.7113612118866	-363.6392685455458	-353.97899934068664	-349.6644892808705	-350.1590784006554	-345.1152667707156	-373.79076227189915	-459.3444260726465	-337.72384154031647	-976.6397009435849	-6016.671482893763	-9669.076690823953
79000	-419.38020433482626	-410.93794288521696	-403.47218074677	-391.48210062311466	-381.9848094082922	-360.4199485466339	-348.5505515335356	-338.2412130763696	-333.003050092828	-334.5520230646692	-327.30939361060814	-355.98677627944215	-444.6728685951793	-321.6844438334604	-955.5378800010175	-5718.289126627828	-9315.59798001993
79000	-434.68239918751675	-426.9538981312375	-420.3134702967225	-407.3320663156745	-397.8061682444379	-376.3205023176977	-365.0497128101826	-355.50979701503843	-351.0670291867669	-350.6579470346912	-348.8654858272338	-387.41339599581687	-490.0619137718903	-339.027747581661	-1057.3497008463041	-5965.629085076434	-9823.483678141143
79000	-454.1023105513285	-445.58251439989954	-438.7504796166855	-426.2982177133781	-416.34535228980195	-396.0001998032807	-383.4745325481421	-372.65020057691004	-367.9811138469691	-369.79972368279533	-362.0778397385849	-391.0267051524188	-477.88096957059605	-355.2019431226337	-1076.3208892531943	-5677.058314264938	-9327.907627413064
79000	-411.8782700603928	-402.75841009043046	-395.7366211088682	-383.9574352183006	-373.86247194792986	-352.6644945717138	-340.8525442909087	-330.76314522719616	-326.7822159328768	-326.561082905332	-322.5322521973062	-354.06370463948554	-443.0183837693619	-313.632262455103	-978.247223773181	-5892.247847535524	-9637.507961044696
79000	-456.83202701652925	-447.6441860611059	-441.0242304697544	-429.381202823094	-419.0841531144233	-398.5542394885852	-386.860208041887	-377.4049917443928	-374.8256478289629	-372.92141026152564	-372.5196825632165	-419.1354141033372	-534.2291195593509	-359.3292641177003	-1130.4699781940055	-6067.408473347695	-9897.786108087988
79000	-424.3722745371743	-416.20911225683136	-408.7506128029135	-396.61219652183706	-386.80207293312014	-364.5560501796261	-353.13825298890896	-342.8256536533045	-339.22142700219524	-340.15980480819655	-333.279989772714	-365.18637133204174	-459.456221459416	-329.17400407254974	-996.3980188679772	-5832.43532921991	-9609.135219640058
79000	-429.6790859524317	-421.02763748896115	-413.96389916918537	-400.99371752710226	-393.07161207071675	-370.4327910692389	-358.9497024415866	-349.8761681901058	-346.11216057577434	-344.5193012215134	-343.3422955639768	-383.280194940312	-478.36854973269743	-329.55414406028416	-1077.1573672995269	-6119.291799078201	-9998.046363415931
79000	-459.490042326733	-451.3501978203697	-443.72701188067293	-432.37260753551027	-422.802266141011	-401.06001700133766	-389.80244843452886	-379.84336718585666	-376.05852822325386	-376.0216405279943	-372.24633532668565	-410.5597387222479	-510.54834151453224	-361.69714062558984	-1119.8180894143482	-6041.649971267846	-9724.756213854145
79000	-437.2733514759677	-428.39328850371516	-420.9639161908431	-409.1786126607258	-399.96168753693973	-378.3988211519182	-366.92774239777066	-357.9194571722372	-354.8613344050658	-352.6089597313264	-354.14344655862186	-397.6591504012741	-506.16826104964406	-340.2971266399311	-1114.0454156418855	-6241.38019583393	-10143.684145881722
79000	-433.0448813626784	-424.2726274035137	-417.93570540635545	-405.2885683115194	-396.3433779658667	-374.54401229273765	-363.1745677402669	-354.24832038159866	-350.93130853379336	-348.52490482892614	-348.9006378322956	-392.2177939247914	-505.2513042189575	-336.16424740196953	-1072.8010864933735	-6152.676506636448	-10075.50564325684
79000	-404.15901842861865	-396.3382429954087	-388.73196870045894	-376.355663883068	-366.9871269103417	-345.2507929133241	-333.3634189131747	-323.1545586533877	-319.7296776632591	-319.18235491176944	-315.0879217185838	-349.1903391015559	-435.0493155678085	-305.2199402169898	-947.5905417859274	-5947.6115181059495	-9727.507625784112
79000	-438.32168637526433	-429.12819753148113	-422.6600607337887	-409.93823499616656	-400.2042721441757	-378.74029091623225	-366.16048530058134	-355.4486981395163	-351.65308031841045	-352.8903696611217	-344.2141551283911	-369.4399328068949	-446.1047645137324	-337.76862642655817	-992.8765521466427	-5745.439754686268	-9306.164019454132
79000	-413.07933880576246	-404.9534842490284	-397.0848323987023	-385.28955304754845	-375.8007167340252	-354.20634217437106	-342.20158425700816	-332.2658179365676	-328.1831844197123	-328.12280528212943	-322.5644734199222	-354.2033474638966	-449.2852943392294	-315.8639021249819	-975.1596623079369	-5650.398007031514	-9440.31448419835
79000	-426.126367790181	-417.09592190524916	-410.2528536580175	-398.43845654182485	-388.42230273874657	-367.4329073622372	-355.94998589798683	-345.994358301242	-342.85338019807307	-340.90497331798014	-341.1009403155935	-382.72270700646334	-498.37079867025994	-330.27565636679645	-1031.5749261058506	-6209.313087267842	-10037.042317934087
79000	-429.3757856851365	-419.9786040629408	-413.29389859567954	-400.781224517595	-391.0088184372976	-370.2034442830559	-358.55040652089514	-347.93450482407604	-344.63401112488623	-344.751478609747	-339.39897613970794	-373.77721721197213	-467.88284644989074	-332.9193950996659	-995.8346788940148	-5772.556793573416	-9514.736955831551
79000	-469.6503913868372	-460.0665289099381	-453.81330855477955	-440.9056165611719	-431.4281204205753	-410.35243455826594	-399.0165429696722	-389.4271523250563	-386.0894470406877	-384.7369177906416	-383.08925282009415	-425.7138102119122	-528.5679590910277	-369.5471958440476	-1163.6406828582296	-6163.0178773828775	-9935.64676940422
79000	-422.88173490765877	-413.8589304941826	-406.87504564971624	-395.2524668128083	-385.49891635151454	-363.65453561230714	-351.8422614518013	-341.4034557578041	-338.34713369657095	-337.663019260362	-333.9342079128054	-368.7066065143763	-460.4593080269373	-323.0391639261683	-1033.6806577491518	-6013.702803714621	-9728.479019899796
79000	-432.01723441361065	-423.789979373858	-416.6252459692558	-404.2841587920037	-394.34158087786295	-373.0453896608381	-360.900170968063	-349.8665710170945	-345.26064828169444	-347.1957391026785	-337.9148613232035	-361.6992108862166	-439.411051466446	-332.3614564947357	-1000.2352458700805	-5595.614300618309	-9234.848816175072
79000	-417.40810014827656	-409.1468639425659	-401.9531822734231	-389.3958864459813	-380.03549163068163	-357.97812038383296	-346.20715723304596	-335.56258133019656	-331.29076263462014	-332.59887540761906	-325.98781542427497	-354.2196246263863	-434.6566550132871	-316.6665048026467	-996.108747508141	-5746.219604346656	-9493.130564244217
79000	-399.27891331801237	-391.09106463852817	-383.743375779523	-371.3264506995099	-361.3031269918834	-339.6129959133679	-327.1683361690893	-316.5152729099218	-312.2346764090109	-313.28186352170746	-306.28602189235204	-330.4009135420743	-405.5032619034637	-298.7960896150129	-938.9404259566888	-5705.527428650639	-9367.104585722156
79000	-454.3293174713069	-445.8949660506026	-438.01492815544344	-426.5951684177869	-416.38226088465797	-395.03315405147	-383.45035439898703	-373.8458212510399	-369.59919041921233	-369.10378185897633	-367.07803010039083	-405.3382394324921	-501.2231190023989	-353.40238804124084	-1117.0285248157857	-6057.616319968769	-9822.059449828921
79000	-460.51918602302806	-451.7953431367058	-444.6422573287654	-432.95420037519534	-423.2322535304838	-401.81032418138307	-389.79613270628533	-380.3649536890851	-377.3998647620434	-376.4749875599554	-374.8075407033637	-415.1446058791022	-522.5566956639093	-363.36048597856495	-1121.7138279534522	-6273.397933037584	-9914.277664495576
79000	-407.4375699895083	-399.37784109118473	-391.4976323798506	-379.2917780932987	-370.5179325261464	-348.4970026480364	-336.5797763029466	-326.0681636498373	-322.42984249746456	-323.20327276392294	-318.3831908626072	-349.9780574852316	-438.3518883649302	-308.62426219201114	-935.2325291022593	-5804.40252337108	-9505.32349919058
79000	-445.00083978800257	-436.67650231980866	-429.1621599655269	-416.9967025866961	-407.3280782006932	-385.6615501982685	-374.5923980646815	-364.839091960969	-362.1234734339641	-360.4779550454016	-357.65037958024647	-397.12175244815455	-494.4976558420903	-345.58301791598797	-1097.6683667958594	-6032.427085736852	-9866.314303273037
79000	-463.5377398740679	-455.84630395734115	-448.34427979639685	-436.57496742866147	-426.2370496559303	-405.46213368386907	-394.08657899081254	-384.82051895747736	-380.75296585157815	-379.7305249891108	-378.1589702013993	-417.91364187442105	-524.8066882254255	-365.5946070938809	-1151.9727659519524	-6103.077525822865	-9714.56735567711
79000	-449.73712038239347	-441.47229292851557	-435.09091298822335	-422.5221912102818	-412.6479296680902	-390.97758752234535	-379.45596380071987	-368.2371681768499	-364.0201866529239	-365.31991375226755	-359.61428540707385	-388.7749881383093	-473.9064812840163	-349.8868117747951	-1054.1579504279607	-5947.1504232435545	-9441.489772109637
79000	-393.66882924919753	-385.24546332638886	-378.7617691861653	-365.91709344341143	-356.0601025029702	-334.57218508723645	-322.8138748057295	-311.5232421031636	-308.0077106947245	-308.2798371605772	-302.62662671756624	-330.5874720583253	-408.6301221277719	-293.33644231458226	-906.1412779449915	-5860.774393349038	-9654.05058935493
79000	-440.956401681481	-432.5362948341043	-425.0202559713153	-413.1534151284661	-403.92732326723996	-382.2741312628437	-370.0732817741135	-360.21158738143345	-357.01763049458975	-356.1139440704872	-353.76412826420096	-391.43978659855577	-484.0836654090108	-339.89130598261943	-1110.8710030591883	-6143.133609092282	-9924.173863086738
79000	-430.8866446113548	-422.9748523016508	-415.3637746761554	-402.47412572905466	-393.62524201186113	-372.02324583501326	-360.22434787343906	-349.9523030385305	-346.76730947891974	-346.02040575070254	-341.80141196777794	-376.61579423571766	-466.8416642759629	-330.954699153774	-1032.4448131340646	-5958.4027564403505	-9796.867442724491
79000	-438.96871493283516	-430.42502895162534	-423.2042470964669	-411.0312296240678	-402.1077608567316	-379.61378461635957	-368.32683080391104	-359.26999660899014	-356.7479324240754	-354.5623880711343	-355.7712242386844	-403.0771126706078	-503.41551421995104	-339.3123104959212	-1102.7593900251684	-6324.0383911341605	-10303.925078314842
79000	-426.1472732330479	-417.97092016241885	-410.23279615495534	-398.0034392631103	-388.4686207712675	-366.7186504000275	-354.7036491953093	-344.1115434964881	-340.7055974651844	-340.7188058311066	-335.67356923073345	-365.190972570036	-445.49399712483	-324.86189445800073	-1002.001684678516	-5805.85121251514	-9518.243454771646
79000	-420.8148234192072	-413.47281053964167	-405.71881820437596	-393.9641523883788	-383.37285848737724	-362.1928736715046	-350.32467861245027	-340.42265683651624	-337.0406760022116	-336.4160725039605	-333.16644868217196	-367.4400907607023	-454.9657208811574	-321.75906658750273	-1026.872023547849	-5888.3244061297655	-9579.463876479052
79000	-444.2297595985505	-435.67414032460505	-429.0589998470521	-416.6673562302484	-406.4593278037788	-385.0251259529004	-373.4950237657775	-363.31059053712823	-358.79754839011855	-358.9251793989665	-354.3434793454913	-387.79792878414395	-474.53443830312114	-343.4605631928279	-1050.2682807502526	-5863.902914403964	-9532.68719561574
79000	-409.76754741021585	-402.003361550743	-393.8700381513839	-381.2207075218546	-371.8024264023487	-350.88756737936103	-338.6353942305201	-327.0849801112798	-321.8289516778852	-325.1611488368793	-314.1985339776251	-333.3145533450111	-402.9647422019721	-311.72988231147497	-881.2996903810028	-5510.693368045778	-8998.172578487953
79000	-406.1308712680697	-397.36710836725706	-390.1605170946761	-378.39825138737785	-368.38605823268654	-347.1717585045407	-334.50784586829974	-323.74688194013396	-320.2096390738974	-320.5384824628518	-314.43663629493483	-342.13698159080445	-419.4225172431881	-306.8559846082783	-941.8735331422455	-5752.37124464372	-9530.536613714317
79000	-421.2760065096929	-412.75013980426615	-405.0518743615224	-393.8335892890892	-383.9947506482571	-362.8905645664298	-351.2734166141551	-341.74173025782295	-337.9781496311478	-336.2629665166828	-335.81436363161635	-377.11804565372535	-484.10361130507727	-325.0413928580046	-1046.3728145636555	-6081.928070750678	-9966.590790627984
79000	-395.7249863406283	-387.5534804391747	-380.02315346360336	-367.9708225144751	-357.81025587430764	-336.17066456860334	-323.98918783213134	-312.6214762280621	-308.3269859157153	-309.78034416733806	-301.92980037233644	-323.8013000359166	-393.559103346008	-294.8369282921907	-884.4679074090064	-5569.21273175779	-9168.782866738387
79000	-428.4116247246565	-419.74478764347793	-413.13961825666814	-400.9923350356876	-391.8344423039484	-370.32442114343684	-359.36109093272825	-349.072412157984	-346.5867939768902	-344.33808935280933	-342.0220160569206	-381.1752335843674	-478.9995991745587	-332.4576519875265	-1035.2788950818126	-6112.622894044439	-9831.84483541262
79000	-440.62305175742813	-432.5294378819221	-424.4170388934876	-413.75155990821315	-403.5687427396061	-381.5360236924563	-371.1546324004585	-361.920499134754	-359.30192671854394	-356.71749975256444	-357.04513172256856	-403.43449683137	-519.7063521261572	-343.6120863705351	-1085.9483859777313	-6271.093923317747	-10205.57374512628
79000	-472.0678615380179	-463.0841783892701	-456.78295854108234	-445.26634056927844	-434.9865341896906	-413.6137982826647	-401.9841321082793	-394.40498368627476	-390.07651510826037	-387.9251236031424	-389.44163042179105	-437.1524899216589	-553.6286755697138	-373.84256634377857	-1199.0563078789883	-6446.079327790555	-10343.164461607896
79000	-488.4903946614658	-479.55376998613144	-473.078374956731	-461.7219167574899	-452.92560297031093	-430.505651012026	-418.78721801812674	-411.27472257587493	-407.7012362150077	-403.91205312816356	-405.9736596450356	-456.0537829704327	-580.7981076414462	-392.9131177726241	-1254.316854240776	-6513.160190138638	-10392.544348669448
79000	-433.37623378482965	-424.708375125619	-417.01332647552914	-404.529013728021	-395.98961822049034	-374.26780131025447	-362.4721811292591	-352.37002438980676	-348.9752918194296	-347.98052109600883	-343.8017041982908	-380.338798061704	-477.65798169376046	-333.7958733031565	-1067.4209776102607	-5944.645477300946	-9652.406462738345
79000	-426.23800964709085	-417.7478356710651	-410.2538945802723	-399.0015531301606	-389.0609672761177	-366.70629640301587	-354.87607170182457	-345.39823963387903	-341.72473815465844	-341.3075272417221	-336.9944887305009	-371.51968241464033	-463.8886515812656	-328.44652301766484	-1020.0470199997701	-6084.419663094681	-9897.823377463845
79000	-456.35366128513715	-448.8343812767996	-440.8392340933546	-429.6167143106677	-418.8952648045971	-397.46379254994997	-385.97485688058316	-375.0153441853368	-371.2228337975492	-372.83003698181653	-367.0607997700819	-397.3974483666772	-482.9857665276058	-356.12300794243436	-1094.7232609482473	-5989.589844701181	-9655.931177614493
79000	-462.3382310460969	-453.5940413870203	-446.58551002150176	-434.2306745151277	-424.46188146088195	-402.87162223059994	-391.8230426395038	-382.0681252016998	-377.4794512630348	-377.51502863656754	-373.3951400319559	-407.6460389138783	-502.22393367982875	-361.5157188149056	-1116.4382462911954	-6184.384617362383	-9923.792185869434
79000	-443.02822752232163	-434.87890615814933	-427.8686117650395	-414.85576125554996	-406.17191526581195	-385.164139272009	-373.1955680062977	-361.6066043308925	-356.4849373836585	-358.7841128394912	-351.09927232140507	-375.8196011719168	-464.79367309053777	-344.6368115956993	-989.689335531021	-5727.241033853568	-9283.989078855098
79000	-488.12095303494226	-479.6022229540618	-472.7623733239706	-460.9901698136081	-452.81827573054824	-430.658885286705	-419.2956436243131	-409.67846158920213	-405.95306698015304	-405.45345692545055	-401.36261516616605	-440.25909238317075	-567.2847759586648	-395.7470597593312	-1176.183556224705	-5871.0860351551	-9351.390523283244
79000	-422.69277706106857	-413.89423119532216	-407.2946224626988	-394.69954984872106	-384.8137076088097	-363.2317296064245	-351.6568500365907	-341.39403761718194	-338.41973781315534	-336.95947252258713	-333.354167624063	-364.26913583482286	-459.2761995821827	-323.6907435689194	-994.8273351612279	-5969.429080319789	-9620.229831785628
79000	-428.90967661426725	-420.1936528202433	-413.38460013096	-401.4646724738352	-391.65548862204474	-369.51106268512706	-358.2539024964234	-348.3536257551971	-344.9183766195566	-343.7976855235189	-340.6672374207434	-377.4116850276623	-473.5219425199976	-330.3292840184621	-1040.1508830411462	-5892.689560501578	-9708.73032693504
79000	-444.8710953401956	-436.6829998788274	-429.62580744996507	-417.6448776869521	-407.06400221078565	-385.3275684419116	-374.4762534910294	-364.3818969372775	-361.7309138242037	-359.73168352409476	-357.11081411606494	-394.57451931890625	-489.48008022458254	-346.1909035222646	-1103.3048019655373	-6095.1502690424895	-9876.74003320414
79000	-430.65133051263683	-422.9310553470271	-415.7599616747364	-403.2970974694832	-393.2732649140297	-372.2191730210525	-359.71129651833866	-348.6526293440725	-343.9880052740899	-347.33283807127475	-337.8020231978669	-361.07114591607905	-457.1995819773107	-332.5954990258966	-977.4977323416721	-5480.165067752542	-8922.335988329845
79000	-455.6402938389635	-446.75679125358454	-439.6614097190986	-428.244696236776	-418.7631044765067	-396.95135692839614	-385.7881799823611	-376.1998083603802	-373.2935276339821	-371.48546112092316	-371.1424626071716	-411.9654253431084	-522.3547099416489	-359.03375597490685	-1130.0150372605801	-6066.25028977731	-9909.258881177855
79000	-462.60074841887825	-455.674591660644	-447.3898398936988	-435.8957945142158	-426.22103986548666	-405.43729577098435	-393.58510449828816	-382.580239718569	-379.6695430942092	-378.98871911119573	-374.9719463266618	-408.64615726784507	-515.7667657517271	-365.55796687324573	-1138.8246047120413	-5773.493222610838	-9361.186381977936
79000	-494.0834094781189	-485.3593758889678	-478.4908527098424	-466.87983874348447	-457.77322475845773	-437.58901045055745	-425.6597023644862	-416.12448344536784	-413.93087559012116	-411.0916767992856	-412.73491218208903	-461.5998348004242	-577.799695296754	-395.61188432074084	-1301.7803144937743	-6502.105402083588	-10372.682819132853
79000	-411.1264143378805	-402.20589988326304	-394.60161945375677	-383.105514512133	-373.5117641573666	-351.5496298784233	-339.85018856684025	-329.68548052495726	-326.25958694393006	-325.532737706876	-321.5181035474195	-355.7124378320365	-453.692241278767	-311.1719260336467	-1004.2975966428838	-5961.808462183902	-9843.351417863512
79000	-450.56054287137346	-442.9008622809226	-435.4623105978613	-423.62717061378055	-413.992072451141	-392.71665048779414	-381.20983544204375	-371.2230899103562	-366.9896542246778	-366.3314854661792	-364.2652218458646	-405.3534387798668	-513.6239616275967	-354.52616621018484	-1126.3675022371374	-5952.554184453392	-9736.791015563082
79000	-419.8086127123962	-410.89386178749425	-404.18341867024304	-392.09256060092446	-382.3159690969394	-360.44266047383877	-349.00046462071305	-339.61497227780916	-335.87277831666506	-334.80243875013673	-333.4349187108708	-370.79373243117624	-471.2253972561785	-320.84668988825956	-1023.3172672799586	-6110.952684135721	-9974.437706518085
79000	-431.15246482716424	-422.4273948590234	-415.32289964785326	-402.90884077305986	-393.35029188060673	-372.4014883220535	-360.80330111723407	-350.03102348415285	-345.0605325450625	-346.2399772882552	-341.271339523914	-370.97995444870116	-471.29270636211004	-334.4729042400311	-1028.634420931378	-5609.786141881925	-9284.522267642074
79000	-436.84703078082856	-429.10868705839044	-421.4123997378701	-409.5623246606731	-400.5948863988668	-379.10629670910646	-367.53142169853686	-357.84563440284217	-353.6363455775553	-353.20069660220065	-347.34742488707053	-381.9806450733087	-489.4443792921048	-340.6332567200098	-1045.826500664891	-5859.759723801434	-9593.534890070296
79000	-461.2398150517226	-451.6390181009899	-444.45752153792574	-433.1900925749733	-423.8491484980087	-401.5290444415094	-389.98310993602024	-380.17478954879874	-376.24746323414263	-376.09128663286833	-370.8374404677772	-405.4723311143112	-516.6015373169051	-362.0402613515065	-1082.3030882946784	-5846.9098632992245	-9550.389446313491
79000	-443.0107054582387	-434.5379117310146	-427.4933582895083	-415.2773996502476	-406.18478101444646	-384.64546906018666	-372.8200691614209	-363.29417258078587	-361.35375087814265	-358.52931378079626	-359.25382039627914	-403.97591591710255	-512.5626964298185	-344.6053893479707	-1137.3251920956368	-6201.101974734639	-10106.335370867824
79000	-433.785907604329	-426.0336998221542	-418.52107037009904	-406.14099748372337	-396.22023556219915	-374.64828063523214	-362.444213658295	-352.768876470077	-348.9454277654408	-348.3760306303282	-345.35514406970475	-379.5868984677306	-479.1861953409532	-334.71860569651636	-1038.841242714024	-5720.444140832443	-9546.788211197643
79000	-413.48727206540445	-404.1233474507125	-397.4972612590679	-385.42999317554086	-375.0782017367949	-353.68100150981877	-342.47838244755764	-332.1802605795111	-329.0569594183079	-328.11163568177665	-326.2411531180279	-364.15799357961527	-458.0242347451175	-313.6016250290617	-1005.1218760972395	-6156.713002721887	-10064.642119141095
79000	-435.1925365151853	-426.5877788163889	-418.72269683492124	-407.15649033861723	-396.78456698580055	-376.0837543869881	-364.04434864214653	-353.43773623228793	-349.8006638284308	-350.70102513507135	-345.2495205978607	-375.19232876743166	-474.16721631405323	-339.61989451165084	-1012.025665646643	-5660.539903084391	-9344.302830726097
79000	-410.5000819580127	-401.82349803787525	-395.99114344548326	-382.9256958365095	-373.06945184492713	-351.8654984440534	-339.6587011545058	-330.1766266190115	-326.44080962341656	-325.3049523541804	-323.021702384319	-358.88140259464257	-451.7810506663394	-310.7412212698157	-985.4407749568385	-6022.087052364927	-9903.11863026904
79000	-366.0640465544382	-357.5028807049693	-350.4347341426034	-338.3806152687458	-327.7921686051391	-306.6630776759522	-294.2011078732289	-283.34026074421445	-278.7763219422542	-280.79446150598244	-272.4896608135397	-296.85903487557124	-365.3728105696307	-269.10104059008034	-806.3334432512781	-5592.152682912168	-9318.446040999263
79000	-433.81400637075757	-425.4925752107418	-418.2051104884121	-406.0218517322629	-395.8797031709545	-374.9143432602148	-363.56817698256265	-352.6368504336705	-348.4502549200764	-349.1193622709676	-344.44021537304576	-378.194853553745	-469.23578673986526	-335.2453339878083	-1051.7727851529498	-5942.925254898205	-9676.645439226846
79000	-434.52415724727035	-426.58232110557935	-419.12882629406846	-407.52891802515785	-397.0544334398044	-376.0319058386454	-363.76559890531973	-354.9450414807906	-349.8809883256969	-349.8144494153987	-344.9040706011178	-376.12941188169157	-472.6429538387463	-337.5705349305705	-1046.5748482968286	-5891.394932619096	-9594.959064040288
79000	-457.3671514530204	-448.2129346644318	-441.14347372985316	-429.0939575935705	-419.62059828204764	-398.4431189133927	-386.1452652717948	-376.0791412850841	-372.59094620766706	-372.2457810076231	-367.02733436286087	-399.77160134474695	-496.72187301719833	-357.6694581460386	-1120.0773086514212	-5824.281371762823	-9383.08787430996
79000	-408.58704657342753	-400.14319612325664	-392.98037928342814	-380.6998359591239	-370.9319853669637	-348.8769698919132	-337.1893745175602	-327.0901267809207	-323.3649698397471	-323.4985030705594	-318.444319420207	-349.5384038228215	-432.5366464700258	-309.66008159523255	-966.2888649336683	-5891.658089771887	-9695.006871921214
79000	-466.82214539486586	-457.93821321182077	-451.67107255481375	-438.9983262506547	-429.59784670613413	-407.7257762914024	-396.211991803713	-386.598681575651	-381.9074046447635	-382.5491263825819	-378.9576187179481	-416.98488437159386	-525.9900722896208	-369.69395587468784	-1133.7938192018355	-5882.383457552131	-9493.792029562008
79000	-438.5949607145672	-430.24082246365174	-422.9828493675522	-410.9471110710805	-400.5556718338672	-379.5607990239737	-367.714603553013	-357.268062904639	-352.7742383066468	-353.67680087425566	-346.15311447680165	-372.8617295337304	-465.7358603910382	-339.6566547016502	-1006.2262621585882	-5676.299904076292	-9369.853562959197
79000	-387.3889374939316	-379.1079061764794	-371.76921938164554	-359.86577785044096	-350.31913516439477	-328.3534563838247	-316.43005010591287	-305.70688709662267	-301.1539692150705	-302.1837785066739	-296.6537446919379	-324.0012086380454	-397.59565810952853	-287.1068052059807	-883.022242271265	-5930.776543160379	-9731.698624415936
79000	-414.852369238501	-406.1632935690764	-398.99708848592564	-387.5079842488707	-376.87871288715945	-355.96984690042154	-343.7562106958807	-333.3971659485868	-328.5595790544046	-329.7916536142574	-323.6423598759726	-351.3368915426632	-437.3981039876902	-314.54355380663935	-940.5444249488462	-5859.626178601588	-9635.586747182606
79000	-423.3499334509219	-415.08061662945784	-407.0824997602521	-396.01214271101287	-385.75686452551287	-363.86827975254903	-352.84001957817236	-342.789193565659	-339.89004313051504	-338.0399275029759	-336.5503195358978	-375.3472452784838	-467.3865966674889	-323.83773167628107	-1046.7819104528426	-6317.42999332454	-10083.08698432312
79000	-416.4961328963162	-407.8246262706574	-400.64128217749925	-388.367515002053	-377.9984662388907	-356.78195979166804	-344.553944224032	-333.12238553546746	-328.3181644474072	-331.09721294706065	-322.1203092141737	-344.550364892832	-424.43385367684044	-316.22663360143883	-936.3878112186705	-5402.841670205103	-9002.429306130442
79000	-440.25820682050215	-431.57594191691595	-424.96140702000656	-412.0505558255511	-402.85780084034144	-380.97744664692584	-369.05042638840223	-359.07205320830496	-355.6813152194276	-355.33326439065826	-350.6825172959003	-385.95776258152114	-475.5948401797818	-340.85098858508485	-1059.1296630580468	-5919.278428709149	-9662.978431524069
79000	-394.4007340115819	-386.07692784672025	-379.2866262411649	-366.7590529322441	-356.9206866528285	-334.5924269150639	-323.2412169165073	-312.21801210806103	-307.9736068041199	-309.23389499060266	-301.55879433250544	-327.2445076540359	-398.8234095199112	-294.65883013268393	-879.4782295521745	-5923.2225773466635	-9455.478272852986
79000	-438.8422227559578	-430.7122054139146	-423.67672219805087	-411.7525522801735	-400.87519213554924	-379.68046512934353	-368.3162268519433	-359.3814320066678	-356.3009840788849	-353.40079904580017	-353.3040711405762	-394.82297244191557	-496.7577752046752	-340.2191213586571	-1079.016885562859	-6128.478907324227	-9932.012686548458
79000	-424.97177695683126	-416.686936887707	-409.6518712710611	-397.30425908416123	-387.8202939055208	-366.1355775084948	-353.82364506921374	-344.20475026744367	-341.4222150029477	-340.3846585408065	-337.6154972737665	-374.42276176701864	-466.6320956114238	-326.401763456489	-1008.4122699195838	-5932.483708020665	-9749.424356932335
79000	-445.5346043853658	-437.5306268843843	-430.1524054003359	-418.48007519444843	-408.0878658489097	-386.71689856454475	-375.01743255848	-364.01544555264275	-360.26835610974763	-361.51079280926604	-355.459834398325	-387.5371291204858	-481.3124471354644	-347.6044346263695	-1040.3737235538779	-5913.197422996223	-9587.576468053772
79000	-439.3242988888981	-430.47594580539584	-424.13162723973613	-412.03392601062217	-401.9441661282677	-381.02220981624197	-368.53913403736226	-358.68753926453417	-355.17463368317266	-354.35607146007095	-350.6211881057788	-384.53718364842587	-477.4248343659199	-339.206884251533	-1047.0504569174307	-5986.495632136526	-9673.42976855266
79000	-478.8259504660587	-470.6593301163011	-463.18599308301197	-450.9866964086618	-442.072539158493	-419.98508210011966	-409.0328503634041	-399.6898280983039	-396.4750372723314	-394.93744964562546	-393.3090430227092	-433.68336340558494	-537.693277855876	-382.11287954310404	-1191.4053200375613	-6038.1957979123135	-9669.161730550682
79000	-448.0762975016091	-439.58039919323045	-432.9130568356981	-421.18671225549133	-411.1866044050166	-389.8005559657412	-377.8234965676657	-369.68083570250025	-366.3866592963728	-363.8912256017973	-363.8212316241185	-410.1072809910949	-519.7890075351429	-353.02271808389366	-1102.5653470170641	-6241.138870234286	-10042.585399559013
79000	-479.11746732336076	-471.45878030615177	-464.0667470358173	-451.6862572087866	-442.89285462166583	-420.88136024532395	-409.9064333231584	-399.727524229159	-397.31599388608856	-394.9993590344779	-394.75669196815466	-438.2808135240563	-547.2939062567808	-383.4461673996293	-1200.1981761463255	-6067.551175220189	-9888.041426274045
79000	-444.2813354111183	-436.89172745414874	-428.7013111859481	-416.9898114329027	-407.56099362797346	-385.78586219640215	-374.3492885708004	-363.590409653117	-359.5601748138211	-360.0251510266156	-354.780957386833	-387.760472714518	-487.40339777145476	-346.0893667449499	-1089.3001211168087	-5787.695825127878	-9487.155307886771
79000	-441.35288357622045	-432.92075377659035	-425.41284959655087	-413.8176170569916	-404.28820384748286	-382.78059026607167	-370.25754466521994	-359.6644705366764	-355.43578610170965	-356.42714245945194	-350.01580881700266	-376.3552982497224	-469.78330945136486	-341.7234392435181	-1059.9923897030008	-5716.244014481108	-9415.040257362965
79000	-426.56760839878683	-418.3541471398821	-411.0970677223392	-399.0542520758637	-389.48527568422986	-367.81318191610967	-355.5917043239378	-345.64459286162673	-341.91413221750105	-341.6047488629871	-335.98543264571066	-366.77491338770136	-463.977963130327	-327.72590126327134	-999.695844123033	-5776.254863782035	-9444.254620659378
79000	-454.1120329958249	-445.7227547803513	-438.57722532889903	-426.1346822679766	-417.24714200960375	-395.2451063818168	-383.35333881675774	-373.2081544790516	-369.52438955036604	-369.21888685282215	-363.98569447901474	-398.24047701837907	-501.7052494398542	-354.7835492406481	-1089.7527100649615	-5699.388695251631	-9291.993740561415
79000	-423.25462656197345	-414.5141340304603	-407.71408606688516	-395.8014598409626	-385.99921975152665	-364.5444209635117	-352.07306035084736	-342.31294027899037	-338.82531344556133	-338.8949210446474	-333.6777334377092	-365.8430240640146	-462.5776928388599	-325.6539235120307	-975.901843337572	-5812.253307035196	-9541.063275981083
79000	-500.25463336051814	-493.24594522859655	-485.0418947162854	-474.46275054308774	-464.13617788244477	-442.5222518424701	-432.09903174309557	-422.03376131370044	-419.77728150239676	-416.72307808458885	-418.5398315282511	-465.09290409930526	-586.7970364990731	-401.3553365888762	-1340.892479836067	-6096.533302633344	-9906.631159380677
79000	-470.29161899204985	-461.7877862973368	-454.4418985901348	-442.30789953175145	-433.0190266853765	-411.3175680751575	-400.08328976609795	-389.39892176828874	-385.14304849079275	-385.2250314934609	-380.4831327353035	-414.88531158348496	-510.99811420609933	-371.4783525963202	-1147.5833675149531	-5730.747444931724	-9276.224858156053
79000	-398.9284236092668	-390.0634253591426	-383.3661609198586	-371.1595674925545	-361.16921025878145	-339.20037684383686	-327.9621323339666	-316.94901971712596	-312.3211487789039	-313.90410347934494	-308.10185123011945	-334.29453313385915	-412.78186439074375	-298.37466899953273	-930.7612749320034	-5807.774739451396	-9467.295269730035
79000	-443.5298456914418	-434.81935577177745	-427.4039368058288	-415.55757036233126	-405.6738795664991	-383.81861934623464	-372.52839815873034	-362.65788705139454	-359.12133356613606	-358.65280157034033	-356.3603502368702	-395.6482561868416	-494.0717905206425	-343.5155093148583	-1099.4768492868159	-6012.710631325042	-9820.095723391109
79000	-427.10868096436394	-418.4511273971766	-411.1826677137188	-399.73945628729984	-390.27633617058075	-367.8134610101316	-357.1499596854224	-347.75502968257337	-343.56981971021196	-343.12892213615015	-340.9175732377028	-383.3764471379493	-493.05251836110625	-330.8554803921888	-1048.1909017444848	-5999.04100081965	-9834.796975456322
79000	-424.9784720666198	-416.830669173919	-409.65193412778655	-397.80293851209774	-387.7227495738282	-367.02926142031794	-354.94544725385657	-344.70284898274025	-341.4463912055619	-340.2656723484843	-336.99991561129826	-374.89407990547505	-468.5659789687593	-326.8545390338239	-1008.6885880421023	-5943.644538606179	-9765.592555519963
79000	-432.25910413747766	-423.37100118759423	-416.14518283987314	-404.2121046456897	-394.69010159895566	-372.8753687356295	-360.7309160088324	-351.53516363045935	-347.02333998699993	-346.7852241556829	-342.6219366840777	-375.0286163801573	-474.3302225385129	-335.90707921408557	-1023.435811180124	-5769.479560293507	-9444.20262159058
79000	-444.2827278233571	-435.7703568179791	-428.84670409427343	-416.73919714415183	-407.10676467614593	-385.7485305663819	-373.84113646007677	-363.8968510605706	-360.84140807826265	-359.9441357958346	-356.79616789438575	-397.4595114716044	-499.18129463264603	-346.90118668375345	-1072.5334137643213	-5899.705830397685	-9879.39477743117
79000	-407.6647842484933	-399.08181932479283	-392.2755143576214	-379.9299869633652	-369.47275257714017	-348.0600974955489	-335.6206743063081	-324.162765871463	-319.20903801315643	-321.7249002959303	-311.4453064943129	-330.29079945070134	-396.65876039840225	-307.47918069143634	-909.9667210211451	-5393.411601378834	-8931.710436866251
79000	-466.6287041407898	-458.4133098528487	-451.0952495322777	-439.9357920447235	-430.052358859303	-409.304150644754	-397.066089077632	-387.84933767800476	-385.0124287927257	-383.66511696107307	-382.3883351599971	-424.65441768081763	-548.232852538149	-372.2062091687322	-1140.0987620922572	-5962.374405298157	-9690.854797204307
79000	-415.5223869196552	-406.93397337463114	-399.67597580467356	-387.1154243760012	-377.52233922696746	-356.3093323866827	-343.6212230168189	-333.5223341458944	-328.61987595207984	-329.22857200379434	-324.3248415560022	-352.41282418511446	-431.77205918294754	-316.5026030196087	-940.9279755083829	-5783.066929199748	-9556.036682737906
79000	-478.773138796105	-470.6269526589003	-463.7832779984598	-451.62522023667236	-441.9477569231983	-420.74759901400137	-410.1941576337107	-401.0777275566868	-398.6163951380089	-394.8202218669876	-398.2994075641604	-449.56083382942876	-567.1917895198669	-379.47951908475767	-1217.392171023101	-6669.613134604777	-10603.756812580246
79000	-453.88384753629816	-445.71858819981924	-438.48275663398346	-425.83735739051133	-416.77101790372336	-395.7589827588867	-383.73612743501764	-373.1267351843735	-369.2777612956646	-369.6023198600403	-363.36642837211417	-392.9967743392203	-487.69627317805583	-355.4644501979723	-1067.809395160648	-5745.2680331818765	-9293.586548603436
79000	-453.5462574916664	-445.1084995719707	-438.3036333538145	-426.1030339787303	-416.9388855405283	-394.52824884102756	-383.262004206769	-373.21160843031237	-370.507427240309	-369.03178115554437	-367.32620638821925	-407.46800101732174	-506.39579311607423	-352.6718809572604	-1162.1211588723138	-6246.479118354058	-10083.00868553594
79000	-415.15879604808237	-407.09168688170325	-400.03726159185663	-387.7446659988476	-377.78282337220946	-356.72808479849766	-344.3208863732529	-332.76453773174563	-328.35079931089115	-330.5561150255465	-322.4623358109153	-347.2957048248467	-425.2350762468188	-316.55262789179113	-924.2629975562919	-5558.809786120929	-9226.846934353154
79000	-476.63145329755747	-468.3816280506949	-460.58252539506424	-448.5122161681883	-439.93680882465213	-418.47833792414775	-407.9067634468443	-397.46799354926327	-393.1902205704323	-393.0623552325808	-390.6534415962783	-434.34071226824693	-552.4361081394762	-382.30334320351295	-1166.8968342236758	-5919.748490563225	-9615.028935916553
79000	-436.41188986103475	-427.3529921537147	-420.332762007752	-408.18215826932135	-398.4845337341113	-377.18235435145675	-364.6012929229881	-354.61126793269136	-350.8102070424455	-350.87479586511387	-347.0974611173501	-381.8222152225765	-474.67001597022545	-338.5980935404053	-1070.3487804804333	-6055.320366544608	-9752.921201919122
79000	-410.7968413983528	-402.9885431126865	-395.07027834662694	-383.7497151485243	-373.2814602050603	-352.42952021549075	-339.7020164022223	-329.74601517676706	-326.1040042716716	-327.0157703896701	-320.35085174223076	-351.2369684243802	-442.60478102842325	-313.8118543896641	-936.4932784705652	-5826.467233967936	-9536.255523800635
79000	-461.05125290999143	-453.45370698116216	-445.8519226651576	-434.4441784767371	-423.6311170689401	-403.3311368709952	-391.8668596276946	-382.31049375435356	-377.64771990982786	-377.9979900682896	-373.89120469825	-409.6662779519083	-512.3432330372661	-367.33716379828985	-1068.4225131028302	-5872.8611920163785	-9484.13981759129
79000	-420.5182242566195	-412.1661031971659	-404.824809872009	-392.82762437038286	-383.1088705327311	-360.9495436160582	-349.6170157621694	-339.02253730453344	-335.3549478550656	-334.87898781143883	-331.3519392685707	-364.56161736136653	-454.9850095592972	-320.3966455849886	-1009.3031023206935	-6131.165024520359	-9931.36018518507
79000	-436.08912269514167	-427.09446785360814	-420.80601817561495	-408.1374444488439	-398.4665259153867	-377.4132324071821	-364.4578080968685	-354.8086000473503	-349.54455832764376	-351.80686563299804	-343.769538817674	-370.5989788662181	-461.23146454588255	-338.83772047344	-1022.5559326447986	-5529.611603679344	-9225.489591211617
79000	-389.62588490274203	-381.0464630821957	-374.151859804186	-361.3970071909217	-351.3790895107243	-330.33759958668054	-317.8015912007765	-307.1358440204884	-301.86890115823246	-304.393721917145	-295.33626716995144	-317.48835904052794	-392.09894288327837	-289.9393197247995	-871.896439343829	-5432.475122347272	-9033.456440710437
79000	-432.805467322677	-424.5754555272548	-417.37769303228396	-404.6689513649676	-394.9572795422143	-374.1276365920648	-362.508645191144	-350.99914788836566	-346.1645947781616	-348.51416948630265	-340.0046046077096	-365.2667123597072	-450.86331325691964	-333.2691063143521	-985.937813450012	-5695.245795268778	-9251.211017006955
79000	-409.9584998962912	-401.8147139916861	-394.3359289551741	-382.0143807752197	-372.1415162890409	-351.00394776547364	-339.40430432778106	-328.2707927067257	-323.7900925162115	-324.9055787944073	-318.49742897094245	-344.88753106899367	-436.13061922478096	-311.52650796180865	-921.5520590090239	-5589.748400701643	-9232.263713840877
79000	-443.84288399796543	-435.2038728770236	-428.0723036909996	-415.6535254755795	-406.55087706411814	-384.90145022121976	-373.64331187170814	-362.29283259017313	-358.30036144076314	-358.78826960457815	-353.0912289371667	-385.67764111653634	-474.2545513474326	-344.25608840680815	-1057.7011467501436	-5732.794311880383	-9375.817579382223
79000	-469.5075007035444	-461.3423689565543	-454.67657069014155	-442.52560359709037	-432.8709758879346	-411.93450066516425	-399.87708125188396	-389.18824396682385	-384.5305029399636	-385.5624108226068	-380.39377947045836	-412.54503527352006	-516.0223928797196	-370.8618091491089	-1109.24392740337	-5816.423790249061	-9322.367738178764
79000	-454.373241350548	-445.9939908501563	-438.445134143508	-427.1856419287848	-417.21625576583926	-395.6378199696553	-383.9618372953501	-375.22317517201475	-372.1220492778876	-370.1393483592974	-368.96180365430274	-411.0937130369228	-532.2165133267599	-359.8843359110776	-1102.6513482170396	-5956.904116598934	-9646.118475734633
79000	-438.2374460338383	-430.3986494914733	-423.155895199348	-411.5412825748872	-401.41490828187244	-379.7503932231563	-367.2361771737483	-357.9738273434915	-353.826908266597	-353.62324260972895	-348.3940849626759	-379.5153868826749	-468.8027617324822	-339.49522122357	-1037.003523623045	-5841.601363888039	-9537.619034443673
79000	-409.6012503576009	-401.73088890724193	-394.1208780163668	-381.9542282701253	-372.4947233880936	-350.6108818445324	-339.0304332802542	-328.518073695312	-324.7032316499356	-325.0855047210173	-318.90876999571014	-348.5962138062887	-447.5199728339655	-311.71657483408563	-944.4100301507576	-5687.308897654307	-9509.6496838966
79000	-468.2607449104565	-459.82520791203103	-452.9306677069067	-440.67492996249496	-431.439381272139	-410.02774269704975	-398.5930351433786	-388.3355456423515	-384.8346838915835	-384.2845341110052	-381.56063033887966	-419.67514949694754	-522.787139723684	-369.19669471324005	-1150.2384634916239	-6109.7649405844295	-9778.928121780631
79000	-463.37858015958847	-455.08697625666923	-447.32923369395286	-436.02621679755816	-425.8395428476101	-404.18646753737454	-393.29333450774504	-383.992877938432	-381.20004256065687	-378.81536498516965	-378.53858385202983	-424.025020626214	-553.0269384329721	-369.1504599185989	-1126.7025000932356	-6221.957544116042	-9982.823302680627
79000	-435.3731422756021	-426.2270623329974	-419.71534961677247	-407.4919875143785	-398.3500389471691	-377.5803121747301	-365.2330274645147	-355.3651443796723	-350.44722173831366	-351.40146726258087	-345.63994985038187	-377.71037153114327	-479.5457258187661	-342.8072012707318	-978.0205717596277	-5663.009118789953	-9222.528780347855
79000	-427.62070079760196	-418.88671983502434	-412.13300153560607	-399.4982375373662	-389.5492164741879	-368.55855857026904	-356.7300258779091	-346.6508772364989	-342.83167735862315	-342.67182946665076	-337.78298987674384	-370.9298502433093	-461.9095305547907	-331.7184222033351	-991.6451014257361	-5731.428572564722	-9493.385847551928
79000	-465.35372900536834	-457.550685670401	-449.81854447076915	-438.5215614834407	-428.6068953591747	-407.6007956386525	-395.6977703103852	-386.8599867379659	-384.22792930795475	-381.6250120443177	-381.7980853811432	-428.18583071161567	-533.5316227402052	-368.3002406739065	-1168.8882701152431	-6225.174037801035	-10039.410953828592
79000	-405.26580975816313	-396.8138936296636	-389.69166097930616	-377.40257822272247	-367.69198653846513	-346.0147865333251	-334.1754839362381	-324.0236000734164	-320.805459742977	-320.2693946412299	-316.7073468530328	-347.70123909018866	-439.0065862202892	-309.40931012605046	-932.550058084748	-5785.776346126167	-9644.871870809344
79000	-428.60493641044076	-421.28807530717376	-413.53144012720924	-402.1252937316808	-392.66882446140335	-371.21796239947633	-360.0487467841214	-351.0979006525073	-348.0270034888892	-345.111164595023	-346.1313840711176	-390.96472165834933	-514.8084570622518	-333.9221364325799	-1078.6531385882674	-6104.655245487716	-10047.972610377128
79000	-424.3028723930183	-415.3843252524538	-407.90616437866726	-396.28468838662764	-386.2693954059635	-364.685949409102	-353.0443969270283	-342.38349534853194	-338.00889414047174	-339.0844725046164	-333.5239544030168	-363.2580953985743	-464.0038702575188	-327.098174681547	-994.9114334261915	-5867.88914340239	-9502.419974715727
79000	-419.1445237096865	-410.5019661821685	-403.2400260384721	-391.79007471037767	-381.71743842903953	-360.61276398516986	-348.47488381105114	-337.83686356687224	-334.71528263247194	-334.7969301787469	-329.96156570134116	-361.9184562523716	-454.35485526137614	-321.8207245009933	-971.1156585032329	-5930.845329804999	-9634.488139042922
79000	-428.7003367118549	-420.5739080424058	-413.09178856820387	-401.1601465736037	-390.9378418602597	-369.6058748827946	-358.0978489086935	-347.55540972338713	-343.390340661984	-343.79991476011816	-339.24207801305147	-372.2615452220125	-460.43200567960196	-329.29210898347367	-1043.4322260173938	-5921.029590659958	-9758.313775963887
79000	-411.9073336220539	-403.9159883977005	-397.08854540855776	-384.77029546862207	-375.1016429820419	-353.6588512574161	-341.6195996151588	-331.1638891001468	-327.72763572641975	-328.0786537280456	-323.66844331095336	-357.5156226024084	-445.65756152734104	-316.10523564007894	-949.1964470552983	-5920.205245053138	-9682.838016819474
79000	-421.82840211961167	-413.0800573768264	-406.2774101113212	-393.8784530565508	-384.74567061466075	-362.5776932706236	-350.5771232652589	-339.64886899372186	-335.5385806601559	-337.24668872658617	-329.41816171505434	-355.8581106971653	-432.46927547999655	-322.45929032008013	-987.3938709968675	-5731.678885055082	-9376.14553202242
79000	-434.3002519831404	-425.9897001653796	-419.804477674182	-406.3374549368674	-396.3812517807106	-375.1733160060586	-363.3746661503373	-352.9441050301725	-348.861303812338	-349.0412739823061	-344.82696471415125	-378.1596783997015	-466.18004930524404	-334.80757454836487	-1019.4619465383087	-6021.005935981378	-9787.022957530997
79000	-415.5659057531094	-407.57640096802817	-400.9223743998942	-388.4611127083632	-379.24708282573374	-357.53899557634077	-346.0596970228661	-336.32656620137885	-332.6927007421018	-331.3466435929842	-329.2052879914667	-366.4965892061233	-461.9931478544042	-318.1719209130728	-1022.3164806826404	-5955.1525962852575	-9821.071617798762
79000	-396.9334496798175	-388.60577678844135	-380.7533667962894	-369.3626100449162	-358.75159654570757	-337.6339835134587	-325.02198458258556	-313.9267440793826	-309.4989904097482	-311.11070507358255	-302.6409277873652	-324.473421014056	-403.4176204696026	-297.3970294696559	-884.2121571569377	-5654.5464674170535	-9294.53718129128
79000	-404.1953167490708	-395.8535079948316	-388.5132033874069	-376.74480647907797	-366.93511454709545	-345.8277458555006	-333.1006211392551	-323.11064714516436	-319.0583806071491	-319.9457485629937	-313.66469169690197	-342.3418401864527	-428.57752287382897	-308.7807252630027	-917.3108411002548	-5761.225542158081	-9389.222960591727
79000	-463.8896176459313	-455.3492679751601	-448.6746435689502	-436.54580041397014	-425.9425798760518	-404.98321171145216	-394.06907060017886	-383.69230478906354	-378.7853705933698	-379.76431595652605	-373.64583855754034	-404.3708127258589	-514.9053588104754	-367.2230600994097	-1057.7868256047684	-5741.1293524655475	-9271.426821757635
79000	-479.7169082910903	-470.97376116564135	-464.20963958605086	-452.35495210301974	-442.64454686553364	-421.2928222093649	-409.89601111308014	-400.0523374991382	-397.60257585776924	-395.67746008752806	-393.840079924569	-436.6976361538649	-549.2196790464233	-381.50251084891477	-1190.340278592233	-6208.609127190156	-9961.824045372496
79000	-414.61882768754714	-405.86353256731354	-398.3928284716125	-387.1002360476476	-376.9464617204579	-355.2288826625688	-343.1660350088887	-331.9810427240059	-327.64334999961	-329.6412801773366	-321.8794893592796	-346.7892025838591	-428.31579858446537	-314.9353666003006	-908.8797853129594	-5521.519532384898	-9139.007514829744
79000	-441.8015978515513	-433.631873465667	-425.9912369269826	-415.09762272576484	-404.3548259497348	-382.98189699568263	-371.40848300594286	-361.29200443773647	-357.08400066406875	-357.62514346258246	-352.609956417555	-387.63233861351	-480.1860152481488	-341.5900874413957	-1077.4087195403276	-6080.241053138034	-9755.126241690159
79000	-470.45548736321604	-462.5495346995428	-455.633983125916	-443.4280147788413	-433.5956640940658	-412.6692448802186	-401.0051000102205	-391.2091119035408	-389.07932992694464	-386.59388289033353	-385.16233817995527	-426.225239988755	-537.2604711525211	-377.070408116646	-1150.5954626838552	-6153.297649718707	-9835.157630444122
79000	-438.6006293954785	-429.8046060931066	-422.67338880414235	-410.829304260291	-401.04602270959504	-379.74125113969984	-367.40912935558106	-358.1610561650294	-354.0559909861615	-354.1154316179285	-350.4652555336868	-388.46826952292315	-490.49746563540845	-339.79711289742164	-1051.8168911089238	-5929.387342794976	-9768.818202578492
79000	-463.21525236444495	-454.288847898916	-448.1677614224314	-435.0703166609079	-425.95135486697825	-403.43331024832924	-394.40478260334606	-385.119711498417	-382.4334696700029	-378.916822752242	-380.8805913039307	-431.0343475882774	-545.751803291012	-370.54582669539985	-1167.4819033577044	-6379.515821970232	-10139.576737034311
79000	-466.68465190196565	-458.1491630729791	-451.4484420285706	-439.19861015502306	-429.10349593668104	-408.0846127237108	-396.33889994850114	-386.4147878861777	-382.39299740222447	-382.33560709043	-378.83087088940675	-417.62786458937944	-518.3198832432744	-367.8080820319736	-1143.526994104293	-6458.743011224932	-10004.780490717374
79000	-442.2088356252296	-434.38160258054467	-427.6763939349916	-415.9710846644998	-405.3097910028765	-384.16426936557207	-372.2810574024727	-361.8666681483025	-358.429890053158	-357.8850463047572	-354.01145281052396	-390.73585679702535	-485.0366112559062	-343.81509667702363	-1062.3420731354563	-6024.752933070046	-9780.68272381883
79000	-406.8484398939335	-398.2705941815988	-390.96077612609184	-378.84905189622907	-368.8415885948074	-347.54328735553565	-335.2563251637392	-323.82693164721184	-318.9412515004569	-321.7257462886067	-312.7281790705584	-332.93324523068065	-403.9149903072689	-307.1118097058386	-890.2493037958867	-5621.690591936597	-9177.412139460948
79000	-467.5168771206822	-459.1903727690667	-452.23844143402385	-439.62812839676656	-430.8037487011555	-408.9037692385706	-397.68831039282765	-387.9253499671718	-385.0324092446701	-383.9560533092964	-381.1798301611039	-421.145895851303	-528.795782676324	-371.340646107404	-1141.3513770560019	-6039.768310982098	-9741.890138197417
79000	-492.41815132814423	-484.8960440718861	-477.3149776572988	-464.83265852740544	-455.06687241936754	-433.1118014956723	-423.06193160315354	-413.3026552035408	-410.79647075440704	-408.2273113453951	-408.4908987087502	-453.00490512205926	-574.2085963390119	-394.8089626447054	-1246.0481669252417	-6167.705459788099	-9874.397970077263
79000	-422.9000194993829	-413.9436038366402	-406.4525396950191	-394.9979628330883	-385.01262111149043	-363.5074762877763	-350.8946333435231	-341.26367371574383	-336.96605393935334	-337.76520706600576	-331.0804969739373	-358.92329706684063	-445.83197667510746	-325.47698265312306	-963.1785800603781	-5633.435545560674	-9296.073418470161
79000	-433.65339791027264	-424.7066060134279	-417.58779247744195	-405.46940884097125	-396.2014711368536	-374.3780400378986	-363.22574776606234	-353.6857299724348	-349.7426253091027	-349.15694401227995	-346.6060269794585	-386.301256648318	-492.23586177049606	-336.8718958852708	-1042.9537276624708	-5972.104666490546	-9709.106319218841
79000	-451.35751650312113	-442.1316564642003	-435.720789385406	-423.60303137478684	-414.20247846287884	-392.5174196091197	-381.2884725876234	-372.27376778934644	-370.43780234670277	-367.97692444633986	-369.7539979318425	-417.4228857173847	-542.7704721313577	-354.2614422792562	-1158.8871561384954	-6429.321573340013	-10531.227789546936
79000	-429.7851215319259	-421.5911995897572	-413.9721219936279	-402.1185490755764	-392.7223120350342	-371.70576416827436	-358.9243683224734	-349.35824937969835	-344.8778966782343	-344.8637255841496	-341.0824439486982	-374.1672482952468	-472.3727940954761	-330.889443862048	-1021.6314012745156	-5945.761036091903	-9637.151653369689
79000	-440.1419910126459	-431.23463098417227	-424.0348641566447	-411.6639325754933	-402.61656077508906	-381.2062403922351	-368.91107755177444	-359.2442179578146	-355.75378664972123	-355.2320702795157	-350.857123314288	-385.2071261901346	-488.2313560503337	-342.3426311284011	-1046.3016743199832	-5766.600866351278	-9455.681127636853
79000	-414.52207072571167	-405.97961075912605	-398.6124417618665	-386.37232848834117	-376.59470251949125	-355.31557902195107	-343.44673089711586	-333.2249396973841	-330.57794346801785	-329.47708406675315	-326.25968661262436	-360.57461757870095	-451.423462955397	-314.74487562287777	-985.0058265763739	-6019.378547461812	-9799.053699428947
79000	-461.2598502713982	-452.17365448267867	-445.31415778024524	-433.8452634272667	-424.24563478299046	-402.41316012961596	-390.99250153722056	-381.82462406406347	-379.5011732877353	-376.01359240397335	-378.3526048624649	-425.76912493811744	-531.2042930654188	-361.9269904233123	-1186.834971084859	-6532.860560272263	-10353.40921601816
79000	-441.0468620007512	-433.5287861240823	-425.8950593877308	-413.35221445179513	-403.8852739709715	-382.33536195469446	-371.13976020060335	-360.8825421794244	-356.6577196693126	-357.39866355332254	-351.23915875265067	-382.6703552565724	-476.01109074980025	-345.13479115135584	-1042.9525071177159	-5918.993164103898	-9613.759811165199
79000	-465.7881261476642	-457.89881839767713	-450.23564395696604	-438.43963175624776	-428.3752638747098	-407.6784474132652	-396.7857514810645	-387.17862157792285	-384.6170800558662	-380.85953535719324	-382.73615678807374	-429.43684516975765	-557.2685308607338	-368.2691424017582	-1176.0332244796048	-6343.362384280149	-10104.883891406753
79000	-369.6840906613178	-362.3483045673815	-354.5413381071781	-341.97841950970565	-332.0816188361831	-311.12953262875396	-298.0219766437632	-286.57467503301757	-281.9852611987373	-285.5256000256675	-273.91934661416354	-290.7584421332511	-357.8053270388942	-271.9785105382736	-761.9311532985373	-5311.000490844617	-8986.348722003082
79000	-421.9184644815428	-413.6447384536431	-406.18489951398357	-394.1130730200358	-384.05605173654135	-362.26832307025035	-351.1435866665995	-340.80172583792637	-337.2131276201132	-337.03901439162166	-332.82578830820523	-365.0061874809848	-449.3848801997527	-322.35585596253424	-993.372868203192	-5920.829588102455	-9577.057656466031
79000	-443.80148364047284	-436.1171886657227	-428.63308819264665	-416.1155574312676	-406.22208641580363	-385.1795330384884	-372.95525091171135	-362.70491506603327	-359.2311745955607	-359.2030799120144	-353.65388975969347	-388.175666174714	-499.5165239789377	-346.2391136698871	-1057.6946558875504	-5686.927322342454	-9412.191316566796
79000	-427.10087662385007	-418.97880846979024	-411.20747228333465	-399.5421171476904	-388.72517204089553	-368.12444133539213	-355.46672000773736	-344.0259918475008	-340.30473963691475	-341.85907222349834	-333.4975487698803	-354.94305233805716	-431.3952744476836	-327.6179883182519	-967.8249409835325	-5426.008755401807	-9025.373204258314
79000	-453.4456056118706	-446.09082469764786	-438.242715447998	-426.9045029178924	-416.57158835051337	-395.55817999366866	-382.94711017321447	-373.6907446661724	-370.3907861206088	-369.6017512000985	-368.14590846090914	-405.84663683905	-503.90322393621136	-355.1660436813431	-1080.902514053988	-6198.233868041385	-9923.040420371663
79000	-412.4641684975959	-403.6301206679603	-395.99648714360836	-384.6489677345321	-374.9572492850007	-353.33939538980235	-341.34718070301807	-331.7600208211613	-327.89922633922026	-327.2942219542626	-324.5725445207252	-362.8376771576892	-456.53072986932415	-316.25313759824223	-1007.3740010824378	-6120.037460970523	-9853.96479200662
79000	-430.1069581799618	-421.56786294306045	-415.0429313865399	-402.27517855687574	-392.5406150504261	-371.62845699388987	-359.3193115420127	-349.13686506016256	-345.97221427759473	-345.44686913863325	-341.8806911481651	-375.3808242576635	-473.85980224824306	-331.5990392655429	-1039.2188852003767	-5886.410721017258	-9582.030992955366
79000	-434.4159543315016	-426.306655628237	-419.4712609416726	-407.0615322809565	-397.10406113102897	-375.4151701420397	-364.1660674566546	-354.8704959650097	-352.78179155444644	-349.749118440493	-350.206306908545	-391.7572613753252	-494.7712237138675	-334.93647385582057	-1077.7616287667147	-6434.254499562543	-10303.886117709306
79000	-420.3711992954739	-411.51855314060526	-404.4506720347459	-393.0208625370691	-383.5780242375751	-361.0523392292064	-349.14306673221955	-340.1789511224895	-336.8771553463256	-335.71237709810913	-333.38161570405344	-371.6945189281009	-460.65534413115495	-320.08418972935306	-1032.1793885240472	-6159.713663711318	-10064.273214826191
79000	-411.513576284217	-403.0694012990469	-396.5138518596901	-383.90330483603793	-374.53247888405997	-353.07585442312165	-341.53662991268584	-330.90526889589063	-327.32901287030023	-327.2869894503178	-323.20773175499136	-357.5065786016142	-452.33703130359385	-313.97639444838165	-946.0657964713276	-5854.2850080276885	-9630.18286829954
79000	-397.2647365438568	-387.9888608256999	-380.91287790910593	-369.0420864689768	-358.9459661475398	-337.7900622772802	-325.4364337776278	-314.43673094016737	-309.4601566526239	-312.6057725464951	-302.92037680951137	-324.04410739790865	-403.0928769742409	-298.38299178674447	-855.477070787364	-5394.538794162613	-8975.144847482237
79000	-442.4542759777883	-433.6274129321406	-426.6131480343933	-415.1827345206583	-404.81030351867156	-383.4548077393906	-371.57457655383354	-361.70434335786115	-357.41468939931804	-357.91965219937595	-352.3167830025824	-385.4687654177616	-478.61341208592506	-342.9244054303212	-1055.5234001103786	-5909.749833193276	-9450.256119282882
79000	-412.29709969943417	-404.1075166383101	-397.06533365382023	-385.21466977901696	-375.30686576052767	-353.64085089238444	-342.19386782968684	-332.15315218117496	-327.47573670834316	-328.0713995719623	-323.2167622265824	-356.8905729141971	-448.65101983222496	-313.1299618213855	-991.5514141228217	-5951.412118283589	-9764.173346549669
79000	-445.4419423607998	-437.10765468612	-429.52814136729233	-417.3719456822556	-408.426852890572	-386.546423828087	-375.6622452748298	-365.5518663437494	-362.074999800199	-361.2806236720174	-358.3477023168534	-398.2567759793261	-500.8279348701252	-350.52394609551	-1076.9732722456342	-6145.115533274111	-9926.840455028532
79000	-453.8447373369455	-444.5428183208134	-438.01859333663134	-425.9883672748799	-416.09807328711526	-394.5199148314861	-383.3065976497061	-373.6587581923007	-369.6709079636909	-368.48740402887466	-365.67040167007644	-403.9221645486774	-503.8133323299663	-353.7606936058937	-1126.7524529334146	-6185.830711136907	-9835.407376058842
79000	-456.43293663734994	-447.06666418648905	-440.54579861200415	-428.50854612310843	-419.2749689897694	-397.5388304655454	-385.851957707015	-377.01334127182696	-373.5479012817902	-371.85213853245153	-372.1161323803239	-420.74173164955647	-535.4169274164747	-358.7801913768077	-1146.34853371071	-6490.249215425379	-10376.25844818018
79000	-441.6849641938207	-434.22514173597307	-425.97378872561654	-413.9042386416677	-404.9300632979971	-382.52894843815807	-372.1091636525652	-362.4740574052567	-359.13109342025297	-357.59998534945345	-355.0439648233279	-392.70250649802165	-490.80360524108164	-346.4979670469255	-1050.707655879406	-5872.7851248359875	-9562.029645544642
79000	-488.72285382524944	-480.24975956530176	-472.90934172764076	-461.1335528918611	-450.98084085526216	-430.2994125920581	-420.1882447430699	-411.11432166488316	-409.11577961425854	-404.3096614573278	-408.81171467195026	-466.47995202414336	-603.949890257054	-393.0751300550036	-1248.1224322922226	-6244.495104970012	-10183.07172820261
79000	-397.6564551089228	-389.21558923056625	-382.6500165634405	-369.8548626232215	-360.3808883571576	-339.00274849223246	-327.0576876577215	-317.6281715023369	-313.63368372002896	-312.8881335638501	-310.2480428370294	-344.721965452089	-438.8719522863794	-302.2480005463326	-926.9021037809503	-5868.7559399418515	-9735.28962071699
79000	-458.15511205149267	-450.39203885902384	-442.908903328215	-430.53512855754184	-421.0579086287003	-399.7158471843177	-387.8058572707664	-377.217833403965	-373.2254373397459	-374.0361706156045	-367.5193339971678	-396.7304383216868	-494.51375656921533	-364.1821340838051	-1045.1593496723717	-5854.997224334962	-9466.68761115785
79000	-458.4162311463216	-449.5027420122822	-442.2869778935462	-430.5125831756362	-420.4967872385056	-398.9584952015511	-388.1293727727236	-378.1513175874228	-374.8201426258794	-373.19289308505284	-370.33458487118475	-409.8660296455869	-520.8072708125308	-366.4079181981902	-1124.618906370898	-5934.8945056623725	-9636.600312932727
79000	-430.7852531544945	-422.11337868987823	-414.816392217137	-402.9889269258182	-392.70198542011303	-372.08990515407135	-360.38667576931925	-349.7003620505282	-344.6390866462164	-346.0860823591884	-339.4359553472422	-369.3084275510014	-453.45536131059305	-332.2095247994343	-993.6749926529563	-5706.9434787708915	-9270.732237992554
79000	-441.7064580518715	-432.7650147081316	-426.4698954086162	-414.1870896714188	-404.1314506739112	-383.44799087035267	-371.62572703515457	-362.5491034241135	-359.94571766878397	-358.0547665073048	-358.41632430885744	-402.7442139952288	-515.7860975114763	-344.4841827561651	-1064.2357056354774	-6312.9781179905685	-10233.513738892414
79000	-459.11293936948806	-450.3100215498705	-443.4679920703082	-431.564791670825	-421.9527942520744	-400.6723189611066	-389.04503232397525	-379.8862204187471	-376.465226001698	-374.6439269261072	-374.2229285471611	-418.8625013958932	-528.4880857884175	-360.2057631020803	-1144.5826016358471	-6305.132293659546	-10028.874668683078
79000	-412.6261297749966	-403.31466964478693	-396.7736696036074	-384.26561280316616	-374.5735358447101	-352.9754357860069	-340.98043728956185	-330.6881189410603	-326.0646704148879	-326.5154976271823	-320.15365401563076	-345.632648925615	-428.77576583495227	-312.9117953482361	-949.1597890297458	-5708.3956494836	-9299.308854780464
79000	-447.4924097938426	-439.49841889747387	-432.52986781770886	-419.74394208430954	-410.6862298871697	-389.4555912036605	-377.98590927238774	-367.2211562369933	-364.9781876846475	-362.9178396625888	-360.2162513532429	-399.1225817044738	-500.7726204813975	-350.5390395212733	-1077.6365033932907	-5929.818332537501	-9669.7584518237
79000	-434.18217159480025	-426.36579579039824	-419.0158322940601	-406.8668155437257	-397.4634904202243	-375.33794443980327	-363.82882469240616	-352.83452496451736	-348.2522588879815	-349.87719710123866	-343.114768099275	-370.0228441923849	-451.45673699378864	-334.4760762378885	-1018.2312691280773	-5839.3522072804635	-9486.548228405189
79000	-419.1146750092415	-410.7203724837713	-402.96886599439955	-391.06867721280616	-381.11277786921795	-359.2938833602081	-347.60178214032	-337.00214336083195	-332.5705403956566	-333.52459843907786	-326.9635728860223	-355.8481454596406	-440.413928150796	-319.8798225082611	-968.6922516004605	-5658.314992557745	-9404.451481898832
79000	-407.0016456614242	-397.7552885764929	-391.03610668260563	-378.69771764361906	-369.30391759974	-347.46506832794984	-335.4396904213153	-325.07507817680175	-320.8167764957987	-321.72003139246834	-314.64760410527356	-341.6039621832394	-428.62802877862623	-309.2300914392424	-930.0829277995063	-5763.910259615614	-9429.266469189248
79000	-418.97978392522003	-409.93967781726263	-403.21007011876446	-390.82865884952287	-380.9753145128711	-359.7681931538604	-347.3971611238452	-336.0879465800687	-330.9044730076431	-333.60168523452694	-323.5553139605437	-344.27106478901914	-416.35311748888796	-318.98462457416616	-947.1753084792567	-5395.4114801374335	-8897.068684903776
79000	-426.83975982948726	-418.75721030073186	-411.55220597101066	-400.02662057080056	-389.71637511345256	-368.55661033636784	-356.3769169356427	-345.98823119828575	-342.3091457321562	-342.61106367015856	-336.02856630843104	-366.34553578905775	-451.10020418796364	-328.8349602053547	-1007.2262914547948	-5739.986309255209	-9350.015337283456
79000	-446.77792319660267	-438.9882623168468	-431.3802029221558	-420.2917453159173	-409.59470590464286	-388.4583643985419	-377.5153598102316	-369.0517102445822	-365.5441863071563	-363.28296641615947	-363.71507288569353	-410.195588527278	-522.69815900534	-350.6126062512402	-1116.588055137061	-6245.7153631296505	-10215.116609471806
79000	-448.49794777663277	-440.5378531391453	-433.3937553172919	-421.3597944323434	-410.81130679664574	-390.57509082149295	-377.8111980806184	-367.56122594522657	-364.0201144701261	-364.19207536345294	-358.4278134525384	-390.73117118507434	-480.71990761592633	-348.5411289942672	-1067.3035524688037	-5635.498321399591	-9297.18895369133
79000	-427.6235406225394	-419.73759271067007	-412.1721364348496	-399.6725834244453	-390.7477597563277	-369.0132954642153	-356.5942753091051	-346.3981817252599	-342.52539363383477	-342.84279461701294	-336.2516245246173	-364.23800775050603	-450.38953634783246	-330.6401689905896	-969.1751346990784	-5632.34969089444	-9350.623385472809
79000	-448.91633202223085	-440.6939809763599	-433.38191531710635	-421.2881921708761	-411.8543124243082	-389.8367141642409	-379.24315134023686	-369.59599290166295	-365.9121303582051	-364.6487422950216	-364.11524217066415	-408.38604644324187	-520.8174877178052	-352.6408265041874	-1109.7019752141643	-6148.2824946899445	-10054.691313142257
79000	-454.03651994398416	-445.6486916272263	-438.77988558603334	-426.5311809765059	-416.8980170154124	-395.16976877077104	-383.82301688743604	-373.41181014008447	-370.66938919255034	-369.43945322130736	-366.5504892574555	-404.52572992868335	-511.89984693635336	-354.7981395375667	-1105.722803064739	-5948.1703636544435	-9568.743500022136
79000	-409.16590525579085	-401.0386685313768	-394.03793057956824	-381.3336405748628	-371.87925578820074	-350.73574302247005	-338.0940892799711	-327.7593596937644	-323.6126874884312	-324.7925163734887	-317.5091720143593	-344.6499899077412	-428.8282309260125	-313.91123484997905	-905.9002548648265	-5739.5870147727555	-9374.373044368624
79000	-397.63266318856154	-388.7503175068528	-381.9724120065221	-369.53669430453897	-359.7686837712844	-337.883647176149	-325.8500119241264	-315.4990338082404	-311.81949026454413	-311.7813910407402	-307.0222875397662	-336.55970848224376	-416.6199776164026	-296.99964100043127	-941.2017683817347	-5837.125031621353	-9529.744486239531
79000	-440.53519768991686	-431.956896229131	-425.40253195412726	-413.4380983215085	-403.5141302964657	-381.4770360218914	-370.50417119069436	-360.92229820669274	-357.93952190272296	-356.0259536781449	-356.69885534053907	-399.2290256483503	-504.77399573314943	-343.1231635789828	-1136.5285355380677	-6338.049261216297	-10129.212852322315
79000	-423.055305368768	-414.8616835971675	-407.4583066782763	-395.93360741297295	-385.81779152337225	-364.4220816544356	-352.1455264611935	-343.3856165810363	-340.66591437338803	-338.15352598336216	-338.1293182199292	-378.86969977452105	-474.32541741387263	-323.4621071736427	-1049.9637400230345	-6208.7169518749615	-10151.646614805451
79000	-435.1042244875838	-426.1278345515609	-419.0049468326808	-406.24110038122546	-396.5887417760017	-375.7098986216408	-363.6415410425126	-353.11908250465024	-349.61878806521173	-349.62739102871205	-344.67224122232426	-377.73911614804075	-468.7497508491913	-334.71666981130653	-1038.1691624725586	-5903.13290342521	-9541.125285466025
79000	-440.07521048960365	-432.7990230324434	-425.63336133714625	-413.3930814674985	-403.36162720623	-381.4926487611615	-369.9982394614988	-359.44187662869655	-355.7848161417749	-355.93537724681147	-349.85890431799766	-379.5519268507085	-467.74909731716645	-341.51201113583795	-1017.5806082375419	-5827.804715588228	-9480.84493544853
79000	-409.1632937102954	-400.8626869525361	-393.8146390550673	-381.1974040729831	-371.14379993057975	-349.8996112775455	-337.7909670579803	-326.51884920932224	-322.0200358006697	-323.6674911173432	-315.98319631747484	-340.85005364709133	-422.5507454003131	-311.43078851412105	-925.3059101466861	-5603.372938043846	-9254.995890517659
79000	-436.3768975880119	-427.8111674075673	-420.7860427892386	-408.6686127754796	-398.75242731128316	-377.4530725206071	-365.5926619075364	-355.78149680589974	-350.8766243489565	-351.7459200645455	-346.3860907872629	-378.8254739456272	-467.65923620328624	-338.4345720029091	-1022.3471468579323	-5844.053083661338	-9443.255825757462
79000	-445.1716582255658	-437.234798675833	-429.7704646175503	-417.41826240009675	-408.4798853452803	-386.28579166833174	-375.15477432834393	-365.4619160253834	-361.3631337959405	-360.0560075728816	-357.6972647329592	-394.5527667494593	-493.11887831133515	-353.55982928670176	-1098.8865257604216	-6047.349126519867	-9756.577420353797
79000	-428.4570562641156	-419.34415870534	-412.5579470493082	-400.7824960156415	-391.9771919373731	-368.8475179925974	-357.77184497897326	-347.9117363769286	-345.314704378721	-343.0938166509396	-342.5295960767582	-383.042089918683	-488.25364268596246	-331.3329684453842	-1041.50708827857	-5912.9725643159	-9892.658374282239
79000	-415.03194665391516	-407.1196244409139	-399.9820285692861	-388.18308128914236	-378.294761634316	-356.03243055809185	-344.52493458385914	-334.5686428089296	-331.7896209672189	-330.0091491434901	-327.86659763812355	-366.4073942139704	-458.6057881328209	-318.0530921597392	-1009.3399289486838	-6080.083387133846	-9973.150852763356
79000	-427.3457362593421	-419.19170948873455	-411.27299792581715	-400.5597766414961	-390.1286149146607	-368.6804632652901	-357.06835073434365	-346.99977899997236	-343.4051570002144	-342.6817595435796	-340.38795783862474	-377.2197616252785	-480.9229743759853	-329.1161819941168	-1068.1223952914415	-5954.306721206264	-9860.569267637962
79000	-477.8746073614987	-469.58979445103313	-461.78175290375094	-449.78100501275696	-440.4968518514337	-418.72032342135384	-408.0380176346032	-399.25987820885103	-396.23233478291996	-394.251949603768	-393.11213261751953	-441.1353121939742	-571.8030510120775	-385.0210264808945	-1180.8107095205703	-6107.069175007304	-9881.476501177476
79000	-426.56224144301444	-418.03929506987885	-410.29279952306894	-398.8187950599349	-388.8009578876983	-367.6707843864356	-355.6883356914553	-345.3848046552801	-341.5274120766	-341.5605333854623	-335.97888392782295	-368.15793005402884	-457.26381642220167	-326.0973781991721	-1030.1753929033387	-5867.1896791322815	-9610.078623024598
79000	-431.2846005105845	-423.21841108072124	-415.51688254705056	-403.72841083508786	-393.6571672698924	-372.42087044616557	-361.09478344385053	-349.2172512944455	-344.1116569190718	-346.89692875389795	-337.44854260211656	-361.32844987585713	-441.2501069882209	-331.65326095521146	-989.8429787925459	-5699.01719690779	-9269.606245797406
79000	-432.12920172635836	-423.8588926397097	-416.9004125356169	-404.59389473033946	-394.1589446801195	-373.07431769380736	-361.5954124078426	-350.3021034082546	-345.978893279648	-347.61187667194287	-340.4570610810758	-366.88905737860347	-451.8706469025359	-333.25979908381197	-1018.5861445221393	-5603.140774499114	-9149.273451291574
79000	-444.4814247394964	-434.87318966817054	-427.5869923499957	-416.61236546302086	-406.78537034917383	-384.4839348988571	-372.57651700969245	-362.98717690854704	-359.27965664569723	-359.0097524416328	-353.8116959276034	-386.61903594349485	-484.12934508603024	-345.96526424152495	-1037.2702348649655	-5888.346501854809	-9649.020673266794
79000	-429.00204245004534	-419.6525768537818	-412.4426588231734	-400.8968876612033	-391.4722116093786	-370.0276231072661	-358.5970068011893	-349.20139284765196	-345.32114087719305	-343.17151908804135	-343.29763212889304	-383.8255057029089	-484.52754444182114	-331.7359183512903	-1081.7326901568745	-6140.733241522131	-9998.788919266373
79000	-464.76792461109363	-456.0956654570519	-448.8987012126823	-437.22477907329767	-427.93744435367677	-406.24757893411737	-394.45722315502763	-384.8664656172922	-381.349119460482	-380.07016680327234	-376.478267729936	-413.2169042436049	-515.7428766667068	-367.4351781149076	-1125.1277324098357	-5842.575199234329	-9556.113989093385
79000	-462.6727778674207	-453.4143869874434	-447.14722818214256	-435.2336214313632	-425.4734996027305	-404.48727762071917	-392.19022339977647	-383.62665721673244	-379.1706483835266	-377.9490656154958	-377.2016269430503	-419.40028131733413	-532.4029055815244	-364.3419754268739	-1161.097452335342	-6105.749951281012	-9933.400400869896
79000	-433.9097179891245	-425.9998243854032	-418.4328204857439	-406.7666701797838	-396.4477892699141	-375.14947821294214	-363.48120354549195	-353.2664726200144	-349.78910400552866	-348.54397641473173	-345.35088845662636	-379.6107681488232	-471.9090789306838	-333.85787141008933	-1046.9067007191445	-5925.598217889165	-9754.604733280641
79000	-436.101069928317	-427.5279866743988	-420.7637255958518	-408.42792912284017	-398.34824352997913	-376.9533541186643	-364.92917850326955	-354.6767453018973	-350.8062995487845	-351.49760656203404	-345.5671889785272	-377.012636915738	-464.0065854820701	-336.99971868251765	-1020.715842496525	-6031.847353382785	-9575.21601077481
79000	-444.7350202688993	-436.9644455144332	-429.37714125390465	-418.2723544207348	-407.4399796869121	-386.4681531985656	-374.31211754282447	-363.6452811072702	-359.95755376776015	-360.2004603635449	-354.69825554799746	-385.51685994275664	-479.05189053714133	-347.58749152803745	-1062.7000542722383	-5748.37375353034	-9368.728211984335
79000	-426.05294054482385	-416.82642906067264	-410.7190520223971	-398.3264055724594	-388.60592169314606	-366.6026245078037	-354.14271594647795	-343.5836625099291	-339.6000369694138	-341.7688730248977	-332.2809583883991	-354.5834685224223	-436.4821071751329	-327.2713724860681	-948.631932811268	-5567.055458570077	-9067.161215332806
79000	-449.2681972898996	-441.01262389741373	-433.513968883102	-421.0423332925394	-411.4770540253782	-390.0511740055129	-379.0601231010613	-369.66970857530697	-366.8701428634326	-364.54726367633947	-364.2806675938012	-407.46467046846163	-513.1750866483494	-351.4708351809996	-1083.7096263558687	-6084.023373019833	-9756.75105145472
79000	-433.7503700793703	-424.7183985057318	-418.0118048805264	-405.77681588774135	-396.36767811967997	-374.04633018914825	-363.07745462141645	-352.7169013397029	-349.2059502793804	-348.4157557205309	-344.1468426815068	-377.53653888154963	-463.5231320780887	-334.2996810180367	-1024.737582004064	-5810.798900711133	-9417.645438367894
79000	-426.2198900630364	-417.30099445708834	-410.47634128510714	-398.19125440288815	-388.6458731692468	-367.0728289897822	-355.5016502512024	-344.7449441047689	-341.44538926334434	-341.1031294430523	-337.3715186471479	-371.6092760791483	-459.234013597006	-325.8471419610653	-1032.3580535287394	-5892.791880788599	-9643.492590820922
79000	-457.7429425220759	-450.01235286520415	-442.47891092717356	-430.79681584315756	-421.3233352956011	-399.8067304662733	-387.78710112223246	-379.1222311731818	-376.52576681379196	-374.2617313279063	-373.09497621890847	-417.467016522919	-533.0465250901345	-361.7733755034448	-1108.3195672125005	-6051.48576749689	-9816.777472019108
79000	-453.53379616561386	-444.1563602303144	-437.1851834542725	-425.44094987802384	-415.8277349508466	-394.1515628401034	-382.93398028659334	-374.19200156904776	-371.8019145122375	-368.1297562892822	-370.57122872384764	-418.53909187639505	-530.954529118033	-353.54674842199	-1151.283113357682	-6461.811032424677	-10420.402871125583
79000	-432.0497892720947	-424.29104228484346	-416.63470202016066	-404.20970899952965	-394.7526016796776	-373.46525126164784	-361.56575739315724	-350.5927192804631	-347.7345676327875	-347.3279124539644	-342.7957342682917	-374.3544230335146	-473.7782653773201	-334.5531497448572	-1021.10044211203	-5875.68920017212	-9544.235954114854
79000	-429.64813936433956	-421.2652721336101	-414.0320011947394	-401.8327534662608	-392.0346366218096	-370.35990391756667	-358.80458671206463	-348.1937748357837	-345.2220531861617	-345.30157569453775	-340.6921960681748	-373.52227327394996	-466.13009603515513	-332.09938550878394	-1028.0291162476099	-6069.206658135941	-9806.794028645518
79000	-432.2409648579569	-423.6079965146972	-416.86259179986183	-404.6920161825627	-394.00892829799005	-372.8396898869174	-360.6267458077519	-350.2600554890643	-346.13496764199505	-347.43944349526646	-341.47525846872776	-371.95828400178937	-462.26122567311194	-331.841234902397	-1011.7560965793291	-5861.364492008387	-9500.925458315318
79000	-422.66586790702644	-413.4976611097075	-406.6436432827657	-394.54715092555034	-384.757086254347	-363.8680398113756	-351.4222015215277	-341.4628497986289	-336.7282388272807	-336.96121967360335	-332.2467309161091	-363.00375971973625	-447.8665446742277	-323.2626394818475	-980.3621602954879	-5869.669677770184	-9562.495723501515
79000	-423.31517655540176	-415.22573186818846	-408.0317346050337	-395.53764870430484	-386.69923789858	-364.5269472933605	-352.5079772822834	-341.8602514467785	-338.31184015413294	-338.43398673495363	-332.24529309745753	-363.3771155070196	-445.9153922433448	-324.25779288030685	-991.1280611914754	-5778.453583708339	-9492.200099481026
79000	-417.8856276505248	-409.6458314420966	-402.08099220750574	-390.31322819469335	-380.84667003322363	-358.7795849400016	-346.56809618817965	-335.20332115454	-331.49208267696355	-332.75367482856063	-324.87071133413497	-351.0138080359339	-429.2562290006979	-317.7409326846041	-963.7328097028819	-5727.156831436432	-9348.015439333489
79000	-436.5202647758454	-428.1738916669834	-421.20851729574093	-408.53530007409086	-399.46501846922894	-377.0525905182596	-365.9807845630446	-356.64582614887786	-354.38962648396324	-351.0434669710357	-350.9811665830768	-394.1219224803637	-499.5378586615703	-338.2160874907205	-1075.4359162216588	-6024.830826394753	-9932.577490872338
79000	-411.9463638625529	-404.03158641093023	-396.36166894413435	-384.82686535398693	-374.6621494008769	-352.4958192678829	-341.04856339251705	-330.0545160785222	-326.14384779226793	-326.6257089751455	-321.1376481903547	-351.18274481765854	-428.8448426060548	-311.27545432040654	-975.3244598195405	-5916.498996465016	-9694.36436603122
79000	-443.8586269337363	-436.3298083997708	-428.4983691366281	-415.80666042180894	-406.64254966340974	-385.29894674497405	-373.97193678269156	-364.07442914285383	-359.79022183982465	-359.0850764696387	-356.2909069838577	-394.129252929076	-498.72176491851883	-349.5240583643244	-1070.3528143772082	-5928.764416082045	-9609.308635797895
79000	-484.4508657944245	-474.5452221461485	-468.39575467586684	-456.6888770176615	-446.6481700476086	-425.9238799162687	-414.5365077091428	-404.9515870429381	-402.7146069800236	-399.8794259829733	-398.9409513715268	-445.84460467805235	-566.2331917227425	-390.37432321090967	-1198.1491454312952	-6334.717552509233	-9946.207637882104
79000	-511.3575710630132	-503.29934123426625	-495.4116964274172	-483.727561903454	-474.21491967753525	-452.7261668854016	-442.1787798776006	-433.77432990538426	-430.8486603346645	-427.52475012410775	-430.2558169230481	-482.31840098802564	-606.4513404076904	-412.9753613569245	-1343.0961470836573	-6505.879128273663	-10342.085829349022
79000	-485.69029595299185	-477.5715516693018	-469.80701673023196	-458.07711008462763	-449.3040988091848	-427.4357194073884	-416.06677492478434	-407.27867804744204	-404.0358910125341	-401.9960506577143	-400.09291457824077	-443.0058494524853	-558.0714423397304	-390.8754327694914	-1188.281096621572	-6122.667743826984	-9767.054239606123
79000	-470.1178623020294	-461.21043837973735	-454.08544656666567	-442.2445732198921	-431.76486860566325	-410.51355685419117	-399.8960378687599	-389.9965258055752	-387.2619187984266	-385.25186012768955	-385.57463826683016	-428.0557752753814	-543.5732538889729	-370.57508843087317	-1186.276085527522	-6418.46375816804	-10057.135487661835
79000	-413.92499995176064	-405.20862251557685	-398.2172109005176	-386.8890690152533	-376.9356129406028	-355.120575451979	-343.0218177836411	-333.4192712188047	-329.6943436433146	-329.7597271096381	-325.52026737091666	-358.5887650517879	-453.8619217488094	-316.1554281856714	-973.3047290155779	-5899.834437962862	-9718.00844185993
79000	-459.2089017921975	-450.7692079157118	-443.65182568927145	-431.8269372335865	-421.51884843113805	-400.02281384778905	-388.91925876190277	-378.3129638585178	-376.2325232495736	-375.10195249687	-373.0785191546738	-413.40846103893074	-511.37156321692083	-358.4247319720867	-1155.4000736590697	-6111.869764700444	-9942.6691938149
79000	-394.69636114946684	-386.56490528963985	-379.60079493142945	-366.6177858184078	-357.36979854710046	-335.652918326663	-323.43739380217306	-313.02877534006274	-308.9768761441756	-309.895788033386	-303.84026655366284	-329.9860125503748	-413.79528279399824	-296.29824182312433	-875.864581198453	-5741.621528560389	-9387.572951374463
79000	-407.94773729963	-400.12556006882943	-392.3508059319741	-380.1741188036864	-369.83194927308506	-348.85606494152444	-336.85900895807424	-324.79441176020725	-319.9760051460479	-322.8487606061	-313.07032672145147	-331.4177527710458	-411.8112440372474	-310.44329076870855	-878.2999448243878	-5437.133867361517	-8967.289804673865
79000	-465.1836975056565	-456.87799205678465	-449.59159996502586	-436.89348044873236	-427.40652975562807	-406.6453361477393	-394.47490731621696	-384.22281073756767	-379.9182772695609	-379.70363317001284	-374.9406316925238	-407.8972284058079	-499.3158199372211	-366.0031238634685	-1111.3596631689102	-6092.271312758755	-9700.069824838178
79000	-450.05010463602525	-441.694293383152	-434.30545465248264	-422.8041712683082	-412.59196284621316	-391.188448965103	-379.4279288803537	-369.84228875107414	-366.8430001470541	-365.24252796854074	-362.84471431848556	-400.6033673980109	-512.5726786178136	-352.0629617209388	-1117.3453917087497	-6056.260434014638	-9813.727953646387
79000	-463.8123481198848	-455.87858245624096	-448.37803993421204	-435.88461437604826	-426.1687912051679	-404.96460530053236	-393.564697497426	-382.95902170791334	-380.2932727870822	-379.4265929791768	-376.88580365100825	-414.6889457770023	-512.551448021985	-363.91460578137605	-1136.3575434188444	-6251.089246268985	-10076.670538916143
79000	-453.80865000799275	-444.50602655361484	-437.58479110203433	-425.4151164105764	-415.8959730444766	-393.89054720890067	-382.892472283714	-372.8389445772363	-369.3518708935411	-368.4579153965605	-365.5038924545354	-408.4363251884972	-508.00205917160184	-360.4598479677481	-1088.009427633353	-6066.116291487626	-9646.771693358336
79000	-432.9779170333943	-424.46792315870397	-416.84904925312463	-405.02625413230476	-395.351810548447	-374.3398477690926	-362.0948618396759	-352.0455888782638	-348.2109957777034	-348.6684832340969	-344.033193845148	-378.0943769435208	-479.3984619471346	-335.06478702763906	-1001.9843226262757	-6014.155288420999	-9703.531047918434
79000	-462.2579080052545	-454.12900979802976	-446.05552153981756	-434.48249586466807	-424.2961337577497	-403.39003760792326	-392.5175496459596	-382.30999345747574	-379.14015653555265	-378.1792301123439	-375.79487200858546	-415.64877395241973	-516.2372595844388	-364.2403704129352	-1101.907880165076	-6082.054328661652	-9800.071039358792
79000	-421.7241116960049	-413.33328636846267	-406.24673949364063	-393.4982054298496	-383.8123101419043	-362.0865566312847	-350.123773537465	-339.7732502381553	-335.89313671043345	-336.3002868072805	-330.8148546962301	-361.6777526440671	-440.2587453710124	-319.89079853934174	-1002.3625460657378	-6259.279216763159	-10076.230735115962
79000	-425.7535158665063	-417.2641019257137	-410.09508198871146	-398.5975796082902	-387.6301089940609	-366.13921745555524	-354.3367346062972	-344.38945738415225	-341.0186340734912	-340.3612079715012	-336.58402624711584	-369.00851266668957	-461.2879832824212	-326.6167435139941	-994.277550969466	-5863.483706365715	-9563.582241994858
79000	-413.3492070554556	-405.30062843985246	-398.1623716916029	-385.86841567556803	-376.1394987749015	-354.5583004921609	-342.9458704300879	-332.5806091012675	-328.4144871931656	-329.3488683067522	-323.88521735975485	-355.9064970170449	-447.864342665116	-316.7496432970545	-955.2206053612755	-5968.735438160823	-9650.59367223977
79000	-418.90864049717345	-410.61560492873144	-404.14035264629894	-391.1410463137387	-381.0076743415783	-360.2337078145608	-347.6092602215424	-337.3133514551302	-334.1506534856851	-333.77566496542727	-328.35580006227707	-360.1657924758843	-454.5533842407553	-322.1090547775067	-975.7648632307765	-5682.169547846174	-9460.060260177877
79000	-467.7066347117717	-458.47272098330427	-450.8740315808856	-439.58592365308573	-430.0760622843232	-407.94814493015195	-396.8936016892921	-387.45971815516094	-383.90205928916424	-382.4695000350346	-380.5510851647844	-421.18737607794606	-528.6788048580491	-368.24803654387813	-1167.3189471423575	-6381.361988176364	-10066.013821753366
79000	-434.27465447351955	-426.6224754123636	-418.99987969082446	-406.56510483589545	-397.5239953005167	-376.3961262334543	-364.44178484861914	-354.38663498160076	-351.3840001365791	-349.54436414863807	-347.28329852697846	-384.3765973442763	-481.06073746249245	-335.4825795496093	-1081.515775415055	-6158.657944898195	-9924.564304330528
79000	-488.9062840496358	-479.8426391386985	-473.06527441354837	-461.99676623482685	-452.1451038363447	-431.06402275505536	-419.17355064756396	-410.5423570963457	-408.6344925919113	-406.15155336325375	-404.7711368490816	-452.3449523507537	-580.7529688200368	-396.7004574933756	-1201.2160031851265	-6035.448846289919	-9795.943078095963
79000	-445.77994456789816	-437.0575237041358	-429.26539720691227	-417.59934747156467	-408.3592262858923	-386.9236744531066	-375.791711987254	-365.1292775381677	-361.84169714240767	-361.00123199423837	-358.70290638903447	-395.4081137436575	-487.9177961129472	-347.2360383919898	-1045.843726293424	-6074.544479575394	-9817.622914978096
79000	-423.43594635955475	-414.9063644842404	-408.45112741370434	-394.97022011680497	-385.97152233701473	-364.2675666141178	-351.9692574958114	-341.406082940662	-336.7978023447706	-338.2998811572364	-332.09162255178063	-360.35332326939204	-439.33544379838077	-323.0278256721203	-985.1225248263149	-5830.990395775599	-9486.198997365596
79000	-428.5953929366381	-419.75529616910364	-412.1535999886966	-400.80512075027843	-390.3371174271207	-369.16087998221826	-357.32668788414486	-347.06803363294347	-343.2838876508667	-343.30785200002805	-339.0858253915955	-372.0013347666466	-468.3379246157544	-330.0080362567571	-1017.9818765152211	-5832.98435356881	-9527.887900986496
79000	-390.9134386600303	-382.2253438057622	-374.81906936265403	-363.10000856419504	-353.38999012751464	-331.37655793289474	-319.8080927243482	-309.50465908252903	-305.8663785778021	-305.31334847776856	-301.90143267370667	-335.54946977603413	-416.772554465029	-290.3647670674944	-974.3549417179274	-5982.273795988848	-9879.493775595158
79000	-432.99464128790993	-424.526175104231	-417.4048229570158	-405.5787817203566	-395.861029965746	-374.24607420843165	-362.61276995153986	-353.53904080120816	-349.85999799467015	-348.4945011466659	-348.1671907307148	-386.9960289863033	-480.65256579719244	-334.0600758727199	-1056.560356438548	-6153.867028805531	-9976.861390357006
79000	-456.81257036171684	-448.0997026755588	-441.015039314342	-429.39171481858	-419.1836642434469	-397.6465285301259	-386.7011231345291	-376.6894738624537	-374.7449069050722	-371.6892496151132	-372.328935918168	-416.8697581239113	-529.7563134047555	-358.55097335152595	-1163.225975863633	-6184.772562342262	-9971.4051521482
79000	-425.91593520121046	-417.1496294419704	-410.43561606445274	-398.3894317391082	-388.5056932206764	-367.043939681823	-355.6665837238105	-345.64244608678945	-342.09585733255875	-340.9622284261971	-339.0634648000716	-378.3094370894256	-476.04965844906377	-327.4093958797668	-1038.4971430916348	-6105.781103189783	-9947.928230010082
79000	-401.1492853553268	-393.10713391636017	-385.5846285816145	-373.49389295645517	-363.5645462117063	-342.2485274311117	-330.05067080330804	-320.2342762262545	-317.28335855660237	-316.33065861947387	-311.3347437177398	-344.7870181801338	-441.9934048201803	-304.9404537502179	-939.4220940385659	-5799.301554117329	-9576.099842147738
79000	-446.9894774469177	-437.7685797615502	-430.612104055267	-418.6703845714335	-408.66175816187945	-387.1612356029542	-376.3607642770888	-365.75146366663404	-361.8384596528245	-361.54676472160526	-357.5640743629577	-393.13757575674464	-487.60308101079016	-346.638543409674	-1101.179839613846	-6055.347683112958	-9895.45747459528
79000	-447.3730139874903	-438.94893549701163	-431.28923994661403	-419.79527118668443	-409.6671039994723	-388.04741913862284	-376.31330844269854	-365.72081862879384	-362.65064707227486	-361.9483882968576	-358.44886318826616	-393.26097535377903	-484.3849903228566	-345.501595957533	-1115.853584346108	-6020.610589785607	-9751.611378884383
79000	-412.3813390867476	-403.92560928155183	-396.93998507398584	-384.5642804409034	-375.0532396035291	-353.0359101009644	-341.29887058039526	-331.6990369321766	-327.7809631065324	-327.2057248600778	-321.80234723695344	-355.2690430981493	-453.90856372034983	-316.2940279270524	-945.0114787712648	-5594.056923230301	-9285.667308588398
79000	-468.2350743686382	-459.56802635876005	-452.40527005367284	-440.7086441217351	-430.87116579086967	-409.4460495451665	-398.09399436004753	-388.18657875806946	-384.22306345845567	-383.51282053927997	-378.48856247754446	-415.54088229178655	-520.5307221341593	-378.13855762633597	-1118.880560669296	-5879.669353111657	-9554.608839186261
79000	-436.5982296845173	-429.05283804161303	-421.4077746279101	-408.80347016514565	-399.45617142118186	-377.22403219462166	-366.7487914449015	-356.1063077009071	-353.227264122392	-351.7230731094799	-349.44295737902655	-387.5053474574027	-482.13750863880205	-338.2534207821126	-1045.6556892017043	-6169.6320875814845	-9903.98733339453
79000	-419.0162354167673	-410.76782620462205	-402.8720553244071	-391.1975090335703	-381.186717579503	-359.7975265395704	-347.53462432949607	-337.9245615515486	-335.0173073927886	-334.1727948597571	-332.0803256345802	-367.48030399884266	-462.0862979579099	-321.2524591946688	-994.4395014202819	-6034.526793689391	-9828.783341557688
79000	-412.8560497474349	-404.11969159409665	-397.0859304165494	-385.4517315376985	-374.66345602828	-354.09597664109236	-341.19022935437994	-331.40421766436043	-326.1755135553468	-328.0859806207122	-319.6354562386162	-344.82217075192216	-422.8038313290364	-313.41273999554494	-958.9426510749328	-5643.401432011288	-9266.245612307242
79000	-443.10241328685913	-436.3157628648873	-429.13549854234356	-416.55429078600434	-406.8726680574887	-384.8367326289614	-374.0102038225126	-363.144827984146	-360.2748431300957	-359.73963930726353	-355.2575317640009	-390.00111772602315	-479.6778282466497	-344.916681936473	-1037.9650531542522	-5914.025051910079	-9752.13462294037
79000	-407.8439032676111	-398.83528518469734	-391.94474800502206	-379.88932657921873	-370.09045249909946	-347.9526006188017	-336.78463254169253	-326.9224183860136	-324.2363894121146	-322.09094517286	-320.4107537469219	-357.5608473758298	-451.65820568936095	-309.2063135351607	-998.7062040937415	-6162.039305541768	-10077.559074659926
79000	-440.06874265792175	-431.13254997831035	-424.86589196720735	-412.23598432134145	-402.35685007531845	-381.2341360624812	-369.16539087170344	-359.79849195863693	-355.402468053751	-354.7776441255716	-349.7386271324418	-381.7973840854748	-470.6465258938927	-341.96535535397567	-1018.9433316962733	-5882.090232486265	-9570.32072329858
79000	-445.8198982699792	-436.87125098832246	-429.6325487231223	-417.8646723404139	-407.88402116269265	-386.7808625254709	-374.6177213655271	-364.44259283356695	-360.9283165229533	-360.8482408308319	-355.1184348260149	-386.9519404726464	-476.60460991518954	-346.8974908858383	-1068.266702435766	-5963.996482177035	-9654.80588184391
79000	-437.00435345546924	-427.97375829084564	-421.45992157757183	-409.2356760573973	-400.0913522949276	-377.80732533222533	-366.76630706176036	-356.8462558525682	-353.5851700552766	-352.05839231901444	-350.0268922159468	-390.5329552179704	-486.2789532644575	-336.8434852609853	-1099.1286677599944	-6077.727613693276	-10018.91289973447
79000	-431.54280787620814	-422.98266085246246	-415.25181550705935	-403.3361105271441	-393.61959123253297	-372.39127222058846	-361.1079595034688	-350.45515027102437	-346.46139641358303	-347.00305058364887	-341.74607741378867	-374.8441961459367	-467.4663954044815	-332.45579514313283	-1030.2910969752313	-5805.300371892529	-9457.52612389535
79000	-449.13583159405266	-440.62123475853343	-433.45292058676256	-421.4536160091827	-411.6870518472362	-390.07235381475	-378.6541449249835	-368.47121492585984	-364.1318193269682	-364.57414287093513	-358.9957190497232	-392.14561934449426	-478.8969383235315	-349.0096241088438	-1093.125094875461	-5824.322078672521	-9381.78089159374
79000	-424.591155894569	-416.0324780593505	-408.9886750083671	-396.82296412633593	-387.1515667047238	-365.6319641155757	-353.837852614283	-345.3987239238214	-342.7157109847146	-340.4320502607195	-338.20779278900443	-378.5134450496614	-480.56863844050173	-327.33639784470137	-1025.106294397871	-5962.9225718136295	-9818.723078697465
79000	-433.7781312797593	-425.39524066676006	-417.5517714274559	-406.8031089587595	-396.5612246244661	-374.9963788085104	-362.707284896986	-351.9961662043936	-348.31207587856954	-348.9501174120361	-341.7348285382019	-371.4903008495367	-461.95948295025477	-335.6941863582326	-1008.7620442723502	-5656.389606814179	-9388.763252323552
79000	-458.73227029108307	-450.7890714653312	-443.8622783089425	-431.3083171152671	-422.6379013298853	-401.68335020654956	-388.7970123928319	-379.4135703324975	-374.4732328899292	-374.37469661879317	-368.68331502695463	-402.3482048455855	-508.64995476937503	-363.8012081266004	-1082.6818805176304	-5691.630845570091	-9282.264746630202
79000	-379.1443206493373	-370.2338859453952	-363.23616814730275	-351.4044597755865	-340.791959529638	-319.37569724867177	-307.5409091738233	-297.1146175118855	-292.7579088718708	-293.5180767107461	-287.13870080531996	-313.2524042933952	-392.4957466807196	-280.71426352857407	-858.6434186780205	-5674.607592465535	-9413.39633849538
79000	-449.26622635315874	-441.0362779145957	-434.1645279686783	-421.68968428735843	-411.60308993708713	-390.5648787073494	-378.93174296076216	-369.1182107202937	-366.37611345478786	-364.210209074196	-363.08588893387736	-407.1107924769941	-511.9657618490237	-352.3110329520635	-1090.4246950721529	-6070.419452021631	-9865.18329587341
79000	-433.0906135750218	-423.8114817744223	-417.24700968644385	-405.6669397985793	-395.67525534643914	-374.08628355256025	-362.3724437311866	-352.9742086323279	-349.2387233313217	-348.65256844387227	-345.316135051884	-382.9767071215851	-490.7230728944294	-337.2210520707767	-1014.371018009079	-5742.803969555871	-9441.354550880189
79000	-442.7613969882401	-434.0023952109139	-426.91738596845875	-414.77091162764486	-405.0233026084264	-382.7777942942731	-371.4834764653635	-361.82601342491006	-358.90879169238474	-357.0741661977537	-355.36226500450147	-392.13954611141116	-483.65363490617017	-342.6430694432402	-1086.0024209938817	-6200.442372806216	-10016.774119729786
79000	-407.84685221544447	-399.3441469843273	-392.0902953534541	-380.26991314143584	-370.29103372518546	-349.768528608838	-337.0089636472116	-326.6976793923485	-323.1774761378244	-322.5676661154018	-319.13824357454547	-352.9205585341804	-446.27711369273106	-309.6859339045489	-960.6955077255244	-6005.711372870815	-9863.305561618032
79000	-446.2911023552392	-438.32564488524145	-430.56404926271676	-418.29150915530374	-408.9021287242618	-387.8030151325667	-375.4444290952825	-365.71175548236357	-361.2404722158807	-361.29992935590485	-356.5664235136883	-389.37403788346063	-480.8882353971519	-346.8294534049014	-1093.4491564464377	-6013.9678041813595	-9637.585051293088
79000	-450.436403985537	-441.806679678939	-434.166100586057	-422.5619081856794	-412.9794518977261	-391.1023579746995	-379.557684565565	-370.70391038008563	-366.92410651311883	-365.50517559905046	-362.4014423915849	-399.17153026075283	-502.88081520224455	-351.979388587123	-1054.694081491025	-6076.140024384072	-9702.959705080508
79000	-403.40489019231376	-394.9499053072468	-388.43098774585286	-376.26724017376273	-366.32445289161655	-344.50756114776027	-332.5789636596423	-322.3934381462617	-317.7712381942639	-319.6447723702106	-311.9651131805601	-340.1699824016737	-425.78598269627406	-305.93719612142473	-922.690607612112	-5714.541425605768	-9502.872543696169
79000	-452.80641009511527	-444.67208793245635	-437.43561003352585	-425.50781675753876	-415.60751684992954	-394.431856692882	-382.1843310340505	-373.35224013370095	-369.8981729380869	-368.6650940647713	-366.6862827118422	-406.789366247745	-512.6617500165603	-354.1084025268582	-1117.6477205107294	-6035.789429072201	-9770.153312836306
79000	-449.6988679064569	-440.633499543876	-434.07946297567963	-421.8485221131399	-412.4418882292316	-390.68814761777764	-378.5142617605169	-368.6078038015071	-364.79384812704797	-365.0032722695607	-360.8444645093043	-395.0699956579083	-492.309378047395	-349.8526316781926	-1116.0229736784536	-5918.03027715349	-9562.34800372843
79000	-398.8050047282643	-390.45995965536594	-383.2106045321054	-371.40081081903475	-361.69011146414033	-339.62077141585104	-327.6871744432411	-318.21999339918045	-313.6232262514466	-313.6826561186845	-309.0525461712599	-340.08540985671806	-427.1834248789966	-300.2553582830548	-933.1580967861557	-5815.889746428912	-9635.192987493545
79000	-483.4947353231456	-475.4365026987751	-468.385841041721	-457.00938383552466	-447.11463214017226	-425.78819281796524	-414.45293021156846	-406.8435442774276	-403.3982868120908	-399.3133545969102	-403.8465519665962	-456.39758354300477	-596.5034147349771	-388.2272701076959	-1273.9506397629673	-6556.298024548073	-10394.390389860073
79000	-438.75932259062586	-430.7755343499643	-423.84683972490296	-411.71190860639047	-402.7733530602687	-380.5075070225324	-369.3631824689033	-359.2332314913518	-356.45308220766134	-354.74841139455253	-354.3732379067377	-396.70805925891443	-499.8666894715158	-342.36919061412175	-1094.91670527459	-6195.891105420716	-10026.01673193025
79000	-410.6221507861429	-402.1550531540872	-394.96444669609247	-382.56135234512715	-372.63778094968717	-350.79354738407284	-339.5543146657721	-328.58975845737876	-324.54539549376324	-325.938324440098	-319.15143942503863	-345.90436964154463	-428.1958669526668	-312.6421618811273	-906.7865717338879	-5857.382261031363	-9538.29284875239
79000	-429.2690569951096	-420.8667382146296	-413.1261286299717	-401.49949318304436	-391.83965730521413	-370.1803805499979	-358.1747793826791	-348.29325426713075	-345.26697281014606	-344.7988596016847	-340.6605960438653	-375.8806238079889	-472.27737405686395	-330.8282273739108	-1013.7299294687468	-5938.60472336321	-9611.423535328531
79000	-429.6584248144729	-420.60845198070035	-413.21765729285795	-402.13376934336	-392.6955322003907	-371.05429136335954	-359.17226442195306	-348.9274072093971	-345.2637928873273	-344.3699283382964	-342.15236117201414	-379.64883029873357	-473.6984657988937	-330.30475767769894	-1052.0047886112984	-6006.434316212658	-9753.359885698961
79000	-423.0443340185716	-414.81134802230883	-408.2082039306492	-396.4365700542145	-385.6949887282185	-364.5167657272435	-352.7493966572844	-342.2030666020012	-337.24582160365554	-338.702785999363	-330.6913072766535	-354.6498607232151	-438.28378840252776	-326.1026115049283	-938.1984065377602	-5515.837009608579	-9076.815500658488
79000	-435.11121721077467	-425.73204788520275	-419.93937024521955	-406.7180193990056	-397.80860246349346	-375.91369195338956	-363.8258556131865	-354.134740456923	-349.56295725836236	-350.4598924097393	-345.6036421465143	-376.26550834591103	-462.15381140294414	-334.3933604658113	-1029.9041427064117	-5858.9238220158795	-9451.710749373773
79000	-414.38216714962005	-405.6230083576852	-398.35280747849237	-386.2704456711026	-376.2934103029601	-354.7437595191597	-342.54808366662394	-332.4062054683293	-328.10377351143853	-328.7614979914068	-322.0702802123661	-350.2298123993734	-433.04688343824625	-313.9284192301027	-947.6017108733838	-5824.153425278814	-9508.346158073626
79000	-450.5048726886286	-441.5668562916252	-435.1429392142748	-422.42167898972855	-412.8144238826679	-391.5327811025934	-379.5199450713738	-369.52619687423214	-365.1907773648418	-366.358878498814	-361.4226745488851	-394.7121540999582	-496.7910341297028	-352.97802605548713	-1066.0261536820415	-5911.240572863522	-9655.105431509983
79000	-455.13246747601175	-446.93138842801795	-439.51186448742004	-427.04980689905926	-417.19668754892103	-396.26107858895875	-384.8461045269353	-374.2411034089188	-370.3038982545058	-370.74097212624895	-365.5507858412686	-399.2886600397904	-505.0937407539353	-358.1739672962685	-1075.2658013887751	-5742.451602525701	-9338.418149439352
79000	-442.70854465064446	-433.7396420506509	-426.99372766089795	-414.6267700743291	-404.19332757806825	-383.69063573620605	-371.38575624974067	-360.7738370094793	-356.86620414050685	-357.5065674633427	-352.2081419902151	-383.5719012016288	-469.8053898211766	-341.6560800971046	-1072.937717732242	-5982.8679140588265	-9701.082919836646
79000	-386.4698182216588	-377.73540952804854	-370.2593559524823	-358.4024661373621	-348.48762008426024	-326.8887408253344	-314.70833697385916	-304.3964581347262	-300.41016393540394	-301.14320223718545	-294.7672120178192	-323.4465434304312	-407.09316034431464	-287.8021461770081	-894.4910445773049	-5740.20047934965	-9493.50647456954
79000	-404.0878690264316	-395.3507622440898	-387.8534909749979	-376.0858419846768	-365.9853121132203	-344.5638244272344	-332.7799652648652	-322.1523085601403	-318.4865464497093	-318.79713348757934	-313.76007968242504	-344.1320595662969	-424.42014010173057	-303.31260809163865	-947.3472634522689	-5927.718700439788	-9640.221062557674
79000	-439.865458779502	-431.63972074134045	-424.32458445249864	-412.3448253710335	-401.4976871028212	-380.82024826791786	-369.1155069400063	-358.4182989730607	-353.54709663501865	-355.08368460416875	-347.9652492992186	-371.2759247562149	-459.98307683307775	-343.32281446038354	-1006.4713648242036	-5596.6684383579	-9054.682518042468
79000	-451.82127268124214	-443.19257928114433	-435.6507671304893	-424.37767474915006	-413.82057754789975	-392.93348801613075	-381.26719756364633	-371.7658629586164	-369.36674608669904	-367.47100739699874	-366.7221981169724	-410.65392100087763	-511.39775223894577	-355.8319703495973	-1108.79522501417	-6161.016019442682	-9983.860363089747
79000	-465.90242799811193	-457.1456970727973	-450.87820061007045	-437.4030259989087	-428.21543637498627	-406.6609856004711	-396.07615195457413	-385.51666644294835	-382.1812079840678	-380.9499039087415	-378.05391832124883	-415.8075213179028	-523.7273716985487	-369.0248674884057	-1127.3459804596955	-6024.081119280051	-9754.206570965502
79000	-397.47468274865196	-389.4049419354113	-382.0072401855003	-369.56833023568015	-359.78762706662184	-338.6762930908527	-326.38509643285823	-316.3795691159841	-312.1178187581024	-312.195263989863	-306.05570111084296	-334.60355124191904	-415.8700686373823	-299.4669851516162	-908.9929569891794	-5742.908114695526	-9351.292069351644
79000	-455.4405459418445	-446.73261793214033	-439.0869847274319	-427.5502145012729	-417.95549439240284	-396.1310754162812	-384.8997304056551	-374.38127981891176	-370.20961961666694	-370.1412802908324	-364.87178365459295	-398.06855536613875	-487.484935022276	-354.75888220866614	-1113.6173735567404	-5797.953971344103	-9474.535300884338
79000	-454.4027451044874	-446.2450596792073	-439.50206889431416	-427.87407368446884	-417.12844375767	-396.33807910167707	-384.7757476643052	-373.85834378600293	-369.4918717331715	-370.3994060278654	-362.5338737460802	-390.30471176469024	-484.1569120252214	-360.15874002663116	-1039.5182291632868	-5519.7758889199795	-9023.071304999303
79000	-457.4505574783659	-449.8889686245368	-441.8895758781263	-429.91945824643585	-420.14802190621504	-399.13568677340714	-387.51663485066695	-376.0741144635782	-371.4856141218615	-373.3988236978671	-365.7981391449364	-393.31861977708945	-485.3946003446584	-360.7403825985921	-1074.5974918386582	-5644.647827058794	-9141.801868475672
79000	-477.32477213004177	-468.9143488213653	-461.85674363605295	-449.7819779089706	-440.34291633762547	-418.35713327446854	-406.6178302643052	-396.4734141388362	-392.4825441825792	-392.9509006857003	-386.59126803221875	-415.1720035554179	-518.627293116402	-381.931965411563	-1063.4829083570044	-5554.018332713491	-9027.643166156322
79000	-433.6018374350877	-425.3886307814314	-417.98029349536165	-406.4327696691166	-396.07239355254745	-374.4116592330101	-362.3879520709755	-351.724131806063	-348.2751385912524	-348.5603869173759	-342.978233216604	-374.0464737161377	-468.50242738321293	-336.1123042034884	-1020.8430765838542	-5822.0105190086815	-9473.298220980669
79000	-424.7899484781307	-416.7770619982667	-410.48360790169016	-397.71181896822407	-387.9226444447549	-366.4385163721527	-354.65008453961434	-344.8542529767837	-340.55327894218675	-340.6466800823663	-336.344019295107	-370.44618035282826	-456.349003563809	-325.9270031050908	-1040.3802134226396	-5883.8135756579	-9645.41410715813
79000	-420.4789221238686	-412.0840576237877	-404.8395366321724	-392.6640238618327	-382.379835973652	-361.43238344580044	-349.2448853617377	-339.7424408096625	-336.5917055699102	-335.0689937222786	-332.67402145248775	-369.1872880106027	-460.17726137582883	-320.1035405357855	-1026.3871276926582	-6089.967366882295	-9990.074452678824
79000	-452.4247776021262	-443.46754064107614	-436.90073123701956	-424.8689815088918	-415.04298487480577	-393.44074563783494	-382.0216759997889	-372.1046230034157	-368.52481952546486	-368.2198676493225	-365.45861298354856	-402.8775786760391	-508.1210413363391	-355.11916216122734	-1096.6696516733346	-5872.925579429869	-9688.171450976295
79000	-416.7350050956087	-408.15322985787856	-400.8657341507814	-388.8045408527038	-378.95400851237383	-357.96772692993716	-345.6119665521373	-335.2476371570601	-331.4865301739356	-331.001485753088	-326.6594430264509	-356.4782090791368	-452.0661430521448	-318.05792382211945	-963.1265041066417	-5817.962014705462	-9518.036126947121
79000	-471.4828112073789	-463.1241943007239	-456.15365528353567	-443.99829492465733	-434.77310718135345	-413.0129818179747	-401.0836019824384	-391.65362965412305	-388.1295032622043	-387.1726788874196	-384.48359524600835	-424.52882041512913	-529.8247759811281	-371.74500004534497	-1177.109705246539	-6096.366254974475	-9807.694630703098
79000	-433.80358334807596	-425.41373224229545	-418.8174386212102	-406.5562492149502	-396.1663783223183	-375.7851313015351	-363.08837962792603	-354.4740561419861	-350.20100130734664	-350.0331013282178	-346.89551048367565	-382.767798232592	-488.3839876898851	-337.4747407892171	-1047.2716023226244	-5988.6891151586	-9815.188135797529
79000	-407.68672027590947	-399.4068194224234	-391.72546491020006	-380.2950326848353	-369.9838921646863	-348.1650958292157	-336.5026317472957	-325.81797662239677	-321.8416559912294	-322.625444140662	-316.4563378787585	-344.2386604999482	-427.64074585307986	-309.2397746629669	-926.5652654362246	-5748.7805412206835	-9455.454765626144
79000	-388.39356121615	-380.2009362346736	-372.7057532279584	-360.68161915046676	-350.6824126671713	-329.0759829713333	-317.09300978539426	-307.6030110247535	-303.13392962647026	-303.0806152560516	-299.73317296883477	-333.4326760078094	-415.4898149492872	-288.5079704123368	-917.0112418564099	-6081.6287058607495	-10055.85454738122
79000	-451.365045229416	-443.8582234127727	-436.079442499987	-424.57450964501743	-414.38242888400794	-393.3562591559356	-381.5680961591773	-371.7353427547503	-367.2918409171409	-367.4225195564899	-362.0319125799624	-396.58937115493313	-504.87486029158674	-355.11237559297894	-1043.8080314495862	-5656.8872647164535	-9254.257737197491
79000	-440.41093926768855	-432.57224301146096	-424.9452278186164	-413.2714123162075	-403.6669345490109	-381.87942067758513	-369.3083313730966	-360.5372159742884	-357.7827132258225	-356.9028162320947	-354.3327188658745	-394.83841634990495	-498.9797416077222	-341.14032249643157	-1088.7282459250052	-6120.008226142906	-9961.716559809869
79000	-444.7195080192169	-436.68125388188145	-429.4374720478373	-416.68939868197117	-407.90840971549653	-386.0568248976873	-374.4821556317634	-365.4531362316067	-361.57977611824833	-360.71088923527503	-358.26761805577723	-397.7937747440509	-499.69378083527255	-346.19119045115247	-1103.8371240525607	-5855.475983559946	-9694.66892049468
79000	-433.9637910591326	-425.3256795323159	-418.1049885392824	-406.07767870526175	-396.2915939879809	-375.02109622010954	-362.9889841341905	-353.3943971808914	-349.06016584609415	-349.0166948090528	-345.27170431902465	-379.0481279336845	-474.6212735218609	-337.50149297567276	-1065.348833844138	-5723.927186545727	-9482.680871928798
79000	-450.464330771789	-441.0329608090706	-434.28347865891084	-422.343984438913	-412.5172700669945	-391.2152170761573	-379.4068551285238	-369.22624074666066	-364.7548512011591	-365.8944582568537	-362.50455020768936	-397.12923033769357	-485.72755217744896	-350.64270836930547	-1053.127702712244	-5957.835424697086	-9855.434432099286
79000	-434.8209184542197	-426.16315933067943	-419.4115451384292	-407.08672529513456	-397.5846834316337	-375.9936308936241	-363.5597693881082	-353.22000757790806	-348.9039326367713	-349.88560487923695	-343.13194485788324	-373.12873803030067	-465.29111253082345	-336.39734614692543	-1009.048328670832	-5819.198402772248	-9479.090094129424
79000	-433.2257986305832	-424.96316771796376	-418.19729034762673	-406.5267487246733	-396.56195980790295	-375.3652239172381	-363.6919692542521	-353.3386609968189	-350.7059016539435	-348.9041444626159	-347.5542025440826	-388.86800936980825	-490.1291329935145	-335.9281431132352	-1071.419453524715	-6168.918916767734	-10001.748733747727
79000	-408.4367926107906	-399.7680838888238	-393.1134960466406	-380.35038844274845	-370.72392874113916	-348.680240766214	-337.04788313845484	-326.4676783985523	-322.8088180730925	-322.89549476946445	-318.1659060699442	-347.4558498874324	-427.6735340290017	-307.94834696663594	-976.2509672304661	-5923.792738924622	-9703.481812199661
79000	-440.82498414255343	-432.0103581951953	-425.36645197094305	-413.4540133908714	-403.49822113780874	-381.3785671700651	-370.3524169317227	-360.3782442768573	-357.17996204544244	-356.6407321003684	-352.0352995008901	-386.4536532614892	-481.1628456766327	-342.7728033088667	-1073.1561426226851	-6106.6593163584985	-9769.271323362029
79000	-414.68069886647896	-406.24391879456317	-399.15967478519207	-387.4444893407825	-377.15118710414697	-355.22743620773883	-344.4404117883404	-334.3520838078887	-331.3169304812754	-329.7904277921636	-329.18561197966034	-368.54153818969615	-455.03486889470054	-314.6670263036525	-1011.0742718773546	-6155.002298603191	-10102.47536299307
79000	-457.1421506002909	-448.23539605510354	-441.64964327841875	-429.65170048109826	-420.501963667797	-399.1921674136845	-387.9024761873948	-379.30492311891817	-375.05507009567236	-373.65967115739574	-372.1002696464438	-414.56765940331996	-522.9201752091535	-369.92168471697255	-1131.5615563997876	-6105.9194807299	-9804.565583130823
79000	-421.18253659189054	-412.49386559259585	-405.2534838460819	-393.3884088586468	-384.09583621362134	-361.8615906886534	-349.64350606406265	-340.2689464512231	-337.2977101377291	-335.84332296497774	-332.5499565343399	-366.22638352488485	-462.74304169808414	-322.75694693097887	-991.9045374642939	-5975.367664811844	-9778.788685967384
79000	-434.26170467315546	-425.6281253769291	-419.10255853321274	-407.0789222183736	-397.0591253420091	-375.67299226639204	-363.7539424509267	-354.65015417074744	-350.80206590502695	-350.31379239498494	-345.95152648441706	-382.8198482450296	-482.5846148715256	-340.02844455669486	-1057.0363811529478	-5821.689551306402	-9508.71356567495
79000	-432.4376671760554	-423.9714154372911	-417.38466006198695	-405.86725571096144	-395.16301779805093	-373.8339250455842	-362.4191686403122	-352.89299495759707	-349.4456869568033	-348.25394448852035	-347.010183454203	-389.41293991707136	-489.96015098151764	-335.36929196984084	-1054.5472246234208	-6210.552922219724	-9926.47933632106
79000	-423.64016432541194	-414.6156700920604	-407.4082285250341	-395.773817510453	-385.5668637987362	-364.6333807530844	-352.5085614214421	-341.4577343604616	-336.84988192474026	-337.9431857826344	-331.3939712409534	-356.8984411686953	-435.81477929203226	-323.7618671406405	-935.3222976910349	-5677.440122417754	-9221.492299843901
79000	-433.1099046443474	-425.1657892175054	-418.5589394887085	-405.9143955089651	-396.10593602625454	-374.9203857588982	-363.5496538287011	-353.6797171011612	-350.6391738377113	-349.04391191114036	-347.76748323992325	-386.64823003119585	-486.3675862607106	-335.99417618751175	-1063.5192134939537	-6061.691469950941	-10002.704454301931
79000	-429.8048270220772	-421.43300308766686	-415.02800178925116	-402.3556576416132	-392.1276376206086	-370.34186440376686	-359.3400254539187	-348.8324642610892	-345.1640689094394	-344.8809036022057	-340.1697007743551	-373.66241341699833	-471.7343228884614	-333.0663345490335	-997.5771061270046	-5893.31360334649	-9755.702617379156
79000	-490.2516551664908	-482.1039737876917	-475.1054400808354	-463.44606300121814	-453.9109095577816	-431.5046282029511	-421.1704715919988	-412.1612388342646	-408.95382827603635	-406.50991119028794	-405.0132891203365	-450.0323618463651	-567.2064876414086	-395.5077776253658	-1223.7650188038774	-6227.451993074048	-10027.506829365802
79000	-447.3246912666369	-438.2652753039716	-431.5164148612319	-419.5354102203595	-408.93233530704566	-388.22017211832343	-376.570222594153	-366.0275524153512	-361.9600943761325	-362.14518661690926	-358.10514753196355	-390.321184833484	-479.2057698363902	-346.5657185412273	-1090.4786813070698	-6043.151576072952	-9704.209864167578
79000	-440.0533089092376	-431.6789579058121	-424.4603743641098	-413.00296315608864	-403.14436238172505	-381.19742079920354	-369.4843804117034	-360.77971468163224	-357.9136611695025	-354.96805504117106	-355.6207489003313	-398.18899046714597	-511.90441930095875	-341.7400689287003	-1084.3104652358636	-6281.153237050228	-9997.634072637571
79000	-461.59448441628064	-453.70763673953104	-446.53772925380866	-434.37561769765443	-424.91904875697134	-403.09823434068676	-392.04415149143455	-382.0997863852295	-378.6521807317243	-377.7808455691597	-376.40159788288173	-415.6540778947919	-518.165700631978	-362.19711239833134	-1135.6596553625034	-5955.675054516331	-9703.069094158662
79000	-447.0105867746789	-438.71355617418885	-432.55650126965924	-420.0273004982155	-409.8506349502683	-388.3332395133816	-376.9278247168066	-368.00916897356046	-363.98207253347766	-363.0734738492087	-362.1699805505217	-404.9362422704885	-514.9982112633679	-354.74366172787336	-1095.0702865342782	-6030.894790626892	-9905.702628923827
79000	-473.06071472291995	-463.86600277645584	-456.79160723192757	-444.9362517385115	-435.6649167349641	-414.1993961305234	-402.873896383521	-393.88165362004247	-391.21717198762326	-388.60814627036746	-390.6047562865263	-441.43721829005864	-557.2872369059586	-373.2585308058711	-1208.2629210511645	-6604.9444928263	-10476.552420226459
79000	-457.56810216480153	-449.15999945147894	-442.4015216248144	-429.7285631652858	-420.1576528054792	-398.5972735139109	-387.32324778840695	-378.041948500897	-374.7893578786185	-372.5061724704425	-372.57758313590926	-414.3562331619317	-529.5414706351803	-360.8109952991777	-1101.2621943281185	-6305.395876662612	-10207.163707984319
79000	-459.3191737988832	-450.0748115008371	-443.862421824946	-431.16001989331266	-421.8079551018025	-400.42157268329896	-388.88778408851346	-379.1607054350792	-376.2798304746909	-374.41748886247973	-374.0085634636276	-415.4554247769618	-523.7184523761063	-360.48037712442584	-1133.945170044424	-6065.813113624869	-9853.231774508637
79000	-451.9132684395739	-444.0167868785113	-436.45997192362637	-424.5968364589646	-414.4456026991951	-392.5524986043837	-381.24259323814874	-372.0328515052046	-368.8034852172922	-367.0098725853373	-365.60949082467795	-405.1423223333188	-502.4743070293131	-351.0577728258999	-1134.5135062019585	-6224.464799982537	-10000.808053737586
79000	-424.26832751925883	-416.0413920853492	-408.5311436976395	-396.71205099925567	-387.0987781856767	-365.2707938211802	-353.38121735612464	-344.25017139691244	-341.5155510600423	-339.3583078705682	-338.792518401911	-379.1228186222752	-474.2519154091094	-325.142717465228	-1025.86270879468	-6261.7457685134905	-10157.61873227635
79000	-435.1123289637293	-426.8339973163623	-419.7540637542833	-407.6667183124139	-398.4014197676022	-376.01349152973796	-364.16147350550614	-353.9864673515579	-349.7243408022387	-350.1077088209983	-344.9541694842698	-373.8675058833384	-469.69434414241886	-338.11774674755645	-1058.1667494339385	-5813.103031851995	-9541.544396649
79000	-480.39386839284003	-472.451165411106	-465.06540828634553	-453.5264268889126	-444.25809534922564	-422.2036859551306	-411.7640367652029	-401.48806695326346	-397.0888750800421	-396.91364394427774	-395.0732757832257	-434.0442557224152	-545.3328870025616	-384.85805903240845	-1174.4623039367061	-6045.201984705522	-9613.97762081081
79000	-457.1111861093786	-449.41630620018316	-441.8263817355085	-430.3276426857368	-421.0899883362109	-398.2033003667698	-387.4184281157646	-376.95401858294383	-373.5672876136495	-373.3460422938021	-369.3815367672541	-405.00114503639986	-499.6074417487146	-358.37771328476936	-1129.6784669762235	-5776.511533586886	-9455.705797212348
79000	-432.3324818487924	-423.77029344846034	-416.76098717114195	-405.2378863254106	-395.0363813556155	-373.9016564125612	-361.5310149748193	-351.5056622425244	-347.2561941101275	-347.83488301085293	-342.46828385222824	-372.2896656281124	-462.36244879999003	-332.7494889232853	-1044.9107365425518	-5714.913162542501	-9378.339031763297
79000	-431.8865506025806	-423.01629192613717	-415.96048504247796	-404.03232668426085	-394.5916244743589	-373.35924206875546	-361.3070859400895	-350.3190499923332	-346.8653121780402	-347.79493153396965	-342.0506731287258	-373.0489401642224	-470.6629357222858	-334.05920532710115	-1019.1131827909136	-5949.1813390987545	-9641.165401841312
79000	-445.20955404950524	-436.4312352600949	-429.28470122162315	-417.15035156806016	-408.4635512380799	-386.36658185866065	-374.49468310579346	-364.6145673589542	-361.56018552177403	-360.7961913509331	-357.94891564355123	-396.0314505249947	-491.72048469247596	-344.7428325731074	-1084.3559727526397	-6115.44588969021	-9831.456395708032
79000	-477.0408132284483	-468.6297052075284	-460.41578294909795	-448.9804740439869	-439.5678133947909	-417.20869447031777	-406.14481876856684	-396.1714058264783	-392.1376728833111	-392.2692246090733	-387.2834188515824	-422.2051166179165	-530.7069852078837	-380.7884884000589	-1124.5208342227515	-5898.647353158558	-9488.789723082387
79000	-402.05624349023	-394.18443580655065	-387.0742572918003	-374.86552306861574	-365.248905541916	-343.741112998204	-331.26725284155924	-320.5158174919901	-315.9205243201329	-317.2842739020139	-311.0071661848694	-337.2607752029843	-430.0608574825024	-305.1498210698272	-928.9194110773577	-5763.493955134536	-9530.146712043941
79000	-396.59993868426164	-388.0822061935896	-381.22972056045495	-369.0507366716488	-359.2224212057696	-336.98742950538394	-324.97577712684387	-314.6611229754946	-310.68667593016744	-310.9646911944113	-306.1463448007534	-335.54069283706946	-411.05563274443426	-295.70783839412974	-919.8968899012286	-5913.959538264326	-9790.584069702974
79000	-454.7888832468703	-446.8182732950117	-439.551264273693	-427.7347770941643	-417.08247925587506	-396.371158041062	-384.2447489710686	-374.2154922235131	-370.4312079451543	-370.83875775230575	-366.6519713888344	-400.403879245972	-508.94417896206465	-359.372793821373	-1079.0190379134003	-5880.289599223567	-9535.408714907793
79000	-407.6623338448359	-398.95069585127993	-391.8673066905059	-380.18966139738745	-369.78065392454266	-348.7237346954274	-335.98597796925236	-326.3276518040768	-322.9477345121008	-322.7009293331237	-317.7441355802903	-350.4873586230486	-442.40769822023185	-307.68547850150895	-959.8265260009631	-6017.496428550054	-9810.942433627271
79000	-427.26303756423266	-419.3168820165235	-411.2795231796459	-399.53453698015244	-389.5681348124179	-368.4967642621372	-356.79212289047155	-346.63568212041827	-342.9026741364464	-343.23993305079637	-338.44183160400365	-371.2285871236653	-459.76140060729136	-328.97775157360337	-992.1016533706568	-5818.447215362651	-9462.678676443858
79000	-457.2851358556821	-449.18132854793885	-442.10786284751026	-431.1667228276334	-421.28663280286173	-398.93260852718817	-388.4194741137893	-378.2653800685751	-375.5673311195058	-374.47237358208133	-372.7963337526246	-416.91509224080943	-530.0998230802646	-363.50169469470546	-1128.725601791889	-6102.645193091714	-9989.00050653651
79000	-481.739926460891	-473.89014225962916	-465.79375754127756	-454.1181867056782	-444.4947241697108	-422.80779700913763	-412.20965438928056	-403.2062138794719	-399.5992636583553	-396.95568771694354	-396.80479699874746	-441.81934573232024	-559.7699304324691	-386.0575138174269	-1193.078022423746	-6184.922731979806	-9871.239467487028
79000	-415.7268226833349	-407.4212173058881	-399.80754805320913	-388.35807566950643	-378.9501513745089	-357.0882027083444	-345.6348174176267	-336.11764110729683	-331.44811963317284	-332.08273123267503	-328.1783944071128	-363.907735157727	-463.11159408588753	-322.817324501864	-959.238860680023	-5783.157010718828	-9608.88431511132
79000	-426.67488656966236	-418.08442868473884	-410.8519190523013	-398.51272874542406	-388.77842734850935	-367.6459500069952	-355.87381807873413	-345.24256505807625	-341.93202416581255	-341.93548330443883	-337.38969383274565	-371.86982362655954	-465.4098731213605	-327.8037007906685	-1009.2027822201234	-5850.671307668187	-9601.228400951004
79000	-445.0277169448712	-436.3859620068616	-429.15819255799835	-417.7148893118931	-408.02329358954603	-386.01111552105294	-374.2936001717618	-366.1528646641658	-361.8554066705776	-360.61552882882614	-359.02190061447186	-399.97242959288644	-501.24863395361825	-349.45092660164244	-1085.0123898893778	-6183.2029814542475	-9952.893063786041
79000	-476.00452353246675	-467.9620226322117	-460.57592999296986	-449.6334136133263	-439.2681721478101	-418.16083206647596	-406.19228445904247	-397.8636140997144	-394.30192934167707	-391.020884509107	-392.856911828624	-438.8637909317243	-557.0149880182623	-377.08813554430753	-1237.4697832448378	-6440.19481723141	-10188.198055453424
79000	-401.0074465945851	-392.6032083535103	-385.0518310997913	-372.74142415354936	-363.85239352121505	-342.4622723721253	-329.9920317087341	-319.58136265960195	-315.6247338838403	-316.02594830291594	-310.93996486129384	-340.75066667991234	-429.695671565795	-302.2172559531583	-931.3698048172979	-5853.232129756453	-9568.63417338368
79000	-451.7123164182155	-443.70718471071314	-435.370699444167	-423.75945787637795	-414.3721772457681	-392.5070322208327	-381.5378826082851	-371.1922169235332	-367.9536079159814	-366.5992648905125	-363.63329956397814	-399.2789876375126	-505.6223159308233	-353.7729348409898	-1082.8747752503436	-5869.681025477955	-9558.334292666354
79000	-439.00384452063156	-430.98478215882204	-423.7535222849244	-411.7180313137435	-402.17914474407434	-380.0520253643866	-369.0275005184453	-359.658536444152	-356.7546003913036	-354.90398472348716	-354.2520138193562	-396.12137253774205	-496.15537438276874	-338.9961814940448	-1107.7504478703909	-6142.206857613095	-10062.83672550635
79000	-476.3722275333516	-468.6262528783668	-461.18794109827917	-448.9088779228373	-439.8060481084164	-417.88182613103277	-406.89469301675183	-396.82363805624556	-394.7176807608884	-392.3087555167211	-389.44553995955357	-429.1621897846802	-537.1686509838778	-378.83845091667786	-1157.266166582018	-6027.8101518528365	-9679.483791487708
79000	-428.36763019974404	-420.2974824394846	-413.2353307273741	-400.19437224750436	-390.63250179706677	-369.3094975768521	-357.4343187562751	-347.451823198594	-342.84356719462323	-342.9205522194744	-338.289290365969	-370.3557602848739	-462.19232426893393	-327.8830467803717	-1036.9121356542314	-5877.235043690426	-9413.474098942675
79000	-420.7219078821554	-412.218085671772	-405.03989625001924	-392.5728467547942	-383.32264392691627	-361.8912205824434	-350.17639009167146	-339.2083229353794	-334.6975214771115	-336.29403101285936	-330.0986584088875	-360.34077323430535	-443.0063189314223	-321.58773661837193	-994.2576711276319	-5832.771734331703	-9490.27229434075
79000	-464.9311940956374	-455.7391153258149	-448.94649853959703	-437.59640329059016	-427.6950400935717	-405.6867257434335	-395.40472174415055	-385.35271400747655	-382.5500220641729	-380.6415007261568	-379.41944788174897	-420.43567434014574	-526.2950458578608	-367.06818128412004	-1134.7939615087555	-5825.549779432538	-9541.483976704429
79000	-448.8785942331171	-440.34345186678524	-433.4639529514788	-420.79859393939466	-411.7174334988141	-390.49173195198966	-378.4257913413411	-368.51439316273803	-364.6060983629885	-364.81868317225445	-360.24403827990704	-393.31370033497694	-484.821699102393	-349.3070061187862	-1072.7187660005352	-5812.69255856948	-9671.388924867659
79000	-392.09330854967465	-382.9134785706346	-376.5815445969293	-363.93017018573573	-354.3609160223924	-332.83204225524315	-320.413671962012	-310.32970668136124	-305.90748889055294	-306.2724981315567	-299.8936575481352	-326.50687501993156	-408.9507769070807	-294.18945354305055	-901.9426818749394	-5706.673736211734	-9506.151059289161
79000	-442.0083257453839	-433.9134471238472	-425.8627751001117	-414.0393367491913	-404.5024437455849	-382.8364882476311	-371.1351147114386	-361.92624787181035	-358.1295700970668	-357.1376234800322	-353.89724614889957	-392.06009513113946	-496.18661929725926	-344.2563612690959	-1076.0037307044572	-5879.45339287557	-9609.314587885738
79000	-436.6835963390536	-427.91490459563977	-420.7804059520361	-408.71765108430793	-399.5204014892043	-378.10854007496954	-365.71191809087514	-356.08295188572356	-352.41826626909875	-352.2081583384492	-347.5210707162967	-380.5746076194535	-475.06729687355215	-339.8685304796131	-993.7413970279913	-5929.871674340036	-9592.414772776925
79000	-458.54263576013983	-450.2496666876563	-443.66217307620394	-431.5683935945401	-421.17053282427065	-400.21051351749117	-388.46040745848336	-379.02910624558615	-375.57015104802946	-374.8914316248155	-370.80634233452946	-409.49094761591095	-514.8103305724866	-363.76235826734955	-1086.5567098136787	-5901.701724169621	-9582.270045530882
79000	-436.291109986649	-427.49022124422	-420.0898407823426	-408.15767284578715	-397.67980186338605	-376.44918134347375	-365.16706799714217	-355.05229557413725	-349.83769365091973	-351.1303159690748	-345.3230940700781	-374.9154757404362	-469.03157101459544	-336.90978003303394	-1003.0370146120266	-5919.500598831329	-9552.654826398237
79000	-456.0460838267388	-447.2462711494842	-440.2393040364996	-428.0609225737538	-418.51829081357045	-396.51154181982486	-385.4554719313977	-377.7482193499724	-373.7088025224129	-370.8046297187107	-372.9442469808383	-423.4752337324634	-536.8091420663554	-357.37499150745754	-1195.3307590293539	-6667.964173675005	-10622.54477122342
79000	-441.33621214024987	-433.5812966871071	-426.6232779676747	-414.24409316483036	-404.2290919997348	-382.6573838873457	-370.94187494066836	-360.71752687933343	-357.35620959009606	-356.9926344336869	-352.43644618458825	-383.76356969055047	-476.7370413967473	-343.1255423047359	-1063.739621281965	-5971.7694978591435	-9632.331863465837
79000	-429.7405957829748	-421.35609764944644	-413.7067642860987	-402.1716765836095	-392.5086485408027	-370.79914888477106	-359.0097146328888	-349.52479600712337	-347.32460206638143	-344.23185385417605	-345.1030952117301	-388.4982141077077	-482.4603750207014	-329.07804431727106	-1058.4791153703281	-6530.4073123200305	-10420.15887726438
79000	-423.7952019615777	-416.00890490593247	-409.5244509590821	-397.4793940772263	-387.3203049394586	-365.2547305993163	-353.6104797330336	-344.0697056955052	-341.9776251481671	-339.2592320853756	-338.5084073744406	-379.1729963750105	-487.11739123365913	-326.00664157915674	-1040.1362010915568	-6139.836284257312	-10084.107454403153
79000	-445.0333219696893	-436.68471968249077	-429.09774988539294	-416.9168204964848	-407.5163302140013	-385.504041624465	-373.84463897722884	-364.62733226005815	-360.8083605524327	-360.2832679720367	-356.90855342080744	-394.97789759788515	-490.04510278011287	-345.4881609899331	-1084.8237259173034	-5986.172139619548	-9704.60069600303
79000	-456.1535064572179	-448.2035707534946	-441.56772854955824	-428.70223627644145	-419.54922457298636	-397.67700603734136	-385.7133517013398	-376.05243031326694	-372.73379895861177	-371.8361253378189	-369.5645592258631	-408.5432678270051	-508.9031610071597	-356.9984028765692	-1134.2215884631491	-5975.34563322426	-9592.578509899731
79000	-409.91119763175385	-400.8988024899129	-394.1512258837833	-381.6220362176946	-372.03569492102247	-350.57526541912273	-338.21251946539684	-329.2078844797639	-326.41183106401485	-323.82150995479225	-323.2015866388753	-362.5671950485546	-454.7953698774371	-309.5580864209375	-1016.474433012592	-6067.079821358949	-10006.799287312257
79000	-450.89329556818416	-443.5912044221448	-435.5035032424301	-424.25837777227457	-413.71330559636596	-392.25797403156724	-379.88300442057596	-370.3966697159159	-366.9959305649015	-365.9331669766546	-362.2803237906728	-394.79472685241666	-484.5016888486332	-351.5989503488623	-1097.8151517715914	-5904.18842442821	-9552.359630527564
79000	-417.7046639594802	-409.490879797138	-401.6541028027229	-390.012063170327	-380.2990267562628	-358.1850107344716	-346.21794617095435	-335.7515938981667	-330.99690253308626	-332.8303430673477	-324.9854292174906	-351.96680425215703	-437.48609897358335	-320.21882772617425	-938.1880572955748	-5623.020258182793	-9253.262459182191
79000	-437.7132636707016	-429.59548457960614	-422.1667833267142	-410.11411269887185	-399.88232815974857	-378.7541988922375	-367.8063850961695	-357.36619988664756	-353.58144216474403	-353.0988109784059	-350.3954226131968	-387.06680225090497	-491.6742747546145	-338.63816026468425	-1073.3457880648457	-5985.017701405891	-9834.132968303938
79000	-448.20783018301614	-439.96940453206076	-432.83246104750884	-420.6144560141727	-410.8511219245647	-388.82611941769073	-377.28650503661703	-367.1377594296187	-362.4926913599217	-363.39378055164326	-356.985730002332	-386.0779170511266	-470.5003819702767	-347.942750920143	-1074.3633817908108	-5820.647961110921	-9544.323919642542
79000	-466.60032102282764	-457.38773833244244	-450.60314300459453	-438.8583131549751	-429.1319852077837	-407.15613099004906	-396.76632078869466	-386.73157371934747	-384.0249158585073	-381.77794145995955	-382.5005736132657	-425.76017121717905	-531.8695177390473	-367.82312554272886	-1142.6324790527567	-6620.613799037365	-10271.836447536969
79000	-427.3757278252559	-419.8806061445045	-412.25444338535766	-400.4946326357706	-390.34720869893687	-369.0034680976619	-357.23594258881656	-347.74882920272955	-342.9576011679248	-343.5665141515968	-337.62780662638994	-369.60391325064865	-461.00662252263015	-330.34243070131475	-1005.6549033586454	-5714.099271132091	-9481.51152540852
79000	-431.717423628692	-424.1115142933894	-416.9690849449707	-404.608790964455	-394.36785458310084	-373.35131216076167	-361.07373381427584	-350.09834829444895	-346.4062617604203	-346.56533766963975	-340.4528453048566	-367.40719021795957	-448.18583028002996	-331.9540075010831	-1001.5835370411028	-5883.105481111449	-9433.041548476214
79000	-434.52931663225775	-426.8138742060704	-418.9824226275885	-407.31011872828094	-396.74209378940014	-376.055396049964	-364.2354596319218	-352.8974049624452	-349.3238262080085	-349.8149764243668	-344.580467292443	-375.76030866909605	-461.20332885761087	-333.9260345570396	-1061.8130097669555	-5879.071106409371	-9566.42644821235
79000	-425.7606477532973	-417.45046445600417	-410.57987225290964	-398.7334659871759	-388.73651404593267	-367.56207453167457	-355.5915519274118	-345.1399325970447	-341.28973947037923	-341.3925635910784	-335.1709416570609	-365.97819639108263	-459.9066395141689	-329.9758716197177	-972.0430496145786	-5676.878277348249	-9371.112812909298
79000	-450.74141443846514	-442.74035662841044	-434.9896885660551	-423.73528423188054	-413.7371343794785	-392.0325166663724	-381.8402968405825	-372.41657152982606	-369.11899656403506	-367.1438969528878	-368.1319518044424	-415.1862509448496	-526.2626428060433	-353.0656424271858	-1127.3947598278892	-6280.78816501996	-10148.758384240424
79000	-438.0180724626278	-429.0343967555352	-422.473580215121	-410.0280648413071	-400.5672251085454	-379.02535836209444	-367.9315684533501	-357.4467725075267	-353.13184058916784	-353.5003316928345	-350.2390533750856	-386.03653605729374	-488.27904493230085	-341.41730884694874	-1031.944794420123	-6050.236447837856	-9792.543648086646
79000	-443.36396298868067	-435.12797731453446	-427.95132881906096	-415.5682723576833	-405.9855483980425	-383.9743447189069	-372.78732920899495	-363.2949552220328	-358.789400449599	-358.51001492371404	-355.08648002786435	-391.04114162026264	-486.79058904000095	-343.7710980202189	-1098.6077134218542	-5994.721326921982	-9795.509298567958
79000	-425.29551024758274	-416.84137360621725	-409.2687501628032	-397.68055575891935	-387.4534789945061	-366.419526749561	-354.16646498468356	-343.0253648509881	-338.88482031175994	-340.5485213713068	-333.60908336462575	-360.4864606596855	-443.2920665081042	-325.8328206870695	-999.1201068140434	-5831.297707341324	-9484.243763012346
79000	-477.8060268192133	-470.0275431636475	-462.4700497385932	-451.0592057526958	-440.68246394496725	-419.6586390623845	-408.06639853336003	-398.5218995106751	-395.6372698997577	-394.3546570838276	-391.93840307849115	-434.36314160566195	-540.678422904931	-378.549321149916	-1194.629826166301	-6103.5227293465905	-9838.644125941904
79000	-419.5433958183338	-411.42744762905807	-404.2056153591738	-392.12898295168543	-382.81155878869015	-360.89887597784195	-349.4817966836246	-339.16092486658243	-335.0361438304402	-335.7845918479486	-332.36093986644676	-367.9131882873741	-457.82577189290413	-320.879376912622	-1030.2115413584743	-5859.117352044101	-9533.94525253368
79000	-443.32992823494214	-435.04082939326554	-427.7368739809212	-416.0130408389648	-406.0765749166257	-384.8270510205799	-372.92225781948486	-363.58078957658074	-361.0256048874276	-357.6439125851828	-358.09906088637996	-399.663570502671	-503.2150255453433	-343.17034294010193	-1125.6300200779779	-6305.992263027842	-10074.076165550032
79000	-407.2242790430174	-398.8707776502828	-392.02617797859006	-379.14152243767103	-369.47092290618485	-347.7931656826385	-335.66873784015354	-325.4510897626452	-321.0706376259043	-321.9312339470528	-316.4446087888737	-344.6985424845405	-421.17083268623674	-306.7234248148062	-924.6774624796766	-5932.369376922642	-9724.668436382124
79000	-450.5080943271833	-442.39434196494835	-435.3143317285606	-423.6224616888827	-414.82614716369943	-392.42612425278514	-381.2623436384127	-371.7603490652795	-369.4180613364712	-366.7295756183079	-365.03710027462023	-404.1844742888989	-525.7287140778276	-356.8294547391298	-1099.3275175522094	-5963.527126782078	-9790.000484940067
79000	-426.4107928373502	-417.61601289336215	-410.5470220647397	-398.67644041133565	-388.5108168409456	-366.9814510827751	-355.2547329104843	-345.68801742032616	-341.53637169369216	-341.87758238281515	-336.310708198844	-369.9384921907523	-461.4713162277269	-327.5741876193697	-1051.5135951201344	-5828.690657697844	-9564.886385804473
79000	-415.8000205726716	-407.05071536805	-399.8051457452039	-387.88930667568593	-377.9568711096934	-356.16456542111473	-344.39864156674884	-334.6821373536102	-330.83745088998285	-330.001991166347	-325.62259821923755	-357.1011582378193	-446.0390601300273	-316.0914710396319	-991.038400461989	-5995.590336361567	-9704.92002839805
79000	-416.5075972271874	-408.55393260084946	-401.109248902798	-389.0350403858281	-379.2345373926431	-357.7851792807781	-344.706430779377	-333.988173924343	-330.0070672025673	-331.4480493650996	-323.3335825956968	-347.209349499407	-419.83749450078926	-315.80984567300743	-950.6268820460614	-5860.183764401969	-9576.65390236421
79000	-391.47573080721844	-383.3452467318945	-376.47571728335623	-364.1262760732932	-353.91984676319225	-332.21158173893383	-320.19347694262757	-308.86742190686573	-304.45854598634276	-305.95543033523364	-298.2527958687547	-321.8258657142257	-390.4394581398532	-291.29087539301275	-884.8081223226095	-5664.232560038179	-9367.34572970267
79000	-412.09903933118994	-403.34013734566236	-396.3607822874454	-384.3760947604645	-374.3982759022196	-353.25071044890467	-340.5886703961565	-330.5277807860267	-327.02819464372817	-327.3212768689867	-322.45430753658036	-354.8287667058706	-439.2034060236641	-313.38089035978857	-982.4502370886045	-5759.532385043163	-9700.396087059233
79000	-464.588687193225	-455.18689630213544	-447.70849766613543	-436.1636014605617	-426.70560396620107	-405.82891848578663	-393.3296490477437	-385.16214271731724	-381.4776190413254	-379.0955688091685	-380.67982896979714	-423.44709817646043	-536.7747962911624	-365.3703460594333	-1182.29325832147	-6313.696567133383	-10185.126754075136
79000	-455.7214412250485	-447.7638459228636	-440.5504437384446	-428.7098839963544	-418.3070767528418	-396.8054180776187	-384.8357552091143	-374.45446206561127	-370.8860485883991	-370.2732090995267	-366.6255626717446	-397.55079847449537	-485.5476968734219	-354.58459096922024	-1080.771920264578	-6096.301649551321	-9744.997395550146
79000	-443.5710602941033	-435.2296181333814	-428.1336167890526	-415.58698316144364	-406.11520575639156	-384.89108098166525	-373.0547809565849	-363.9693605208852	-361.26723250327177	-358.2543237126414	-358.94315951179095	-400.8798920377961	-501.96408192183696	-344.81978529186523	-1080.0760642363975	-6255.3344163732645	-10068.456795709693
79000	-409.65360611326474	-401.148434623507	-393.638012210142	-381.5281122939774	-371.73290943695974	-349.920256413592	-338.2222515905843	-327.79714450582907	-324.2483728215582	-324.63704121821144	-320.044078631115	-353.49804705204775	-442.44504081816666	-310.5913445339365	-940.2895544367402	-6075.948293645539	-9766.642847233388
79000	-406.41713425916606	-398.18921571764264	-391.11580044946305	-378.6379489742378	-369.09976097207556	-347.6585052291967	-335.29886439883103	-325.68267611340895	-321.3853394036734	-321.6096210406941	-316.816508248391	-349.56414309319587	-433.8351742062195	-307.02907114841975	-970.3853262662878	-6014.010953513208	-9857.206058067268
79000	-440.0455438162462	-431.19774126985874	-423.46075297298006	-411.4216418653838	-402.3499598815493	-381.028332186626	-369.24054098946874	-359.4165779051587	-354.7683198211985	-355.1194721357032	-350.339917640668	-383.4077148858657	-482.5649631398139	-342.0027889464641	-1030.468657258549	-5764.784979951944	-9557.008660703286
79000	-429.9299240611508	-420.5050749262685	-413.55745540224706	-401.6489353093258	-391.58494545860765	-369.8027150802488	-359.0923058521466	-349.11320851694506	-345.2227598632617	-344.5717689915443	-341.3376928799082	-378.12033672864845	-472.8716176716032	-330.3901926350548	-1023.9678599398138	-5929.347388193256	-9723.0099039834
79000	-428.7463070073442	-420.0438151737712	-413.30034276643875	-401.26394625178614	-390.99414275151094	-369.49425009696034	-358.41272882869805	-349.03042030580383	-345.25440525980736	-343.9795229974133	-342.55548160798907	-382.09845017156505	-482.15290302680614	-329.60163999212944	-1046.7664614549708	-6144.747720799497	-10067.52704567529
79000	-427.1771288862797	-417.8612022835113	-411.4202408484604	-398.7683576977182	-389.35064540251545	-367.7419202687565	-355.2355882206365	-344.44553921022214	-340.23675962602397	-341.49159921608026	-334.6506440518141	-360.0198623189228	-446.6563708751729	-327.64711802196905	-991.4333940088471	-5576.531721157005	-9160.243995568715
79000	-444.9284601287361	-436.64354936232434	-428.9141218519922	-416.4132219986109	-407.3167542317809	-385.7363516938477	-373.3577111210326	-363.68226609474465	-358.66190686935124	-360.1539766706665	-353.45599047710203	-383.46699252374475	-482.70565177137655	-346.6742356589943	-1019.1256948493423	-5784.933099779542	-9396.676304422346
79000	-413.07418419111224	-404.56041723708654	-397.09585627976827	-385.4807404565511	-375.5696906064068	-353.88921917785103	-342.3751550973146	-332.1976044209502	-329.12593482065375	-328.21977274970743	-325.217942105597	-359.8637358723743	-448.29523076956946	-314.083263596222	-993.6782722321476	-6005.130844559256	-9817.782734128295
79000	-462.07960833747836	-453.9080492441664	-446.60074062931307	-434.3556185584089	-425.49991536227776	-403.44716633927675	-392.27588442882615	-382.29651945739147	-379.5460070718725	-377.95268843535695	-377.56864637749123	-421.1533969382299	-522.3402684619596	-362.2617948381958	-1175.654907350324	-6554.388215314236	-10383.347479005975
79000	-444.1107122398748	-435.75752507467206	-428.9607336493743	-416.7445204674714	-407.68783059920986	-386.4421359718458	-375.378186666624	-365.4200316354876	-362.4000064123524	-360.981809522139	-358.94116640313854	-401.6079257702082	-513.264187994206	-347.9315352806085	-1095.670758800508	-6178.917369864333	-9976.11921029531
79000	-387.8119725795075	-379.5339578263743	-372.08496984342224	-359.94947784579904	-349.94654744428595	-328.2721251868254	-316.46619041248226	-305.36606823140886	-300.6377061112731	-302.331670925089	-293.9217532636227	-317.2450553543566	-390.7017912529492	-289.06616800690546	-871.155583686891	-5735.846457573448	-9396.271130204237
79000	-422.98605173541375	-415.33961053029253	-408.28028504936805	-395.28647704463117	-385.3962236115132	-364.17431789492326	-352.9355166237455	-342.45209268588434	-338.5087303092186	-338.05982393982543	-334.13113662741017	-367.8990019228245	-461.0223564690638	-325.01313637745994	-992.2424049994	-5818.438879671514	-9518.880293200578
79000	-448.2541590625279	-440.1863935488381	-433.065055655556	-421.1722367075279	-410.6851183583221	-389.3882996967235	-377.8823419898751	-368.46507688238796	-364.9115634154739	-364.4338700987476	-360.5776315926168	-400.281091576809	-493.8273472170164	-347.6967389641276	-1111.4849594162313	-6072.1189473886925	-9870.92693257481
79000	-415.1935610600137	-406.30538532492596	-398.981923184452	-386.8706950243661	-376.8926869054042	-356.06796727182575	-344.3957363968157	-332.82590611394	-329.03153875326547	-330.5185830904123	-323.09285584843917	-351.2794711344486	-440.17837085432114	-318.16817259174917	-953.0298568209283	-5669.230621178429	-9381.865932820197
79000	-387.3018766922527	-378.9603517550943	-371.43031177282154	-358.93314826785434	-349.2472341592732	-327.4774686656677	-315.65083434578963	-304.7390912959255	-301.0645965341379	-301.8209065666068	-295.08195446636824	-322.70931108532716	-400.5539384040495	-286.84049771699165	-917.2161409211751	-5755.477662247211	-9555.973000376573
79000	-423.4160582430761	-414.52424163230336	-407.3104637180168	-396.3404935381884	-386.3677571010886	-364.65429984395035	-352.74753821972195	-342.85370380944147	-340.4377886354268	-338.45092084212416	-336.757162059237	-376.5503432027023	-472.6260470603125	-324.1079268785559	-1029.622685942714	-6051.317536996622	-9921.984743076222
79000	-419.8946314936834	-411.6713043756341	-404.594109729056	-392.22680689725564	-382.6784315144953	-361.14406493649193	-348.7599094156721	-338.992529010288	-335.1908847793402	-335.2951059605491	-329.90909378606176	-361.39189743378427	-449.6001324681746	-321.1751141078822	-1023.0659565007461	-5942.461267892828	-9621.139240148521
79000	-444.67843872350346	-436.515104284536	-428.67266977018534	-416.4160234611212	-407.670727013364	-385.6181040788726	-374.30757709306516	-364.58307455320494	-361.24953644115146	-360.56584279230987	-357.98830717467433	-396.43699184516953	-503.82837115436934	-346.52109625150746	-1067.3031786289046	-6134.089633679802	-9869.830799406222
79000	-427.0648920532571	-418.88362291414205	-411.7350548328805	-399.6147554475374	-389.86303786020346	-368.6455342880517	-356.5738132800249	-346.0341602499107	-342.6708487130962	-342.97353110786077	-337.13421427295356	-370.5858069168905	-468.3592505577188	-327.970061924727	-1009.7510258669208	-5774.002472460234	-9567.85546575402
79000	-461.8133666585533	-453.5833434542207	-445.9048629918196	-433.88195344124335	-423.8017926637524	-402.6532588687485	-390.902079771802	-382.45781320128026	-379.06938177374224	-377.1635463078467	-376.10682447241146	-418.15420744559526	-527.714473711368	-363.74708757907007	-1133.219210349996	-6281.69799039997	-9979.768901751331
79000	-432.48262327284186	-424.232319782288	-417.2003948589407	-404.8485391877756	-394.8737965683289	-373.7480486600854	-362.17383363249013	-351.1290957652542	-347.6076141928916	-348.1206235998736	-344.2988836012698	-380.37592298052357	-486.78892779506447	-336.1534273996387	-1049.13694883396	-5795.0095448462225	-9508.046830043633
79000	-425.40516506533544	-416.85519574032554	-409.7852360603243	-397.9586318373681	-387.7766462567789	-366.2759617808488	-354.0167774140246	-343.485668033086	-339.46396446360154	-340.35716211661384	-334.928646109802	-364.72689315492477	-454.0305758421829	-326.64930227115826	-1003.2971214197815	-5637.4120504989905	-9346.040291025289
79000	-445.86924562121754	-436.13992798771227	-429.843501833639	-418.45770901009587	-407.63921253792097	-386.512326219924	-375.20398033683387	-366.24093132141405	-362.70919194917764	-360.9169581786778	-360.79257448736684	-400.5040650637191	-498.9988554325499	-347.4219147423156	-1087.1613947724077	-6080.965344156585	-9870.438205277094
79000	-428.7009682767878	-419.846056998593	-412.6533679756495	-400.7124853662908	-390.3634837339953	-369.5861065913832	-357.779739405984	-348.26452838147924	-345.1194173193703	-343.6837488248279	-341.33971084143326	-379.46751936609826	-469.6936506633539	-328.28614499060745	-1033.4469092463628	-6174.181150288006	-9888.267401008692
79000	-431.7253602906542	-423.3714596985549	-415.7972611623898	-403.56791616418184	-394.3792327324991	-372.0996016440131	-361.03347065781986	-351.33788384838266	-347.2640440571028	-346.595007245325	-343.5696112564229	-379.1959056925717	-469.409483011289	-331.8615122638477	-1050.5995179551574	-5898.324646798128	-9748.790534262997
79000	-411.8986001156484	-403.3149177839512	-395.91811508141046	-384.30008301906753	-373.97705936094064	-352.5459538164742	-340.7408209718155	-330.03747463577736	-325.2756068807638	-326.5913575729916	-318.9018198126714	-342.0624913500327	-417.2023886385837	-311.27103378327774	-928.993045973255	-5741.455453253985	-9276.167008887736
79000	-473.84708713786245	-464.8281015762561	-458.17952364994693	-446.16712057209975	-436.60218897979183	-414.3559119787115	-403.8233700404127	-394.71155799889544	-392.24342352299885	-388.75280610610935	-390.8333366007415	-436.5305686344201	-547.0588537278237	-375.39352555296875	-1200.4242465645555	-6293.290987032185	-10044.327639440251
79000	-472.59907295061566	-463.65772480735717	-457.5112322636824	-445.4319998707598	-436.0495215653073	-414.99461876024566	-402.8610658191835	-394.99401519600787	-392.0246243491931	-388.8109945990566	-390.20882361371747	-437.2506134098417	-569.4728429768618	-378.1593544070296	-1210.383243138139	-6317.937138213184	-10112.787733230669
79000	-452.51006083762167	-443.53403496765	-436.5094199905621	-424.0847045505054	-415.25748537099946	-393.88136025034646	-382.26891863546297	-373.08799462717406	-368.8863488918492	-367.6231691660782	-366.6793481242143	-409.2846775314343	-520.0099337942638	-355.32486049709496	-1125.9221440760957	-6241.4558755477665	-9962.28235671832
79000	-436.8718060810778	-428.2994273289051	-421.42257136931386	-409.6896380980038	-399.65172516394523	-378.61196316123153	-366.18054932473507	-356.35190945259546	-352.42239239532785	-352.0817313114524	-348.3105100580398	-381.9331706733856	-470.6450290199344	-337.04356151399594	-1039.2908635795775	-6063.914383958006	-9858.129698253833
79000	-462.5070465590884	-453.91619082142404	-446.3805892737526	-435.00817279252203	-425.58951979673543	-404.0939043220105	-391.98015498079707	-382.33770178623763	-377.3894006110564	-378.88762630618766	-373.93128507839526	-410.23355393513884	-512.6876811914025	-361.6794433500667	-1144.8855479763336	-5824.895136845595	-9603.881125470205
79000	-443.9705471831091	-434.8049752800216	-428.05262620417597	-416.13731047493707	-406.4195341252618	-384.66722725127744	-373.4689065394491	-364.06473479076766	-360.687110981905	-359.05179500580624	-358.13473274421574	-397.6328805053424	-509.06158704751005	-348.89057882194874	-1082.4550161842378	-6018.450138373496	-9781.749560088947
79000	-466.6343109359365	-458.12987651745044	-451.54990245708035	-439.1220548123554	-429.870739457285	-407.8703746049898	-397.32111023623014	-387.28064591209636	-384.5089230758594	-381.88978124708854	-381.90011627109243	-424.4928124750175	-526.6642404267282	-365.9937494208346	-1195.5664550241142	-6444.828744318008	-10302.953408508454
79000	-432.9375368790218	-425.16060930860607	-417.68577810342634	-405.187120336711	-395.900431914052	-374.26576797848776	-362.43161136294276	-352.6868535046933	-348.4866628925695	-348.35418542937435	-345.4552515368144	-381.9240558842472	-474.02106438961874	-333.5050240148097	-1054.0235073944557	-6120.175058101713	-9938.86649342277
79000	-410.61245324386533	-403.02114835710114	-395.97973781280444	-383.78984982058046	-373.8053648421567	-351.54527072320144	-339.32262110075857	-328.80512005615054	-324.63191411008165	-326.14698347916277	-317.3549320627833	-342.72967975478247	-421.91642570132575	-312.6794438990732	-906.0483611344171	-5645.110854730405	-9338.727356450447
79000	-422.1641443125319	-414.51575204475495	-407.32294238425385	-394.52123045054054	-385.1771740082531	-363.6771358973557	-352.3820564566229	-341.79497888774745	-337.8109114262607	-337.28447827529936	-333.0915140874311	-365.5544251214285	-462.2978329938289	-326.1470543732049	-1002.6318430840449	-5958.926075494174	-9707.894081416101
79000	-450.3582355126852	-441.7963277312025	-435.22092473619006	-423.8436608857754	-413.1127350064873	-391.0330350650849	-380.09702799867983	-370.0861016113618	-366.3912843059575	-365.90437202948357	-362.4959362724489	-400.6762710714405	-500.0550653108598	-350.4569862696669	-1119.5138235458105	-6013.298172238771	-9742.41257069141
79000	-443.25673534564993	-435.46914917097814	-427.96952297046545	-416.17431652491985	-406.2223014666548	-385.13103564831704	-372.84659547500104	-363.2027077368745	-359.81039474910517	-358.9130726182857	-355.8109494272751	-395.4796190248092	-489.76772514804526	-345.6745708965195	-1080.3574999981306	-6120.108798108962	-9789.82660247597
79000	-446.9546456456621	-438.7870545396474	-431.7274396052416	-419.43776861779634	-409.57376201935364	-388.9516398320767	-376.6565593809601	-366.8994739042894	-364.0628540012604	-362.61369908914867	-360.4239578429615	-400.3967214857345	-508.4711312236938	-348.5383905142483	-1098.6798306150358	-6190.686095750516	-9986.51678278118
79000	-468.72032707179966	-459.613966660083	-453.2581188525972	-440.9901069870334	-432.52500297754824	-409.6743541324079	-399.1853387529201	-390.3212433204229	-388.32680933442504	-384.3571726165177	-388.8942903760165	-442.9754813160395	-568.624598164249	-373.41222461317665	-1218.6580144396971	-6525.1140009101355	-10529.11949028412
79000	-453.639581650302	-444.872764292274	-437.06320423502444	-425.6934357257661	-415.6702267202002	-394.81087596219965	-382.6289071626341	-373.18087105496437	-369.51136934448	-369.2268030325057	-365.33531636236415	-400.53275228307547	-499.5381724784741	-353.9914387178065	-1105.087303580742	-5732.540085514147	-9427.873620726103
79000	-430.88077706827755	-422.57811245869516	-414.8662254834473	-402.62839222146135	-393.037251426603	-371.1123739621202	-360.0925729798841	-349.28972542082425	-344.2683194467955	-346.51510288421997	-338.53852433120807	-366.7762269007935	-453.51633365178674	-332.11643573541875	-994.0800027932222	-5770.3488049101725	-9354.581892732642
79000	-448.9990069371467	-440.7013433174738	-433.4433501387037	-421.7817625633736	-410.903161626719	-390.12453417640137	-378.11511082430115	-367.6952068023412	-362.7170083363111	-364.1578587008714	-357.07347907176114	-386.63684510530004	-475.8100445621161	-348.5131651614286	-1046.33785098512	-5877.226422676722	-9461.80347255326
79000	-468.3462744350955	-460.4051536052794	-453.2923287856667	-441.76096581414436	-431.9551412340186	-409.81162709287617	-398.75815064424125	-389.4970153297172	-387.0790117170411	-384.7475878051994	-386.19920086731906	-433.6996960087168	-537.2828912592614	-370.62351096630493	-1174.252452540827	-6431.902791052551	-10250.127333577015
79000	-405.4937289490671	-397.3112548445268	-390.24049502918905	-377.69319706874705	-368.1474288212191	-346.5945259392405	-334.374939819528	-324.18632545726587	-320.18910939573175	-320.7428599529175	-315.6345000507043	-346.31308756515875	-440.57899396404133	-308.4684067540387	-945.0821945303305	-5844.141701636836	-9629.641471508043
79000	-469.3852850882036	-461.00588197682373	-453.63441434626094	-442.78801149869184	-433.1609144464166	-411.1215333463778	-400.2072167432791	-391.37981396944764	-387.5015269613455	-385.72136155968656	-385.65715166201596	-431.81358421435834	-542.8138410453869	-371.35390475071017	-1209.6273571739948	-6252.379521817186	-10056.566592400144
79000	-428.7985398326687	-420.9751337750253	-413.48480284050976	-400.6401108865515	-391.2437610115826	-369.78908565769143	-357.61128738237454	-347.31955213285124	-342.17692034281845	-344.04609116769745	-338.0104930636717	-365.6775671047487	-463.5091587036438	-331.0334891474011	-993.0784217630742	-5571.075619674225	-9232.973990451457
79000	-440.54667844782097	-432.3395771200723	-424.24638428802683	-413.31417979513026	-403.5781959655616	-381.6001648038516	-370.11273923818453	-359.004993326515	-354.5989872300392	-355.7415938017326	-348.9470273365098	-375.0076197282469	-458.3293428473969	-341.4985257748142	-1049.690881153862	-5776.384706641561	-9290.912484946406
79000	-473.72553950014975	-466.19354896373596	-458.0688172224048	-447.52185968801746	-437.5982504713343	-414.8793635088754	-404.09404282149796	-395.37262277450355	-393.19285900881295	-390.4886186148438	-390.8455617746004	-436.7077143189203	-555.9500301272437	-375.81282455083596	-1221.857129658652	-6114.9698058208005	-9820.541336065198
79000	-437.9138288167298	-429.6517387139525	-422.1529945602363	-410.6160721879138	-400.70865803949295	-379.19637337361075	-367.58529355517874	-357.4810790332682	-353.33702829108415	-353.7355160220425	-348.6034310318282	-380.7815732189443	-483.15267813590253	-341.1596172027475	-1040.9586501798703	-5924.939852477308	-9497.834027744333
79000	-419.2479379001095	-411.2986532486478	-404.0621232361179	-391.5401340256085	-381.9481875725095	-360.2932907298738	-348.65922308089665	-338.14221582441075	-333.87174259330476	-334.634191641246	-328.6782809948806	-359.5147103737404	-442.4474496686252	-320.30903813512606	-964.7074205033252	-6009.274282490208	-9736.899026144632
79000	-418.85880729955676	-410.0034178410339	-403.37269646580745	-390.6736655930737	-380.7888693756277	-359.51372760542495	-348.6617698931729	-338.4351875902031	-334.76978011539717	-334.42332093024146	-330.92714745650295	-366.932672235627	-463.7134948310381	-321.8908081530909	-1020.2581202590769	-5793.360831466186	-9652.220586530973
79000	-428.4708825543394	-420.37372423431043	-412.41076535611654	-400.6881248103507	-391.6338100708397	-369.6951433263404	-358.2698812497815	-347.87287340586346	-344.32404240765965	-343.86526111000546	-340.1650160736029	-376.79003526524883	-480.02599780895736	-330.85201250408096	-1032.787929391035	-5836.053833431123	-9625.699930300252
79000	-450.3478256359676	-440.9812517764207	-434.0187039359989	-422.00082386445183	-412.46084123785346	-391.09973853038326	-379.2566036205159	-369.48805833344744	-365.31690187371237	-365.50366160088123	-360.61549510207084	-395.59166425355	-488.1675770353917	-352.5433256656478	-1094.1439683769281	-5859.431795145404	-9516.750197443123
79000	-447.85260107858204	-439.86356056803857	-432.1942074149103	-420.27701660203377	-410.249920090195	-389.4505714758321	-376.88325965958603	-367.1151333216554	-362.6142100128396	-363.32282431793067	-357.4709977004956	-390.9406165768986	-479.84616862048176	-347.17005135870664	-1076.5971484957163	-6003.289710585983	-9673.254604189768
79000	-414.92054963488255	-406.1779359242636	-398.94400781022665	-387.02074737560724	-377.0710451607023	-356.0769818206322	-344.21769213799644	-333.97597263814356	-330.24658958169044	-330.3177173790905	-326.4841117392665	-362.56854595369816	-452.27594208800707	-319.0174177466731	-976.5011892177519	-5979.686467951727	-9748.078240103909
79000	-421.5292388962587	-413.4044175048875	-405.6892818388687	-393.86276512655354	-383.92020206326987	-361.64790925344136	-350.2091548511787	-339.2240117566942	-334.3849507710796	-336.3022532491462	-326.8939782116806	-349.19068968277935	-424.03293517763484	-320.8475960841347	-978.8210630524884	-5430.564965843121	-9028.97719287796
79000	-454.91199621414853	-445.93974248596743	-440.0266483032639	-427.340656801033	-417.4203559424407	-396.940158255874	-384.7035597468261	-374.6257471355253	-371.48394105582156	-370.71112948323486	-367.0237188495991	-405.1361707334152	-505.8512527727386	-359.1139913642686	-1115.7986130487452	-5915.337368559641	-9594.536787890303
79000	-441.08704442543524	-431.6977314897324	-424.7277971739939	-412.15346302513774	-402.954468529446	-381.7823128182909	-369.8047938769117	-361.61284395405096	-357.629607472398	-356.11633244079144	-354.9758059479746	-395.9525625522077	-499.9322301427564	-343.481799300356	-1065.8344583354897	-5937.59578265327	-9793.583686023265
79000	-463.2598120900072	-455.81144724530344	-448.38941799559456	-436.0790627704338	-426.7885234343995	-404.669635521842	-393.58923004755627	-384.56617515582906	-381.4596459315392	-378.7459879329087	-379.1559771937139	-424.6285895167626	-535.8116039960854	-365.2250495068546	-1171.4492429414986	-6386.654665315954	-10311.049132579641
79000	-441.402232720335	-432.64748805184985	-425.19788239233316	-413.2399534599757	-403.4206616253879	-381.5495753421616	-370.2797271969157	-360.16671733221415	-355.2515901145664	-355.6185044254391	-349.8329994722059	-380.96464085935474	-464.5388543186723	-340.2012584063517	-1083.3234573746456	-5881.261829333065	-9583.14527943335
79000	-414.73915227847425	-406.1793788747981	-399.4528625065712	-387.18225378243653	-377.2557697934796	-355.75229120469334	-343.7116568418615	-333.8374003596296	-329.91076027067584	-329.87850134733736	-325.23277226843703	-357.7223128542639	-445.13932248608916	-315.2803249625006	-1004.0171182943907	-5922.672265719796	-9672.534297227963
79000	-414.0638795401546	-404.9510324962577	-398.2975066809367	-386.354310695079	-376.55298565158967	-354.8214952980228	-342.88492871937603	-333.28155012233225	-329.658950102971	-328.3823909907353	-327.4594845357917	-365.83537041388814	-460.5975361021854	-315.2358069994751	-980.6014422998973	-6127.381252487282	-10006.899286927995
79000	-476.7669034811342	-468.87855019861644	-460.78697239829165	-449.460489573152	-440.38034508643403	-418.49075711432715	-406.95710247672264	-397.661422121827	-395.4369544919337	-392.8828483937109	-391.3639445432929	-434.3309237586287	-543.4458653334545	-379.0083158501831	-1194.8414575004138	-6208.772368552854	-9952.569130187621
79000	-432.7962666923069	-423.98653509745077	-416.3758582161957	-404.76364176251604	-395.93927411180596	-373.2675772472302	-361.5949113077646	-352.6924557078227	-349.36619552075865	-346.99800248012826	-347.0071168441227	-389.82191120096456	-485.62718044199636	-332.2621677105428	-1086.9913900996796	-6182.675280002677	-10077.05423706926
79000	-417.41998999652407	-408.6964127455283	-402.2066989950753	-389.7977131770365	-380.4250149848502	-358.5210216894458	-346.88301067081244	-336.5340158507217	-332.71338841689413	-332.7901314752883	-327.4963605094244	-362.02063483783326	-450.6019335590928	-319.0586073989886	-968.080013876047	-5856.532626003999	-9598.1249134649
79000	-466.79360528958347	-458.26939419106424	-450.56062250591884	-439.17105486779485	-429.367559009513	-408.2134111188622	-397.0340431738785	-387.9789280218328	-383.1721157643192	-382.7224611404433	-381.8114320906023	-423.04735517992003	-545.5563036840767	-371.7462685709785	-1117.9790433008434	-6009.523481579866	-9620.19177128025
79000	-452.65462534105905	-443.4550608914307	-436.3689630073607	-424.7155891106904	-415.4294591150937	-393.80839086571353	-382.6612903248775	-373.7817539428322	-371.3921402398332	-368.01852773497683	-368.6437155021637	-416.40328921078213	-527.9631397054906	-355.70111673286925	-1140.3208195443149	-6363.3023730450395	-10156.071575074675
79000	-399.0438581538534	-390.2009371825291	-383.62178720060507	-371.71910199981437	-361.3249429562082	-339.83893654091173	-328.24814535045226	-317.4612648419906	-313.4114379043539	-313.6480690638126	-307.4887000037825	-336.0421637147819	-412.66763230663577	-299.8675515221189	-902.7766424043949	-5772.023060163411	-9477.246240385593
79000	-426.56973489866283	-418.67458571363136	-411.1337416366219	-398.41437351777483	-389.12853881059823	-368.06500663464163	-355.45685502079886	-345.51312432410657	-341.1523137788606	-342.6123696200886	-336.9641549035872	-365.8040978725874	-457.8837443112131	-330.0491114857763	-970.3573017986988	-5865.597447782975	-9505.59787814904
79000	-433.3568791834723	-424.98547498390303	-417.6162981921713	-405.6702069922767	-395.73064740597135	-374.18058175639607	-362.7621704740968	-352.0327337754415	-349.3955133129784	-348.3231778111542	-344.8976713427883	-379.5501347921841	-471.19201566347874	-334.61250506281385	-1024.7934709179224	-5768.880559440629	-9496.76420123098
79000	-431.49153415064944	-422.7643201650423	-415.50304872719795	-403.02914597119116	-394.23192883349844	-372.55422479677617	-360.4914013762211	-350.3909113582127	-346.18298409178675	-346.4032800910226	-340.9490664138261	-372.0351305846724	-466.1881865394735	-333.25785716396734	-1017.1600202962524	-5624.441836254118	-9324.371440340603
79000	-460.3686744616842	-452.15800829368214	-444.3045490171132	-432.9995084397325	-422.9889200963303	-401.7009154318067	-390.1941423827381	-380.5942158828841	-377.93004563773394	-375.7998236032466	-374.71246386256365	-414.6206031132873	-527.2799837298621	-364.1244568633488	-1138.9350420052542	-5869.722605224587	-9756.782364766268
79000	-434.99416074272204	-426.9368693078049	-419.18502365967714	-407.32665871576637	-397.6378615170995	-376.10212445499667	-364.48572187656487	-354.1392239067154	-350.1109929506712	-350.2417028476688	-345.7328710015975	-379.20349693614236	-467.10606123434894	-334.66166394395225	-1044.4561738267234	-6089.691888141146	-9845.953961580064
79000	-422.85944219060246	-414.566337541436	-406.6304039540558	-394.94209418771766	-385.49167759657104	-363.7335316887322	-352.08305410557966	-340.9365817547395	-337.1136624109962	-337.6856782781272	-332.16649618452516	-362.19891691101856	-447.3455182524168	-323.26241007875893	-999.2497303379527	-5843.745437623871	-9564.680523856703
79000	-466.78671898682813	-457.8483329519589	-450.52374130786865	-438.67354942862585	-429.45430254554907	-407.54926944049873	-395.6835372512941	-386.0879214344817	-383.3609224024321	-381.95949799394566	-378.0996843811013	-414.9277837021383	-520.0315942962333	-369.5525581658433	-1126.0167762989558	-5843.402987400467	-9431.744749231382
79000	-437.3281529532478	-429.3804688181065	-422.1457514144715	-409.9828431244765	-400.5832659875796	-378.96975542931534	-367.39403227605334	-357.16369873934923	-351.59129773759236	-353.00033879105666	-347.37123872464485	-379.8292823020611	-468.575489079837	-338.38458651094606	-1042.9521437747603	-5760.028453857263	-9461.793689860355
79000	-453.8019106206004	-445.5001440093291	-438.28180847950574	-426.0587805422331	-416.48291555575696	-394.71795410267833	-384.60758833207564	-375.3730169418251	-372.1208234273511	-369.38393569230806	-370.68017045347153	-416.97512721902666	-532.3713065903524	-357.68420020828876	-1144.4872200001944	-6503.044521652191	-10369.588997328829
79000	-467.560799582386	-458.81584245476023	-451.5976718800894	-439.6652073273093	-429.84696337419723	-408.95492752937787	-397.3881203569814	-388.1324552825971	-383.2380076428812	-382.8136373746089	-381.0337906892543	-419.18334125983074	-520.0146786059178	-367.53244701576654	-1150.1726057779447	-6178.5907447501595	-9828.730227639126
79000	-446.74667604513326	-438.3311178340508	-431.32403800125616	-419.0224741621099	-409.60652092721926	-388.29737576015856	-376.3747229014463	-365.4551038813211	-362.4247601471265	-361.7244405954634	-357.6285041435655	-391.84201522298525	-483.5941009786462	-347.2095081898521	-1054.8610733194269	-6052.646178004869	-9758.949684190384
79000	-419.5667671744166	-411.55732471213526	-404.0698268661113	-392.2571542089461	-382.27144803251053	-360.66010963729656	-349.3444122355587	-340.5330995314318	-337.3055462979882	-335.23262438687584	-335.3309227379324	-380.3864990408674	-483.3039796864094	-321.21221157451396	-1043.5542957252474	-6154.385043832213	-10112.457509867048
79000	-420.744819702568	-412.556384248363	-404.82066294588145	-393.0254455072784	-382.96106186167805	-361.2913703869098	-349.22134588888537	-339.44344857505865	-335.59635388550026	-335.5316008197729	-331.8150581695281	-364.79980528088225	-448.6597881560201	-321.12027194114944	-991.9847727015315	-6103.640517121957	-9843.697546048477
79000	-439.30823358131937	-431.17102457644177	-424.2288987220957	-411.8665476891414	-402.5331823482422	-380.7347070722547	-368.93676864467653	-359.5228897776782	-354.99330278009063	-354.9808491351263	-352.03585887212193	-389.93657518412164	-484.98699758949806	-340.7857472284633	-1087.2736468622882	-6159.956629495084	-9923.157741444005
79000	-416.2858537191609	-407.99286017588594	-401.01744900644945	-389.22086347049094	-378.97974551970276	-357.4616381812832	-345.60769738819664	-336.47717501365594	-332.9421300371061	-331.5846878692681	-328.91740524665937	-365.90407532983346	-457.13191682434393	-317.83923604695167	-993.5917886713656	-5875.890177971052	-9850.94610752466
79000	-456.85280111197073	-447.7377226661349	-440.74897914791694	-429.12414179628377	-419.60106943530946	-397.85083679239693	-385.6129043328919	-376.4909594586063	-373.6598332104822	-372.6035547891947	-369.78195067862305	-408.81423978476613	-510.2623319772501	-359.1352126221266	-1095.7664875288278	-5888.469821813719	-9661.13308522009
79000	-438.1162612088951	-429.6559825118467	-422.30676729217413	-409.89031318533	-400.7268195162603	-378.9588916371539	-367.56978300500845	-357.89472431017435	-355.23466540706875	-353.22692281485405	-351.51887694621786	-391.5033398321248	-491.8584941549825	-339.2754986460329	-1113.472068474902	-6039.323468889194	-9940.16219965511
79000	-434.4442293464823	-426.2858610685599	-418.2569109509431	-406.90258597675904	-397.356223294565	-375.4918036604278	-363.1849831872035	-352.7004091834603	-349.0282507192259	-349.1709267024045	-344.76412453732496	-377.46185799109827	-460.39164600440466	-333.49944563258674	-1029.2188750937896	-6183.426216024068	-10032.91559331965
79000	-480.0167197484778	-471.05740658747266	-463.98868591557317	-451.9187858366911	-442.29853219794325	-420.46058806307235	-409.656047313258	-400.21373252017156	-396.6411062934473	-394.8023779527262	-392.8884426245023	-435.0460938076077	-543.1637259734254	-380.42907325254424	-1199.7497854184553	-6226.389474340352	-9991.635934601009
79000	-448.87573987305296	-440.30989389302795	-432.83455058452176	-421.687198979869	-411.495674927951	-390.2808117771147	-378.25413141026866	-367.9052099203887	-363.7582026794037	-364.44166039010645	-358.5157308861999	-391.4148087191216	-489.2736674612044	-352.2393373036884	-1071.8598405959722	-5794.247662585524	-9364.169759596623
79000	-426.28405204737237	-418.3509272054058	-411.3881277839135	-399.4718321553278	-389.08992467579515	-367.42708444171956	-355.8040558318154	-345.5425919168966	-341.5940033823868	-342.13278162115387	-335.32670224041425	-363.37006564572965	-456.3622971107851	-328.0870477526723	-962.6844311806113	-5720.70201474444	-9215.466571615876
79000	-444.3374946694173	-434.9342394506129	-428.2618633255376	-415.865295524085	-407.0663993717773	-385.1154198798553	-373.3267529217145	-362.879005776317	-359.35260954609936	-359.70651124767653	-355.50013362462863	-390.45624100491045	-480.3769076746844	-343.99748168878483	-1058.4046378716284	-5883.268634340036	-9709.047547572445
79000	-441.46488668187015	-432.90919162320523	-426.37619930161935	-413.3687624399587	-404.3619198976433	-382.6467202581146	-372.00597650417467	-361.218890403678	-357.76714095338383	-357.3661481519591	-354.88078018347886	-392.1785943949589	-489.2127036606245	-343.3943882335237	-1096.3726911088984	-6034.5033929986375	-9684.500931439545
79000	-382.3656823254745	-373.5347155908735	-366.98419764567797	-354.38122319365937	-344.5184504724173	-322.64747486288275	-311.0815635784917	-299.95204937640756	-296.12467685036216	-296.6292711044477	-290.8447529909418	-318.2630719580573	-393.57744738755827	-282.6254503981247	-847.2395516394902	-5921.741610269104	-9663.195902667925
79000	-443.37584641841346	-435.08814440441006	-428.2860703587673	-416.11255322777436	-406.1888997031634	-385.2822233676637	-373.6086455718702	-363.9658479784665	-360.7208908488367	-358.9110754682497	-358.7992052254679	-399.96161506534986	-500.1401079255204	-343.8734566623441	-1139.017941206624	-6114.466192690475	-10039.056572774367
79000	-519.848271026539	-511.6417210947437	-504.2604466328417	-493.29516156413524	-482.68140919939697	-462.60835854100975	-451.9048486006008	-441.94726832827604	-438.3264757258424	-436.6679569919952	-436.69005093943315	-486.95921601979416	-629.7924201008955	-424.70683634303225	-1351.6088009172877	-6311.63975666704	-9904.10061641219
79000	-442.66470796441996	-434.3259368516947	-426.94557597483714	-415.24184279605174	-405.2024938633063	-383.8306078292562	-371.56696346884934	-361.95728640196575	-358.2835189076973	-357.7349116079816	-352.964838288527	-387.1328449719146	-477.6695683930198	-343.0552347348884	-1054.1558268321094	-5921.895388455244	-9675.821383381217
79000	-425.93862512984606	-417.7594532508177	-410.26125481827097	-398.1567995300218	-388.7472537988185	-367.1134790955651	-355.87228602839156	-346.15616330789663	-343.32877392221985	-341.2244428389657	-338.84105696747713	-376.6748678404944	-475.6762932766279	-327.600035887885	-1065.0551084303663	-6000.273860339419	-9706.793400719525
79000	-400.4630897926745	-392.65768442294535	-384.618602928699	-373.04492556885225	-363.2895380506055	-341.16438563343456	-328.98649996962536	-318.46416234388005	-314.7825608961098	-315.4494260622868	-310.08979774770535	-339.60419682970246	-423.86334616220273	-300.1703171737033	-935.6452399750685	-5996.773887955039	-9796.308187382265
79000	-425.8289226174092	-417.090767243052	-410.25978536514396	-398.35545596844327	-388.3924671572775	-367.31543750795134	-354.87093221873926	-344.74724636274175	-341.3630352979221	-341.04081110500454	-336.1442037612894	-367.6804469982747	-462.8461382158038	-327.2755290008296	-994.451534239516	-5875.731999287285	-9612.33796717626
79000	-398.37563328331834	-389.7097383571471	-382.1821397416001	-370.2174677495052	-360.32095433698527	-339.3036208092427	-326.46555215012586	-314.95865797870687	-309.7172686988807	-312.1951310871944	-301.900590498145	-320.43370526203216	-385.5350080361864	-297.99834504892476	-874.03878189822	-5471.974177069731	-9060.242747262779
79000	-414.0194245911561	-405.82074721502175	-398.26800612293897	-386.4956303263399	-376.59210235931937	-354.8915413230391	-343.6970585365081	-333.69922366602964	-329.23926439191854	-329.09291179537456	-325.70481339252416	-359.56460858003226	-455.3304732454811	-315.0706940897225	-978.9468269774444	-5860.294543968141	-9781.173701732869
79000	-421.2016785639856	-413.6289266743977	-406.43128692441536	-394.55462999719657	-384.16800129571527	-362.7468186482842	-350.87657588713944	-339.8880814739616	-335.56491511967823	-336.9398550155989	-330.06385832819893	-358.43513288741127	-447.7177696444158	-322.22033395989024	-988.6774943681585	-5636.351586110555	-9268.079519999124
79000	-454.7100796024928	-446.29951570327523	-439.3616433623154	-426.77815468252425	-417.2249028371368	-396.0540762185425	-383.9763535830149	-374.48098855566866	-370.70184952581025	-369.84382298967324	-365.3251110608757	-400.0395569370199	-500.80959591861046	-355.3495047530641	-1107.0347436119273	-5975.007725738418	-9570.90164513507
79000	-424.7080259597796	-416.34338458090053	-409.37994972965026	-396.9438125016578	-387.84564287718047	-365.8939359319464	-353.7084427169962	-343.64438614997994	-339.3582813904062	-339.08926317371464	-334.70061170160034	-368.1756042669055	-453.67768624880983	-324.32859235137204	-1009.1771259405531	-5899.82981030984	-9762.75725129108
79000	-401.7481412973743	-393.1889358687179	-385.67558214490344	-373.7034929476347	-364.0579710945286	-343.2376867978023	-329.88141836485056	-319.5857896274082	-316.0108408753619	-316.4667767564275	-309.855055435231	-337.84560845387927	-421.53137519619327	-304.2891924088485	-923.5948003694937	-5746.172961851676	-9522.068682206902
79000	-422.2725717510692	-413.8325624205073	-406.6259097187331	-394.39577764728426	-384.98375703994583	-363.6516935491135	-352.0275082654728	-341.90685012055695	-338.76990941329336	-337.4946112279547	-336.22236895189036	-375.35056871404214	-476.5892402284914	-324.5455203147142	-1021.3300460993548	-6313.106725045669	-10162.28492633803
79000	-377.4993544620762	-368.98602888161236	-361.54898176867613	-349.2733767560645	-339.15220916286825	-318.0145510626181	-305.2253040655636	-294.3753052779011	-289.6469123092647	-291.8276312756021	-283.8253869634494	-306.8528434611139	-381.8884329989481	-277.0055923604649	-844.540506075464	-5676.431458883235	-9463.691109394473
79000	-431.75024110743595	-422.97880581685513	-416.56910565070115	-404.72212369671456	-395.69939344107615	-373.7843701026242	-361.3270517984585	-352.1715350641489	-348.9182359154107	-347.83672361961396	-344.17470155372956	-386.4535598773044	-482.66997470352146	-333.413785733806	-1098.2902996425353	-5972.0419506672315	-9787.318867390812
79000	-394.4219050658347	-385.56310298477626	-378.39037205739413	-365.87858359696486	-356.0055071578345	-334.76785053801495	-322.00303926281	-311.74934981068645	-306.9803617697995	-308.8252012027478	-301.78381029522654	-326.34826342078463	-397.493858850953	-296.14856299425446	-877.9211857543507	-5627.416495242704	-9330.529602291308
79000	-441.78378511603944	-433.9042127633432	-426.7244961485282	-415.47882897225816	-404.2494929873207	-383.407840099015	-371.39015262237507	-362.48924016070083	-360.2412775156894	-358.5460523491271	-357.46805272995675	-399.2226712192571	-513.9542423412944	-345.5132265169705	-1093.534082944255	-6091.405216468689	-9857.817309665194
79000	-424.0503321253966	-415.45984129196194	-407.85692695529673	-397.16343571821915	-387.0728878129131	-364.05114616860396	-352.89430104240273	-344.1961952540434	-341.4306163971284	-339.1060131333639	-338.58741745387283	-381.18269232846717	-475.8727887300337	-325.2888416404746	-1043.428764969044	-6241.493613194477	-10230.695948639619
79000	-428.7151503979864	-420.14662627716035	-412.92409575668745	-400.23715332706104	-390.94813818154574	-370.034484584384	-357.7308932726729	-346.24810851327885	-341.99952303479074	-344.19474445454006	-335.6018183083276	-362.9146514665364	-446.21370279398235	-330.6081294806935	-958.1577025627975	-5644.917633447551	-9224.822485161725
79000	-444.3426341868952	-435.0536643282605	-428.1072627149046	-416.58016675942383	-407.1786720155263	-384.74936699029615	-373.7360757769274	-366.0924386889832	-361.9565413206648	-359.1474205795445	-361.31166943175276	-409.0782137936591	-522.2242063707482	-346.12487159596026	-1114.1820957487116	-6431.418706006716	-10362.554552313868
79000	-445.62156358132296	-437.4575059784543	-430.4961206121573	-418.2860008670035	-408.8292333238193	-386.6120943333289	-375.37650041668144	-366.4766051133794	-363.58685256018236	-361.62585838982875	-360.8376599077885	-401.3786698492818	-510.7199171383333	-348.6517053692948	-1100.8855521865828	-6124.430465472633	-9994.09514372947
79000	-420.1047974212591	-411.96747361070214	-405.3596081183866	-393.3547525538777	-383.81734088409166	-362.49526679956034	-350.4259477348653	-339.70489984098475	-335.3999284152127	-335.78105022413894	-331.91919010191344	-364.8413475655874	-461.04162431883066	-324.1690180648474	-985.8994085542749	-5844.935384757702	-9506.677542737149
79000	-448.3757255661545	-439.25897083843455	-432.11089066966196	-419.61603833366166	-410.2704441064874	-389.8848318075653	-377.2431154218826	-365.46633393085136	-362.10453964468684	-363.00067143783696	-356.3963271310853	-384.0138410355427	-471.769733043393	-349.3523774721102	-1058.078648381043	-5642.32883817116	-9133.523209096493
79000	-448.4232225505686	-439.76135036993935	-432.64352257197316	-420.4827783737668	-410.3415197209572	-389.89295236690674	-378.48258435899265	-369.8910546810407	-366.599578570149	-363.88701790759694	-365.6875994752214	-412.39286750088655	-534.9379371555552	-354.4042270340281	-1093.5391809017951	-6346.832263766813	-10159.096017892383
79000	-436.98898632342997	-428.62258064690917	-420.93554874047635	-409.51463487098965	-399.1386085621001	-378.7753875777465	-366.5882957561901	-356.4506119015725	-352.2063459485306	-352.7825809373792	-347.0209582327132	-378.50796638047746	-477.0520706792029	-340.2044106558754	-1044.0420485487468	-5749.77444020855	-9413.663504262437
79000	-470.88812382118823	-462.65046603809594	-455.88040584867434	-444.02675796982703	-434.484350876208	-412.7008988902023	-402.53852536263355	-393.4230451281025	-391.3210539389046	-386.56998183367057	-390.23442084988557	-442.13579982575317	-565.7242777083381	-376.9432027129424	-1182.992865644092	-6449.878831481928	-10237.392770586765
79000	-424.95290825080093	-416.2780185266909	-409.2078970961572	-396.8452100838658	-387.70625726531796	-366.11585638792656	-353.60429506417694	-343.3625365476666	-340.02310671208267	-339.4893234709028	-335.0654308378235	-368.4533442987616	-454.3611766757216	-325.5571736173518	-982.3694549683281	-6017.455349419172	-9783.31549991408
79000	-440.20283639356234	-432.1529005387647	-424.5491429480193	-412.88190851947263	-403.554805221032	-381.77384238397724	-369.16877375236567	-359.02599963200515	-354.71746867079804	-355.13786723249524	-349.7273069387473	-379.31188654613675	-467.1778814150335	-340.4165990247668	-1042.9031244058328	-5943.112533946402	-9594.437828601001
79000	-426.2881690904727	-418.31220907364843	-410.70942739537105	-398.5275416117727	-388.62134355633395	-367.47287521612867	-355.97885773839687	-346.72047652090197	-343.44499246784056	-341.4907769482856	-340.5743650377602	-382.8825652654415	-484.76118394698335	-327.24248447126587	-1062.1495836789177	-6371.7275226073225	-10200.049204001285
79000	-405.555769634725	-397.2456663841898	-389.4413714410369	-377.69440755051164	-368.16723331198955	-346.77274253949207	-335.0057832984316	-324.88101651664186	-321.5701943987895	-320.8611241265509	-317.7550137916824	-353.9447077132152	-450.96620052676974	-309.40252937688206	-949.5555728580132	-5919.275626666668	-9847.07162222365
79000	-440.06596348792584	-431.81435535314733	-423.92091262292155	-412.27587127796517	-402.24268100795564	-381.5603687663169	-369.3014237498444	-359.5436463647725	-356.6120597117344	-354.960667949397	-354.0088849596108	-394.4624379038488	-490.37726758219225	-340.46500185784896	-1100.5941940344605	-6034.461610535227	-9929.464672326043
79000	-431.58711087760264	-423.9237060106594	-416.7058658701148	-405.0972844944987	-394.89196786283753	-373.74807974346623	-361.4089652955179	-351.58176064500026	-347.5277366362707	-348.0298099795379	-342.86138244851605	-376.57997302123954	-482.25714963617185	-336.77285146779303	-978.8733927980895	-5821.831385835932	-9571.365865721611
79000	-455.2989904280018	-446.69821474360185	-440.16886223965804	-427.4763629899903	-417.3056142905641	-396.9968743743792	-385.27270240283985	-375.9823952319175	-371.7200600689101	-371.3351166870822	-369.8704779792339	-408.9106667689278	-513.9122372326199	-359.0267366174826	-1108.0687958331134	-6107.117979741892	-9801.447334911152
79000	-398.20035781708356	-389.4255737232927	-382.8733029092778	-370.2552416546325	-360.1841901813493	-338.98756801038644	-326.5758773239224	-316.73165652222957	-313.03813772913344	-312.46671452255447	-309.0300706288936	-341.4430638479538	-421.65447653041224	-297.2147712936784	-945.7197326330269	-6023.351941428477	-9810.303751247178
79000	-436.57692680597705	-428.52075484622804	-421.38500990994277	-409.93807549668486	-399.4859627245729	-377.9965475542805	-366.243282415307	-356.5498211940625	-354.1034795320341	-352.1880748518807	-349.7876337467545	-389.083129389692	-484.70491443421133	-337.0981770612138	-1083.5809723055684	-6307.915083162927	-10061.953123121724
79000	-412.21561204426376	-403.47247297069504	-395.56632221594595	-383.6230774887156	-374.3827670569839	-352.5034067745038	-340.6033914662381	-330.68730280831346	-326.4236279997189	-326.61943765590104	-321.03310884957824	-351.7918751039226	-434.62693044769685	-312.5515587141909	-960.5435770233618	-5814.130199393397	-9561.301203474337
79000	-437.1761334696358	-428.06674725592967	-421.5655972893923	-409.7359266982611	-400.10344472803075	-378.6312298637836	-366.30069712332266	-357.43415914529885	-352.89417057557995	-352.7546680716476	-350.39721805012533	-387.84218622945383	-491.7271134194104	-339.9846061685304	-1068.9628974079703	-5979.600737224029	-9718.887807842446
79000	-419.3493308145211	-410.57527078786654	-403.7023969612848	-392.2049945658355	-382.08124016395516	-360.8682555448083	-348.4148512210175	-337.79271284851575	-333.0087129554724	-334.48398819943446	-328.04831521137277	-355.58711187878936	-437.3734947948187	-319.88885602632945	-981.8331946692086	-5710.609477334109	-9442.289276504951
79000	-459.61545086064984	-451.25707244645093	-444.310185821252	-432.0567835276545	-422.09091154954194	-400.50516690825526	-388.94130263554877	-379.365095553525	-377.2673154399394	-375.1823893853692	-372.28003756339893	-410.4362238518697	-519.8311725892153	-362.4627222098027	-1121.7190509157324	-6118.887031796816	-9816.391627581355
79000	-429.4224796756517	-421.4656359505318	-413.42973390903074	-402.0699762163284	-391.6792883427562	-370.7664213137202	-358.5700521990841	-348.3882343954766	-344.55005746027734	-344.6060559406866	-340.04312026330837	-373.3263006044372	-474.77218226436963	-332.0287994021233	-1024.467028824265	-5829.530503543112	-9472.7469225902
79000	-469.43216638564076	-461.0594813866032	-453.8228362717127	-441.3029326524346	-431.8802966153493	-410.95412138849764	-398.3289909822465	-388.5470662211141	-385.05411057248307	-384.3473893125524	-381.8282308102998	-420.6013718476521	-519.7841869949641	-368.8541279894957	-1174.6690250433583	-6080.471374252643	-9759.85431510501
79000	-431.7247945991597	-424.20049893234705	-416.13382632742054	-404.5627164575343	-394.0862127649396	-372.3693296512408	-361.30543790997757	-350.19137509200414	-345.20553671918003	-347.23938230662117	-340.06588368033414	-367.2930782042026	-465.4671223181712	-333.5235509677358	-999.0011003498425	-5567.945431364247	-9125.472317016403
79000	-455.52612106675485	-446.651768624222	-439.7195650870653	-427.46143403875567	-417.8484549764581	-396.71190466939555	-385.6560862375691	-375.5964099357647	-371.75922925908986	-372.0443835035508	-366.14156846050446	-404.40616021290504	-512.7481171114516	-360.35383166775586	-1092.031804546146	-5799.21229470686	-9464.24479584533
79000	-450.9038632939144	-442.4327271857181	-434.8834512343506	-423.24349516074665	-413.71934177556136	-391.23230479501126	-379.9166670499503	-369.57942375353997	-366.3931671160851	-366.6151331224428	-361.7754493935723	-396.74523215736036	-499.3817610304638	-353.3842637599371	-1067.26890128157	-5902.233082442702	-9594.791184664597
79000	-487.71800394988884	-479.21852017046507	-472.6701456563333	-460.5366554958184	-450.49245258548615	-430.13763986732	-418.02133373266554	-409.6556319948448	-406.210550390591	-403.5242006998813	-404.76749905433167	-450.1959868683226	-572.8869814454853	-390.1478134353424	-1221.304878408132	-6222.665591167042	-9887.50232693563
79000	-402.39885784099783	-393.52543042936526	-386.4936670647374	-374.4969304300357	-364.41249621673103	-342.9391461229849	-330.72263120798266	-319.9768499719331	-315.7508541425639	-317.0913783750409	-310.0652236181593	-336.03632018526486	-416.2020230491305	-302.6827372754544	-935.8987970491984	-5624.406412714419	-9359.231140448097
79000	-425.6724641542854	-416.9015347822476	-409.72773937210235	-397.3874652846341	-387.6449618095517	-366.3601613107862	-353.8357456806682	-343.5325879231308	-339.75929518338006	-340.1116913420505	-334.337621387862	-362.9458606060031	-446.7982539049773	-326.09660214472456	-996.6577221781071	-5682.936700793346	-9527.25602654542
79000	-394.9935359520849	-386.05682798165697	-378.75423011572053	-366.74406779486014	-357.2841903320654	-335.20580881107384	-323.0859136072007	-312.27334220014563	-309.1912870050343	-309.4773103294125	-304.12578850778965	-334.00288299364246	-416.2552197593416	-295.09613579365646	-909.4481680828839	-5840.866036052341	-9666.294422912137
79000	-446.7022949842646	-438.3712013695547	-430.62784774466405	-419.3657314867056	-409.4495912059857	-387.3483901004996	-375.9735083101427	-368.00820008122435	-364.7414376171528	-362.2215732850783	-361.9330769183187	-405.5002010807297	-517.0503628188644	-348.07343718611196	-1107.7752584448433	-6301.4178821625965	-10256.65026292604
79000	-400.5319422475241	-392.8988744695305	-385.6853776253693	-373.0710873861125	-363.48483464883407	-342.1708241223605	-330.07500901938755	-319.99076944614905	-316.09321817790743	-315.76442358658915	-311.3993941155676	-344.69169397964635	-435.8512198896847	-303.2130769018214	-941.1984793104773	-6058.361865911544	-9921.350730491336
79000	-487.6286596918002	-479.5375239552593	-472.6978686519963	-460.1594105390129	-451.30608455484565	-429.3970341909069	-418.73738172264854	-409.4842649542095	-406.89936693966837	-404.27090779025457	-403.7619698832065	-447.84439732983424	-566.3681874036284	-391.4610894892685	-1232.4304807570115	-6155.6125552612875	-9858.564980281331
79000	-436.3080917119763	-427.4969681729751	-420.91985349396083	-408.32184912901255	-399.4570294759654	-377.3489406562877	-366.2232411687316	-357.1982464114463	-353.89110756959354	-351.76649340486125	-351.8693921722485	-395.62444292469854	-505.50380435650857	-337.90971010405514	-1078.8833637888392	-6436.347090879526	-10272.692332935303
79000	-456.24496498595147	-446.54762489701324	-440.2504133825901	-427.9971663078975	-417.93513948143794	-397.42925158276256	-386.1315608452771	-375.19078410352137	-371.5914514046676	-372.28531022995566	-368.7149961806091	-406.80487674793665	-505.1487772543853	-356.38017862370816	-1129.4132319527694	-6072.364869184883	-9710.660042865062
79000	-465.07685106431103	-456.62798650728143	-449.72511775247625	-437.4088226075688	-428.2311693964446	-406.9707080234741	-395.0125109658625	-386.1261495757666	-383.41874270352463	-380.3142673819054	-380.24208880998674	-425.5061190404748	-544.8504299978998	-367.3661662387974	-1157.4863273688295	-6166.668247250313	-9922.073725977649
79000	-403.6191900874444	-394.6460820337516	-387.32806374894625	-375.2514446911224	-365.70974615476825	-344.28181377149355	-332.16795425359504	-321.97742294612385	-318.52631133339213	-318.18253480434566	-313.07045675991725	-345.60553975590096	-430.17825761639403	-305.533835201029	-925.494105736504	-5651.319275124534	-9518.57838520759
79000	-449.5237121567242	-441.890808942947	-433.8067139792378	-421.8813942238437	-411.8874375267288	-391.2084481403178	-378.957445340323	-369.4454662489032	-366.0841476189448	-365.1863650718596	-360.97174141926826	-400.7716036258883	-499.14355063553745	-351.5236725064837	-1086.0991655735363	-5936.0940973990255	-9586.733579555346
79000	-475.46287113855374	-467.1571317409544	-459.8930314975508	-449.05930648862056	-438.3261887853002	-416.8586338341236	-406.0074312753277	-396.20502597280574	-393.51888119678347	-392.1339693826341	-390.7841089805042	-434.61601807328356	-550.0412028224414	-382.83567892290347	-1186.497624579487	-6082.792267515642	-9762.596785653644
79000	-457.4099057718189	-449.3630158143702	-442.1347019051645	-430.45432033533336	-420.38392391338533	-399.4287468109554	-387.31801055282216	-378.2945256819516	-375.07530659002845	-374.3018884162823	-371.9036820481852	-413.8052613728227	-523.3024029819021	-363.0846381337849	-1087.2706288325355	-5914.993385728382	-9625.900135677137
79000	-425.4363221658341	-416.63785039525885	-409.47365805402245	-397.69026125925143	-387.8476134059954	-366.0326548295697	-354.0832971969412	-343.4457502388489	-338.99008826650146	-340.39775948719256	-333.32487739386147	-362.8826625813807	-444.80766529662424	-324.56477381381507	-998.6560770451216	-5780.069688252111	-9560.81205629512
79000	-458.9989762957508	-451.03338382398533	-443.86270782728747	-431.83980991725514	-421.2362911689379	-400.43893884348813	-389.0983447594762	-378.94022816971307	-375.0760937236019	-373.61050323399206	-371.33972989882466	-405.8488123493649	-505.97041418887	-358.38115883715864	-1129.3938248585873	-5958.726386583678	-9649.362926580821
79000	-481.7920460456385	-472.9597075573112	-466.4800589570776	-454.56500674003485	-444.5402459222336	-422.4406132715914	-411.8069614236678	-402.25283407838884	-399.60219063798974	-397.3942549645687	-395.92265765419796	-438.9133980156236	-552.483464102492	-382.7241248172955	-1201.6758737522857	-6408.806657051838	-10168.034854554222
79000	-458.07755339886984	-449.21349443240547	-442.623883639644	-430.53809797345207	-420.85922084774444	-398.5672563172478	-386.57152090407544	-377.6681958258222	-373.7265662370183	-373.1437556951703	-369.5330475833262	-405.0959940075558	-500.9790253840562	-357.7937570705153	-1176.299973468095	-6065.360507447284	-9779.899303264274
79000	-413.60326507189814	-404.74646025216566	-397.91127217814125	-384.9881114484799	-375.97006387579063	-354.30633208946	-342.1142863227151	-332.9644929342717	-329.94560444128615	-328.3667580505659	-326.71383987723436	-366.23160588786675	-457.9640941268513	-313.8340686471287	-1021.5855735212087	-6298.8389321400455	-10228.617569855545
79000	-412.5660912654699	-404.45185880645374	-397.4989093957981	-384.82553834878445	-376.177218876206	-354.4807873165295	-342.9880718049764	-332.4142886508702	-328.76533388413253	-328.1371280393994	-323.94703172695523	-355.56663941951916	-447.83819899771714	-317.05470471336236	-951.9068656024784	-5726.043387093487	-9447.108722273837
79000	-474.6600521731027	-466.83081831880605	-459.62771545826246	-447.3697984294507	-438.30336544643797	-416.3369441575765	-404.7321752467037	-394.9969443659917	-390.78594654437774	-390.93704054915713	-386.71724576563304	-424.3835976992722	-528.5000453458564	-376.96715797535626	-1153.8614572969777	-6142.554266885107	-9784.510311613607
79000	-438.8502194144015	-430.3078869637678	-423.53394906959517	-411.2871296700714	-402.2622356133833	-379.59013907633033	-368.6285498883192	-359.6392231993474	-357.0115506404291	-354.04172419503726	-355.0441913883928	-398.5553256482869	-503.24386653557843	-339.1733471383376	-1127.1930075576024	-6218.216963879193	-10185.326291246607
79000	-438.76254570080806	-429.64883786289977	-422.7264999382216	-410.86190910242806	-401.2724617317045	-379.37017907425667	-368.72864264822596	-358.7922196763363	-354.3503061795169	-353.50872067297524	-351.0569838753648	-387.48026435877944	-486.74503929109363	-340.8547311589643	-1058.7862841313136	-6022.507384119141	-9669.974703638614
79000	-421.90186357118694	-412.4354139645448	-406.0662464637101	-393.48136224489986	-383.7352087006441	-362.711866634689	-350.93160321039727	-340.92545986598503	-336.90278845717984	-336.57445980786207	-331.49566203951014	-363.23315436751545	-461.6499074115243	-325.18905326342025	-984.9197394264407	-5859.575820726494	-9548.323637557434
79000	-463.24618673840155	-453.9422957940197	-447.5310628694194	-435.386552357547	-425.12543571894855	-404.1954369474338	-392.52003362142113	-383.02814396812926	-379.45865805075573	-378.5101748147137	-376.7144318658705	-417.9205436045282	-526.6081421482039	-364.32503894039206	-1150.9281064216664	-6227.486457712781	-9946.761693755667
79000	-423.28083870956624	-414.5110803541213	-407.78857481488916	-395.2617995515011	-386.127699795149	-364.11999587880854	-353.20585210167525	-343.07216789400064	-339.63930836006017	-339.08265350420146	-335.7020871211828	-373.09985252012933	-467.94856164998924	-327.35552734635445	-992.4795690255115	-6053.573014295201	-9842.338973148942
79000	-444.15325461558115	-435.37722342667746	-428.65011315271937	-416.16098018170453	-405.8435040163338	-384.6534672747002	-372.9678231246957	-362.66470381928866	-359.1060437216088	-358.68099818116787	-354.6760768195042	-389.1880780058499	-476.9854120280956	-343.87390699259794	-1026.23939471041	-6221.125058306707	-9814.336433486464
79000	-431.48028186135656	-423.21694429686187	-415.5371919965532	-404.2278811620654	-393.4010999520501	-373.2099784322377	-360.6503366290101	-349.9825820385809	-345.38022223123863	-346.9542731733961	-338.89305449342226	-365.4125165277277	-461.53869359931196	-334.3070942918089	-981.9987503510634	-5718.998753315862	-9348.622225717503
79000	-439.28153085301557	-431.06532300914046	-423.8843146630284	-411.80641329353625	-401.3659220346585	-379.8881873786794	-368.52987778530564	-359.1173984720461	-354.3273509852565	-354.7478175511027	-351.35107123245257	-386.25117532677154	-475.62260473043835	-341.3068330636117	-1029.585645052505	-6025.681167658279	-9836.990088852277
79000	-397.1809839951063	-388.94428185017824	-381.40231066236	-369.7953303819677	-359.70394473904787	-338.27543950644747	-326.0523534511575	-314.42423772202136	-310.94505799931693	-312.4215919622069	-304.1327413359053	-328.82338029952854	-407.9655041173694	-300.6088525567778	-876.7487091774868	-5510.144162664082	-9129.934171313602
79000	-429.46160569909085	-420.5505982263004	-413.0590644417171	-401.73349540735	-391.5915125365079	-370.23966942175684	-358.394959027589	-348.17611918169007	-343.6111240874031	-343.92014839459347	-338.6332930418736	-369.9271040521256	-457.3533509539554	-328.5223696717284	-1016.8566087488836	-5991.631237856052	-9797.732564080601
79000	-466.23807392485327	-456.71714169550506	-449.9671766302217	-438.66154308778914	-429.3588017427324	-407.7632553040228	-396.41822618376153	-388.18732374926697	-385.4963943181943	-381.919184209069	-384.75974880609823	-436.09813630393177	-566.0195517885504	-368.80671684646035	-1177.3640768055075	-6555.699163529274	-10390.870570657344
79000	-428.80925875323777	-420.0380792353489	-413.09326826589967	-401.6449376612012	-391.2498544716118	-369.6110646702325	-357.57906123244845	-347.33811410921777	-343.0063858694868	-343.92360274911766	-337.5084998969681	-367.2626462718123	-454.4081871020704	-331.84933307106087	-1021.7645778293041	-5777.490695003755	-9453.70930578972
79000	-408.0042034667211	-399.6880268512822	-392.2624933583074	-380.4460795254977	-370.1305584180806	-348.8116199385605	-337.0087634096834	-327.2517443349432	-323.16447308690897	-322.8449408892106	-318.8476844355162	-353.59083636249636	-440.8069560598787	-308.7595340959568	-976.3900248475111	-6005.31367819822	-9864.359857688205
79000	-439.4279954219601	-430.99585781694026	-423.93121356833166	-411.8261314738504	-402.60836845064557	-380.85699121404343	-368.4853092036738	-359.345379922353	-355.33618156803317	-354.9371340907091	-351.1896367560908	-385.41086062490217	-476.0106140172702	-338.98225010181915	-1103.580021184946	-5918.833032056614	-9863.55899654848
79000	-430.1555832451382	-422.51171966814826	-415.2920404038263	-402.7616978860067	-392.8689828455959	-371.8501756920146	-359.48268571486	-349.4495582430254	-345.9892264720164	-345.7420478165316	-341.80985268022266	-375.7170968377356	-471.4144266751186	-331.5525163375306	-1044.3627882356868	-5966.103376470563	-9700.16569195579
79000	-430.85362090512956	-422.94707793135257	-415.7453393171299	-404.1054613671945	-393.6367318311473	-372.8419054442956	-360.2930664982512	-351.3336493944999	-346.17563936124253	-346.4924333000254	-342.58439039225766	-376.5237271153482	-478.1502175592357	-331.8266953860409	-1047.7145105603165	-5874.524641069681	-9594.607953404717
79000	-408.7810796987662	-400.7003018416426	-393.25896028965127	-381.13423171733587	-370.8456594483662	-349.5471448845319	-337.1403205064247	-326.22986168433994	-321.1944850420824	-323.14412178521025	-314.85597097573947	-336.9212009845747	-410.5636952782443	-308.61331322904135	-926.1527258090631	-5594.728337047444	-9206.299719490717
79000	-387.4144820596035	-378.50342094923326	-371.7275931697466	-360.0102701137238	-349.5076060933342	-328.3334004510888	-315.41724784135914	-303.7528673105999	-298.8180306773405	-301.61533429077764	-291.4849486966869	-309.7551981198192	-372.9041950913838	-286.841026342908	-821.3445223418704	-5539.400171621088	-9184.976315772446
79000	-442.05033428296474	-433.2642962158785	-426.87509809082377	-414.3946908975256	-404.74548045552456	-383.76957348805473	-371.82581075845644	-360.1005017923588	-357.12333127671377	-357.7972730579606	-353.01875176029426	-387.3776765475918	-475.52634869233196	-343.0054965734817	-1055.66865488965	-5991.921657934014	-9554.483249893357
79000	-381.47237062493537	-373.0743991787285	-365.52484537011975	-352.92203171727556	-343.40394005018254	-321.60774466443837	-309.1752199094817	-297.04703408161663	-292.28999649381063	-295.89905533929334	-284.17886546102085	-298.24693755943775	-357.6648205773276	-281.42317512520475	-794.0661875281603	-5421.181361293436	-9064.3636995126
79000	-429.143488547509	-420.70594420592437	-414.1601531454766	-401.97263192897935	-391.76297190988856	-370.9930570895462	-359.2412801672043	-348.241412442329	-343.5375191630993	-344.76072279783244	-338.7810015226724	-368.25635236378605	-469.7268235308115	-330.94269740525533	-1005.7816335121199	-5608.278640187433	-9261.62033250831
79000	-419.0969611936297	-410.8713854567945	-404.2066867355639	-391.5605002622964	-382.0607070261225	-360.5438324017603	-348.81824138032266	-337.7307985159566	-333.9527415645076	-333.74523841862106	-329.87205614472083	-362.1256707964247	-456.7977246463824	-318.3876013913937	-1020.6988003796362	-5745.755819955154	-9629.58885110579
79000	-447.28943103369517	-439.61107964707156	-432.4672072616559	-420.5869321816414	-411.0201490129955	-389.50304388451326	-377.712136707545	-368.00781960293466	-364.0325261674227	-363.94683443172477	-359.87449541966663	-397.0121766674822	-499.03933008270957	-352.08807754062155	-1068.6308554700047	-5996.367436083887	-9600.88388360871
79000	-452.32187041162314	-444.15710747622717	-437.3814653649236	-425.5094758355607	-415.87449081712776	-393.86143359233546	-382.6196663710664	-372.5559767117052	-370.19348358599933	-367.95596230731604	-367.1609614884928	-410.6959668353841	-508.99422030604785	-352.5554961179858	-1136.338755149158	-6526.900696910159	-10310.449702609041
79000	-436.52695768249765	-428.9914381695945	-421.3936915963737	-409.3840205584878	-399.8209657349833	-378.3087278520942	-366.6327345374291	-356.5319514314634	-353.35366525602666	-352.7109909535246	-349.783515545361	-386.4398749568343	-486.2874912148162	-339.39036282692086	-1056.865279838866	-6112.672995902251	-9990.06385620277
79000	-432.91921060736234	-425.0919503842427	-417.7791122739537	-406.6655461620195	-396.22106115005874	-374.3554589595354	-362.868116803438	-352.0780470132746	-347.8828914316574	-348.7670174948655	-342.3291321798688	-372.3131028002943	-463.0691729278288	-334.85363597112644	-1013.5213266667112	-5967.495458721921	-9569.930427844507
79000	-434.46105080344114	-425.8801780509026	-419.0487466845297	-407.0064607659816	-397.43402269232547	-375.47171834304805	-364.5766366138407	-353.9603710246072	-351.7997716673047	-349.97655848113715	-348.34150045418846	-388.0290434809034	-487.3874449534779	-336.5967765467666	-1060.9599979625916	-6226.131068345274	-10018.024210819653
79000	-447.43596706231347	-439.1026850707893	-432.13397136512316	-419.6396900797605	-410.12504099220104	-388.16980738828545	-377.1797858765734	-367.82673444396954	-364.0673961227564	-362.17965571240205	-362.06601162514966	-403.0282894100415	-511.4771313463439	-348.73969606637155	-1091.9324959167989	-6098.779909843813	-10033.89062576659
79000	-477.3841099950723	-469.601602153036	-461.6384958049941	-450.00453656048546	-439.94565249062754	-418.4941115457884	-406.7325310350634	-397.4032055800715	-394.9944732689897	-392.73135308517465	-390.9855684356423	-431.628108053106	-538.2825866958168	-381.9167343650661	-1173.8971678049538	-5988.901756822154	-9580.734261155456
79000	-438.97376662098577	-430.502506511602	-423.6588304741221	-410.9078417709932	-401.58329137754293	-380.0797746282724	-368.0716865419724	-357.2597849222271	-352.9329943033365	-353.8558562101537	-346.2743049737522	-371.5627992207784	-456.1030394050931	-338.62528914235196	-1033.3532530323114	-5518.613038922422	-9277.569205597843
79000	-476.42405402838824	-468.8418483266945	-461.4825132786453	-449.30884513098545	-439.44755786242695	-419.2368622712002	-406.5615197617425	-397.32488744707086	-395.17133709918994	-392.6556706760674	-392.25691926989975	-437.33223106422105	-550.4995250800824	-377.72997638435584	-1223.7856520139624	-6050.116154996552	-9850.566249889678
79000	-444.0252156394611	-435.72507149780773	-428.7433714662632	-416.21623610668723	-406.72851232700924	-385.29808835327606	-373.58518371629617	-362.1967998293421	-357.5153201723371	-359.17864705579206	-352.43708914775664	-377.9086461365361	-459.15769020331976	-346.3000680480356	-1022.2501299476569	-5749.827149203532	-9317.197356626619
79000	-467.76617882057536	-458.33872266465437	-452.3478852773066	-440.2600830994336	-430.2903173547192	-409.07450871052845	-397.88414533641617	-388.52403103189283	-385.31424409537834	-384.174829304228	-381.9118815731354	-421.6288165449491	-541.3239160746385	-376.21122047140364	-1127.2588705562487	-6102.138438856678	-9896.076330976837
79000	-435.19508916401577	-426.0621120555345	-419.4096008296157	-407.74679271730054	-397.809128459116	-376.1251049740526	-364.5936351891349	-354.42951893376244	-351.43242390138937	-350.3563682626853	-346.8821047534455	-382.868884758113	-484.99331195394694	-335.57854518718267	-1094.5714169737391	-5973.898249392247	-9684.873513601415
79000	-444.19440087684376	-436.6243141655904	-428.38940798650816	-416.75424805417185	-406.9483215813308	-385.2786529428561	-374.2527266579357	-363.0333130692362	-359.1111587472114	-359.58505726279594	-353.750535667974	-384.31334362289095	-471.66706956307377	-344.87595131767	-1068.0962756791903	-5653.186097079642	-9280.32780136588
79000	-431.39141083410976	-422.3436893445948	-416.1978207493465	-404.1976621378741	-394.61180935322244	-372.82009305386407	-361.49262294868697	-351.75650245538253	-348.4401248827685	-347.4732692528501	-344.5935138715784	-383.54795904795515	-480.93859657648983	-333.87470368629243	-1052.977925303652	-5979.855593677883	-9749.664913449862
79000	-448.72485152551377	-440.3426689135688	-432.70557921984863	-420.68895691601426	-410.9029889440111	-389.5273957630046	-378.42025557117864	-368.28815867228013	-364.5903599532804	-363.9970733239074	-360.98407908660255	-398.371118677152	-494.76176028583575	-349.54187995716745	-1099.027384327342	-6007.5615595836325	-9621.478775353871
79000	-436.3697425420207	-427.8710970693325	-420.53858198607674	-408.6397493305831	-398.910964238645	-377.70095430676923	-366.81529240233664	-356.1806138869071	-353.7262914646609	-351.8804874668045	-349.98904526291176	-390.6414006659978	-505.95063868849536	-339.89427654396354	-1078.2445809299106	-5865.555145296615	-9670.320611352898
79000	-433.8231735135416	-424.72592176867175	-417.72920617202925	-405.60282482911555	-395.0099989096677	-374.2455497552367	-362.0925634687531	-352.63509249005284	-348.9924880736377	-348.7777748242762	-345.0526292573543	-380.608967082201	-470.6303029762618	-334.1119503379576	-1017.7658536757142	-6155.56308929218	-9891.958890867687
79000	-397.89170025508395	-389.0074425309	-381.51212084116077	-369.83074818710804	-360.0635456203545	-338.2058164709591	-326.27412772588804	-315.77028533063725	-311.2167400596166	-312.5089543440158	-305.26203037505303	-331.8500156047129	-408.6644194612703	-297.9248987334533	-903.0591065733554	-5603.546441268585	-9391.25636775914
79000	-438.90252058833454	-429.9231039369687	-423.22496287979146	-411.1694709602285	-401.07813655688574	-380.1447177651931	-369.0130454622926	-358.02868724266455	-354.56823088300206	-354.54860058421156	-350.4550124566501	-386.3985933974812	-494.12976382137356	-342.707463458996	-1058.2458289461586	-5874.000841871814	-9555.819254601021
79000	-414.93539263504454	-406.7178076133722	-399.09426085551576	-387.17387375830174	-377.2423990357162	-356.011377391256	-343.4637022973012	-332.05942411066377	-326.86242080084384	-329.8589917376174	-319.2607279613293	-337.7170161873997	-413.29191190605735	-317.5636795133036	-914.8148041671496	-5231.57344381678	-8732.844483570461
79000	-445.3857958097755	-437.06883441692486	-429.52575455840935	-418.17312958626644	-408.2576739216043	-387.0950584625209	-374.54672457245306	-364.0718670474065	-361.4573719216018	-360.6240771995577	-355.8300559395836	-390.4626084638941	-483.1066932528518	-346.879157301092	-1073.469708306934	-5970.11572778455	-9681.105319255574
79000	-431.8312164270493	-422.7351741337072	-415.7066674912283	-403.95352119717586	-394.15963322840014	-372.2611523509077	-360.3289304738761	-349.7234499574663	-345.5189266319087	-346.2403402183932	-339.8370464413461	-368.64496324793237	-457.4781141682323	-331.53397113372233	-1019.782631697034	-5831.472540690584	-9447.503029296944
79000	-431.12240117958083	-423.3974712561812	-416.02673781752986	-404.13895278024916	-394.3453592517003	-372.5801105980753	-360.76880003715047	-350.4098826184027	-346.56031491771154	-346.2354297608877	-341.8988383236832	-374.163709565991	-461.71082949981775	-332.3344011874698	-1035.23377232155	-6032.601825182273	-9663.04768338993
79000	-449.93839926208017	-441.5013411074564	-434.3213224081765	-421.9226157047598	-413.36637014983916	-390.7267707244835	-380.36127503022783	-370.43080583794875	-367.11872651664055	-365.9274811313112	-365.1269649078039	-404.88802379280463	-516.9919576299219	-355.9555421643968	-1111.9626545070937	-5951.267084900177	-9857.42532060955
79000	-445.4057128293321	-436.6037218474552	-430.1637463259032	-418.53630887200677	-407.8540008769136	-386.82447694059573	-374.51486002999945	-364.30979672645213	-360.3545729579497	-360.89703404821876	-356.8748533324188	-392.11627621790944	-491.42328397250395	-346.9237284788671	-1103.2791667368388	-5806.47511886643	-9534.590296071541
79000	-459.8102833926118	-451.10227318844517	-443.2265984913308	-431.9475859100619	-422.5636658558206	-400.79351418197507	-389.8711112670573	-380.6893892710234	-377.7826419745805	-375.0399028847099	-375.6257961868805	-420.0511945439692	-528.9858995655322	-363.0671609636286	-1167.130801811172	-6297.782311333641	-10153.775288652096
79000	-471.39886668765894	-463.36716424961725	-456.11485864442176	-444.4231412020292	-434.5428987129839	-413.4510216128774	-401.1491048588934	-391.6408094458627	-387.5619635129717	-387.15362813205945	-383.13993823668517	-417.5582993187959	-519.8125308262211	-372.662121890246	-1133.5958144900721	-5963.051392213135	-9619.389627649949
79000	-470.08094557238377	-461.65323235466514	-455.07061628610853	-442.5978685698475	-433.5838547261209	-411.7402306609533	-400.54140615980464	-390.98274587133085	-387.9756084957455	-385.6138014057048	-387.07559372372725	-429.9172857134512	-535.6490817031588	-371.6160730376641	-1177.7247034510851	-6071.495478244952	-9952.61334516964
79000	-453.16940065663727	-445.3416571408279	-438.27385793926584	-426.5083139428841	-416.132573102544	-394.3223102414868	-383.1057689094372	-374.6081840793923	-371.6565192142511	-368.9146364927464	-369.90993659839796	-415.34016544128366	-526.7485229288634	-357.1587812269311	-1157.8295644100185	-6449.398151149553	-10331.63136544299
79000	-440.53374518501977	-431.91790512783086	-424.8378036421212	-413.13090669734754	-403.6049565688758	-382.0339532788717	-370.8333019369323	-360.42424278546025	-356.9368468276364	-356.2644883253771	-354.39115014412016	-392.81350803436976	-499.37095622965575	-346.2544391073817	-1022.199574921274	-6037.693120636169	-9752.882467533896
79000	-419.1035222201899	-410.6877875189025	-403.50505252020156	-390.88605477129136	-381.2239446213276	-359.9114428001367	-348.05957059832815	-336.58903984560413	-331.15049128135047	-334.09660491732615	-324.61470514855347	-346.2298535841942	-417.0315182698031	-318.65897526437715	-970.0242169105759	-5592.393801214303	-9126.597716873383
79000	-462.8935032623956	-454.8421226274111	-447.3782689815433	-434.94113667071383	-426.22169105081815	-404.29852507405894	-392.9482466848404	-382.6495940332936	-379.40644741592536	-378.74885478711815	-375.4496744356828	-412.73445565779264	-513.8140316846194	-364.30400271447314	-1127.056116048946	-6079.622127906332	-9807.825300193843
79000	-433.4109238382623	-425.3255223844008	-418.07481519555296	-406.08031618644964	-396.27146329567466	-374.857685818502	-363.1465143090981	-354.4318654670243	-351.6929758335694	-350.29679099731	-347.78993359316115	-389.53442467827176	-502.62592845683895	-337.2603720755409	-1066.1454315766086	-6038.232444140418	-9745.13730747151
79000	-429.539978237097	-421.6188722252319	-413.6477644690082	-401.65672803472114	-391.43706685089467	-370.1770942711235	-358.5204083232651	-347.70933875868513	-343.69209299529723	-344.17459396804173	-338.45321143511245	-367.7077171529475	-451.1163338739585	-329.7006929266326	-1024.5290345910817	-5787.8826124558145	-9509.898245828592
79000	-437.69543357531506	-428.9575605097874	-422.1522618709873	-410.2703148893562	-400.4785116822893	-378.8636879326359	-367.2955719240181	-357.32916871367877	-354.09976072699186	-353.034053253224	-350.47132357824336	-387.910457507202	-491.9701207309008	-341.0193446188249	-1054.6044151121264	-5777.465503371053	-9454.427044135362
79000	-409.83236441711716	-401.3183246592628	-394.7312469768431	-382.6064648023777	-373.14988649961026	-351.5416928392879	-339.28902680300945	-328.637553402584	-324.62949159837143	-324.93828841416735	-320.6940032013895	-353.21378858052066	-442.8993867492023	-313.85076359604926	-945.5705846284981	-5972.628481533744	-9723.803049364367
79000	-439.7388356084693	-431.4319278767093	-423.90318812988295	-412.4273230508512	-403.01103752966173	-380.869057554799	-369.7396212608888	-360.91838329435876	-357.58620619494104	-355.6250492487548	-355.4592835968536	-399.0840551930724	-508.7343634221608	-343.631183746618	-1084.0941522121805	-6330.973999264996	-10193.625221665454
79000	-435.49842269864	-426.69573296547964	-421.0054628040594	-408.2150468800322	-398.3949835296212	-377.6597439522813	-365.3517878623268	-355.68375736728507	-351.1720228679648	-351.17982791011093	-349.59767722812273	-386.4406540224322	-488.88201510844624	-337.3315725240455	-1042.8958001379435	-6014.595646652788	-9766.414809980308
79000	-453.48734395738785	-445.8075386565478	-438.01450533107305	-426.5016883380448	-416.36602160963855	-395.495883024692	-383.6334338448492	-373.380702561028	-369.28229752958833	-369.8363426683372	-363.7720915677179	-394.0268861796035	-484.65591038140326	-355.8825526422581	-1065.3477317439574	-5872.74616692727	-9424.053975059185
79000	-473.86703846671753	-466.4205666960958	-458.7677540475025	-446.59356112121134	-437.0244456160904	-415.5664850514557	-404.1472050106955	-394.71538156585706	-390.1299342235619	-389.4231626746636	-389.0024233708447	-429.0432699420022	-534.7592907438428	-376.00959797781974	-1189.5326744482982	-6118.655682343659	-9891.032936777736
79000	-471.33184410448536	-462.7227176092251	-455.6874567322653	-443.80289006196267	-434.1556595089202	-412.14280108327694	-401.2877588146111	-391.78967076507803	-389.7950728846439	-387.0275729190085	-387.2991302108282	-431.15295534309445	-537.5744795858477	-372.62525117030214	-1154.6072501905712	-6418.616056692467	-10072.45291989948
79000	-421.4010708615602	-413.3853144677369	-405.6258267129252	-394.1203059043381	-383.66107169299306	-362.2591347056866	-350.73173431828707	-341.03467933034557	-336.605355017554	-338.1527710389804	-332.47144308090856	-367.2089029176562	-457.6769533772728	-323.85689347017575	-990.231141744658	-5781.632901205421	-9454.120960512853
79000	-414.1789764565483	-405.9878488600271	-399.0454749163867	-386.53027792026626	-376.56349648720305	-355.2293320222542	-343.15931838326094	-332.3307957046099	-327.5044891986734	-329.6945308965457	-321.5221932671255	-345.2175246861365	-430.80595069839984	-316.20599424761934	-945.9935010829604	-5682.8475457986315	-9260.566944621878
79000	-427.8328171480747	-418.9850713565134	-411.94849552228715	-399.76317032703525	-389.9381061527162	-368.54665492608575	-356.1907417158268	-347.00288656066675	-343.496951153403	-342.3588751887916	-340.7952878388592	-378.4691717860513	-474.65227573149286	-328.6538540979272	-1036.6945133116456	-6098.013069768144	-9964.875442627903
79000	-414.25322754301436	-406.55486325720494	-399.05679379190013	-387.0622282486479	-377.46516539852576	-355.4072925662916	-344.19955225041105	-334.617646260983	-330.57943970506443	-329.9497359610585	-327.3955189844765	-364.6063623970458	-461.92021674324155	-315.52013797354505	-989.4186384640784	-6042.651142783513	-9738.5071190702
79000	-440.7480514336792	-432.7180770546822	-424.73361630451853	-413.77502022933595	-404.2739905008273	-382.03945022158484	-370.1789469745471	-361.0500445135778	-358.6115693596643	-356.6339012652451	-354.9464973103009	-395.50982277803917	-496.63084036495127	-342.5026101525983	-1098.3991599135643	-6131.918360658962	-10025.802068767358
79000	-460.23779139261825	-451.8463794385897	-444.09499269425356	-432.1633569982404	-422.6191268382256	-401.01935792076694	-390.2491693883225	-379.8257068264156	-376.09468997694387	-375.32027922789644	-372.33962053433214	-411.50687909353553	-505.30055472180834	-360.2574536161012	-1127.040893665708	-6116.060479219474	-9923.051062843932
79000	-427.5521680686099	-418.6812465488765	-411.41057338441084	-398.5988907489092	-389.8578152335726	-367.62331114417105	-355.89021922105286	-346.34414823247386	-342.08479002870087	-341.9090945133181	-337.507151516726	-370.47888635400216	-459.86247201841	-327.4400357615531	-1013.7991321007455	-5859.422733334201	-9725.120827972218
79000	-400.28530634077504	-392.26389775813715	-384.8547649592239	-372.45535220867464	-362.7522284164678	-341.20025660564465	-329.0254662305688	-318.0072144015105	-314.1034661166463	-315.487257031688	-309.09685701264135	-335.12274749571054	-415.5872447066683	-300.7024665694559	-927.536787543868	-5755.258396866349	-9505.680584411728
79000	-415.7743262721139	-407.04038605424813	-399.69009928864017	-387.1658552515795	-377.6473608017038	-356.52994621216027	-344.1242417497961	-333.4070087230638	-330.07775414359946	-330.5472240946861	-324.1982182120473	-353.9522246481255	-434.0994579805868	-316.49113074899043	-978.067414568202	-5800.930707492504	-9512.092264251676
79000	-429.43534698181963	-420.5848496945618	-413.37869582473576	-401.60701670720516	-392.0614205153188	-370.6018863434806	-359.09260414436494	-349.3418889747511	-346.8532430297392	-344.7300905739431	-344.48926447729394	-385.4451443663177	-491.9424367094132	-331.2306717096177	-1061.9274609423433	-6152.82303569795	-10008.282865435782
79000	-454.68026137217186	-445.9332205366037	-439.1695808774131	-427.4656242732823	-418.2237145024214	-395.6720342492824	-384.3298031791663	-375.9421523637278	-372.4429223923891	-370.2303235228288	-369.8271848832493	-413.1041145057937	-523.6826289729944	-358.73209544123995	-1119.8592491099507	-6122.179448082498	-9877.481454913011
79000	-439.5069942859398	-430.7917522674144	-423.58991161407556	-411.90036332736383	-402.44884034328084	-379.72935650181057	-368.25512423020365	-359.519857971437	-356.33895753771094	-354.40429437355124	-352.9447415815956	-391.77766752255036	-490.2614229086665	-342.4094802154411	-1079.282740462296	-5986.567775577464	-9893.20327244401
79000	-473.194162348446	-465.6948990791297	-458.1244633699079	-446.2453398939831	-436.4677021611742	-415.5735194239718	-403.46970231334524	-394.0909939828418	-390.073627689849	-389.94464123064114	-385.53008359535454	-423.0133688789253	-538.4322703844502	-378.67543472104643	-1158.2054169643425	-5835.93226725005	-9509.248607372318
79000	-409.4292710762185	-400.86268735993843	-393.47418521565095	-381.9063407642327	-371.8661450828962	-349.9198274432311	-338.538245944682	-327.6877690017532	-324.35604230916516	-324.8925066847822	-319.5002140025837	-351.9012262984225	-435.35439085318745	-308.9082776724603	-967.8727793416757	-5977.620564961079	-9738.62863789452
79000	-421.45151752722734	-413.31519584214175	-405.92934770903315	-393.9316971282325	-384.2993561560263	-362.8764694314104	-350.38156154405095	-340.0952095338045	-335.64031263311824	-337.4046763066706	-330.030904877419	-357.40006008862093	-441.92065794754416	-323.4098850248539	-963.9175910159084	-5702.247977772222	-9485.038842423826
79000	-426.790025269556	-418.3886225883946	-411.3771449193128	-399.1344982862681	-389.5959209322718	-368.17820761721583	-356.5538921468081	-346.9637539468844	-343.85591126428096	-341.79523903544094	-340.8358789588277	-378.9191269082135	-475.6799462634723	-327.00345914432154	-1078.307369675117	-6071.5251296191045	-9998.330546574294
79000	-415.4108364131887	-407.0417694796856	-399.66723842059497	-387.7182483023337	-377.6582264766529	-356.621837837689	-344.4095315611277	-334.0101005708126	-330.34541768042965	-329.93263939890085	-325.53393742032466	-356.47871617851877	-447.12069521951383	-315.4024158654255	-976.3793107441521	-5768.536543063305	-9532.456707983729
79000	-408.04139609151304	-400.11400250566504	-392.4028483204358	-380.16627566534123	-370.2684175924186	-349.15277220815466	-336.6469897909387	-325.85155118838736	-321.034768497877	-322.96937946792576	-314.13550839827326	-339.21593904368405	-420.55401582699	-308.6381403470272	-911.6519844194654	-5468.120452502241	-9196.83721271792
79000	-428.0874488597343	-419.49345292030125	-412.9972623629797	-400.184791325869	-390.7640133421716	-369.465200986799	-357.52514256989707	-348.0378070880891	-345.04783528793286	-343.3546099822337	-342.01888579284036	-381.216341559378	-482.6182463213084	-329.1744221416961	-1047.8560538421411	-6019.1326741776875	-9878.90052504642
79000	-441.8927147552689	-433.6270828684472	-425.7470830518586	-414.4134747966925	-404.4408621792508	-382.1208042241999	-371.14758730616796	-361.64763633904596	-357.5172392461997	-356.9826664706349	-352.4489098041334	-389.06917350861386	-480.8736895191403	-344.21981039185334	-1105.602070298574	-6044.789089548177	-9694.466702814569
79000	-433.0283862323317	-424.3552254855869	-417.88267726121757	-405.7858937859752	-395.35313512330333	-375.1849994133894	-362.57640232248866	-352.4155413780629	-349.3252745232418	-348.58132734964596	-344.19510247754647	-380.3979389096374	-480.16224453592935	-335.40516232365286	-1029.3615414167693	-5920.073229312102	-9729.956483826403
79000	-436.846782788357	-428.6166740265337	-421.4242559631703	-409.6068379672156	-399.03058665439255	-378.2057418628141	-365.74266766470714	-355.4274300983153	-351.5968100965446	-351.9953076346789	-347.2299558485583	-377.71736419063024	-473.2798836341337	-336.7831180344528	-1021.9116206607645	-5867.742009497651	-9366.088286477783
79000	-420.90950602631796	-413.6411099812628	-405.9350537340809	-394.11855268468025	-383.38941019083484	-361.6520287133086	-350.28075012451677	-339.9785960628587	-336.16691539414757	-336.54911761140585	-331.16476039532245	-362.26262503307856	-452.3276980068215	-322.80207748386687	-992.1805628350354	-5869.39796929864	-9567.095168948508
79000	-420.7504635505001	-412.27570483369755	-405.0626197499856	-392.7085166174895	-383.1205756532823	-361.4830044025569	-349.8585763812938	-339.70160316876064	-335.70396795300843	-335.65233300081013	-330.2965386761002	-363.54119610571814	-447.4876734925742	-320.28596872095557	-1019.3980739353907	-5883.252360464167	-9593.192430137267
79000	-447.00988580708446	-438.44775516228583	-431.28930964367436	-419.0975576196971	-410.0744993028542	-388.03609554965703	-376.3836097747542	-366.20096962120454	-362.8836348065937	-361.74514770173846	-358.06187775667655	-393.4447906124359	-485.3273546461197	-346.714068919369	-1091.0233829421338	-6011.839787193446	-9742.550285177755
79000	-429.95145947738536	-421.29026141963294	-414.0300931047214	-402.460834075956	-392.1734379268828	-370.9219891397268	-359.3988812048897	-350.2532196769168	-347.39763092781067	-345.56785547480126	-344.58645722134406	-387.8684224688967	-491.8592018816882	-330.60688105138604	-1076.1263435284848	-6269.205784045509	-10126.644645323786
79000	-421.0530820521257	-411.7189131647616	-404.7367355637759	-393.32742495364846	-383.34553045786873	-361.76406206885025	-350.41284682145556	-340.05852292612525	-336.73911144520355	-336.30403901584765	-331.19531224947997	-365.8697363387286	-464.232377300327	-322.49474811409294	-995.7966781832992	-5987.600052086434	-9782.549806252337
79000	-470.6204307375856	-462.211514338574	-454.48026860313377	-443.73855617123183	-432.4658175347747	-411.95691066598545	-400.8540033480971	-390.4013033956338	-388.2820883271822	-386.6382635325223	-382.78896277168707	-420.43937087739755	-539.9383905622707	-377.9580779887381	-1135.6743777425493	-5944.165300175504	-9568.502382918861
79000	-439.06796367334124	-431.1155398081126	-423.81928327842223	-411.5927244916603	-402.15102681083204	-380.80696699601856	-368.3605040258225	-359.3445435919164	-355.2034616613001	-353.82877090330174	-351.84819003151483	-387.0233306424043	-486.7781298779981	-339.86390289971183	-1070.1953147235856	-5903.385797374241	-9713.884104355851
79000	-446.45277055728394	-437.81539675186553	-430.1197902452006	-418.24786355453364	-409.17747415052185	-387.43091656208964	-375.5379894234493	-366.2373833156075	-362.9273873503054	-361.93930282875584	-359.6257107636239	-399.24791039801715	-500.51317271650953	-349.3161252501135	-1099.655690567068	-6111.807050757954	-9893.84538917319
79000	-458.78171968395293	-450.48851115893984	-443.4565369160146	-431.3849979498682	-421.18540259223766	-400.0073236559603	-388.2842085510071	-378.1323263927171	-374.19979163648395	-373.77609152818746	-369.3155695908373	-403.02610978022943	-497.3108758561063	-359.0596225529653	-1109.150049885551	-5983.559660038893	-9589.331999378597
79000	-445.7213802397487	-437.2714061474862	-430.05460537019115	-417.6492683202822	-408.69774603894496	-387.12389621545134	-375.7567961389388	-365.7365027268032	-361.72798954266295	-361.9652480121669	-358.97467316222424	-397.34826794881036	-496.5056308747654	-347.6787980726691	-1106.505938955932	-6046.940407598656	-9802.860325033465
79000	-470.66256456538525	-462.7581477732812	-455.51558913534683	-443.6389810149425	-433.58796469451454	-412.2199678472662	-400.95998315578095	-390.7540726569633	-387.51888016658097	-386.54354424451793	-384.51594466805335	-424.7291753731899	-532.8056817263235	-371.26298713202294	-1220.345922103835	-6210.014546279763	-9838.651672191445
79000	-410.7406156985896	-403.55875396246597	-395.6560134229605	-383.9046330569564	-373.5560605666533	-352.8382750702545	-340.2219969696998	-329.31309930293094	-325.53566274133055	-326.1090586527362	-320.05923446027066	-348.21913187556015	-432.45430446993186	-313.4506454240935	-957.1868888994599	-5812.610063194631	-9578.786532097452
79000	-463.86557479554165	-455.803310554382	-448.35374599972084	-436.0693223423432	-426.26728146759126	-404.6431396376914	-393.8266611513808	-383.8684220240204	-379.5922800459236	-379.981325756745	-375.0601952180859	-411.9273623724592	-514.6399742880546	-365.73083847569444	-1117.4186711822736	-5711.321209997624	-9403.347435550264
79000	-412.56148487870047	-404.4256612472691	-396.512380677874	-384.81732487456736	-374.45682678477243	-352.9050725154878	-340.94624305735323	-331.09511925440665	-326.71951370219045	-326.77113082970135	-322.05935056003256	-351.8474677877543	-429.75337991889944	-311.4051573478879	-990.2684145341362	-5852.9818335229575	-9719.105141781292
79000	-446.86873138975193	-438.8112563928916	-430.8627788572973	-419.80276487278525	-408.74828374481507	-387.63877730469864	-376.091427446727	-366.82591519435044	-363.0630151458377	-361.5723968274216	-359.64213718237147	-396.7189360664412	-491.0552588947432	-346.90052919066505	-1098.032193573294	-6207.9218357282025	-9887.271928970426
79000	-434.4864638961008	-425.8782835430179	-418.81727026300103	-406.98773790215716	-397.32219664594356	-375.0619750012195	-363.6806378431559	-354.3711513732438	-351.7827223593608	-349.3664995823057	-349.1753268938882	-392.9793321672647	-489.73070067616106	-334.4004214811533	-1084.1720958057	-6218.276307556326	-10088.574001678338
79000	-462.10140988354766	-454.14448556563644	-446.82479109581124	-434.50512224117915	-425.14895451665626	-404.071498321459	-392.58915278513854	-382.82036437318226	-379.63958739550316	-377.82310825251477	-375.4440066824282	-416.4370025035274	-519.510126715908	-365.26570474996214	-1126.1691172387025	-6083.770322438834	-9737.461669777878
79000	-461.23828137083615	-453.6625134379353	-445.95095638209904	-434.2911207714177	-424.9269270040236	-402.58084181212956	-391.5542890171871	-383.23666695012145	-379.4463874470708	-377.65372432204316	-376.4156743633459	-418.9452966155228	-538.1132490437417	-365.77273807631	-1147.3823229308286	-6057.2554267968735	-9742.495466916584
79000	-439.80741265090154	-432.0789378626627	-424.45854051455643	-412.35073667447796	-402.27118518184	-380.64955323838535	-369.31297548439755	-359.58669873710846	-355.2006080605327	-355.13618364630776	-351.50046095625913	-386.0062384250523	-482.89942097326883	-341.93723516462575	-1056.894785231668	-5913.824396317052	-9610.849810592104
79000	-429.0572177531435	-420.5002668797236	-414.0678925760487	-401.7150617415185	-392.1610834604378	-370.0776257683338	-358.27502440711464	-348.57096758454486	-345.280203206409	-344.48771388322086	-341.436769269047	-378.7455795577014	-472.4771578657924	-330.1416891532234	-1057.7149754865143	-6007.461155184169	-9743.022240104343
79000	-419.7948458829679	-411.6234834333951	-403.53242410751335	-391.89278231293395	-382.8325185027784	-360.73050311381894	-348.87187001850214	-338.942762989885	-334.7557595944141	-335.0026000239966	-330.7004433514029	-364.69446374349445	-455.2867371692762	-323.02844398293354	-990.0369151967099	-5844.8645210409595	-9583.143349306436
79000	-427.3653845289426	-419.44694781203555	-411.9083999770797	-400.073740100471	-390.24558879416946	-368.61510784022596	-356.58497343434726	-346.0742406016122	-341.5061548862365	-342.69033793965457	-335.42973647820156	-362.90067545285416	-444.4240666183478	-327.4765496876592	-1012.423266003841	-5563.850344143626	-9272.094943138887
79000	-432.73717050959016	-423.6360754974261	-416.8981999093655	-404.5843051604935	-395.05552669010336	-373.5866300579063	-361.9327476580671	-352.08215879200156	-348.18252332291576	-347.89896335775717	-344.3673519572528	-379.14585605631663	-469.23703060263637	-333.1193341634537	-1067.0237184428865	-5976.994450573329	-9803.165387570212
79000	-424.6003699071373	-416.1051919502183	-409.1797913858309	-396.93938886757235	-387.3820022450008	-365.3845388291442	-353.59863002882634	-342.21881347793243	-337.58679127080154	-339.5973701104743	-333.4779219084345	-360.253515984111	-440.3137527103512	-324.677758315365	-1002.1447967327896	-5875.222589933019	-9479.097864318519
79000	-439.0466000797615	-430.27500623353063	-423.4101365473952	-410.43669322415406	-401.03855399119504	-380.14483713853787	-367.34599739330304	-358.369894807048	-356.0018561153494	-353.85861882296535	-352.0544165206907	-391.22455353439733	-495.9067801362519	-341.49827142469815	-1058.6570992267957	-6056.10981396194	-9818.4878222296
79000	-460.24884710976755	-452.3196562953847	-444.7654158631379	-432.72883971272506	-422.982947489776	-401.37692929397855	-389.7819655417188	-379.8110397147731	-376.5682484449653	-375.8626029286148	-372.1093925104331	-409.0928470598546	-510.5629138711756	-361.68168659488634	-1135.0338027132686	-5875.207299336656	-9628.153446690025
79000	-431.0955464826633	-423.29504053939684	-415.6271815220603	-403.3212089958264	-393.78202725882585	-372.5098657041468	-360.9346906551858	-352.003577424022	-348.3316128383663	-346.7744530836308	-345.80145208585935	-387.21303212286165	-489.057012899212	-331.42761986866765	-1060.61902001373	-6131.000242918532	-9953.45957430868
79000	-433.15406402621073	-425.11053759731453	-417.8841022594699	-405.48669397696835	-395.4133643397504	-374.5715774307539	-363.0242181466169	-353.4361249124373	-351.1723965626941	-348.23609184089065	-348.5667166279031	-390.18241587888843	-487.19805933335886	-335.03221765136675	-1041.4106852974744	-6337.823384643089	-10233.877234311221
79000	-416.00688728660714	-407.2068837995319	-400.43470795874697	-388.25078700722486	-378.3317211560871	-357.1392151954865	-344.81445924566174	-334.52610280946084	-330.4367502415758	-330.73981328092344	-325.20355727201013	-356.0341572836739	-450.4582679630348	-317.8380340970953	-981.5910200038992	-5828.797940864159	-9578.624454128347
79000	-414.2575033415343	-406.50249812505837	-399.02797830272647	-386.8426089627998	-376.80458378979466	-355.93540560751933	-343.53528578069586	-331.90683248010146	-328.1409376802548	-329.80974311826714	-323.0350874365084	-350.1910893683729	-442.3937764570027	-318.2179726839825	-941.3403720792927	-5750.41593763716	-9435.430776071402
79000	-433.4790799976929	-423.8484693578375	-417.1524156064442	-405.2544058825547	-396.0312445546757	-374.73257630942874	-362.6904757609221	-353.11561686268203	-349.9109427346892	-348.4898385074752	-346.08392175457743	-384.73271395863253	-485.02156959381097	-334.22057889897695	-1079.2370874212595	-6018.32572532864	-9745.550963082977
79000	-437.55331696953795	-429.12680530711077	-422.65892512284523	-410.1198921760122	-400.48308958227807	-378.71101960528483	-367.08366393172827	-357.476592402725	-354.6581468078934	-352.921136309461	-351.5962334898415	-392.16602151950957	-487.9366734861787	-339.60267273170103	-1071.937040326602	-6229.155745699138	-9985.031501930107
79000	-410.19866004036766	-401.545274713533	-395.11564484991135	-382.65156361809636	-373.49095085405884	-351.67716296059433	-339.38345785163267	-330.9537472947248	-326.9207058764381	-326.4788469002534	-323.66206203797447	-363.51712488632376	-462.5657335495307	-311.73131676328865	-1032.668262540438	-6026.552043084146	-10054.410433619949
79000	-430.71253813979513	-422.20753404312757	-414.5748299233708	-401.87732848734413	-392.5008570844356	-371.0283560796826	-359.80702646605613	-348.7208690863669	-345.6427397847342	-345.5594160749819	-341.8418065973418	-375.34605888334175	-473.27984376056946	-332.57829354327174	-1015.0344815671402	-5933.952763444957	-9670.807790509478
79000	-441.395606018356	-433.04945714626774	-426.7440392051914	-413.52363384334296	-403.5562329812399	-382.72911597574955	-371.179176320465	-360.5435443284927	-355.50527710160543	-356.98533704104875	-350.53853300508433	-383.1611194216346	-470.9503750765389	-342.35022808561223	-1043.3092797716345	-5812.67357138752	-9438.033452096537
79000	-462.8719049365646	-455.03875176237653	-447.1575627255315	-435.4950610336592	-425.8677593448887	-405.03128575594855	-393.2212303080184	-382.9857071450174	-379.9027768227417	-378.93700064527866	-375.96088650480283	-414.84034243775494	-517.7255125121881	-363.26910456478254	-1133.7985951967005	-6278.922234093147	-10057.748197840296
79000	-400.32354021886255	-391.86619827391314	-384.7220139011891	-372.15727388234484	-362.95180664023707	-341.29276725170655	-329.4505181572469	-320.0972785131047	-315.90165264329545	-315.06509111669135	-312.2353166165274	-347.0452093970957	-432.7660081459989	-301.44283288737296	-946.2748703420647	-5989.99945259241	-9882.830710085282
79000	-434.96807115398525	-427.8797138954271	-420.6602411110785	-407.5301381022166	-397.7134598694824	-376.59038926963933	-365.34906733294963	-354.2933513930816	-349.2117535423489	-351.22385933695017	-344.2074264844354	-372.7514624793415	-463.67120697757474	-338.9409083629799	-998.9421566989791	-5750.196340871619	-9371.208220705534
79000	-418.1141502508884	-409.80308610972025	-402.0911430715441	-390.1014446199713	-380.10416543987327	-358.9675752347982	-346.7466843363674	-335.7056997185432	-331.3030182566164	-332.82009935658186	-324.3451188360563	-348.25145083661965	-435.57847443302774	-319.50591617508115	-942.8571373561668	-5395.986588192524	-9092.364292982362
79000	-419.11390776682026	-410.6900405911436	-403.72039055274973	-391.166390876244	-381.2276386758799	-359.4792436402339	-348.041168203221	-337.7800795175155	-334.36774512784297	-333.09782412345174	-331.7710423645559	-369.59163786870573	-460.10500089738025	-318.839070433624	-1016.3937026598055	-6134.481608376255	-9951.61480212948
79000	-461.6596068834507	-453.86147238145344	-446.44261326360225	-434.2557285787751	-424.3782339413977	-403.4819138767871	-391.7209313227153	-380.68802685318616	-376.2597358212403	-377.4650999230482	-371.38017599064534	-402.138144054917	-502.93992745777894	-364.15685891146694	-1102.690822071791	-5788.088715198761	-9390.88375204807
79000	-479.3093489313965	-470.41621316052374	-463.1146261920065	-451.77848916926087	-441.14519495018425	-420.05536103794265	-408.3418217490791	-398.6601284823807	-393.8285518863512	-394.7237866025082	-390.0009991179841	-423.6999156225674	-524.703891670599	-380.4048534518768	-1143.1677946105854	-6003.009505252763	-9658.355833034377
79000	-423.3480377874166	-414.54483295644883	-408.29809602831125	-396.1786683105888	-385.9357013384806	-364.0295456584585	-352.5860517480991	-343.60368831227987	-340.33651460219164	-338.88070592711733	-337.0679340256388	-377.5483454168447	-474.4592930159412	-329.7402782154493	-1025.7415643557972	-6171.329954738858	-9958.730643531684
79000	-420.7713564704082	-412.78310882508833	-405.12643603405405	-393.06715663217153	-383.2628792432729	-362.3228320243759	-349.53307925254336	-337.70504892681913	-332.2328058161859	-336.4084039605531	-325.03586988242756	-342.25249829491315	-409.482000671549	-322.66919034266346	-904.9473626508533	-5486.256776486845	-8907.240681635947
79000	-421.29233786337085	-412.50201017035084	-406.0481218561794	-393.60536900722616	-384.1222767552293	-362.57028623099484	-351.1056446615907	-341.11157970517536	-337.20842520658823	-337.1434296272258	-333.9190097462479	-370.5816365726906	-466.2881961802989	-322.57433328373475	-1011.380865096589	-6003.475148292341	-9766.28704960478
79000	-410.4169361297057	-402.547030571352	-394.8435673498537	-382.2959997899237	-372.49256651930887	-351.46840070515714	-339.0292355879771	-327.3617502445045	-322.8778258458914	-325.68290443504327	-315.3082995485527	-334.7516185538072	-409.48298132739177	-311.1099474721518	-879.4712035244858	-5340.130924108719	-8951.59263138587
79000	-435.561316914285	-426.8853358599784	-419.6425354034422	-408.1572886571636	-398.0063655336696	-377.0533092083968	-364.6588673966241	-354.98226062692504	-351.09036285436673	-350.7947741720212	-346.0102397396056	-381.6717301858143	-478.2524918550542	-339.90385737658056	-1016.2180313305726	-5930.774838817331	-9616.348882351118
79000	-416.20184182918314	-408.07655646358364	-400.82442106598177	-388.6583617986572	-379.1420382981348	-357.5088327142505	-344.9455888979713	-335.1153206564258	-331.78817745095216	-330.9973574392982	-327.7013400649319	-362.6535935325649	-451.4321219695651	-316.35047807952	-1018.9440646501522	-5901.16490177827	-9710.088537013102
79000	-462.0784789680573	-454.2297421446433	-447.8091657171538	-435.3204498824971	-424.9279407917118	-403.50232388508863	-392.79767422709773	-383.3872843230431	-381.06159052254446	-377.87150846323516	-380.144877129023	-426.8219833232325	-544.1119706863709	-364.81409128950884	-1154.0874519461977	-6349.427792672806	-10129.778674595354
79000	-454.01577526604086	-446.17357889010344	-438.89058086689323	-426.63748254838504	-417.3685240050593	-395.0024155419004	-384.1768013168683	-375.34310989497203	-372.43432520336523	-369.9766316374299	-369.14172642479116	-412.4944562770974	-522.7634990956508	-358.7717359319988	-1150.39730302227	-6255.273044253719	-10037.763401189366
79000	-403.74725730135486	-396.2291512419386	-389.0767793114283	-376.69078629032913	-367.0273631263529	-345.7034425842125	-334.0481905356177	-323.50496499103673	-319.9056443530753	-319.29302601926355	-316.5171261557735	-351.7630035770735	-438.6180415448769	-303.972775859386	-975.6754644033017	-6059.217348938446	-10027.488145143363
79000	-435.6705496332426	-426.75440247567184	-419.12524363405925	-407.8795595413667	-397.94269412138897	-376.1600845562356	-364.4263781769263	-353.70114037692025	-349.5916630265859	-350.4141642123277	-342.8233137498703	-368.7982326885979	-467.9417141106111	-338.2913842913185	-991.3471562473314	-5594.832153731263	-9114.36981868723
79000	-434.63402720334125	-426.78794893224034	-419.6675778722858	-407.7003663291098	-397.4389923268341	-376.160950115605	-365.2130371636865	-354.5838757010523	-350.8965636254349	-350.8187354758382	-348.59463439348394	-387.58210082521924	-486.71911568535154	-337.05328745977	-1073.3165497701114	-6131.34859407	-9857.313178242137
79000	-421.74512783334666	-412.89572259743386	-405.99660828428335	-393.6218841331014	-383.4793676697546	-362.45510564485943	-349.90875970844314	-339.311985471123	-334.63219616071046	-336.7144745849033	-327.6516423330505	-351.92768969597137	-428.94801743573703	-320.9125564890183	-965.0892309158102	-5658.232480265633	-9164.281090336586
79000	-415.2688482239217	-407.74663802009763	-400.74742327991015	-387.7379331224563	-378.21404276493854	-357.5213441949069	-345.5491305100616	-334.0330898161293	-330.1482358062682	-331.19184578685366	-324.90212187363204	-354.26122590973563	-436.731959150106	-317.7983784142159	-945.2046679096608	-5675.915883828903	-9554.720857566537
79000	-455.9181471491403	-447.5503026275202	-440.59216418914633	-429.1070100092288	-419.3885604703639	-397.4389788795033	-386.02696319927105	-374.65327858428816	-370.9677836370719	-371.57314024257926	-367.7835938645625	-398.9857308012506	-494.3639840559541	-357.4285169851116	-1095.7038377582667	-6033.956280662832	-9510.875103976927
79000	-406.4405236525197	-397.84476232972554	-391.1331099009802	-378.9147742239097	-368.5484956713047	-346.82557760920656	-334.81749834760797	-323.64885638739736	-319.088830327452	-321.26131547043457	-313.99069813085174	-337.6466157530191	-411.9906866354204	-310.5450453764279	-907.3283168623552	-5518.001631081723	-9006.382945287522
79000	-460.37673711971104	-451.79485125458564	-445.45976069310854	-433.0136327992619	-423.6069672464614	-401.8779937109775	-390.3868742061364	-379.42982250018224	-375.42489796160186	-377.0608894950806	-368.95553722175407	-401.3641738019175	-493.70460963473323	-362.11013909720936	-1114.8329603905179	-5788.528667663313	-9326.355635713107
79000	-424.9631971693658	-415.8976091603723	-409.22345272640797	-396.8906949471617	-387.4607734927779	-365.9733913033948	-353.9246881010767	-343.43120405211954	-339.4719431900846	-340.9794478220399	-333.98170577398224	-367.74207589552776	-462.27408389944134	-327.51586681461475	-978.8192713519805	-5645.66982359072	-9317.911131325305
79000	-487.9337101733029	-478.0730343798706	-471.0837893614333	-459.32226351849556	-450.5189012980385	-427.2959798678724	-417.4304182107251	-407.9640446170113	-405.6127403285066	-402.3086678107778	-401.8719596510704	-445.4181613520531	-565.0227784664334	-389.42713872443215	-1202.293400810206	-6217.05658022469	-9845.927632241866
79000	-443.524526890105	-435.46580029166137	-428.014202461866	-415.3953916227134	-405.62279567452634	-384.7466709570993	-372.8698070497595	-361.82870457473	-357.6560155581243	-358.8486191024497	-351.72710854301096	-380.83316453238615	-470.46607263719005	-343.3390680870573	-1045.2670717895996	-5667.375654561542	-9370.289931172427
79000	-434.7787052292138	-425.82919854711	-419.1541590132637	-407.31447917475737	-397.2605440818407	-375.4604186568543	-363.56478938894054	-353.6881265133557	-350.41506935905096	-349.6880799963805	-345.5665404301892	-379.6923604472857	-472.57466784207253	-335.6010352851791	-1034.7387118705526	-5982.1831280529605	-9752.96054830237
79000	-428.89461822950693	-419.82756294722634	-412.7125027189996	-400.6202141596565	-390.691608462701	-369.0354053932102	-357.77883875119124	-348.4633205989299	-344.1367326673159	-343.28575851291225	-341.05778482077443	-379.2258148245479	-473.59398725418595	-330.296998774496	-1028.8624738627846	-6095.7032200517715	-9944.940639978371
79000	-459.0485510794161	-451.4659452332051	-443.0199897600672	-431.77069655139655	-422.36608717627826	-400.513887450985	-389.72328840205375	-379.8513566997812	-376.6261766682158	-375.38634771137123	-373.67267582907385	-415.36287815331343	-520.4834104555537	-363.33401283180973	-1160.656859904184	-6154.693523135491	-9787.167022808437
79000	-394.7063986382203	-386.6191042874089	-379.1224133333839	-366.90720364328706	-357.67262679124354	-336.13893263614193	-323.24855611823983	-312.15282093762653	-307.4237319786222	-309.4108882987573	-300.13224730136596	-320.4453157304223	-392.2599607309073	-295.1680696304297	-878.201494207302	-5563.03562006732	-9157.955128075464
79000	-437.94516668360967	-429.4642622031297	-422.17323458526977	-410.63638150261374	-400.0660956762973	-379.2440734069303	-366.41721673200936	-356.95073862174104	-351.8622979168762	-353.4373988999353	-346.6359466678234	-375.0638368831001	-462.76690297639794	-341.37061622558593	-1017.9126219819058	-5633.477689658654	-9211.994117715873
79000	-409.13581356091214	-400.8267846641816	-393.5241761361622	-381.04237273174147	-371.54008726680047	-349.94107339659354	-338.08506342248654	-327.85752219974717	-322.9463024111155	-324.55573013836323	-318.4244478758259	-345.96620960348133	-427.6067440436262	-311.4329445925753	-903.8634630626112	-5973.111100076021	-9555.22676077387
79000	-393.34981142686496	-384.4500689614418	-377.3816114192817	-365.05004141287964	-355.69133211134584	-333.8853626582976	-321.7613055077243	-311.80637661010485	-308.3200172154513	-307.73981397656337	-303.6196893475348	-336.6496315144711	-416.71574129992797	-292.91851095256305	-944.5014269693712	-5901.841579629363	-9801.401340186756
79000	-412.8079081137392	-404.7012679914982	-397.149247464299	-385.41374095191304	-375.4960581367481	-354.14161555549873	-342.5511859227744	-331.4526369895801	-327.4292449065603	-329.06010382185775	-321.4266607904506	-350.57550437194345	-450.6430979655059	-320.2576225326219	-922.6534261228052	-5592.723790301021	-9173.90758984006
79000	-453.9950767034334	-445.44391085695304	-438.06893244570375	-426.6177648384554	-416.60580704968424	-394.4825358758204	-383.744442385364	-374.4718501795715	-371.81998849071164	-369.60388144949593	-370.2531259566615	-414.49604860831914	-515.7513196781695	-354.1015474404249	-1157.6782627140399	-6496.107565588229	-10268.111188961091
79000	-413.8287782883587	-405.1638295135939	-398.1018358643336	-386.1328379632222	-375.74776780641764	-354.15322952167463	-342.46981598310146	-332.1800407455928	-328.7586535176083	-328.4401829148078	-324.0688076530454	-357.2792896857378	-453.29971393388786	-314.98491803453635	-986.940436547791	-5911.841760504465	-9672.0913385692
79000	-424.01171892418154	-415.78193694263683	-408.4835931957272	-396.2436513500038	-386.6314860295128	-365.1115316324941	-353.20775530048826	-343.5645474271455	-340.60353793183	-338.7584782202028	-336.6356514770653	-374.07152190690203	-464.25388740543167	-324.10938691048057	-1066.478239370393	-6195.163880309655	-9967.776784324558
79000	-452.75161322883406	-444.631777759394	-436.62442172195443	-424.2884956058243	-414.96217585643694	-394.00374190401567	-382.37924664779337	-371.8184497892171	-367.9512778558205	-368.1188560747816	-361.5864584978259	-392.7964811323809	-492.3532585646216	-354.1192784496104	-1072.48240649365	-5847.217310361717	-9419.83273200396
79000	-398.1964924364932	-389.42692979192935	-381.98162748284955	-369.67999255974644	-360.71919294691253	-339.33862493999794	-327.5118774465645	-316.7640484667329	-312.70322337436613	-312.84244266148454	-305.76475864245197	-335.70108281237754	-423.37032165759143	-302.1299765219089	-915.0330058241332	-5633.564650343395	-9349.48339460658
79000	-415.8475865809236	-407.6816743646092	-400.3773470333402	-387.5011377829909	-378.16109615109445	-356.8211612725759	-344.82571530725124	-334.4645050201283	-331.15753219057865	-331.00139715001393	-326.27321047670074	-356.7650578561745	-441.41624070573613	-317.3933725596415	-993.5075998726669	-5806.9995738780135	-9645.638104136046
79000	-417.0049528397184	-408.6301859395103	-401.02162078844896	-389.70433023703174	-379.1967733666374	-358.0142391762831	-345.8585404167403	-334.33825510712995	-329.67690464810335	-331.77981970488537	-323.96657252048857	-347.63428034806725	-427.42039853253243	-317.9663363152811	-928.4192691209598	-5496.378342604492	-9078.133746086332
79000	-425.3168969757403	-416.7557210847429	-409.1343660081846	-397.3360899239492	-387.8961393300765	-365.85861204016066	-354.3230952623197	-343.1963845744135	-338.67337200410384	-339.53656665386166	-333.84274381635316	-363.9285301067799	-447.86518322983756	-325.11265742540894	-980.1705795233344	-5785.874641541041	-9569.809544146623
79000	-436.29549192775363	-427.63710854731943	-420.8738099602205	-409.34898834332455	-399.5375094196637	-377.6437288644657	-367.18408171716317	-357.37669903154574	-353.99022798264303	-351.5200378773112	-352.0938012640499	-394.8549254930122	-498.614697158079	-337.77039773917477	-1065.0220667794881	-6219.7566945654335	-10044.243971984615
79000	-459.8656705144058	-450.97377913707066	-443.83927074685283	-432.1061117481804	-422.4477560032438	-400.7517102794584	-389.1850707490821	-379.56033172885736	-375.90726043993646	-374.83954457087594	-371.344393906772	-405.7702747213803	-514.6864838946781	-361.8033936306261	-1078.8293473383362	-5934.858972629146	-9563.433422096567
79000	-455.6155458112316	-447.64601307760734	-439.8670389590448	-427.42502802085505	-418.7730394574539	-397.5238817391471	-385.0230254374397	-374.14840820037364	-369.96336726716044	-371.50220458715813	-363.21232416891274	-390.48613510881466	-477.80760559561304	-357.0412080604663	-1066.2265753006777	-5540.214937546384	-9081.101151786464
79000	-423.0496227882976	-414.15621315259904	-406.71022759554154	-395.56382408766876	-385.7968405138036	-363.66999018027906	-352.69515258447234	-342.7025293246926	-337.8346817253164	-338.32359530435633	-334.22037598971804	-369.23575796643803	-452.55908729015357	-324.4612040246937	-987.0167591247994	-5930.371243493023	-9702.186053303632
79000	-426.67919133902063	-417.68693653269304	-410.41067659366405	-399.1659347340144	-389.2622330735967	-367.2008448564627	-357.0807340918539	-346.09446932552436	-342.3287168765723	-342.510043461245	-338.0731388169123	-371.5726375788401	-480.5332128637523	-338.77974467904886	-957.7534899754625	-5660.407792678092	-9260.825161973162
79000	-475.197396477576	-466.77857324189193	-459.8813787663731	-447.1457459049808	-438.2258659824181	-415.7906762952573	-405.119964052253	-396.25210226079	-392.7815289523896	-391.7889687719386	-391.13488274702644	-435.21963856515816	-551.0800760314218	-378.22291942601447	-1199.2116109937313	-6027.288980902301	-9765.277122397903
79000	-455.01397071845116	-446.8475806122368	-439.67874222868755	-427.71147652048637	-417.9636763939018	-396.3926089211457	-384.9644373052167	-374.2009931450666	-370.18821646884606	-370.8481981502946	-366.52922453481744	-399.8684354119006	-497.2600440908302	-356.81882366159374	-1076.7765534860523	-6133.239517801474	-9777.181256759448
79000	-446.7168403101156	-438.6474277337609	-431.48960194242756	-419.60495451686563	-409.56552699838437	-388.283915641226	-375.94225842648683	-366.27772742867126	-362.2766616705755	-362.3192496701095	-357.3505016622674	-387.97827082996895	-474.82606569176113	-347.12062231152146	-1054.4424649097841	-6063.622292477036	-9584.367429210051
79000	-447.46385380941854	-438.4291212725957	-431.00233292187744	-419.1715787667796	-410.7335225863535	-388.7993755524647	-376.5512023243117	-366.7929420412469	-363.1259877119336	-363.62314474342423	-359.83454934223937	-397.11429459446185	-502.5187016471385	-350.52034339678596	-1085.006851705529	-5936.892892819145	-9562.852470399566
79000	-492.4112497725361	-485.6742874586714	-477.4817722986192	-465.88969180215247	-455.57669693519404	-434.4598202682501	-423.60619576226566	-415.191721694938	-412.7905890117731	-408.97272616993655	-412.3060679199379	-466.53550741734483	-594.3565474871647	-397.7584311961922	-1273.2450453091765	-6645.3688875643775	-10647.568164291592
79000	-413.82339773269024	-405.38632129987246	-398.6115702606066	-386.1402827608641	-376.2438710470563	-355.18722073798943	-343.0971905869248	-332.4297354014828	-327.26876114387335	-328.99995231150734	-321.8627669860647	-349.5018907968789	-434.683558879745	-315.0575253457222	-961.6096580934134	-5752.874237798875	-9381.047570709388
79000	-422.1326328529937	-413.7667448360839	-405.96011071288734	-394.7247498404513	-385.1359423450944	-363.73458900384213	-351.7428867061627	-341.7199429059778	-338.4430957301661	-337.19063902528217	-334.25835264938337	-370.68299882600746	-464.752244162691	-325.23387278400196	-1012.2446178264596	-6093.195590994442	-9906.472958416489
79000	-456.8343303595124	-448.4663837178116	-441.3302912455384	-429.3692416200862	-419.86571138399654	-398.1248295819138	-386.6124838926706	-376.35620641634245	-371.5164451285145	-372.8668099577392	-367.81233561053426	-400.8703035884508	-490.75763237351623	-358.60105674328855	-1093.6232344522773	-5860.164594936755	-9441.314076930299
79000	-410.88535432891973	-402.0177942132724	-395.15202063827786	-383.0248550288105	-373.60075518696414	-351.5901788183566	-339.46033814010207	-330.54169186605225	-327.2685925454297	-325.9680341879702	-323.82585706417893	-360.52550709046756	-466.67935252086824	-312.784139715409	-997.0838379125133	-6060.565738076743	-9882.082468215625
79000	-421.2125566370003	-412.23642244667855	-405.3251790918419	-391.9633274009892	-383.1173906214893	-362.1202970104462	-350.2553027887066	-340.20962400819565	-336.56364192896046	-335.61994176388504	-333.7252105325446	-369.7595679017585	-466.10324279870014	-324.0502753239724	-998.1915918850225	-6059.891966052751	-9921.27024117271
79000	-461.65684436645705	-452.9317547277172	-446.3633566250133	-433.60327452260924	-425.34115925067647	-403.45108482216483	-392.05322046867707	-383.45863462274724	-380.3793644839618	-376.58492825777375	-378.70651496634974	-426.3150120845766	-544.613090204225	-363.9068897647304	-1174.3244975042105	-6359.391745976076	-10173.543508563758
79000	-408.49828581916177	-400.0831700745734	-393.01804340520545	-380.41775741698086	-371.1195083991604	-349.28616217850646	-338.1325464208148	-327.50437278083797	-324.29115338770475	-323.43240682651225	-320.79681567342175	-357.7203838481059	-450.8832453275928	-308.48386367522346	-1011.728483803272	-6119.817601326145	-10016.657025209637
79000	-438.1166961204245	-429.19813777198226	-422.2105220440847	-410.85876014210953	-400.5306469641962	-379.42228083381116	-367.54556174085116	-357.39729897427924	-354.2923645288324	-353.1214983750395	-351.0699279453928	-389.2676563339023	-501.81645120826016	-340.46640385301936	-1072.0908670948997	-6128.465432775528	-9874.592440658205
79000	-415.013279436719	-405.81906169308974	-398.7713961562735	-386.99487699624865	-376.8372466183895	-355.32838635549547	-342.8839052928262	-332.5909348567316	-326.88191101445943	-329.6403806194454	-320.48880689543927	-342.5516409438114	-426.2466109730494	-316.87597579584803	-936.5416509061696	-5554.822989773258	-9086.06638153856
79000	-440.68114470416987	-431.92968602766695	-424.38843477014433	-412.65651514949195	-402.77120199934086	-381.4321671565683	-369.7357800503026	-358.7204893960021	-354.6561913158668	-356.3598173632219	-349.8043517330704	-379.0568112187494	-463.62731301353205	-340.34797606071277	-1028.3897497505577	-5699.104938350295	-9457.192243461794
79000	-456.898563301313	-448.8386888642129	-441.6017405054301	-429.44693402753137	-420.4348713349274	-397.9443775112763	-387.0037068909353	-377.0101041003007	-372.7552320594932	-373.0061972748323	-368.38569331654173	-402.4253146794111	-498.83777312882256	-358.61089418149703	-1095.1784245618715	-5808.352878602869	-9352.946220959437
79000	-419.5848320005658	-411.69931635280943	-404.45233581839653	-392.47495554385944	-382.9593426513777	-361.3015956544335	-349.9895805214446	-339.44292703167594	-335.9623196885174	-334.6122967252269	-330.80650879801897	-365.0173045308784	-461.8797999712602	-323.3550240058542	-996.6498437524697	-5794.327465751093	-9571.3392527999
79000	-448.2187700953589	-439.9683185318994	-433.03925314936026	-420.4643845683531	-410.5957552742012	-389.37099251218467	-378.0401232506844	-368.8002922839017	-365.97935656688117	-363.1290045375292	-363.319783594353	-405.37514840105865	-518.5603722761473	-350.14860430822995	-1115.5204261867752	-6070.517812324459	-9933.49414195296
79000	-434.25235780314256	-425.9221577665184	-418.7009704423792	-406.7045839162837	-397.21911698053503	-374.9205013253139	-363.8686372332688	-353.91021719396247	-350.70822504489774	-349.51611335261555	-347.11213217596577	-384.5441231097413	-477.2223425856118	-334.8803950107104	-1052.7753215343066	-6235.641556535424	-10125.121582240929
79000	-419.8842149105428	-411.3951820911712	-404.5610250442442	-392.2935680027921	-382.2666843954579	-361.03149830894347	-349.2011632000197	-339.08035317770407	-335.853405495976	-335.05396126704323	-331.9299944901932	-367.88336290081395	-457.2708852667448	-321.3454751534142	-990.4297940872474	-6063.994674040483	-9762.172356480878
79000	-455.4371907782451	-446.639100081939	-439.67414019354015	-427.370130998346	-418.4680298323677	-396.3059374764331	-384.96944876625554	-375.4905887396637	-371.2530913218422	-370.6870007139507	-367.5054809094638	-407.37202491331874	-513.607828725153	-360.6776929225158	-1113.1180816485673	-5881.533013220649	-9486.34844117827
79000	-435.8285459357111	-427.4459035735609	-420.6448320788697	-408.4505307259875	-399.29034377738	-377.0999866500815	-364.72870300379844	-355.653422166602	-352.4358208697065	-350.9861515341519	-347.79609711420136	-383.340913395125	-485.29791810047794	-336.7006501851921	-1063.4606027000893	-5856.632422749562	-9717.725388272442
79000	-461.14964156056885	-452.6901523702535	-446.14920027071304	-434.559980737655	-424.6834121538095	-402.8020489071763	-391.28200337662565	-382.76237016848285	-379.611765328561	-378.5328279960182	-375.202545031579	-414.7249380786894	-522.6029817070742	-364.40894426327895	-1111.8547267437511	-6110.236837693495	-9750.675091101426
79000	-418.00352609804617	-409.62249034558204	-402.52844065410017	-389.91643252370375	-380.52441077907395	-359.5091308679223	-347.0765037778586	-336.06368043639276	-332.25833788346006	-333.5309409191181	-325.52944573809526	-350.49779483349374	-434.2611447102647	-320.84281666762666	-952.4170035124288	-5716.00029260153	-9386.901281836745
79000	-453.250805194176	-444.5431280716007	-436.90537811097016	-424.54271653643764	-415.6583138764748	-394.40292683506306	-381.8024851712589	-372.064288326552	-368.85914895286567	-367.7834088986847	-364.7887952934725	-400.14215360854763	-498.7327978514727	-353.53463206862136	-1102.8266182404943	-6133.694149670918	-9798.863895008404
79000	-409.4316476123012	-401.46660214476015	-393.94908534719235	-381.28740993175643	-372.31418922264714	-350.58186582289494	-337.9038062394501	-327.76609832440994	-323.73468599901065	-325.1598999247709	-318.7748550609671	-347.49203922890956	-429.74461292084	-313.1922825763695	-934.7812299714574	-5936.273695568501	-9579.625763460146
79000	-402.0067270417049	-393.82505083373	-387.0112386319683	-375.1827723613145	-364.70600426251247	-343.5511234236632	-331.3135443957848	-321.0154620272527	-317.04716242106537	-317.1305171471559	-312.611745982178	-344.514776598787	-431.1696638617119	-303.9895689445371	-970.1982627129786	-5928.549084081379	-9793.822989901935
79000	-460.8538568246175	-451.9823824726721	-445.45957011970137	-433.8865339376441	-423.69851770749426	-402.3113866506237	-391.60181394402815	-381.6104287991702	-379.4778202905133	-376.33787947432603	-376.0637575161925	-421.01809211782944	-522.7354952473099	-361.3695171197713	-1161.6051492804904	-6274.445175475368	-10014.308833756699
79000	-432.0362431696416	-423.9149883769769	-415.9697895668382	-404.4094498646972	-394.90859360220196	-373.2771885664702	-361.5794171246613	-351.4459473293946	-347.97011923825266	-347.44720068013686	-344.3674643028506	-379.827116322144	-480.19870535135254	-335.1010421655831	-1033.5165073199394	-6108.862313247942	-9828.173140371644
79000	-458.037804635755	-450.02135643330143	-442.7438254665023	-430.5953305188592	-421.3158966615862	-399.8208866377801	-388.1307315481847	-378.4173449428617	-374.64722925242194	-373.8926553486641	-371.228315454326	-408.9440514233809	-502.97447633925054	-358.95011691865346	-1106.2173998228584	-6199.648935058799	-9833.354052924542
79000	-415.33332245889824	-407.04479959333975	-399.2685275804201	-387.65924656462164	-378.16965181712874	-356.7354251332922	-344.35314808237234	-333.2457494349451	-328.5410101196222	-331.1836189332537	-322.26816483184695	-344.7139379621866	-424.97642489600673	-318.1675057725301	-939.5769359311012	-5695.855355941082	-9234.708470441055
79000	-421.7661182656158	-412.7833517181939	-405.80503826350997	-393.88229036890164	-383.24181253601415	-362.4914875498411	-350.62104692903677	-340.3444600638926	-336.0214787719186	-336.336168710875	-332.6458516881391	-365.5845721843885	-453.84597317578795	-323.689978238302	-1002.9825523201504	-5975.735130937652	-9687.489995153512
79000	-425.01449433222257	-416.88341154194126	-409.48288337095727	-397.2349636737646	-387.6813558853952	-365.9527753610749	-354.28887904160325	-343.6358308199914	-338.81401665086133	-339.7286674334349	-334.48624546065224	-361.8593468527159	-442.6165860319285	-333.73130789449544	-957.8305516925811	-5946.247512581193	-9472.704998253628
79000	-436.1092757297806	-427.7009391033259	-421.2650505450716	-408.7201477907173	-399.05413119426413	-377.4747661636851	-365.9009427928824	-355.67434843251374	-353.20775555818705	-351.8269558711978	-349.0620377184507	-388.62390911187686	-488.5968457694585	-337.9971933848058	-1055.6065246918647	-6100.79901951259	-10007.14902078707
79000	-443.98620126097484	-436.381074226076	-428.16352382178053	-416.69633168260634	-407.45009313074763	-385.3678985781802	-374.2546711408538	-363.49992881399714	-359.5370123141066	-359.9978106507016	-355.0282175476493	-389.5814423945502	-482.4695029503363	-345.2600446690084	-1059.673654911193	-5804.891656605345	-9444.331266142355
79000	-435.1680022659088	-426.5987711130711	-419.43233486124865	-407.8220477117786	-398.04777735307607	-376.7303031438321	-364.8503810793421	-355.3084209445351	-352.4592617145944	-350.1425414352746	-351.28644198905414	-394.69894799384747	-493.8023567340533	-335.251292854454	-1098.2148863642867	-6429.835438453092	-10430.903471849428
79000	-410.7192573131412	-402.24612599139203	-395.91811648737627	-383.3032115463741	-373.76878825223235	-351.8990637481682	-340.0384227366669	-329.4030188241071	-325.2891872175408	-326.31845919686725	-320.30396373314954	-348.4227345091861	-434.29066942757214	-310.9536724505814	-952.7674711214709	-5816.027084482504	-9504.663558604192
79000	-428.67499339002467	-420.2205678763073	-413.52937865519067	-401.561590509149	-391.9476274141039	-370.23301545018853	-358.49981308496564	-348.17257520167374	-344.88011063483907	-344.11245679060437	-341.1208009106121	-375.75289371950845	-464.3153232988054	-328.2851531026444	-1028.355426100894	-6115.637289483288	-9908.177655497857
79000	-430.70139985295117	-421.52012808558555	-414.53028826134397	-402.6922195627335	-393.0103825121912	-370.85641201487306	-359.51770629096893	-349.574175361463	-346.27671639188867	-345.6672722093793	-342.6234817865368	-378.2484018040922	-478.9705683016984	-330.90833605175266	-1048.0759752829626	-5978.234111613085	-9902.55789064254
79000	-438.3150542013661	-430.0494981095275	-422.9062786229944	-410.47418926864873	-401.0796197356973	-379.1292649629106	-368.1157029527885	-357.24318112951795	-353.75808144773004	-353.8908693274336	-347.8002646092221	-378.35556657133895	-467.9952038725574	-339.61591450571837	-1030.315140963352	-5812.5889905025215	-9480.307271523
79000	-446.74457733058597	-438.8185667136676	-431.4082720009099	-419.22815676509583	-409.95627465322127	-388.01224417585104	-376.92859722504807	-367.0609169313316	-363.17240330173286	-362.9016066401307	-359.3627188405438	-393.2724157831248	-490.50195398626	-348.0662122333666	-1083.561824870866	-5818.380130358744	-9590.836159617364
79000	-443.5265813966836	-435.0884878778854	-427.6249441273839	-415.6985187176725	-405.96540554705757	-384.09773383564504	-373.3709551153511	-364.49093740806865	-360.5649162121681	-358.83319336050164	-358.2619034660476	-401.275970384895	-499.05024180952853	-344.87919438789635	-1117.352350057365	-6335.557509285523	-10217.069802709393
79000	-405.2151320573202	-397.03379822921613	-389.3846928731046	-376.9646045896783	-367.7505076108346	-345.9847199207367	-334.00660977862225	-323.7695528379373	-319.7383598389115	-319.57106383957137	-315.2961644433943	-346.31058494213113	-425.955284095076	-304.3459981162639	-944.8574516992559	-5991.761427266345	-9760.435866729376
79000	-422.8227277170561	-415.22925683833057	-407.50111800260726	-396.4148238595436	-385.95382077784365	-364.58403251422016	-352.73897416042337	-343.019058163234	-338.9097733311485	-338.03414572166093	-335.25005300175167	-371.8918497635127	-458.8048013408554	-322.6825098204771	-1020.8851579401563	-6025.716269488128	-9867.060147273412
79000	-454.3685846753905	-445.3014829667472	-438.9745687284015	-426.9446586678813	-416.51156098434404	-395.3597863894564	-383.940127811564	-374.88383247733947	-372.76187431321654	-368.95321152794384	-371.7179831937152	-417.0501392606419	-530.4631917505287	-354.3742944027434	-1140.4161072807226	-6375.646641030381	-10307.726595760529
79000	-482.03078838390184	-473.98604333876534	-467.08212857444977	-454.9926982986069	-445.75996393655424	-424.0830852052004	-413.5696929474276	-403.5063808555695	-400.7101333754629	-398.4956881343664	-398.1834743150575	-444.31335533144596	-564.1477235600781	-383.85906629278554	-1222.3462776152815	-6162.351299255228	-9819.288814162206
79000	-420.67262673258784	-411.80073454823105	-405.17957782045715	-392.54113658852054	-381.7276336517118	-361.08287286237874	-349.1444907550184	-338.9522354846683	-334.15541797885635	-335.8248776469084	-329.3905845221441	-359.3349605213785	-442.5453849705465	-321.0190251326407	-963.8714825496648	-5649.686513199773	-9425.02461570942
79000	-440.523447866265	-431.8749657829406	-424.62562043912425	-412.9106855781498	-402.83228003011175	-381.5957288312603	-369.75108827597404	-360.3830000133456	-357.9395735261294	-355.6212945162233	-354.76603877206054	-394.8855311784746	-502.58864253369757	-342.12180493517445	-1073.1945710080308	-6130.743217809056	-10036.960059898069
79000	-407.0257080401059	-398.27852710436065	-391.42760573988306	-379.0554035541677	-369.1129723595071	-348.21112413627355	-335.48468864276725	-324.80110187524485	-320.3062840677418	-322.13501607480237	-314.39977978242985	-339.0259772348062	-421.72706386155244	-309.18017898437296	-901.440229489039	-5653.593316315441	-9352.466382017541
79000	-459.53321763622387	-450.61222620790124	-443.2757357560603	-431.82767221007657	-422.38200534411635	-400.8000915176856	-389.3377905176564	-379.42552160818997	-374.87811758432787	-374.7063157268447	-371.0684576440109	-408.56916549123196	-501.73925281957366	-359.01904861085666	-1114.4904867642967	-6002.156796511246	-9742.82172325312
79000	-426.58041482680534	-417.545380161217	-410.6971523312373	-398.8872834583949	-389.3745211528062	-367.26017312859824	-355.32702863460054	-345.6823848236581	-341.39831868981673	-341.5430381016531	-336.7207519827357	-370.40880575744	-455.03322093209215	-328.0437401495937	-994.8409605134246	-5897.061195328759	-9630.33302792017
79000	-394.7296770285349	-386.3324749414181	-379.2913926840552	-366.4783135101778	-356.13997903196	-336.2047943436513	-323.6376310222886	-312.99515576138214	-309.6310629322866	-309.4224347456157	-303.95761131128717	-334.83467479186504	-421.7394499857893	-295.33795813370944	-907.20897868346	-5740.369034681752	-9414.002283611408
79000	-415.86603539833885	-408.20345185705764	-400.05721462739103	-388.35888166808604	-377.9347253094594	-356.3440282430133	-344.87441694600966	-334.8221616560184	-330.4515608901016	-330.8629564450249	-325.9466404391728	-357.71912622692753	-445.10243991039687	-316.735355544649	-1006.3572901688473	-6052.723053521401	-9846.712354856785
79000	-440.5694153860064	-432.6486655630777	-425.2962003638066	-413.5402602551991	-404.0443640890391	-381.7044006331614	-370.984281014752	-361.1484233575153	-357.6243188363285	-355.6784654826551	-353.30724246348734	-391.9199212206547	-489.65399049792967	-341.4385856099193	-1127.120152020853	-6085.692255323803	-9850.568437489503
79000	-447.069570011352	-439.13543596424245	-431.1251403503913	-420.38493029202846	-410.0308624571301	-388.88088623408703	-377.2996847635421	-366.9276139225593	-364.47262203148506	-362.5618902243993	-359.39816408709004	-397.12903170821266	-499.75457783976196	-349.15500770180364	-1066.2073594563933	-6023.782767901444	-9735.627556575253
79000	-432.20240493354356	-423.38461740177684	-416.1853140538058	-405.51760108944677	-394.884443521752	-372.9606284581055	-361.7253306769325	-352.70961903515644	-349.34256341380643	-347.75091634366	-346.2925510449707	-388.62141745172624	-489.885229747801	-334.225351662967	-1075.6916846286815	-6236.507275953725	-10176.445426726345
79000	-430.59794474451485	-421.559537615043	-414.9395547731346	-402.76512267097917	-392.5147434055905	-371.7048325392566	-359.7039710936699	-349.452646244175	-346.583530265565	-345.8134953827458	-342.52540433707395	-377.76100860645283	-467.77891570699995	-330.57927857457724	-1039.1194942501718	-5826.489314657808	-9648.330906114325
79000	-424.2727607824291	-415.6364091688235	-408.2740286001476	-396.78264140826286	-386.51189759009713	-365.50316970339253	-353.05457653961327	-342.96132827750495	-338.63737445403973	-339.67732517734294	-332.42026560536095	-361.75647369070674	-453.114650624804	-327.0559240911746	-994.797464779871	-5565.672285150796	-9168.50925217909
79000	-420.66802734663696	-411.78390992622514	-405.1046918854334	-392.8062862463364	-382.699251214011	-361.1339953887554	-349.09666534625177	-340.3651669650526	-336.48175660643886	-335.78802026479036	-333.5780604091207	-371.07910248533653	-469.1141862150398	-323.6225201595029	-986.3142667389565	-5994.200861169765	-9736.973052502624
79000	-430.1623888022669	-422.09206621167544	-414.37562384642973	-402.04616459101453	-392.26280273214616	-370.9250434527213	-359.2554955098179	-349.24039260439315	-346.50148000831257	-344.7468120909458	-342.6035426609151	-381.10519614735017	-475.6300098290622	-329.15334489169555	-1063.100552317119	-6124.923372533602	-10024.767637982186
79000	-407.2202542425064	-398.2420636856449	-391.0880202153057	-379.02925981832243	-369.2979535664233	-347.43307156182203	-336.1826198659492	-325.57569939202796	-321.83934835218963	-321.30610807975705	-317.5890408070025	-350.98662762986606	-434.6373597793073	-306.01316053905333	-992.8206755310785	-5970.731586508917	-9796.82797300071
79000	-441.4398026843241	-433.61826986183866	-426.0501355931495	-415.020443980693	-404.3929745654005	-383.4772741160199	-371.48791934755627	-360.37800974281396	-355.808609782078	-357.9499736458228	-349.8944391186541	-377.1544066898318	-453.7497582169297	-345.21857866346636	-960.5810717996	-5457.643750425819	-9047.03055240768
79000	-488.1138041828966	-479.746612602995	-471.98898385657884	-460.6033716490962	-450.8870211493277	-429.55525306018325	-419.29871063236664	-409.1769239504538	-406.56359489671644	-404.30973190909873	-405.31021144006166	-450.3768577799163	-571.26980340677	-391.98102925595947	-1218.9510594473084	-6174.780537933613	-9950.725523425459
79000	-457.65056664399117	-448.77157260788465	-441.70350155228	-429.74714072079985	-419.5019579969603	-398.85756664553156	-387.0318379811442	-377.5955098433892	-373.9379270456389	-374.0642517099737	-371.30333794029497	-411.4431590457044	-521.3122043761872	-363.8001839669898	-1083.2762530504046	-5933.5843592206065	-9573.89313610525
79000	-495.1069509105371	-485.56185664843326	-479.1989866467938	-467.28733939786787	-458.1111278513197	-435.9981365435265	-425.67474089339225	-417.3053186342856	-415.37002202426464	-410.9052421779905	-415.59075324842485	-472.17612613788083	-602.9383321006408	-399.56409524579755	-1311.604631800099	-6436.706247266128	-10301.96499713974
79000	-451.77107328609765	-443.30903824704376	-435.93006545648046	-424.328052225272	-415.20121273042116	-394.0321285321039	-381.95876797997073	-372.87401481215903	-369.36210494784314	-368.2302617594665	-366.9816343346422	-407.44025074470034	-512.2159310473154	-354.2868176195313	-1107.6292355818382	-6019.687186541427	-9774.429218241397
79000	-443.82980219207235	-434.7776170681994	-427.6753359195465	-415.89641057630934	-406.91944345498746	-384.7709119048996	-373.6426983097332	-363.7592938826298	-360.38124685550275	-358.7392033351672	-356.02009074516087	-394.16022025610596	-496.55812792879163	-345.8647195260549	-1082.592176029991	-5846.158384127879	-9596.297941532772
79000	-420.0702994841611	-411.3978163848639	-404.3353702604822	-392.2516488763439	-382.84886527405035	-361.515433213362	-349.5383342052448	-337.9752994844993	-333.398052509764	-335.26270127177304	-328.1062024102038	-353.3978701366398	-438.54203773529883	-322.5173244287568	-942.133840022707	-5596.39291136672	-9202.74466593011
79000	-434.56384754631085	-426.65458247165407	-419.1662728352705	-406.9491173809564	-397.5502093590236	-376.32461909053916	-364.3895958389557	-354.5409241113388	-352.11944741527367	-350.44983407423	-350.3557104161931	-389.6086076851031	-506.9093373055309	-338.11989377027066	-1066.3770448571725	-6170.148735943389	-10037.941247484448
79000	-420.28469838667627	-413.0468327411633	-404.379587048573	-393.35822788466226	-382.7831034570912	-361.7016590056271	-349.7342238048717	-340.3138772897577	-336.5114188437517	-336.1594677690004	-332.38024577236826	-366.59314984538184	-470.63693352381887	-323.9489831453469	-983.3713649392173	-5879.717003192691	-9662.535987911813
79000	-434.6213148667449	-426.50558067057324	-418.874777105241	-407.412656031531	-397.0799909889321	-375.54772722985297	-364.30716627317014	-354.23830461708485	-350.7473931260572	-349.85033795375836	-345.0592334008693	-377.70137377533183	-488.0764420781698	-339.46374323434617	-998.1304506670039	-5797.061842747413	-9386.29555141438
79000	-428.1822779700242	-419.50771006732	-413.00528307741155	-401.10404036710054	-390.8711601529507	-370.241649021136	-357.696780092497	-348.6202872779793	-344.46042309277306	-343.816461673038	-340.57217363711953	-378.99522183072327	-474.550064944184	-328.4018283378225	-1027.0117196716515	-6115.709396505494	-9973.151937196446
79000	-445.5784252295776	-436.2739300769859	-430.02456512553596	-417.6409551628901	-408.0802064816781	-386.1336164949726	-374.6442115649514	-365.56592985334265	-362.3012496983711	-361.7911746156079	-359.2708506686579	-398.77219862610053	-504.22038515497843	-348.9460455177608	-1091.600203618581	-6197.202850187423	-9973.774511418469
79000	-394.9760752758033	-386.0938945646387	-378.45272163585577	-366.70644727920865	-357.5564510378633	-335.8897046433202	-323.413189013453	-313.1266725520508	-309.2887313833758	-309.36690714146	-304.30942588282045	-336.6344244945234	-420.4786694655736	-295.17928312697836	-920.8388284448373	-5938.5012521541785	-9731.325797556749
79000	-422.4688216754892	-414.1915996915268	-406.87502184775036	-394.8201089224898	-385.0678218043407	-363.1657035425571	-351.4720595900385	-341.85972302088874	-337.2065938986546	-337.6438135937864	-331.1857124981777	-362.53379414708326	-452.43496956992277	-324.4387920617703	-984.4205541998124	-5665.932910495921	-9310.561333219199
79000	-437.67832176458353	-429.4207124328763	-421.99798810184706	-409.72295329005226	-400.28851046172383	-378.22354668919166	-367.32582380354006	-357.8886920097758	-355.2217585908923	-353.1788476697442	-351.7722465115038	-392.18488828025926	-491.5520791663932	-338.6718660651245	-1056.766636350085	-6164.1407264357285	-9992.248915072087
79000	-429.68685974205533	-420.6479491128953	-413.7356103708876	-401.68025137111636	-391.6351486439599	-370.43276181385085	-359.33441716520923	-349.205548005824	-344.5437664960106	-344.94813277240183	-340.5769577312174	-371.71324738856634	-463.52889290402027	-332.10339135289274	-1008.0293272550758	-5786.880279208361	-9595.99533025391
79000	-451.4838028129344	-442.2828835583728	-436.2077277779858	-423.8754865803197	-413.8577154713037	-392.3925030199028	-380.544390881445	-370.5151162874281	-366.639180405496	-367.13885944605096	-362.9864445116256	-395.7642579381092	-488.11110336795247	-352.96815853799353	-1059.784049754249	-5989.17320996689	-9588.756520174715
79000	-467.4757805058615	-459.46570548017195	-452.6720570697807	-440.83745795734865	-430.98546556473764	-409.21862496382226	-398.6450958783341	-388.6910702664388	-385.8607258192593	-384.76246707405375	-382.57153804416413	-429.35318389905416	-549.0605764886112	-371.81207574409746	-1151.6407836500698	-6030.794345115747	-9757.685793546156
79000	-457.31756225030745	-448.4461091681145	-441.63164949077776	-429.2366918886154	-420.25663918932764	-398.6047510782972	-387.4217335550138	-378.00891213368925	-374.8725599575666	-373.14240456482975	-372.5490935048003	-413.5384461972316	-529.1017648658251	-360.14782404052704	-1124.7052318498547	-6058.4865072229195	-9794.70253533374
79000	-482.4558537296729	-474.3866684964017	-466.8935518832937	-455.8035790111891	-446.3896738919821	-424.5978449045079	-412.87488307273946	-404.02108162928073	-401.9152583125275	-397.7889203245308	-400.9461301308351	-451.12419071595326	-574.6054760375455	-384.85019327415387	-1225.9825170852534	-6250.347147538213	-10094.084588526632
79000	-468.06543629631756	-459.1703854271659	-451.47398525028626	-440.4401707604318	-430.4525525598085	-408.65328558065397	-397.9460743857187	-387.53774171622945	-385.21725461988024	-383.31395288229584	-380.89261608086116	-424.40864822960845	-539.714867647431	-372.04010404002196	-1136.0348248608414	-6190.8322858249285	-9814.724628356638
79000	-435.4899687266811	-426.7575416260759	-419.49989498975975	-407.4361240955567	-397.9150467549446	-376.10784033060753	-364.06496961283614	-354.2605212665956	-350.0278384352425	-350.54127562985343	-346.51668636311706	-380.2408274948277	-470.43503882408476	-334.1828944049462	-1080.1432106063949	-5946.8737572928385	-9835.373792795786
79000	-451.06738263096855	-442.3071843643579	-435.5578025947444	-423.7855311345015	-414.13069132276564	-391.420543895794	-381.01226842410284	-371.6395476042587	-368.56907808147395	-366.4104575692902	-366.3246070914503	-409.6101184893685	-514.6223480040233	-351.6408135605253	-1120.4073422421293	-6355.166341510068	-10164.054593986299
79000	-461.6082855770523	-453.36035881942723	-446.2227273263407	-433.5353895215486	-425.00137458365833	-402.4669473771095	-391.058973601298	-381.838350480843	-378.5773479605048	-376.862232930734	-374.3479479135269	-414.12256057061404	-510.03516499933846	-361.2638717388368	-1114.2813008362982	-6378.995496572513	-9952.254173945297
79000	-436.81941024804144	-428.1506450388834	-420.83569137139733	-409.4391390187063	-399.326726947293	-378.29331579557874	-366.04195823847215	-355.0507296393152	-349.98686138180665	-352.0460328865632	-342.98104964937846	-366.8716495117302	-450.17594789990795	-340.6124015588051	-964.4063645227096	-5536.536913019001	-9059.712065192542
79000	-413.6138817785198	-405.0325378865895	-397.47160612719466	-385.76873306847926	-376.0341224066491	-353.9654853087512	-342.4449289501758	-332.6409178444885	-328.0991144209495	-327.83176420927566	-323.96875738098146	-356.78461315340087	-444.9862550236609	-315.27715567524905	-991.3151381239775	-5859.3328149525105	-9605.889786916725
79000	-446.28158720783694	-437.4812013111697	-430.8319707654188	-418.99364863490666	-409.34661770698847	-387.21827252081124	-376.19450149342595	-365.85954420821815	-360.8208463439243	-362.12949063492795	-357.3671285431646	-390.08650929878223	-485.7443480922924	-348.1467304056071	-1040.4283708940561	-5931.012778179512	-9603.466906061221
79000	-436.72196999123156	-428.00107665204456	-420.4888488580644	-409.1979099257061	-399.84121447603644	-377.7119469881933	-366.61627340306063	-356.08038537834176	-353.6694817385527	-351.81086448202024	-350.07086414653634	-387.7330566080069	-491.4848192476037	-337.8652909146851	-1059.5786511189012	-6014.299975621763	-9839.578379249107
79000	-441.56161471422473	-433.6257099976202	-425.8745249468921	-413.7216725796143	-404.40284595691793	-383.09560824734655	-370.49442834911633	-360.29122919516135	-355.5174785478029	-356.9333024640196	-351.24445793458773	-380.363121181067	-467.07947620249007	-341.089232128793	-1036.6338384166422	-5677.962020747877	-9330.682563404524
79000	-429.23147903463394	-420.66923333438626	-413.97059269688594	-401.63610630774133	-391.83648599078236	-370.04664221077473	-358.6993127563642	-349.5520557438774	-345.7143779319486	-344.41886498169276	-343.43502647820645	-384.32320676086863	-483.97516608377697	-328.89018678030214	-1071.0376990659358	-6290.835657005302	-10149.04020562887
79000	-453.38333559022675	-444.9948761641836	-437.9672182099502	-426.3568379637338	-415.94195609174653	-395.1950861496147	-383.3023997625449	-372.2472018075626	-368.08842779257327	-368.99522890187393	-362.4501166063311	-392.7139023016673	-492.5120256883128	-358.4469664300843	-1082.2816203592122	-5762.733939345924	-9383.74869562271
79000	-430.60229878575086	-422.50346199599034	-415.3796923468587	-402.74267476294995	-393.042856995659	-371.5623921823761	-360.12164280511166	-348.7561688897892	-344.6810583822242	-345.8262019287706	-339.4520269808533	-367.4686410163646	-450.2623021933518	-331.9569769669245	-1001.790037112169	-5693.2058532684705	-9452.653613368399
79000	-416.2182615327336	-408.3213255293313	-400.99463134584136	-387.92493044918467	-379.2283250599319	-357.4453725231232	-345.14237792762606	-334.39956168951306	-330.9409951449876	-331.39025682220137	-325.1554820569248	-352.82237309303713	-441.61047437923077	-317.8232733271958	-953.8900103115063	-5695.05134581854	-9343.595356158443
79000	-414.474322835068	-406.06548461766266	-398.5402037859097	-387.0929110633415	-376.750867298577	-354.95353256179754	-343.10472845949073	-332.57577124265305	-327.80033479883053	-329.1518509011458	-322.41630248564695	-350.6130072747216	-431.2750015596328	-317.1825881356158	-950.9522382275738	-5702.23704342929	-9474.45386717024
79000	-417.579516445141	-409.21476972913473	-401.85176700064056	-389.93335025809824	-379.8594499137401	-358.83486499894525	-346.1606016551827	-335.53320300851465	-332.10968958912696	-331.4935556076157	-326.5342815733323	-355.75139476790207	-435.53143973523186	-317.40823752084947	-972.625034265136	-6123.996509134697	-9715.607832717045
79000	-438.3431611408549	-430.1826003422476	-422.96435509108363	-410.1794021880771	-400.90632462916653	-379.1240820339565	-367.88612457096605	-356.5417610977064	-352.608990260628	-353.59979681201463	-346.5455082332631	-375.6691250084766	-460.22595929392793	-339.4688119200873	-1025.284185825438	-5881.490921146386	-9393.657869717115
79000	-396.6987957209531	-388.2804136505182	-380.6194025085518	-368.7733978844029	-358.5756633790353	-337.1860468507635	-325.02896121757675	-314.592594796647	-310.192238311899	-311.1993963334967	-304.91087684163256	-333.6741616157089	-418.9010156097296	-297.1724072901879	-936.1239210660244	-5903.496115578064	-9656.47688284972
79000	-410.8264629003499	-403.35010020112225	-395.35469259345945	-383.7573761107835	-373.6948132857485	-351.88837929252816	-339.8152174921193	-329.02261138960733	-325.79213434809606	-325.7838737436724	-319.17806216899817	-347.03912486631816	-425.4887641888424	-314.8776749721698	-935.6838745918385	-5585.054222780015	-9248.549457471208
79000	-426.0084028945945	-417.52860178485105	-411.2299924406788	-398.88853642986555	-389.2816958816131	-366.95315368903846	-356.226919187363	-346.56937408958237	-343.7549930481239	-342.0872005348169	-340.23110536455243	-378.0275858641907	-478.59270046511864	-331.2934926312247	-1011.091477662497	-6233.778294974954	-10126.11640584594
79000	-461.1585724785339	-452.3555180683679	-445.44882739137375	-433.08537184344584	-423.3567184664801	-401.95131970756086	-391.21146595367617	-381.2075556786371	-377.88366163149055	-377.00691879670933	-372.70224059244197	-414.926276588014	-516.4812516355596	-362.64264826220585	-1159.415231901902	-5872.301061423966	-9721.935073602835
79000	-453.22305376804945	-445.0770012668933	-438.1701084946446	-426.0188123589311	-416.8828632544155	-394.19200503544545	-384.045186834903	-374.0091358167026	-370.59766761163684	-369.0476543784909	-369.54629842372935	-414.9156751282021	-519.9065810290666	-355.2465227971355	-1138.9914696681317	-6152.559077630315	-10157.359419697743
79000	-424.6989772881116	-415.39047735219725	-408.29955735821244	-396.665269970316	-386.65979151075703	-365.44599192783994	-353.7951092397989	-343.7189534421725	-340.0487241000367	-339.55129629984805	-336.419446735552	-372.4856865838113	-469.70364704926453	-327.1022514744436	-1011.7413730904169	-6159.021698749081	-9895.253450485861
79000	-412.0606432045492	-403.6342965340226	-396.52974065037876	-384.23115507020486	-374.2799160760643	-352.7869023459838	-340.8542109543593	-331.02542355096716	-326.83658169014785	-326.70192416574434	-322.480359761259	-356.24184175909613	-440.96991254954366	-311.29806477562306	-996.6046456898001	-6043.7187912347745	-9823.719344677975
79000	-424.76165638061366	-416.4488845541643	-410.0418463074739	-396.7927540171703	-388.35541203911606	-365.69503487861846	-354.34636978271305	-344.1414453543493	-340.550918956657	-340.4418191356876	-335.6958369409605	-368.7255686857635	-455.94166676043375	-330.00952879081296	-969.8953028473185	-6018.193166617083	-9815.269048168075
79000	-447.8157177716954	-439.9401587960178	-432.5134667667273	-420.3873456064257	-410.7123127586695	-388.59356357778887	-377.66500463711674	-367.48757325253104	-364.45079146081844	-362.6530531839257	-361.2268492899066	-400.9046875827223	-494.8571526976867	-347.25059619738505	-1110.1428748177	-6144.302551303546	-9939.437077903176
79000	-474.23386224261014	-465.93572625955414	-458.9454950839394	-447.9489399852656	-436.93584276420034	-415.9631920282237	-404.66446062654296	-395.82571814370885	-393.12912613318235	-390.3435075899582	-391.5459841698027	-438.16801278680913	-557.7568293751731	-380.6839366959174	-1173.0497270864478	-6158.7536948207335	-10051.744111673801
79000	-393.11535870030366	-384.9098814633148	-377.30080540506384	-365.0886638384454	-355.45162957527754	-333.4108707454374	-321.30101249430174	-311.7986809797406	-308.0994226232216	-307.2752540574983	-303.23567995910236	-333.4814900068616	-411.9577281181291	-292.6600612959281	-926.4807313562062	-5914.932458902529	-9684.06909034753
79000	-423.1504550252952	-414.7296726532195	-407.48687894046947	-395.5885545251389	-385.9117995859986	-364.0602887628165	-352.16867704576066	-341.13145630918564	-335.91164628890766	-338.18723933900276	-329.3756056651503	-352.9300596443383	-434.8129237621771	-323.40010739418494	-980.352297004789	-5594.767267293395	-9220.537969757379
79000	-453.82096077341885	-445.63457873228447	-438.3035095213723	-427.09793135846473	-416.4606196990736	-395.05763826677753	-383.52497622813706	-373.6478890333726	-370.6826784390133	-369.4019918180047	-366.648468725914	-405.4943911311025	-514.6717665401899	-356.17796322957827	-1119.5109734793468	-5914.624909991523	-9657.03211734562
79000	-432.6186727227129	-424.04435803937895	-417.23403051045767	-405.31297989085203	-394.68594609575405	-373.95035723692837	-361.1221126487413	-350.9768122787895	-347.2279611853546	-348.10958346491253	-340.6992149645445	-368.8342039877297	-464.41433657039767	-335.8911107501978	-994.0223744260514	-5826.988034006479	-9492.458836630125
79000	-443.5079261733807	-435.6021444065683	-428.3430820602435	-416.4823326366602	-406.3025406959593	-385.7036470310713	-373.03171394809647	-363.6426304167698	-358.3652687001575	-360.62009590901715	-353.3657645149577	-382.87458989246335	-472.3967379000192	-347.4330538441347	-1031.222645879849	-5597.130660259211	-9095.926969524793
79000	-436.9705589486085	-429.26172046851985	-422.18850078327074	-409.662456949024	-399.75534512297446	-378.2085316826065	-367.02270957817194	-356.46744364366964	-353.3576563144046	-352.1149015304706	-350.51007616124207	-387.8932958394351	-478.7776632786204	-337.63304231485387	-1079.7653092260523	-6260.713983215677	-10094.831690122155
79000	-442.5820861668584	-433.6049262642007	-427.1222840566127	-414.94960896857333	-404.47160302577083	-383.85299212044856	-371.13206826125275	-361.79123930377716	-358.04707628390184	-357.8976021197568	-353.2143725674631	-384.9659778094367	-472.1546117412443	-342.7736904155214	-1041.2855264649097	-6040.122669364086	-9655.495154237715
79000	-404.83316231137354	-396.556282008803	-389.65211488291806	-377.22946004656603	-367.31117018864154	-345.6427731008754	-334.1873239499188	-322.97604531337953	-318.12321327050137	-319.4945817187193	-313.125838901308	-339.7017078957178	-420.35052848306145	-306.81841945254695	-946.7294610329722	-5700.568738640917	-9439.528853741758
79000	-431.7818546214499	-422.72579221971074	-415.46386327141175	-403.076541008935	-394.9100932556482	-372.16794523739486	-360.8242546794147	-351.8009647150522	-349.3156196889456	-346.3614924652008	-347.2492953989943	-390.7259792666773	-490.30628891391365	-332.10037553471534	-1097.1264565870433	-6333.735371160812	-10225.858718408661
79000	-414.46274618410354	-406.2037165437628	-398.97804204294783	-387.0069648083463	-377.87878728726986	-355.9735340548351	-344.0183853789314	-333.26821582972195	-330.04767790015285	-329.3740870681305	-324.8143943873484	-356.86301057943655	-441.8587977278138	-314.3355783577729	-1002.6293216598751	-5808.748856949951	-9622.470640894258
79000	-417.1773828553327	-408.13545828587894	-401.8697772255803	-389.9888522005914	-380.08068027398843	-358.178740752559	-346.6664791989307	-337.3572888034222	-333.5786573956819	-333.07005073096906	-328.7265447568487	-365.23781755437307	-461.1204701219198	-322.0145647682663	-974.4530231862168	-5779.9053442496415	-9600.797224635504
79000	-471.5501038011882	-462.9568415060095	-455.2667694864986	-443.85713173360546	-433.4596705803823	-412.82544820096865	-401.0181865716131	-391.305648959704	-387.6846772165286	-387.09478376843776	-384.2555319718692	-421.39152491488073	-531.3094698458265	-374.8146571901137	-1123.8538256755767	-6215.900491020391	-9898.440051136016
79000	-419.8850430645844	-410.94260825900153	-403.7439107053936	-392.2275139254998	-381.95964434103485	-360.5994702482576	-348.4551339188836	-339.26463146959134	-335.75841351702036	-335.00657199108645	-332.6917139414179	-368.7988868658293	-469.971349235644	-320.6246199190599	-1033.6799195539725	-5993.099871023563	-9898.476408250895
79000	-431.63272679173133	-423.3598445247978	-416.16526836968984	-404.1311689742787	-394.58538763046215	-372.8506898181335	-361.4185132560395	-351.74548418468225	-349.29718137724785	-347.3092451527872	-347.76389503459455	-390.5183159142098	-491.0572981280429	-332.0004443905983	-1090.2698049506448	-6226.49805030834	-10156.780128772063
79000	-429.98168660836643	-421.51925578843145	-415.0645170097801	-402.8897372473242	-392.91608445543034	-370.7310071229782	-359.1808975627318	-350.4861767554013	-347.8335538520496	-345.1287286406832	-345.8677318847595	-389.1834961768552	-491.111254417932	-331.72820147896834	-1059.1646359272384	-6396.399161796823	-10302.325953775247
79000	-396.8330514805302	-388.3583102529107	-380.60382459057297	-368.5125219310743	-359.3564434750282	-338.2175549652799	-325.64924925347424	-315.03918550430876	-310.4344739934311	-311.4608898852823	-304.9181371006366	-331.32349970533517	-414.823497804995	-298.9430262052505	-863.5239129058198	-5674.991359746399	-9516.893233228728
79000	-421.142605327738	-412.2971368796937	-405.1718540932682	-392.7775768176617	-383.4429274183367	-361.4009369599946	-350.20434175715394	-339.34646820655485	-334.9058197081223	-335.32574995438	-330.93591731933594	-360.5518183967117	-445.67825379670273	-320.68584785553713	-1022.6560570741485	-5865.588822727122	-9586.804849067781
79000	-437.5443723934301	-428.79638442611446	-421.2310526024765	-408.8852404416182	-400.1942629131712	-378.247510623282	-366.0373422401537	-357.45397162597675	-354.034476189145	-352.69221923404626	-350.26888118929014	-388.61972627559044	-491.5378572446983	-339.8070416184348	-1061.3548872748927	-6071.959630649983	-9884.029659208825
79000	-409.37525731264697	-400.75113002360104	-393.62031657564665	-381.8069512769621	-371.7477919587359	-350.62599243311433	-337.7515230925994	-326.2210727477135	-319.7630335633489	-324.9903875070638	-313.07328565441946	-329.00563242229003	-395.7797188805855	-309.51494453314825	-873.883793058223	-5339.852544232551	-8818.618382609866
79000	-429.49339415716787	-420.52303632962276	-413.35392678216334	-401.6648811309402	-392.1538008746834	-370.647886452461	-359.38265681916886	-349.67831857478023	-346.81217098682623	-344.7658264889297	-344.7006339471183	-386.67384305366886	-481.62718552251846	-330.32620015812074	-1076.6657505454104	-6140.565486653957	-10055.665080073486
79000	-439.1942791565657	-429.78746004982946	-423.577540269651	-411.3472107172962	-401.7111437643933	-380.148426947522	-368.3677941505644	-358.5227245332964	-354.82804087901116	-354.13874409287376	-352.3701290151744	-389.982760563885	-481.97013180421976	-339.29231954164396	-1068.202353568641	-6238.065994756002	-9895.236717311122
79000	-411.9678225252572	-403.5689090826286	-395.7690091060352	-384.0455253259637	-374.4728244036081	-352.7192658662548	-340.90277737424856	-329.84700169828795	-326.8317601210065	-326.978653101596	-321.10695519629746	-350.4990837982986	-436.15129812596547	-312.7782709092383	-948.2010854202628	-5644.519074118437	-9324.092695350251
79000	-449.5748359632056	-441.3897471238337	-434.01475372690237	-421.8654095587742	-412.77526858883704	-391.17174720453386	-378.9963382185409	-369.7992515057437	-366.0323026223305	-365.31087283391975	-362.681760850637	-401.59037170690453	-506.4115519862351	-352.247527256036	-1094.716037570184	-5977.40986981493	-9726.41196365787
79000	-443.34273037195516	-434.9449235889915	-427.4460164295563	-415.94491876652705	-406.1776655161158	-384.99531245759806	-372.64678396016996	-362.36629011496393	-359.2464729628707	-358.84557563110474	-355.187896925775	-391.3541776931152	-494.90064782525195	-344.55679827597817	-1117.305843310244	-6024.432657234358	-9731.841890090373
79000	-419.67819542213283	-411.146458155469	-404.2101834268058	-392.3159085138534	-381.79185477502045	-360.53123372807	-349.0949309624918	-337.87667689869414	-334.60174503727626	-334.40509045927985	-330.5425534699602	-363.32912307167703	-449.5254600250824	-319.47672513577635	-1000.8750529768079	-5970.747237113244	-9709.856971151212
79000	-446.057567608334	-438.43246658350535	-430.81592683741195	-419.3623609250294	-409.2842319756842	-387.56581735234226	-374.6715329358622	-364.85496646268905	-360.3015496541698	-361.72653966041526	-355.3656170441563	-384.57656891815503	-472.71797946613134	-346.87194676903215	-1069.1769807777894	-5744.032108774522	-9439.6604635795
79000	-438.3404097205004	-428.7676742240309	-422.30898358568237	-410.4705631672126	-400.76973684867124	-378.7762229429715	-366.92824419029336	-358.87142608744296	-354.29374917344273	-353.5118184062521	-350.71973730461025	-389.2194993304197	-491.8404861338167	-341.25641038029	-1035.6992551843075	-6032.101258748942	-9757.00716181743
79000	-436.80017004870484	-428.07585943116607	-421.5166709010993	-409.6330202238106	-399.4414893038559	-377.47502533005377	-365.8580457672858	-356.0575352301556	-352.22374992424994	-351.9732103446318	-347.1276758269677	-381.0840132621457	-477.3203166037597	-339.0055522120354	-1030.3811654790777	-5795.356896874459	-9543.662293995798
79000	-418.8440089996841	-410.3078420631684	-403.45592990265635	-391.1462613846394	-381.30261670421874	-359.7697366058018	-347.8768677958948	-336.21071968689347	-331.84220568942794	-334.1982507527094	-324.8884757527507	-346.646115606877	-423.9176795620214	-319.55529923232655	-930.4253338603542	-5305.118025042055	-8860.934430780477
79000	-413.4412846292617	-405.2208583122062	-397.9327709403512	-385.71561213024154	-376.22960811699306	-354.74884021466085	-341.74638780253446	-330.9934802058716	-326.17769903235575	-328.81070594093956	-319.21509266035986	-341.21486438106473	-417.4943959629375	-314.23677762132087	-926.098299924845	-5569.157360374443	-9121.24147358826
79000	-419.73576194995127	-411.4251475780059	-403.5267649781435	-391.61878294834753	-381.7421622751296	-360.3554010746397	-348.21636477711706	-338.19666394342204	-335.27321165088114	-334.5775089187027	-330.30402688351603	-364.2594330736212	-455.3687692278975	-320.98614094929127	-992.2615994509694	-5952.935115962532	-9694.84435572136
79000	-425.14217469614533	-416.43256704382975	-409.97566010523195	-397.36947973778774	-387.5625182272099	-366.3005674748168	-354.66467652997454	-344.0969314784379	-340.06565259562177	-340.22573258329476	-335.928363537453	-369.39702229117586	-474.60766347903905	-327.4143456548002	-1009.439713777757	-5944.052814579599	-9608.855535029876
79000	-448.8870694056754	-441.1731358484902	-434.6586544391933	-422.03726327805225	-412.2015020476453	-391.2188145977532	-379.3465007024446	-370.3681414994392	-366.8019875529084	-365.05777730760315	-363.7910815096149	-404.81451760068916	-509.1312549432218	-351.43795518112887	-1101.3920275368994	-6205.052914927482	-10006.689198023843
79000	-392.9265314475803	-384.5663067929963	-377.15167677894345	-364.6427820955946	-355.1870043595272	-333.515283359607	-321.32409179551735	-309.9476949137298	-305.5741424423421	-307.7873922827197	-297.88442291692076	-318.81563553926424	-388.5388115484228	-292.79142056091126	-864.9126303994835	-5463.553475235444	-9092.116287356972
79000	-425.09571543434146	-417.1949170447873	-409.46133981113036	-397.44221378005284	-387.94351078249736	-365.8743591828113	-354.2604215247077	-343.91588814419003	-339.3281855259046	-340.0608316641658	-335.23091750451647	-365.8468984193833	-448.9166874705595	-325.15133510252906	-1008.4624096808234	-5981.059403764182	-9791.441125141942
79000	-428.90443957099995	-420.2559903612223	-413.1328288475426	-400.70425690148875	-391.013388138944	-368.99968304206976	-357.1111581308958	-346.73439734643614	-341.413313934018	-342.8859753396695	-334.89232650637626	-358.3271451744262	-435.46279788783073	-328.85410390981104	-950.2984712300529	-5689.881721292459	-9377.83588131809
79000	-432.1299673054607	-423.9116592269412	-417.3677336210291	-404.38155466512444	-394.8596069920664	-373.39943582160737	-361.8187672359654	-350.45061076188244	-346.89637614512634	-347.5815054610782	-340.52080311286863	-368.4408460617001	-458.3368784497496	-337.2655815049458	-956.375208163599	-5672.61573468433	-9184.011963136874
79000	-454.15805374018396	-445.8566864386223	-438.71180862293585	-426.60329571989735	-417.3137019577614	-394.9844091845406	-384.2180108129977	-374.69694917011617	-371.04464387698454	-370.199533704849	-368.6168732056255	-409.52733420667136	-515.3731193236273	-355.7323694146511	-1150.8190398453776	-6160.406992442887	-9955.187098532586
79000	-453.9548146537816	-445.63597544813877	-438.550207557429	-427.17351426168716	-417.42495938100717	-395.2949123764457	-383.9215286876134	-374.9422755685347	-371.1116636441047	-369.13511084262234	-368.4738511430502	-410.76938607989194	-510.51024270931214	-355.219221578154	-1145.1049697391559	-6162.764839072654	-9989.571668517498
79000	-443.085475067221	-434.476342422972	-427.65127741074303	-414.8038955744951	-405.11043136244496	-384.3809862854115	-372.0166750040493	-361.6170290011134	-357.5325464753583	-358.06045044832337	-353.2642884302138	-386.1239005005923	-485.3738439148497	-344.6522455465896	-1070.0306794708013	-5845.905111387571	-9416.599724843336
79000	-412.97501567941845	-404.7101928895599	-397.53776275108424	-385.3782813494504	-375.32603203628753	-354.44062196321903	-341.89640773488406	-331.33988814957723	-328.11075094636254	-328.01868342483004	-322.9261686577761	-353.23912057954334	-436.5814568939209	-313.06315675128695	-966.3108760518971	-5840.793449273292	-9703.65505515524
79000	-463.45529110796343	-455.3579109036677	-448.2200859639127	-436.4532347407835	-426.0881371385886	-404.9370617884429	-393.39715156304914	-385.6858264399001	-382.0798778581587	-379.2581666577086	-381.2723631519997	-428.66223126770313	-536.8363335642425	-364.4034111661455	-1193.2919629511075	-6499.182217629594	-10345.593804418138
79000	-380.1992958717942	-371.5014757395057	-364.575832429634	-352.49592712601236	-341.9346324374102	-320.4206928050966	-308.44857438362845	-297.1696420836198	-292.8626744144275	-294.31441265411127	-287.36185321715396	-312.2435694629644	-382.13136942713055	-279.6719813533381	-863.9045705541142	-5798.835021260162	-9485.969097745026
79000	-418.76056484814376	-409.52842600216604	-402.89820138898364	-390.9614707045048	-380.27783356431735	-358.57102660203543	-347.42526307093374	-337.53891156205276	-334.01755620318886	-333.6422009699208	-331.0062220970932	-369.24303056689223	-462.0257388670808	-319.6710623035491	-1033.9074080442724	-6025.665580703543	-9899.947027459917
79000	-421.61279374414215	-413.42736561327325	-405.71267467379613	-393.7172242309895	-383.94138970398683	-362.31794958194814	-350.325140033954	-340.35348867999323	-336.4436733382248	-337.5936528618323	-331.5821866333993	-360.7647017546179	-451.230836766956	-323.20496561275365	-967.4204941255501	-5626.019720787166	-9340.674809096234
79000	-440.0561176199081	-431.73562556751955	-424.646316541164	-412.29964537391163	-402.94367522203993	-381.4314808103775	-369.2857262296371	-359.2490485135036	-355.6577943645289	-355.37108774278454	-350.8670066840487	-384.8375952428133	-484.28271809601443	-341.80746938840156	-1053.3915360013946	-6006.5293545688055	-9634.412227340781
79000	-439.77919940467683	-431.6411086019313	-423.88314863387376	-411.99184628351315	-402.0752589706218	-380.8641455346971	-368.331912215771	-357.7802136167448	-354.4090665117457	-354.88013556531456	-347.5595059410347	-374.2985699193121	-455.2552381677456	-339.3893846079092	-1019.4225992946707	-5824.18566789089	-9491.99404439507
79000	-449.8709878259197	-441.3080657814955	-434.2238273070621	-422.07626182765694	-412.09716244021115	-391.58178339861956	-379.41189788630277	-369.8398745437811	-365.87117753947285	-365.61861931973925	-361.3105937944209	-397.86186623453017	-506.30754027056383	-356.4908918249319	-1044.2078125703786	-6062.564168375105	-9610.469438550252
79000	-447.20549223908966	-438.4108337377561	-431.92186515064776	-419.33586154728914	-410.4689234064856	-389.00671212792133	-377.12775920206775	-367.4667377848752	-363.74599582786226	-362.80121147586505	-361.467778708495	-400.14720998348105	-506.9258343579651	-349.902089792828	-1088.0162870210577	-6153.60683765758	-10044.107666375008
79000	-434.5400899862599	-426.60726363546786	-418.6299567441212	-406.97839206915285	-397.06587420223235	-375.55654800829456	-363.8096809872064	-353.5890361884473	-349.69585178633844	-349.78495545036697	-345.1151149069981	-377.55111652354236	-464.78916563603303	-335.00743132324254	-1017.7264285622722	-5935.312129838975	-9679.287555901712
79000	-484.29127277423527	-476.20797411139336	-469.23558443360736	-456.9382478309468	-447.34104016856116	-425.8251024166288	-415.3069664100623	-404.811679815961	-402.0332406082911	-400.5897349343811	-398.91141848809303	-440.20796632382496	-549.4340391408745	-387.64756725633464	-1207.9034258666773	-6258.443511044773	-10075.611580315954
79000	-426.50460990035253	-418.0765482159944	-410.434469055718	-399.3702998030773	-388.37052294305204	-367.590581641531	-355.548051177826	-344.99938645144175	-342.40073879845545	-341.21696087381326	-339.12230058342726	-374.9761641741866	-464.9971145087281	-326.6787549621564	-1026.1546234293965	-6120.520229149102	-9964.036817948554
79000	-420.6400144010398	-412.0698916929421	-404.74865216230324	-392.4546495335127	-383.5350057698664	-361.0793514368114	-349.31059014520247	-338.34577353078123	-335.2915859800729	-335.2129878671664	-329.2525698749237	-357.14380973587373	-444.5247098964732	-320.70396880578306	-975.3352912153865	-5885.2952418856585	-9562.768114268067
79000	-455.35860532035707	-447.6231009132433	-440.4548160185066	-427.6969208112289	-417.920447389379	-395.2370560740923	-384.51386665676574	-375.74225134311195	-373.43922369555037	-370.74606462406126	-370.5499006752985	-412.6061210170996	-521.2539607670668	-356.5794546491472	-1110.225249436702	-6215.812103704245	-10072.822034794657
79000	-399.2887352471823	-391.20217117009815	-383.12865916725303	-370.8919659148752	-361.0757816926854	-339.9902588402295	-328.2460129616723	-317.7559948273248	-313.78055863486463	-314.2626872067992	-309.11555771325925	-338.8316281675365	-419.9035610514282	-299.3308870942108	-934.4160756799845	-6030.876663161431	-9693.205456567033
79000	-422.4289019674592	-413.6346083694277	-406.20498375000244	-394.31529055354247	-384.39146367999035	-362.74593740949786	-350.60548864030255	-339.5358484756254	-335.7625498999509	-337.2051463238486	-328.91664586179553	-355.4142069831569	-433.4676910116941	-322.23592635405504	-987.2148518173294	-5571.102715639469	-9059.714679625791
79000	-441.1465055854793	-432.843472738843	-425.82521904273784	-415.0800208922633	-404.8848474812728	-382.60260376572825	-370.9312738966201	-361.32784577972046	-357.91266942300985	-356.69647354802316	-352.63878348203866	-389.9265355448529	-486.4417604949667	-342.31859641225293	-1073.131603083532	-5945.40421630726	-9701.241166143607
79000	-410.12226564798004	-401.5403323559291	-394.631275229355	-382.3370563371735	-372.2000867536392	-350.82724226781795	-338.1014282736539	-326.9865504857995	-322.3212693898653	-325.4469406876137	-315.37491115867095	-336.31185484217553	-405.26670934515965	-310.16792219824447	-893.836023839915	-5778.559835412713	-9282.916206130094
79000	-421.88810763782857	-413.94154658712677	-406.6206153102283	-394.0417587698005	-384.6097355136405	-362.5560263208992	-351.4572881626606	-340.6570365628543	-337.6899102875754	-337.06892426255166	-331.78224813939244	-362.32797062089173	-456.5232071128124	-324.1203061233509	-975.4558231845419	-5813.539556101506	-9458.238444706476
79000	-469.67934953616924	-461.6035752707042	-454.7542867474447	-442.5681503927757	-432.5339632663478	-412.02728457973	-399.7263194368417	-390.9032644234116	-387.3925247810594	-385.8734972749188	-383.13470787718364	-424.38468660435115	-527.4512231506633	-372.9927659221841	-1152.031337864879	-6090.2470732274605	-9758.036411956075
79000	-441.03916586488185	-431.56118820684196	-425.17941755769783	-413.18572561176916	-402.96977848419095	-381.11182970935056	-369.8507102967991	-360.7370611457715	-357.43600401188047	-355.9265894923267	-353.28737991538935	-392.13142184820646	-490.6993773780143	-341.56026193221106	-1086.6432224009995	-6231.004054324528	-10137.296403860504
79000	-458.34172199904515	-450.24045426975823	-443.1966777053918	-430.9912032611534	-421.516015546445	-399.3865845584494	-388.1317871139835	-378.8381032616463	-375.2807114624861	-374.59557047699315	-372.23135323334395	-412.10207961281395	-514.3511343901773	-360.4338522972777	-1125.4533146759018	-6097.20843365263	-9892.963454599265
79000	-399.90625369067726	-391.1851146215781	-384.441849313613	-372.43849534198193	-362.0305577607784	-340.3765317988032	-328.87264538260143	-318.03816789850544	-314.3814503849117	-314.4395241411537	-310.36507228007247	-339.9100420124468	-430.30025526281247	-299.66331973837043	-926.8959527656829	-5954.959645646132	-9672.960168215539
79000	-461.1422848487424	-452.3961677128904	-445.645953928643	-433.0920009004569	-423.3979001304707	-401.78679193209405	-390.13596145247135	-381.38585561705924	-377.17692468710413	-376.527415006829	-374.06073626999466	-413.4536850650651	-510.46674697548434	-361.7960887961583	-1097.327360512123	-6135.98527013991	-9917.780218742839
79000	-432.2632817280734	-424.5278536653296	-416.93502047849137	-404.77012242307796	-395.1782911415892	-373.2190115444964	-361.97658519403353	-352.49929900689347	-349.0059957311646	-348.2715942469607	-347.3132926037765	-386.9153859686419	-485.01130610526167	-335.6769518910269	-1050.1971212171404	-6304.311398110275	-10147.287834870085
79000	-449.70849861850405	-441.1746924330828	-434.0791195993473	-421.415744655407	-411.9856714265576	-390.8021101479056	-379.2370567932976	-369.20575571538774	-367.1437866844945	-364.50419706052315	-363.20346213037806	-401.91660161818913	-506.62555437491784	-355.66306324710865	-1098.4792086320272	-6093.144209485529	-9866.390920544658
79000	-439.69605924372996	-431.02139158016575	-424.1783865803505	-412.3054773077861	-402.8459593369461	-380.97768472837276	-369.431131224948	-360.1656390755812	-356.90544964087746	-355.18184132487767	-354.15512634879343	-394.04453714157927	-489.85008248720663	-341.7998821530014	-1094.1587562493658	-6133.001777197856	-9880.5259161537
79000	-452.33131082220865	-443.28839079200475	-436.3527090711205	-424.4741852981224	-414.7787120618432	-393.16798751520787	-381.4494622666547	-371.4912124462334	-367.6186991785426	-367.10008392062645	-363.4310186397045	-398.2019546308732	-497.3720671573564	-354.76706678132825	-1090.831672960905	-6032.712490066408	-9660.312396564012
79000	-436.6645257662056	-428.56788215581554	-420.5924137831774	-409.017451529665	-398.82001076506816	-378.57475426701177	-366.6709228324418	-357.4907635425689	-353.229068345494	-352.33544268619363	-349.14366857569223	-388.0348647919203	-492.6467575922009	-341.57529434838654	-1041.8677423638612	-5929.54271811888	-9628.552850677599
79000	-400.9942535824113	-392.53676791680067	-385.43964263389495	-373.06254651619383	-363.28780015585215	-341.6065947366744	-329.8860770656221	-320.0034356230605	-315.94213662349284	-315.4643488213198	-313.3347141238886	-345.04940689466497	-428.56226764443153	-301.8511851705274	-934.9384712050366	-5958.94179802508	-9760.702267961113
79000	-392.92714463824876	-384.3333345622032	-377.0187228959655	-365.0261318742952	-354.68719871840585	-333.5687555777875	-321.7745077526935	-310.9511719183451	-307.10216382764577	-307.2737454242356	-301.99649615899995	-331.3764544860707	-414.0743273292333	-295.5183315439427	-934.5732675431731	-5733.589062888199	-9612.470602448504
79000	-414.935473493495	-406.7204572879151	-398.5093908490292	-386.75615099453387	-377.00141836400826	-355.63029897395	-343.65490867961313	-333.9500789848638	-329.52192940559047	-330.66187775088173	-324.1310483695456	-354.5550319586895	-435.7243184109662	-316.33146177568256	-967.4739881816597	-5788.002011192544	-9399.13346879211
79000	-425.8094925100582	-417.3161118287122	-410.6724510964643	-398.3591990150637	-388.20523978276105	-366.13808431696447	-355.16682947379826	-344.3334128925956	-339.68717058028693	-341.2720331311893	-334.5446212553227	-364.3929606150487	-454.0778953118667	-327.2003787908737	-986.472998062208	-5714.759120032194	-9426.91847566675
79000	-446.62029332368473	-436.8156035721543	-430.82336899997307	-417.95369431508107	-408.1268993116078	-387.56969519120446	-375.6880862508312	-364.8475041748406	-361.73145591231184	-361.79028493138713	-357.53533564846083	-394.23655452354444	-488.28354926085717	-347.7083162131321	-1056.3380818739488	-6140.354245091988	-9936.632793051547
79000	-421.49094593578445	-412.20382152798646	-405.33411791759346	-392.88486825205837	-383.0615774722903	-362.49384271054805	-350.2178375393783	-339.6060698433588	-334.9792289491165	-336.53521345003486	-330.7440604732456	-360.1434411383342	-448.04991239026384	-325.01988095945075	-955.4246382270081	-5806.841894649928	-9482.749267127389
79000	-437.47538553396686	-428.7873379165505	-422.0871099525611	-410.0582239269693	-399.6093196556569	-378.5469334929487	-366.65652875823383	-356.4262262539552	-351.9947651282261	-353.0687876946336	-346.70643243154666	-379.08431656886927	-475.42146139119006	-340.4588617515732	-1049.8234313597263	-5850.764204932877	-9468.457732480096
79000	-462.29586534487373	-453.69346114752085	-446.7628405352561	-434.11293979537595	-424.92136395812383	-403.8998397633815	-393.39890369043735	-382.757924445339	-378.35638527200547	-377.63347712725994	-374.1378817498022	-411.0922187747241	-523.0432538261363	-365.92039711448325	-1109.8260579886285	-5812.3664091445435	-9482.797957690285
79000	-388.5936866746152	-379.8143301879015	-372.14223243640134	-360.59407430370106	-350.5081440406522	-328.9704947474905	-316.786384056613	-304.8506574247473	-300.3322495432814	-303.0194210383165	-293.1559658196693	-311.43758038710183	-377.7131787133686	-288.3135713252383	-850.3590319357356	-5634.054550686142	-9265.606179406343
79000	-473.4345118784684	-464.7353172853719	-457.9939901361475	-444.95279340777756	-435.6814119999814	-414.74748827576366	-403.0938233690062	-394.34411188583624	-391.208263281907	-389.37535225112606	-387.68973031661704	-431.71862284492465	-540.7875457661596	-373.8826156976169	-1175.3125760933024	-6274.797476919496	-9943.353568813476
79000	-452.0915932365631	-443.5753447932313	-436.6672060293071	-424.0938765416488	-414.1983145405679	-392.84240598923424	-381.20608592523723	-371.1766463185826	-367.3766378476014	-367.92668153953974	-361.668126234721	-394.88702367079946	-486.2692472379164	-354.9504494315638	-1053.5670450825885	-5879.833472286308	-9557.793941009126
79000	-437.9276952951154	-429.61360787870336	-422.14582820881805	-409.35752615026445	-399.7615943071097	-378.8889125890846	-368.31613407352614	-357.5117682513801	-354.26412720977515	-353.31167136335307	-351.46726254134444	-390.5473916296483	-494.34155480925034	-339.6389530764557	-1063.222885569284	-6099.1737779294435	-9882.88156550763
79000	-440.76418524835896	-431.44159337906933	-424.1825072383843	-411.8074677596843	-402.6774276659886	-381.3771185478565	-369.0210846428385	-359.2414992771371	-356.61832424074856	-355.8006452862566	-353.86149772700315	-390.5049874877795	-490.45280582859635	-341.46673358758903	-1057.3460632158483	-5973.546810886894	-9782.604660790676
79000	-421.97536103088083	-413.1821980031408	-405.9834261212803	-394.127249659777	-383.75288675872616	-362.01448166021606	-350.4517471965033	-340.15891209920886	-336.4217705763042	-336.3230970577032	-331.3273484189261	-362.29661179806953	-444.2221638627096	-321.6880543034095	-1018.4306448096631	-5609.269809422021	-9322.260151691551
79000	-459.315897650078	-450.459527506663	-443.18007996081536	-430.890458193169	-420.9651556027172	-400.00568621661944	-387.9798232767375	-377.8183628423931	-373.75404506849213	-374.69412867803516	-368.8342724090865	-401.3862362011619	-492.9767117325751	-359.43319311636486	-1096.990759762588	-5940.682185013356	-9550.964227171293
79000	-451.8712429317681	-443.95361405900724	-436.6385855605234	-424.43672294199314	-415.26544167690315	-393.3156601968648	-381.3509955212161	-372.55003429588845	-367.79450564370427	-367.37781234111475	-365.010103380952	-400.4826627171611	-501.36069946953853	-352.973749463748	-1096.9865716617435	-5959.476574709658	-9629.3934877309
79000	-422.0839020759759	-413.54386310624	-406.9423428910606	-394.58971157280496	-384.8762062177623	-363.3261727261621	-350.9541107832636	-341.58444146126413	-338.5417692278493	-337.4495740983122	-333.94415496044155	-366.56211230095835	-455.0392392261827	-324.66847963034354	-988.4837478747269	-5884.737732307876	-9737.38357512347
79000	-425.69365583546727	-417.4870335940674	-410.7953702604082	-397.83409604103974	-388.10270328510336	-366.3935909896259	-355.53914837400384	-344.936226259234	-341.0396306807298	-341.1724345498017	-335.27664786247954	-366.58868562839433	-462.0457618291519	-327.8285880219986	-969.5453418085862	-5727.895331004582	-9339.121016433659
79000	-437.26239286985424	-428.3455412843374	-421.0728757558148	-408.80739359506117	-399.3606270952469	-377.274167787201	-365.5501378866238	-355.36286623348883	-351.9792466173413	-351.3784926340377	-347.7118813629541	-383.1747990693806	-468.6958740980782	-336.28476399031234	-1063.6548181616297	-5966.411812875265	-9760.921894738323
79000	-445.7294005212357	-436.75507743858066	-430.13657203598217	-417.83146811923996	-408.03120590910544	-386.892340927632	-375.7908779957684	-364.86758374320425	-361.59127554677946	-360.807574793366	-358.2179448802772	-395.7434004121614	-490.6953497620187	-345.7969711915973	-1093.3832605629257	-6127.507881068338	-9851.607027654107
79000	-414.9343421051139	-406.80573692758844	-399.5870207176899	-387.5663484580274	-377.62854679166117	-355.8735485006908	-344.76200764326495	-334.5664451324628	-332.0428733192857	-330.0434768282349	-329.10101694082294	-368.4171491554495	-467.4063855437305	-315.7150757539677	-1033.0688220103098	-5952.868630570097	-9851.184126775632
79000	-414.582175384415	-406.22901935676447	-399.31133760121946	-386.8922103561356	-377.133230018759	-355.6648027543347	-344.77717984402204	-334.24278170343206	-330.05650443417323	-329.80850511748247	-325.5396631468617	-358.0928350800032	-460.8429276660369	-317.84602143904834	-959.9975326112868	-5923.388372240371	-9694.938829741346
79000	-445.7640429234462	-436.9609778734016	-429.33228779505276	-417.8876649835521	-407.9054843558089	-386.7462059401255	-375.4103627849361	-364.15968210082866	-361.0410485595069	-360.6495247796564	-356.56068311742604	-392.3310211157648	-484.81579222634366	-346.8560038805514	-1053.597793759914	-5921.249851844981	-9655.74497912947
79000	-435.359006279453	-427.44871864564976	-420.26657551091506	-408.18136480482895	-398.32196238069776	-377.51955824525885	-365.28180642459114	-355.89774387167387	-351.79300119450744	-350.91476957617675	-346.3121567439459	-377.7723876599962	-475.98304923894244	-338.74356650316025	-1026.7156484993193	-5741.693236542301	-9412.361496175128
79000	-432.71771171193575	-424.4816711323967	-416.9389383923063	-405.1209181904819	-395.2908173309387	-373.6445725245962	-361.92326166549736	-352.7480835492424	-349.9074980819932	-347.8903038133672	-346.587934106579	-387.7761119142468	-488.8832372470703	-334.6554352579156	-1044.854722043799	-6028.729612911409	-9779.97215268312
79000	-438.7043650762661	-430.19262513272565	-423.014492958095	-411.3131941668271	-401.4024758954292	-379.32005732169233	-368.13307720100545	-358.1153643276539	-354.96330713150746	-353.9152858048547	-350.99689530613773	-385.9730374791111	-483.4514330644395	-340.852300810808	-1063.1031502031315	-6075.133816246906	-9850.989422076726
79000	-414.2097595570328	-405.8130624408609	-398.8116393330948	-387.12901359687373	-376.63404591678676	-354.66885911841786	-343.236317293298	-332.52705412300867	-328.1268487124091	-329.77275400164206	-323.7122153155597	-353.55927648772376	-437.9673886671948	-314.38893513539705	-984.179739239723	-6064.299925186858	-9737.25227172254
79000	-463.8384676158919	-455.1192890511216	-447.4712956911034	-436.5228442702464	-426.08552682328326	-404.79380152585105	-393.7969125122034	-385.31209410891734	-382.41125583734123	-379.19540065098613	-381.3123726541137	-430.3424313096571	-538.9577081274853	-363.787313817879	-1213.4910349706677	-6499.258701388508	-10398.943302990565
79000	-466.3181513636085	-458.5367840066312	-451.26557766469176	-439.40432318441015	-430.2183120940293	-407.34490382386616	-396.94022741112036	-388.17179792359264	-385.10120112584053	-382.600815979256	-383.73276441930204	-432.9204727025544	-550.3970787086486	-370.3238176215426	-1195.380362465239	-6360.457139128532	-10167.932324622203
79000	-436.4063745428281	-428.0759460205399	-420.80273185752907	-409.0861526295738	-399.5110696805161	-377.80368067016786	-366.4237833103253	-356.45590488157904	-352.5873524075554	-352.2761560548655	-348.5181748410955	-386.8382766845205	-485.6170365967482	-339.77197573101444	-1060.7327589465124	-6020.838542105356	-9725.70479613823
79000	-424.78014316646755	-416.4756748717068	-410.04151209861044	-397.4248021967463	-387.9896233307634	-366.4085964570206	-355.16417982204155	-344.85165512692544	-340.0419793044597	-339.99783303703555	-336.84929405483996	-369.760707279607	-466.6972398834619	-327.596982479466	-1008.6024501378228	-5863.9231189019	-9473.136418726937
79000	-456.0100800822617	-448.4558127696882	-441.387756714291	-428.95630814707533	-419.51530853407166	-398.2202376717024	-387.018930515998	-376.82595784052813	-373.0247415669859	-372.06198399115704	-368.52703711531245	-406.24380226771643	-511.75445585816954	-359.2085754091265	-1124.0607439488308	-5823.379852533339	-9547.312536571422
79000	-434.9365376138211	-426.19555231925466	-419.3609165570228	-407.5880538641005	-397.9876553712466	-376.08931199358466	-364.4096396697009	-355.86894845022795	-352.5126975584404	-350.941354703673	-349.68114189845227	-391.9185985017968	-502.883594822726	-339.42564643109307	-1054.9721811049067	-6213.7578154644925	-10089.539440181943
79000	-452.5316028517242	-443.8540658198269	-436.3749541941949	-425.4874474745411	-415.4809428985605	-393.8231975991348	-382.6195908968011	-373.0973015629075	-370.9233078372552	-368.0814334491777	-368.7710844267516	-413.04878892984226	-520.644009580652	-353.2540779446772	-1154.8821400244626	-6209.354936668531	-10090.469285244342
79000	-395.73601053357174	-387.432798766885	-380.31599936804065	-368.59290782604717	-358.32510228065445	-337.1333317977149	-324.9470167962401	-313.530446601144	-309.76706554600867	-310.6033047243753	-302.7135713453888	-328.05200045920316	-408.9046379022636	-297.6672440423542	-895.742761820043	-5692.745676821113	-9352.529045828558
79000	-461.9757246800523	-453.1453694913759	-445.7724017081834	-434.09321525797304	-425.00122755949684	-403.6261402749705	-391.9204621866225	-383.1909115176401	-379.68979791270306	-378.3636734602308	-376.93255857483797	-419.79188210529395	-537.1148611716385	-366.28017958572224	-1134.5154138975633	-5941.458217262724	-9787.31556429927
79000	-408.458096446107	-400.1413994367247	-392.6485845550947	-381.1398388142218	-370.7609476472025	-349.62856419523166	-337.19296058555216	-325.2543187292398	-320.5075746952836	-323.6661520186061	-313.5368858746854	-334.1118770240358	-406.85783587188956	-307.66845637566854	-924.9730878263291	-5574.385735337924	-9126.61405849626
79000	-422.38660317496226	-413.9696464169253	-406.76212345066523	-394.6144646085165	-385.208091846912	-363.30777970998514	-351.7108213120305	-340.677704577886	-337.54673695288164	-337.7552822697526	-331.5045138910491	-361.868051342903	-444.8713913543345	-324.00237323415985	-978.1182825050839	-5614.108594656527	-9189.032347327735
79000	-456.1581249567588	-448.37838170283914	-440.94385486384675	-429.18151455758493	-419.6519845934026	-397.5446840599249	-386.0607416283271	-378.40934607024747	-375.63509288651306	-372.076681472775	-375.5015277264338	-425.2923251598324	-534.8217871236764	-357.4608570052639	-1170.3499504984802	-6193.601456902259	-10236.045483669384
79000	-399.79295010752725	-391.1565745619395	-384.7652884910802	-372.3707607664302	-362.0956096812494	-340.8796540849695	-328.51604053653205	-317.9529685856737	-314.57965964993673	-314.6528958414382	-310.02140878582446	-340.3933250019656	-420.61714195972894	-299.45574362679764	-931.9279167866915	-5958.667272501479	-9689.321626233315
79000	-410.78190539690564	-402.36072800126084	-395.49479271496983	-383.0877322312216	-373.545344419515	-351.1955923348354	-340.02631806206375	-330.95324360500763	-327.6478224062693	-325.42620453650323	-325.34286757649176	-366.4308193260681	-470.91388486403343	-310.6021258289884	-1035.6597256285465	-6328.655114188358	-10257.36702912038
79000	-390.40424706945885	-382.29068094025564	-375.25282742166377	-363.02968488065153	-353.3859101727544	-331.2824727164998	-320.37225767841704	-309.82597419557663	-306.4275228681529	-306.23409143364415	-302.40135853495815	-337.8510293411108	-421.52090189973165	-291.8069181925008	-922.4804129759343	-5826.26179522567	-9862.531858231605
79000	-494.53869650823185	-485.88926330251604	-479.57041245427234	-467.0983648385876	-457.51415043724495	-435.80381879888716	-424.3344070923343	-415.77212653618835	-412.96725549635624	-409.9243238339492	-410.99731211064176	-459.639822037521	-576.6969798657341	-394.76323433403047	-1277.757240099051	-6512.647278817057	-10260.300848724763
79000	-407.18228212102093	-398.8048543927743	-392.0110098660179	-379.35617971443526	-369.9298160816216	-348.3416826367395	-336.4787141324169	-326.01519001950675	-322.6355063362394	-322.60548854813	-317.42095045650177	-347.7055407834874	-426.0100839446255	-307.6882506256952	-950.469142172491	-5967.732010593579	-9739.90227731473
79000	-440.84554152278537	-432.206457457887	-424.6313863943024	-412.37528703022963	-402.9276519145962	-381.17646222071966	-369.9194525117648	-360.6069177309824	-357.53759902124153	-355.7273357328582	-354.8527001046289	-396.2064781521588	-489.4057387210046	-341.0000461007721	-1074.3652056915041	-6202.942443475904	-10142.575973965004
79000	-437.9183489992567	-429.92235543746807	-422.5929078836786	-410.6968482251075	-401.1359455660016	-379.3012307387904	-367.4448904904676	-357.48295217804	-353.1743828236005	-353.0864905398062	-347.8809943960132	-378.63740975429346	-468.92899067902204	-339.33656619428183	-1002.1141711540037	-5792.29532078212	-9316.15544451343
79000	-437.1408593603343	-428.5583656876454	-422.0672626636352	-409.2088512103019	-400.31893840134023	-378.0977493256138	-366.3899718271426	-356.6254024172572	-352.7073508837924	-352.37513027486557	-349.6828307792366	-385.6754117316459	-477.83899268881146	-337.0890010925764	-1062.6173803780428	-6064.487933330755	-9800.864510116973
79000	-423.0014471170154	-414.59861229370154	-407.6063495973762	-395.50056803348116	-385.45519347601754	-363.6033909812081	-351.9096851579281	-342.273146278149	-338.5575960358835	-337.97131589668305	-334.78996407357744	-368.1586822127088	-460.3800074735604	-323.72756300738143	-1034.4765710574382	-6002.201020770975	-9790.103981215952
79000	-415.82040011355264	-407.7063928064233	-400.6842775395476	-387.9646009936358	-378.63578843698633	-357.04509017219	-344.65951986691886	-333.6210869372604	-329.60641583436075	-331.51735282106097	-325.36163745240736	-352.37122998588904	-433.3273590235514	-315.4587087416734	-985.775273414763	-5870.723575860041	-9572.550050335387
79000	-430.17674515205636	-422.32160257656193	-414.4006361248268	-403.46254022122184	-393.10142508732065	-371.81319297383675	-359.36541484532336	-350.1316711795392	-347.1085872662441	-345.9575198813474	-341.88678434196265	-376.9122931346207	-471.64889722094125	-330.8869693180817	-1043.1699357090515	-5920.863927981156	-9744.917746594221
79000	-434.67062481541353	-425.9743083867542	-418.50010179144016	-407.03526512077576	-397.04935091652897	-375.2127273446838	-363.9257326050938	-354.0017165665249	-350.46264626151697	-349.33607708951337	-346.5740607652965	-381.7057598089883	-472.73173951206803	-336.14752969391293	-1038.199738732298	-6138.152829281848	-9681.840142007453
79000	-431.10676193029826	-422.3542708006303	-415.2447344373783	-402.4729626238974	-393.05826684268027	-371.67720860603606	-360.3703214941925	-350.106812069059	-346.9653166875091	-346.2137678332547	-343.21722143595093	-378.20115396662186	-473.7245691105364	-333.7053463250153	-1029.7886714526308	-6095.388367470376	-9876.5254871158
79000	-441.6702629782863	-433.68007785127855	-427.31086509846017	-414.902912470519	-404.9777013164165	-384.011727444039	-372.102749179245	-362.39665302388556	-358.47988762425155	-357.6168181390144	-353.3460320980207	-390.1662220294058	-480.65843477368605	-346.4255271058141	-1065.0737113013083	-5996.28299136648	-9721.2709527545
79000	-438.3598101295464	-429.5417594048743	-422.0647247722614	-410.5847944797458	-401.49844708339793	-379.1064324930986	-367.72352509497017	-357.811330181296	-355.9924167329601	-352.85990507710596	-353.50582060669166	-395.4187660276343	-498.0647307308659	-337.72458498912425	-1081.7206117810065	-6395.5743698918295	-10286.220000051291
79000	-427.95622758151694	-418.98926789403686	-412.27558438871534	-400.3154044297082	-391.21617907250163	-368.1576603566524	-356.8192501775896	-347.159307429044	-344.2651971035977	-342.920312796063	-341.5621546934052	-379.06424082699726	-470.7196467808953	-327.72829186625484	-1030.3685358813973	-6185.310485603556	-10042.153425809815
79000	-437.5566238884231	-429.7293398928398	-422.1331632740343	-410.67289489219945	-400.8081214509598	-378.54534484742635	-367.69339479708407	-357.4021047326046	-354.2076233930637	-353.215756234286	-350.93686565319626	-389.21909891098875	-486.1131578949044	-339.3167951303517	-1061.9663687030406	-6090.607267035549	-9780.251483129856
79000	-422.1444043186026	-414.07370283895807	-407.1712314971075	-394.8294635504269	-385.56679123965023	-363.3924718845706	-352.2458051506313	-342.2934936275355	-338.76459022099834	-337.9016822267801	-336.44502065798207	-375.458449208443	-469.1910820985862	-323.8150070665391	-1021.888662149299	-6148.582841337405	-9997.18025988009
79000	-423.30560846656516	-414.90436621855935	-407.37733898630444	-395.547478184654	-386.1298174122435	-364.6266475072515	-352.13681538540874	-342.6734822226157	-339.6051732582202	-338.325111054034	-336.2555359072205	-373.54390828894503	-470.608408738171	-326.35504365038247	-1039.0233098162337	-6073.656030481499	-9846.128634919121
79000	-419.0577371094923	-410.65338016059934	-403.1959039869541	-391.04704770544333	-381.8560511539958	-359.9755373232671	-348.25242998234353	-338.90908068769795	-336.76469398626926	-333.2656768994902	-333.7352178149579	-373.9159680395779	-472.56398868072847	-319.7237267500291	-1039.0482715139678	-6164.727104493063	-10141.22235376319
79000	-434.01106590156087	-425.4405489697158	-418.810385641413	-406.9296410590241	-396.8302253219454	-375.166344257154	-363.90097251475703	-354.7707506003434	-351.6111246967129	-350.024107369826	-348.399904885692	-389.30405857204846	-488.3916486380415	-343.7679750878858	-1061.855133148023	-6082.460772946364	-9906.08679912361
79000	-426.64708878312376	-418.23045667893547	-411.39524159662307	-399.30801165577134	-389.6227028349131	-368.00446568200243	-355.9964437650638	-345.84694007338345	-343.0021639662145	-341.4917449337003	-340.53894566395655	-378.32840638206056	-480.40689546851286	-327.06931676666414	-1042.2097697231218	-6213.816949477515	-10055.69714173807
79000	-436.0271737168399	-427.469731041925	-420.3355793985831	-407.89609662259045	-398.5576250285404	-377.52435089645627	-365.481751648556	-355.8499367638042	-352.42966814631296	-351.55014764438283	-349.0354740380614	-388.2889223305326	-480.9627894044606	-335.4418230654025	-1088.0481085005308	-6358.8624874184425	-10253.549698663646
79000	-460.3003163055819	-451.6565686834886	-444.5224160099339	-432.526705496045	-423.25658110860064	-401.7564404113789	-390.7097639697181	-380.47068786929344	-377.68467030339036	-375.6861246811155	-374.0095373121325	-416.0146628050227	-526.7986171891472	-362.74613211307405	-1146.2983777545253	-6151.326888856506	-9960.681281386473
79000	-397.7685130155784	-389.2737435450148	-382.5622551568686	-369.66653982566777	-359.8801472116202	-338.5399490286456	-326.82278817004345	-316.84717520397965	-313.1067632528127	-312.60533392961315	-309.6933840016941	-345.38452260556187	-431.6138435323521	-298.6303614346179	-949.1877131502334	-5885.510770233738	-9789.31388200143
79000	-440.0915661364291	-431.2620762786027	-424.2187283940197	-412.36298552802464	-403.12295117156714	-380.97479345897705	-369.8609266042665	-359.95925048609644	-357.2982567568283	-355.3665415027097	-353.9735150236055	-394.540921611988	-500.5485998769446	-341.0131935870846	-1106.5146165534704	-6135.587358107981	-10015.126675573467
79000	-439.98469876190626	-430.9409905210239	-424.0815662967206	-412.4494176904175	-401.8322655927042	-381.08401821722714	-368.93394967224674	-358.76507068531924	-355.29212889181787	-354.64568887224186	-350.19979161903143	-384.4339928890276	-482.3660945057713	-340.6159214452778	-1067.6776201772423	-5792.576168205658	-9458.314891164286
79000	-434.0663074753972	-425.66419901714556	-418.02621051482737	-406.85353854032826	-396.56253107084405	-374.57047093450564	-363.00021806624346	-353.81678440432637	-349.70668357374325	-349.2849152651695	-345.3397546372145	-380.78444474567584	-470.74866570147043	-336.2969802254211	-1007.5080809664237	-6123.148901422628	-9890.549816774874
79000	-426.2828343669292	-418.24089192165616	-410.9994435147068	-398.68806139540266	-388.52109412660747	-367.0727827395004	-355.0733624735657	-345.31345508106534	-339.82937686372645	-341.2803023278881	-334.1257636967885	-361.18623227781717	-450.1143068889533	-328.7732227306087	-964.733918378251	-5786.940920896796	-9447.260304625415
79000	-442.5771786086045	-434.7053748512838	-427.9049558216752	-416.00876477337863	-405.9556754463008	-384.3523788366427	-373.1800489266057	-362.6408232952583	-358.647520510388	-359.10169987364645	-354.7433392987495	-391.4516146894681	-493.3208224325593	-345.484728968902	-1048.4500724187585	-5839.199858080586	-9400.769704396693
79000	-428.19140233765535	-419.18170686722885	-412.25105918702224	-400.59134041719176	-390.8086770997709	-369.5364036526727	-357.96517230353965	-347.85265386776126	-345.35548651458777	-343.66399107854517	-341.8474923135947	-380.52644849719564	-479.77951852766085	-329.79620670997156	-1043.0661069544497	-6036.440375348857	-9725.123230935005
79000	-406.71886805077037	-398.31270837458993	-391.15039839083914	-378.88761225512076	-368.6858131654165	-347.6578913519019	-335.7262268953367	-324.76883752740827	-320.2154233879438	-322.11443087728964	-315.7969866098787	-342.57476646508104	-422.6677832641018	-307.89559029304297	-950.1595486849545	-5670.312293360376	-9495.374689785906
79000	-464.0919146168871	-456.2007829453556	-448.78417539141304	-436.987377537699	-427.42885162366235	-406.05214778242515	-394.87053154441134	-385.2071165748854	-383.10167565951735	-380.10888692999924	-380.859737690202	-429.4828553045126	-546.4250851833265	-364.4562898697133	-1177.398517371717	-6435.629425861923	-10220.700554033758
79000	-406.86748504404255	-398.60098501076226	-391.929758134667	-379.1807578038032	-369.29787863380426	-347.96034425872074	-335.67212497362783	-324.58622879072374	-319.82296568065914	-322.26302351796875	-313.0907358309807	-337.29578482004274	-427.3873170987179	-309.789616394932	-907.501942705347	-5460.4563542898895	-9052.188029661374
79000	-454.831274735199	-446.1272234945852	-440.0880806001374	-428.04800138951396	-418.08772912791284	-396.88006592175014	-384.76287171134203	-374.87457789980795	-371.27506064767357	-371.4008731720257	-367.78441283377964	-404.56367647167144	-497.2560266703075	-355.0569311619228	-1120.5954337937706	-6003.26558370492	-9762.271799850236
79000	-420.85921809942755	-412.199208239131	-405.0972957570696	-393.143725876831	-382.95018088898786	-361.47135723238426	-350.06944537617926	-340.19302362281707	-336.03530027060174	-335.3357566263147	-331.7825783805295	-367.36303537205134	-456.4552959017723	-320.48930967470136	-1041.1432995353362	-5981.559454717404	-9795.632183498452
79000	-422.78113216749273	-415.1612893529441	-407.8695793991	-396.0483497685166	-385.9140051416215	-364.0885363952467	-351.87951820657753	-341.1648025229964	-337.3386336546368	-338.56921620005625	-332.37371688553986	-360.3259493800943	-441.5056218099177	-323.44863761267146	-1003.4095069547435	-5900.750943489085	-9644.860741721586
79000	-434.9090420692704	-425.98639085156367	-418.5268574638863	-406.68230784800096	-396.7275252980848	-375.4527366389093	-363.7676498264153	-353.3950703614032	-349.68863719336423	-350.35861793794555	-345.1950124965667	-376.96897138285823	-468.12775937916183	-338.40535278847034	-982.1967490644194	-5762.559809927714	-9351.192967903446
79000	-411.9539755310138	-403.404163338974	-395.6402900262719	-383.837985664151	-374.2984540749061	-352.83006562318485	-341.11270649299803	-329.778720344224	-327.42490038861104	-326.9370584856688	-320.97352150449456	-351.37026444894263	-439.7104209038063	-313.5031315326763	-983.9709865958929	-5817.013970328671	-9602.372109942491
79000	-401.0398961199198	-391.9864368164239	-385.25801298482185	-372.97648906811196	-362.9351368689279	-341.0228121545784	-329.35383797240166	-317.9312233506818	-313.9586273366406	-315.28240115795114	-308.35275225991387	-333.4182095934107	-404.95531417520596	-299.7934056175025	-921.1328861505332	-5943.167898469978	-9672.272924175222
79000	-420.60762864082227	-412.5535027803159	-404.9964060901405	-392.19394457977955	-382.87733659358184	-361.0377198352818	-349.6711268209639	-339.5781792437966	-337.6796405102931	-335.09120394245616	-333.73171350213744	-371.33177735091925	-464.2526164274159	-321.72422739741637	-1015.1918728704511	-6138.513766917104	-10141.591929283157
79000	-434.3651682210053	-425.37952735308664	-418.29077004028585	-406.4866439431768	-396.7357916429795	-375.0967927783705	-363.6648513268841	-353.3132371159952	-350.2067070323891	-349.12745555428313	-345.90358436638115	-383.4931348559272	-479.5065297059019	-336.82037561842986	-1067.2279578105797	-6159.570440506476	-9890.161157105582
79000	-468.5749814614621	-460.9319053124314	-453.8891103084018	-441.74894366077535	-431.4641129533387	-410.32276619948857	-398.5801102597688	-389.78015735741644	-385.4766150767174	-384.47065519344136	-382.7608212230114	-423.4747738200383	-534.3073419186387	-371.0891329621753	-1146.8671569175626	-5988.829457909339	-9700.303644363092
79000	-400.740643878487	-391.930939943196	-385.09128749267364	-373.35784104122865	-363.17767427541094	-341.6510024734265	-329.70594785751223	-320.04901238299146	-315.6739643350576	-316.3580482061191	-310.9185729967957	-341.2205706746937	-423.12051794316955	-303.0218786767026	-925.8144483576488	-5718.817310765765	-9563.994688831493
79000	-428.5269134069034	-420.45496368375086	-413.10536478168336	-401.15246565225095	-390.92289725140245	-370.1495885908961	-358.13892926523704	-347.4318427610482	-343.6856421503848	-344.931855983423	-339.2608150180819	-372.22831175815895	-465.5672709855689	-329.43953963609806	-1023.8400249788875	-5860.081085024233	-9663.131620358396
79000	-449.01103207797416	-440.81585099778164	-433.89573560487696	-421.66056007508166	-412.10708102584977	-391.28371434153325	-379.86420657955983	-369.9131058900198	-366.6266211715676	-364.87737868625146	-362.95677516609146	-403.77963833949536	-514.6329928658914	-362.5280456804048	-1048.3891406176579	-5952.354648000708	-9796.509757854225
79000	-444.3277140747863	-436.0862452755983	-428.8668075312808	-416.65582439745697	-407.78733345209173	-385.7283505813706	-373.87734131113143	-363.58300424497565	-359.7147150379394	-359.4270942634333	-355.7441608835852	-388.5528718415849	-484.98480629869283	-344.7173004286448	-1050.264885009569	-5846.066325356064	-9627.985099012038
79000	-501.27851948131865	-492.56455365045485	-486.12751543131566	-474.16214924058636	-464.4651399388855	-442.35997887001986	-431.526595932103	-421.81835969075183	-419.2386338985535	-417.25014467492167	-415.7427084667537	-459.8883742958614	-575.6663547317369	-406.9836391167732	-1250.6037312091464	-6168.038433862196	-9855.599439161775
79000	-447.66017105006756	-439.9198483365628	-431.86366078159864	-419.93437167606953	-410.47528026066874	-388.9040484442278	-377.7078408774328	-368.77077386137535	-366.2669443699264	-363.43928013913177	-362.86619610194884	-407.21557004750804	-511.02985266918046	-348.4651380905856	-1101.7105425629231	-6327.926878966241	-10232.239839862581
79000	-451.58393204965824	-442.7206943025031	-436.09757170628217	-424.1841958375427	-414.3350416683638	-392.70935155595305	-380.74229036824477	-371.6432177503145	-368.33350971782744	-366.8564192941249	-364.1179841674943	-399.4167983573387	-494.1105360858171	-352.204951881671	-1093.6749097571264	-5909.5953160127	-9558.217655077395
79000	-444.66503122570816	-436.63614834130095	-429.8684535415079	-417.1631285921035	-407.24767326079143	-386.3567831033897	-374.50315034867333	-364.30442517883836	-359.8507364317256	-360.5850695069728	-355.66541685811393	-389.3053386960778	-487.2708099655998	-345.4162945548469	-1098.0681155541074	-5854.596688054685	-9484.567950603463
79000	-425.19161596345117	-416.20688588199664	-408.37945833997236	-396.27743181117955	-386.651942596032	-365.623729307935	-352.7220680333905	-342.5420507971402	-338.9065410686698	-339.21333951188717	-333.0311664730896	-364.8310575509133	-448.88473715885635	-324.2966083235767	-1021.8280615507693	-5970.128490431458	-9722.323282650752
79000	-429.9899332921597	-421.6920729053436	-414.54803579604794	-402.5331777868288	-392.8735224508815	-371.3301395636452	-359.1781397669618	-350.49321017573425	-346.34919815323434	-345.6096018286877	-344.06584693035995	-383.0490135233041	-490.30326318050123	-330.4841841577928	-1052.1220425147435	-6209.980864648449	-10156.582133650689
79000	-433.8148423053823	-425.3811417405821	-417.821145442808	-406.29801876219494	-396.6316642540482	-375.2354946146567	-362.84356209167237	-353.33151640780807	-349.634066256305	-348.2678137480604	-346.58200571206584	-384.37490798122957	-477.1866050647359	-334.0634853078928	-1055.07524175733	-6379.567046754638	-10200.75130055494
79000	-426.65830589254983	-417.369844373744	-410.970631445116	-399.23600676340504	-389.5441767271283	-367.51246095656126	-356.156617516027	-347.07883749122595	-342.66976239069584	-342.23264734557625	-339.4190946235745	-376.1464491977665	-480.7692162514207	-332.9022559788115	-1013.6836547167561	-6041.710214886117	-9772.994934534077
79000	-444.0281370135038	-436.3197986974236	-428.7843996251343	-416.747299484462	-407.17997143518755	-385.76904161576823	-374.5742644647683	-364.29447920929147	-360.1083223891256	-359.6021743056681	-356.10066860110413	-392.84719581628076	-484.81023713242826	-347.97702922713376	-1029.9286513539134	-5888.820315221625	-9683.624349695718
79000	-434.38786658063333	-426.19734375953897	-418.64209932813316	-406.4442576941493	-396.0926874636433	-375.1366751117599	-362.80901236471345	-352.21199201285253	-348.10532682104207	-349.39578009172294	-341.17125650138087	-368.12696290026304	-455.4121633609193	-335.6069342129653	-1006.6224409003364	-5590.724274501633	-9200.648954616658
79000	-442.4682023596863	-433.9189185477131	-426.2890181492641	-414.6781152638706	-404.2580964086318	-384.0174851134122	-371.3846145080773	-361.1394128217515	-358.16686754077404	-357.33804013416704	-353.94233901567753	-388.4793603972706	-489.3466255260791	-345.70596785481314	-1087.2737987897326	-6040.150390857122	-9754.442854949371
79000	-400.6288660690946	-393.0277498598246	-384.4525336073015	-373.62220817909747	-362.68994373946776	-342.04626612080233	-329.3234835445769	-319.37428973930605	-315.6601908807607	-315.7349724042933	-311.3777742889508	-341.633577212861	-425.49830542736066	-301.8606189517729	-937.964562592365	-5816.818341291887	-9449.208552381655
79000	-456.35055207759314	-447.11057443215327	-441.260295594011	-428.54883822087663	-419.1734271148745	-397.3354474358788	-386.09955631762267	-375.62168583046866	-371.02320960981643	-371.4603874110631	-367.09107131501236	-401.50715403535645	-499.1061699390509	-357.05912318169163	-1111.543350988872	-5961.664830524279	-9718.261511249804
79000	-399.7453502667136	-391.8463909618427	-384.1053177553337	-372.9668159562092	-361.90391567732206	-341.4250976434577	-328.58513591823674	-318.04217926751505	-314.4528199136844	-315.03040584265676	-309.2515356024715	-337.8230667072145	-416.9054167893749	-299.3238017958482	-933.1839867893616	-5787.475472671068	-9621.474581349896
79000	-443.6798752024639	-436.06592239761187	-428.36659159502443	-416.4481875923128	-406.73230712151667	-384.865622662869	-374.6587208605945	-365.63104605864874	-362.4354722881503	-359.351004545531	-362.1693893826317	-409.5371460195229	-521.0682125587593	-344.7220745591651	-1130.6447823855653	-6309.3191638458875	-10316.70702877919
79000	-421.88814871651874	-412.6793228903772	-406.0978759445566	-393.6129842272152	-384.23508365458963	-362.6151119044283	-350.26268143419986	-341.65507901858706	-338.2193944977004	-336.24931033678854	-334.4613046302453	-373.5986949566647	-471.5660173626042	-322.2998015530129	-1039.293527403336	-6197.884483428623	-10233.217254335854
79000	-405.0123209199692	-396.618818780755	-389.5107749679999	-377.47343418554044	-367.2812259361101	-345.60554132376285	-334.2046631808859	-323.12279913812245	-319.5857500510088	-319.9671030588816	-315.0938512680322	-345.6040721638098	-423.95231676298715	-306.77842876914605	-933.0376576592274	-5886.117071312273	-9584.482758232452
79000	-454.90938308367646	-446.8784196517679	-439.25129587424595	-427.96277319075034	-417.71399809489213	-395.75916535516205	-385.5822506918591	-376.2698528151134	-373.6724463672994	-370.12216685047355	-372.0687934161023	-417.92598622386913	-531.5607963023275	-359.21910683600646	-1178.7374462935184	-6216.741829795345	-10182.339448007535
79000	-414.2336115842357	-405.80537875542296	-398.77124202130955	-386.82494256894336	-376.551408361553	-355.05354712622307	-342.9669941002093	-332.4058269125851	-328.7177007533369	-329.31856486057296	-324.06033691346573	-352.39833959393485	-438.3050330835021	-316.1945611731888	-969.5897224008258	-5750.545716198585	-9349.203164040884
79000	-436.687153101109	-428.4589364984791	-420.5654971087294	-409.1267190686192	-399.171676043595	-377.7753033044348	-365.89639574501973	-356.0775538970848	-351.5236906032951	-352.5597158070583	-348.94302640693144	-384.18306223057056	-472.5775763653488	-336.9301597713055	-1075.965063946865	-5931.637107666048	-9750.269045419345
79000	-423.76739242876147	-414.73034190596263	-407.92828537473173	-395.23335436028106	-385.88624020707687	-364.45699186349907	-352.0885640214565	-342.1590049662167	-337.75956661315337	-338.7274066774024	-331.4292926612689	-361.40286125000677	-448.55228966063527	-326.21749823660457	-974.9521637258979	-5707.09510778912	-9406.11515048366
79000	-390.27828617281546	-381.3729702870817	-374.27350779922875	-361.80795290410515	-352.6610004824912	-330.85476725679143	-318.5161537659231	-307.87218464194814	-304.18955918248156	-305.11461615250863	-297.43288958042916	-323.0916714719197	-398.99166884081706	-292.3162051914028	-874.2710139867219	-5655.5806349627555	-9289.061079146944
79000	-422.17248810000746	-412.50784576315544	-406.1892978347947	-394.6429986611896	-383.475236807186	-362.12872072564204	-350.5934361522459	-339.8047015414705	-336.01880403327766	-336.23274419590996	-330.9991827875066	-362.9945595841788	-454.9674926560117	-324.7988924277468	-972.4669797467044	-5780.6862865775165	-9457.626545024896
79000	-392.65176967108647	-383.90921171915005	-376.576633145868	-364.6358554335013	-354.93086654084374	-333.42924920710624	-321.63206328398263	-310.7040395315536	-306.66520777198764	-307.17153952461587	-301.0246330200888	-328.9423731560545	-411.0437973806402	-295.3842511326908	-901.7026248542721	-5709.580148760761	-9453.898742540407
79000	-429.3177366923177	-420.5809400192333	-413.32775892813146	-401.487976516529	-391.3990463776221	-370.0664762874495	-357.4224948247554	-347.1970743970773	-342.97999386859703	-344.1677312539677	-337.30937673623157	-363.95235229385884	-444.54145815350483	-330.423737495221	-963.048591820613	-5870.0373685605855	-9433.19261205609
79000	-420.21085661903714	-411.78029423275007	-404.1423487498202	-392.0868305091127	-382.7265332734908	-360.91732076485647	-348.8343510449924	-338.3536795611657	-334.37615580698605	-334.65506186255686	-329.3143504130697	-358.170152311282	-446.89276328822785	-320.31067135388787	-963.3280097394735	-5873.5216112824855	-9655.363712020326
79000	-451.30319980347787	-442.0613018970598	-435.6150144151348	-422.942958517463	-414.64170046489124	-392.3570246109158	-381.4479492490796	-371.5537682366675	-368.3028038916793	-366.3870201668129	-365.36142567831916	-406.49735625940343	-511.7223626477114	-352.59171176319893	-1143.9040398717307	-6147.224014627076	-9835.256297515143
79000	-421.34596420873993	-413.03281101947016	-406.0693436982419	-393.67181964276915	-384.75664810891345	-361.95411138342604	-350.57848564830874	-341.74680193968004	-339.10776481032275	-336.86024508628765	-337.43417623581536	-379.1003546519339	-481.3519094425694	-322.89814434750235	-1050.6768577539895	-6255.041269410265	-10139.913585790304
79000	-423.71392058877854	-415.37438232371915	-407.6417257788982	-395.3873556293988	-385.4637604465588	-364.898531840061	-352.69109523708465	-342.4671092810431	-338.6282233988965	-337.7529696161524	-334.9400384544603	-369.2270756252155	-465.3601157543614	-326.788912522018	-1024.0665405083475	-5808.550130079168	-9602.527241168356
79000	-458.15086460712513	-448.47099990213326	-442.07524856961396	-429.7113954707647	-420.48024740181035	-399.05474695473225	-387.4690769252668	-377.4397185773839	-373.9061736109557	-373.26035055821563	-370.16893188681564	-407.1326878206507	-508.92751712509994	-359.2709089694783	-1099.3219573389226	-6016.770356718806	-9697.125554187933
79000	-416.3315932280003	-408.13451477846274	-400.3959257582763	-387.9159387231772	-378.32645476556655	-357.19572924135343	-345.3305795104099	-334.4677411871308	-330.30171328326344	-330.8243638987903	-324.648401108238	-354.4735810422406	-439.8574526054141	-316.404940901781	-1003.394080483464	-5716.039160455405	-9493.764118917628
79000	-419.61863786655584	-411.4948969633448	-404.07763540497155	-392.409296982951	-382.77925308037385	-360.8778125459231	-348.3476786619043	-337.91627879474345	-334.55714928290695	-335.0768428420285	-330.0249685498152	-359.33378154232366	-443.10677898483243	-320.3795501705676	-975.893784330643	-5703.265996228394	-9365.826494010897
79000	-418.58307158283617	-410.04602611151176	-403.0964415385387	-390.85490766518024	-381.8162435769985	-359.7680783975751	-347.82571319502904	-337.70130714626737	-333.75183008311444	-333.96839069354826	-330.1274710267132	-363.4834422555707	-458.3791063010653	-320.1396006922054	-1006.8810594023629	-5846.440893584785	-9639.058867013746
79000	-482.34271333992064	-473.33208286635227	-466.34175735480727	-455.25889788590644	-445.0298975978377	-423.91274227027924	-412.25022744944744	-402.9260397193044	-399.7331731662763	-398.1236342420028	-397.44535257081276	-440.94492560634467	-560.9575297997238	-387.2558299485224	-1175.458146220864	-6261.86677588172	-9923.29300299627
79000	-398.0983373614095	-389.9633123449358	-382.7053975478545	-369.7684329070174	-360.85314683755047	-339.4717615819982	-327.2800589137297	-316.2041007363608	-312.8777238101962	-313.09119181942026	-308.8557826746068	-339.8454865443333	-422.6875201537554	-299.16000568410243	-920.3149900339546	-5831.804613199584	-9664.755415504158
79000	-412.3983725262923	-404.1831776757066	-396.77467194914067	-385.04770423959576	-374.8359929612054	-353.5671925231114	-342.01049740394166	-331.7426646160061	-327.6344979602257	-327.38564717859083	-323.80459328333654	-357.8585944990072	-449.23158651941844	-314.00203725554195	-965.9012574148069	-5975.120331511678	-9711.451652856062
79000	-424.3317497622058	-416.2321103549301	-409.1510406808006	-396.60484237950436	-387.1656485159706	-365.48087290463405	-354.1013272400727	-343.87220014594783	-340.19684078565075	-339.59903398250617	-335.34615448785325	-368.20057258339557	-471.8894397148819	-329.06843543765785	-1002.7306120985824	-5715.842578642625	-9400.313641532495
79000	-420.0642527713309	-411.67176738813464	-404.0973404215296	-392.5988488732961	-382.4154044769573	-361.49720394672454	-348.93453810652045	-338.74781620070274	-334.76731804911503	-335.27770562854715	-330.1510238825112	-362.99773161215455	-449.97745349904994	-323.99979058063985	-978.5226094062141	-6012.67683771668	-9754.04847717259
79000	-403.80243712778025	-395.21945557561884	-387.77046185017406	-375.47913243591074	-365.9716403940806	-344.02882449084063	-332.59478226926495	-322.28485105864615	-318.9259720702025	-318.7510010583037	-315.71778567867307	-349.7595015533819	-442.77882123182206	-304.799331559272	-950.075245740997	-6200.5079733149005	-10080.342151217565
79000	-465.5357257427364	-457.2102680628733	-450.0556564986493	-437.7443564629515	-428.4547303858066	-406.68606707924437	-395.81316596127374	-385.613232006306	-380.9099994880204	-381.18974542452355	-378.35373064190674	-414.89828495401866	-516.4791236384558	-368.77240221674253	-1107.714323398486	-6230.3417501928425	-9856.009224148273
79000	-398.4800724209653	-390.1248685503819	-383.3011594181151	-370.5500799718276	-361.0609458149553	-340.03896455200424	-327.43164449051784	-316.8645174451863	-310.935223815903	-314.0614319140244	-305.57812370457486	-330.25902572068196	-413.8815065720945	-300.58302977607553	-897.1036540673813	-5442.592005168897	-9173.484922421341
79000	-446.8124771806388	-438.0037902238636	-430.9704279778942	-418.897107352327	-409.820173627002	-387.3440383836077	-376.38603004248216	-366.6459099820352	-363.70259788746625	-361.64434096630026	-361.33456142689465	-401.6617303689481	-504.3822468591619	-347.71042584020955	-1090.2436182884592	-6135.3980443535875	-10010.980386301022
79000	-425.1614876009614	-417.54340643913355	-409.68528370026326	-397.877533267986	-388.2725025864572	-366.823192378112	-355.06618391001905	-345.4133537290471	-341.9401253901785	-340.711818684901	-337.1372680569566	-370.83434054017334	-469.80050501384375	-327.16923249184373	-1009.3880883332758	-5790.608259035095	-9551.07034530116
79000	-428.443911454153	-419.74464383944905	-412.99045857448783	-400.9391205999781	-390.8896909842135	-369.71109702994056	-357.4507210196651	-347.44326728679783	-342.6210446905812	-343.7891113819395	-337.11449085016807	-367.50705660456117	-470.5849190002536	-333.9984603899227	-967.0349882622241	-5684.076388839683	-9291.288152765965
79000	-393.1356053916918	-384.72643752855146	-377.5168063533293	-365.75075478803626	-355.69563650350807	-334.1736924971355	-321.5403901534392	-310.85780184268526	-306.8430957925955	-308.2520200474949	-301.7336233911251	-328.0197706972912	-407.03544003832263	-294.0671089559997	-900.628565093194	-5772.13491824612	-9451.89249560461
79000	-429.15726915780255	-420.8836756288562	-414.2581298782565	-401.99717633244313	-392.3315142790642	-371.38854738546	-359.45440516628804	-351.21629557916384	-348.18393013846566	-345.3567180798605	-348.1269350416453	-397.120525770651	-500.3525783464804	-332.55956416100355	-1080.5579205784873	-6313.935842838348	-10317.619439781693
79000	-426.2388148695899	-417.78574569659423	-410.7088034905633	-398.28430122520456	-388.7020585631303	-366.8296992508408	-355.28604296954455	-345.07344636025	-342.0184497374996	-340.7575963820618	-339.50145143071546	-375.9023783346199	-463.22956684016106	-325.3084891512245	-1042.344047585206	-6107.8184918820925	-9953.388941427465
79000	-460.9804485984301	-452.5703414984119	-445.0021692065953	-433.02996799611867	-423.5633733413209	-402.1626588295423	-390.8160994712875	-381.1397757799963	-377.92924790396484	-376.00876632907733	-375.01397455733587	-415.86525913949185	-517.0126610125096	-362.21918923033047	-1152.936943026047	-6152.90003353279	-10021.196827145437
79000	-426.1360417978488	-417.4279235803439	-410.6958883832462	-398.6011670348529	-389.4827387871595	-367.51901593991397	-355.74315863641436	-345.4617497766937	-341.31557573328985	-342.00079604367863	-335.9800887542826	-367.0835231374445	-459.67354221496146	-330.63879660813643	-1001.6070669721197	-5749.13521391552	-9532.715472869353
79000	-409.90426245914506	-401.43747211823654	-394.39595406351697	-381.82840725065523	-372.6843124845678	-350.68360824940424	-338.6907254790329	-328.98730848873925	-325.8923351750787	-324.93238735507094	-322.03893235191714	-358.05578955268544	-448.3910199109378	-313.53060080090125	-985.0289082100693	-6023.9993710209965	-9918.277198784965
79000	-405.823208260366	-397.0477977235327	-389.767528889693	-377.1988909553603	-367.3448039043473	-346.5561996905125	-333.73021007045065	-322.77338717905934	-318.2650634996355	-320.640004670467	-311.9074464843054	-335.1942727480594	-409.1110640174226	-305.76577609015067	-909.3305813015154	-5614.589498781956	-9309.202410752261
79000	-468.56028277526786	-460.09973995548637	-453.0784526256493	-440.42475679162453	-431.5434846792765	-409.5891671235464	-399.042488148055	-389.15425197329836	-387.5241303430058	-384.95943710893226	-384.81022564981606	-432.84313338793294	-541.9628708646813	-370.09013108290134	-1202.601372420536	-6294.154734465641	-10239.567361719886
79000	-431.14563436336755	-423.0745575545569	-415.20706012791624	-404.34682246557793	-394.2246713966024	-371.88841651412974	-361.69428455850544	-351.4363862535372	-348.62638152227635	-346.15372231677037	-346.08891295721537	-386.38873306575397	-492.2194982951761	-333.07004304814757	-1088.00402495488	-6194.58252996779	-9988.314353598038
79000	-426.77368454217026	-418.69070484170595	-411.8877924396573	-399.36612451478345	-390.0294190171435	-368.7978042114461	-357.45128319704116	-347.0972019513465	-343.66471645455454	-342.78116248129174	-340.9210075244941	-379.24417336942446	-481.1156232045604	-332.9649085649186	-1039.6471201029321	-6007.890860349869	-9927.052114888946
79000	-427.4050855989824	-419.5425309304646	-412.4303081933086	-400.05569800827277	-390.4603661337106	-368.277871497968	-356.7590292219503	-347.81527432493056	-344.0121592449677	-341.950127971745	-341.91291492619894	-381.41809774864214	-472.71488012005176	-326.97598999368375	-1087.3209621842377	-6205.057749283277	-10298.435146825872
79000	-426.6339209394108	-418.5871507238932	-411.1306991513032	-399.17306544852113	-389.75554273919937	-368.19283388703855	-356.9976551005753	-346.76749537362815	-343.4414197187824	-342.87964764134745	-340.92941899983606	-378.0705688048101	-474.07226407357314	-329.027600882541	-1033.395469883611	-5966.959839204873	-9709.493391463553
79000	-445.3141888004562	-436.5130719646747	-429.47496943858147	-417.5771558649707	-407.0117009497379	-386.1787311082972	-375.15301788133337	-365.21312859392634	-361.1094023598943	-360.5268070527748	-357.7257434723746	-396.4262573905008	-498.839520715897	-346.99488410372123	-1089.496592622963	-6085.267493422421	-9819.415288759572
79000	-472.48139341785736	-464.2271421932228	-457.0723316238477	-445.9228025394108	-435.06881819795234	-414.65322655720576	-403.0463721259684	-393.2475148623285	-389.2611041340258	-388.9394979211872	-385.42142377982293	-422.6450486525619	-527.234031616777	-378.85732963176264	-1156.5310273304633	-5738.1189256223	-9246.402953286106
79000	-426.1498769219309	-416.915269090548	-409.9355598299689	-398.27507074149537	-388.2920191411251	-366.19006086624745	-354.4450318517803	-344.0819189769624	-340.25541656617395	-340.5943923781666	-333.9119440627772	-363.37911432705505	-444.3630876810238	-324.8669567930857	-991.8070018964604	-5959.301042237144	-9672.601369987693
79000	-445.7687784633843	-436.8252886910199	-429.6049635468667	-417.9786057248965	-408.0776315722014	-386.75531067644073	-374.791422821076	-364.62123102612725	-360.5512385533967	-360.9031440796905	-356.39237532981895	-391.24867118107744	-480.0192355201258	-345.76393918372304	-1058.983149900133	-5962.08344229574	-9572.464673126997
79000	-469.30240431205794	-460.67271864637036	-453.93503134201984	-442.07764531510963	-432.4961600414301	-410.40029909927034	-399.47834752942225	-389.61268362001226	-386.3936314641511	-385.04496271379077	-383.41037488986905	-424.8943247153845	-534.4320494969413	-370.7016042235033	-1202.5735116731048	-6125.79054599299	-9879.82467183019
79000	-449.3693749214124	-440.05990310830146	-433.49569691223866	-420.7989513087673	-412.1975160097643	-390.25266716748587	-378.98578816906075	-370.79132221646324	-367.47030344237146	-364.54130480283305	-366.45599834815187	-417.98910962417034	-522.1055645939025	-359.39844878901755	-1142.9058340387219	-6190.894822808433	-10180.333260974288
79000	-478.2486145147821	-469.2637941832154	-462.9476759186451	-450.9189239395047	-441.186984115871	-420.05400192247953	-408.5761583032909	-398.0975102153991	-396.66304375165697	-393.8582078315605	-392.17722372604845	-434.67582959001123	-543.9417015105013	-381.476243595941	-1216.2899762094087	-6142.78407553499	-9861.722645995185
79000	-453.7861926144927	-444.78486259860864	-437.93058094806196	-426.18603722055695	-415.9008315987787	-395.0287160467441	-382.77686069382105	-371.98739471386955	-369.0843039353178	-368.7339978572305	-363.1200586109972	-395.4139690650357	-494.7613327660624	-356.849831165485	-1075.966950388801	-5840.356829592531	-9328.349024705372
79000	-402.22251929799467	-394.1842977415518	-387.4059029549674	-374.38125630850686	-365.4052246740893	-343.3925695850041	-331.07077957039286	-320.8141243462572	-316.2037675509019	-317.5501953840628	-311.685473308822	-339.5470668473573	-417.69812850209854	-303.2964752323594	-905.96795192848	-5774.236680331738	-9595.778924512439
79000	-428.6926036925819	-419.8852539500556	-413.0777389947314	-401.02276145822793	-391.06025454484217	-369.7355709342327	-358.3323002615888	-347.5269171120028	-344.3232767460642	-343.62095216499523	-339.0340468836813	-371.44295008748855	-466.2231749435626	-332.02596161094027	-1010.4946654152035	-5904.401703496688	-9594.42118017215
79000	-441.98325718631185	-433.175475524997	-425.2661297069812	-414.35322213147094	-404.3889492771599	-382.4667206746186	-371.0459492363911	-360.76896779593125	-357.3169910417984	-356.4137862166588	-351.65157819970534	-385.4468795056747	-479.7370268834897	-342.239989765728	-1045.8702713740947	-6077.836604508206	-9799.379851263946
79000	-422.1925971125781	-414.224555090402	-406.4432110792815	-394.7241934434469	-384.77352080452675	-363.2580764367283	-351.4506271367282	-341.3263712532283	-337.64882484901614	-337.35142526214884	-333.0680266295519	-365.16929561575074	-448.9861250115615	-324.5719451369252	-962.5527896353461	-5772.276328555788	-9559.310961939835
79000	-429.5120898185804	-420.51984581911756	-414.2161353404836	-401.8556209620882	-391.9724569033872	-370.9421155919633	-358.3944791536519	-348.36969634905165	-345.2599554466075	-343.8973352810108	-341.56505000939666	-377.33122676904804	-472.2620879775075	-328.9799308110456	-1030.2726676540171	-6126.363013810157	-9874.826332510871
79000	-445.8341760080853	-437.48031502988897	-430.4537087264435	-418.6635542027349	-408.27048280480125	-386.81796871679853	-375.7273779004317	-364.9168367060149	-360.40579459381325	-361.82716050892583	-355.2350022947411	-386.0677679721371	-479.80799919998833	-348.2224074698207	-1025.7737834585275	-5981.674275350201	-9632.044961929667
79000	-432.91539966068154	-423.8343947694586	-417.24593143781686	-405.6453258853136	-395.27938839370927	-374.31474012565866	-362.509183420039	-351.7668687717317	-348.4903975170479	-348.9296277261763	-342.8517425445399	-375.9326570176247	-470.18038643899655	-334.79822870910857	-1015.1648490844998	-5859.92322310154	-9522.409170042058
79000	-399.44407195992005	-391.48042592345155	-385.1818220126756	-372.40053481387235	-361.8909058864167	-340.72303125894734	-328.5396002291161	-317.3752095655241	-311.6242617398938	-315.07930625812236	-305.6252681224075	-326.2332381382875	-398.683616092855	-303.4237113366184	-846.3746998908226	-5624.1928282106055	-9129.917420381325
79000	-436.4311934125434	-428.2792120645024	-421.73309994408436	-408.4094759150273	-398.2056164696074	-377.74411921512484	-365.3802369239734	-354.7063102986914	-349.8711296176487	-351.9380061864699	-344.0160547593721	-368.3527015176903	-455.9244549196448	-336.98907108493387	-1014.1514752481609	-5890.128167803886	-9432.53798593662
79000	-423.73975811854973	-416.1729208122617	-408.583213549837	-396.6161752465181	-386.5321207373315	-365.1043432453804	-353.03079389470446	-342.5586577310783	-337.7624542692151	-340.0020211660814	-330.96387489434704	-358.38157265770366	-436.50662545666364	-324.9064432199607	-965.2050107459199	-5643.795290557552	-9293.506316374978
79000	-429.4784094107139	-420.5031050454475	-413.27317568444954	-401.27691336281055	-391.91225478900384	-370.4081946988271	-358.3015186859823	-347.3821783978324	-341.66216809744503	-344.3621207464067	-335.89437018154	-358.6546625304125	-442.1546146311161	-331.1620964840052	-953.9460779165155	-5640.564772035608	-9162.146861209145
79000	-446.60487600928997	-438.61734509056384	-431.40300027855125	-418.9556870594905	-409.24354260331523	-388.1589245134415	-376.2724591209272	-366.0838905647627	-363.6304181163002	-361.82665150902415	-360.5972478111006	-401.68735558354933	-502.9874528316352	-346.6710833929931	-1112.1477385911953	-6247.176193423421	-10118.452634505229
79000	-435.7499311184993	-427.1879309710077	-419.9864087224316	-408.0745359113291	-398.5630328875038	-376.79178234265885	-365.82322467370875	-355.8755379824073	-352.016416700139	-351.5824666992781	-349.3972280061672	-386.43539456925834	-487.26795774439364	-339.0543696594081	-1014.6004102003529	-5998.592068255078	-9741.566812509429
79000	-475.6042466072969	-467.23996106156585	-459.59142965715904	-447.95332156385416	-437.44594910742114	-416.3944323936706	-406.07566272009996	-395.81076420925245	-392.0130196463657	-391.11099192353623	-386.63122363239376	-424.87697136752524	-529.8570294470046	-380.400483866835	-1156.9373442174378	-5885.198940508893	-9621.371008335189
79000	-445.32097938933555	-436.62628687262105	-429.62955043051676	-417.1451473512767	-407.4655394957925	-386.27420570359203	-374.26763644351183	-363.8111581859535	-360.16217262976085	-360.730064203801	-356.23353686047494	-389.9356236951582	-483.43361778586694	-346.680316011424	-1071.089778917022	-6145.765933243773	-9797.26340910156
79000	-442.51653245910387	-433.65032886469635	-426.31526033598635	-413.8992040712484	-404.54807414465444	-382.56647823313847	-371.3456904637397	-360.99588257954275	-358.1123728351209	-357.1306132864548	-352.4863223664355	-388.4279737010869	-489.1203671454376	-342.8768584808601	-1028.5254046884984	-5910.110294461953	-9552.535456523035
79000	-409.8434580693491	-400.9755395263894	-393.8876943531863	-381.849980335293	-371.73282244928316	-350.6264034582375	-338.52530005891765	-327.69604171221397	-322.3957519382897	-324.2068862362585	-316.6701206974014	-342.6814450507256	-418.39034677778017	-309.32677017496616	-934.4244726115332	-5758.822157884096	-9377.116380806841
79000	-449.85655776523765	-441.2841667869866	-433.89727714551026	-421.98626993754067	-411.5006890710885	-390.9026304919037	-378.56229343660095	-368.90211969420284	-365.2401704899397	-364.58933738161306	-360.8299464385131	-396.45608303768614	-488.61264221798035	-348.2137511736773	-1115.0691283036795	-5975.774830813401	-9599.090961508933
79000	-437.26484775738385	-428.6998651080933	-421.1294738663923	-409.8200275263233	-399.86198230062774	-378.06663051540306	-366.6665414571833	-356.36852688678744	-352.0134794907265	-352.54907158961277	-348.4100745487371	-381.10083321911196	-473.95319839267864	-337.90803243456304	-1026.8959647467073	-5808.145106049903	-9470.131419370618
79000	-427.7268694177514	-419.39828682919716	-412.1604554712581	-400.3905858612841	-389.84868928698387	-368.5219481908613	-356.8854188602087	-346.44044903192554	-341.7100604773654	-342.48969577568573	-337.36609499612445	-368.3259195788936	-451.53217745287816	-327.76356330152305	-1006.9488688645048	-5911.087894075787	-9616.685461025596
79000	-438.48809054619613	-430.34678533447106	-423.4834393679051	-410.3593431396489	-401.2334990609821	-379.8410567198306	-367.4064378476084	-356.4491525027233	-352.3067099836123	-353.7708490131102	-346.9296577897687	-374.2461130829408	-461.91658726406416	-339.4526014568572	-1055.79862924508	-5947.87278853358	-9673.51914834543
79000	-484.7193514447028	-476.3164993904526	-468.5987010149252	-457.5845720594385	-447.36877614239165	-425.4189307747838	-414.96900374318705	-404.9348465466413	-401.66597342625516	-401.148552451071	-398.0178202212092	-439.33543138921704	-547.080358377819	-387.5280151390604	-1210.920761731735	-6159.374002540952	-9918.523572129223
79000	-402.2126673413285	-393.66553898331034	-387.27834854021825	-374.6471229845207	-364.073120071822	-342.54072850385444	-330.6960625594227	-320.23566102868995	-316.1516207131226	-316.5081915740099	-311.65328169962186	-341.8370664797293	-420.9589719429994	-301.7663089975367	-952.1945195689359	-5889.754123590946	-9621.731313154081
79000	-388.61746148205197	-380.29240189535494	-372.7774174283283	-361.0629790115049	-350.4878508501116	-328.8410787724432	-317.7532801515964	-306.54151001712677	-302.30969725693774	-303.4353999934844	-297.5709656282326	-325.3799607970992	-405.18444030996716	-288.70205868617023	-889.8574053394665	-5821.731835243253	-9677.160866142009
79000	-451.6784310288408	-443.0995976949202	-436.0176107425203	-423.7824709963305	-414.60485875877026	-392.79856829728783	-382.33524289924225	-372.3026784589618	-368.9279944828144	-367.18217603907095	-364.61633671371015	-405.18070503430187	-512.640721044578	-356.87545421581854	-1095.1021353710062	-5986.419738070851	-9810.174659617172
79000	-424.1668720570728	-416.1353064926215	-408.9687509727499	-396.85226312209477	-386.7860943231766	-364.79759780774793	-352.9166746645867	-343.4189681894387	-339.1762338963954	-339.7398236842822	-334.23294636912203	-364.48145925191153	-451.59556158348715	-327.10646781577066	-1017.116379551755	-5657.5026766919245	-9460.0520700706
79000	-399.97353378391796	-390.76493547986723	-384.35257894755654	-372.6715848001479	-362.9752744959767	-341.106856359642	-329.23598193564703	-319.9587879174914	-316.3204540461129	-315.327733510036	-314.20133580466603	-355.60001309812617	-452.24217158612527	-301.22336530121197	-986.7785255709166	-6047.234989783999	-10029.637176289722
79000	-453.0032193514194	-445.18732898948076	-437.2621950367214	-426.0554939651147	-415.8515486855438	-394.1822614167351	-382.7461219241354	-373.49071082998194	-370.3037622730809	-368.21625600357305	-366.152041545582	-407.3801176200255	-510.8127600080019	-353.38249730929437	-1141.756624044365	-6269.439055688068	-10087.174733743299
79000	-455.7887865871543	-447.3243157128457	-439.74291889708076	-427.93246645278305	-418.49606273196156	-396.3912843663548	-384.8704933642449	-374.57377605075635	-370.2402761036076	-371.39507563410143	-365.43252511447423	-396.7750556925071	-495.9467413281139	-358.35377901053175	-1082.5843702246975	-5778.865465776216	-9390.77847350788
79000	-472.35995315031283	-464.1656118504836	-457.20582297297386	-444.82629329194947	-435.01265144235947	-413.86615251157167	-402.43905522242943	-393.32468982181643	-390.1041574407113	-387.7656937163563	-387.90412249205343	-433.8805373244489	-539.2788894680652	-372.52979177695653	-1210.4171043494173	-6368.729681420707	-10098.668884591905
79000	-445.7203159447238	-437.01754445606144	-429.8340567960527	-417.8585899385671	-408.13814732187046	-386.92643003932125	-375.3063138638673	-365.0846466123559	-361.65114118179673	-360.55176893610286	-358.63691430247246	-397.6731508694859	-497.9650103228178	-346.08839239408366	-1071.7379460982056	-6240.301853003177	-10125.464207512954
79000	-415.29838226001146	-406.8630053678359	-399.156887280587	-386.67666201347606	-377.19539510059565	-356.3640499718531	-343.6662897537726	-333.7724989233867	-329.6432094275239	-330.2659429922013	-323.99341974689935	-353.7066913877321	-436.9258686891788	-315.5989616734744	-978.0072820175128	-5713.021541945068	-9511.952029309155
79000	-431.1228898360345	-422.697976982256	-415.60848129016307	-403.5282687824041	-393.9800505729626	-372.47714021311873	-360.78794202172315	-350.07608416962546	-346.5556719470758	-346.5766511533356	-343.2771203410281	-376.97861715213304	-475.03071915382077	-332.96794336888775	-1039.2437765037048	-5947.586537748572	-9627.581429402313
79000	-420.8643423873936	-412.32032924533985	-405.1214062511678	-393.35324519354424	-383.6968861387006	-361.95356931994763	-350.5824753445396	-341.219817457341	-339.1129795909827	-336.32584108077333	-337.33517932765875	-383.5183432766126	-487.1822593832903	-323.4786283407842	-1067.8803265337565	-6318.183916764057	-10261.411498981526
79000	-426.1720089824286	-417.36691700822524	-410.0340344505201	-397.58987352084955	-388.0647733268172	-366.7259083130648	-354.6910749429405	-345.1256416465693	-341.3726614827694	-340.9399287461243	-336.0101721892654	-366.8130257313473	-458.5053143832765	-326.25517615108447	-978.6496098580975	-5744.853597874655	-9342.56254832699
79000	-448.7036694133256	-440.0838796851545	-433.07055954607205	-421.41769093043706	-410.82314464062244	-389.70722661891335	-377.5866452672512	-368.7309984561377	-364.8656788436583	-363.8250985084614	-361.9294716471939	-401.3464815684602	-502.23224659276065	-349.7914154886389	-1124.088214594129	-6003.077812517858	-9871.875684452885
79000	-423.69226861851655	-415.9843044747329	-408.8285419226756	-396.29664720429196	-386.6820821283682	-365.33959898061323	-352.8824594294302	-342.21492963391944	-338.65031832361586	-338.4809513626688	-333.23545045081863	-365.1658047620024	-450.475343965243	-323.9899111778668	-999.2999625835029	-5854.2730093423315	-9703.597809908139
79000	-437.7229462538043	-428.8384543527385	-422.09419411844755	-410.23534772354617	-400.205583064465	-379.3671688410846	-366.6793358923293	-356.9066595182779	-353.65119015742056	-352.5043581535916	-350.9082363581435	-389.4301987653907	-492.079626703225	-343.8279513796299	-1080.9882108390602	-6131.749936173475	-9860.34921496504
79000	-434.95346011298255	-425.93008104816477	-419.07011736145495	-407.50359939082864	-396.90684671033097	-375.1951750444314	-364.050747903329	-353.5301937881577	-348.8642483086052	-350.02898729102367	-343.69318932904804	-371.82570855548914	-467.24145066365696	-338.82590822137297	-976.2802978885275	-5570.109084626301	-9161.82481912263
79000	-422.6266985276075	-414.935741230338	-407.46804367916724	-395.5129003889241	-385.6905280356714	-364.63610947560176	-352.6544888668276	-342.6043614356884	-338.8922046911153	-338.92136111398963	-335.3385177757447	-368.58124022436783	-456.38091549952446	-322.834972714142	-1029.7863689498536	-6092.896363834584	-9905.512401739006
79000	-451.12229227744206	-442.3898337660584	-435.68185559488126	-423.80356307902264	-413.3907211231687	-391.89487999032133	-381.2048250999522	-371.0120154546986	-366.4428956491454	-366.25479002893906	-362.51295005363323	-398.2352905246974	-492.5096321320836	-352.10636314459873	-1085.2997718582938	-6134.478506498872	-9735.00779470617
79000	-421.71444065172057	-413.35156214848627	-405.69816572175904	-393.94448215091256	-383.3438848154744	-361.9799113112796	-350.5637445551425	-339.15045736218525	-334.70703331848676	-336.6153713109712	-330.0348367351609	-357.34086642389514	-437.2991078422184	-321.26620813594377	-996.768125782534	-5825.162171516286	-9439.729106231194
79000	-446.3290828928182	-437.5021776152004	-430.02793474751314	-418.63722752035994	-409.85477852150433	-387.1235556821032	-376.4935282047697	-367.017698793881	-364.27001498989887	-362.21498757161504	-362.7745031650079	-407.73537100438796	-518.8064336547699	-346.89248465048416	-1116.764767822373	-6359.59027998147	-10277.779020975924
79000	-449.273766616399	-440.65911165781375	-433.3265499053196	-421.625917694907	-412.0845560982359	-390.2739044690632	-379.0568310411562	-369.17896524637416	-365.1064059171028	-365.64646980061354	-358.4736276185321	-392.4925598773903	-495.6113100905812	-353.4797512675488	-1044.3926776799542	-5726.3382089641045	-9412.941441986004
79000	-468.21511933550215	-461.0542608789959	-452.86823968284494	-441.9701728835357	-432.3427921564679	-410.3058017529627	-398.87196012181937	-388.8386884670771	-386.473543444888	-383.9493511542917	-383.7837400544808	-427.89503351243053	-536.166859531475	-370.09112828316086	-1185.4750888926483	-6241.188208319788	-9926.35953838772
79000	-424.24150116881384	-416.48707190931736	-408.5000677137402	-396.5100874714311	-386.77792058761656	-365.5282624122116	-353.72061316057585	-343.02252578609097	-339.58881857966924	-339.8903341351213	-334.2462596296919	-368.2675325120953	-455.23439844542594	-325.57347956686823	-1013.153272615532	-5822.811973098733	-9492.655208162603
79000	-417.22774289211367	-409.0224198432	-401.71184335254435	-389.2691828079529	-379.3886395958853	-358.25101902118723	-346.6906013946845	-336.1146911475608	-332.907091246403	-332.5308529884535	-330.0116435895574	-365.11962197993734	-463.45759668720547	-317.9649704703605	-1006.3524403937458	-6006.890806758114	-9777.007491304828
79000	-403.5126758266973	-395.42968909802966	-387.2562610566055	-375.2973288235472	-365.6862148003698	-343.88913046787303	-332.33380224811435	-321.01249872060737	-316.4109519866488	-318.4204998689973	-309.94773503704806	-335.7113622785113	-409.71711704334945	-303.2038554589601	-919.1170410082641	-5787.856566276622	-9401.578053284016
79000	-416.0749104102397	-407.3407203265643	-400.7447152211483	-388.5181466381422	-378.8181452099433	-357.334330263224	-345.09739008715496	-334.82834425690953	-332.0302386984159	-330.99934777172166	-327.43043734096256	-360.39395846388254	-451.48542376759906	-317.7785223631389	-993.67296487938	-5869.772282922535	-9680.311771470433
79000	-430.19764360055245	-420.9789824358346	-414.17737816112543	-402.68012570485587	-392.19138258767185	-371.15531834815033	-359.515112872035	-349.0263601008901	-345.1011148763983	-345.4116326303666	-340.7596016302172	-375.83810491240655	-465.64437502889837	-330.17655373211716	-1030.6043883559287	-6069.680814374376	-9842.447179867664
79000	-402.10083715894643	-393.8877120822947	-386.5236128776165	-374.5779919582027	-364.08247610405107	-342.6430834092701	-330.3883701972081	-318.77613250647255	-313.85976525371484	-317.20610213465613	-307.6148972375201	-325.84209522720215	-397.66591648872753	-303.8024511392104	-883.4543932473955	-5723.14194847294	-9314.475536206639
79000	-405.4621285358445	-397.7239254999589	-390.1329008245763	-378.2317554526594	-368.7700898890571	-346.9894711805724	-335.41672386590426	-324.9507411988753	-320.45933093476333	-320.74181717502296	-316.3212192068743	-347.54764716591114	-439.9538060969954	-310.0367814084552	-937.5397307508945	-5769.116064900644	-9536.720391267483
79000	-422.9859587873059	-414.4270783882654	-406.7916052566032	-394.94920249151244	-384.56324171248434	-363.0424129828384	-351.4190244056217	-341.4752699570767	-336.55774462482475	-337.28938924196785	-332.065049687622	-363.5323274443138	-449.26551948841296	-321.6987692350695	-1015.2309500119987	-5958.857025218558	-9795.167071728392
79000	-438.77231522635174	-430.82865822429477	-423.29126743051046	-412.46536635620566	-401.75345404135413	-380.2257911752261	-368.0554854620131	-359.0600770871356	-354.81244092011264	-354.468707962182	-351.55078346683854	-387.3140516775117	-479.8376269528533	-341.6315011448559	-1066.0263339179514	-6145.016412999759	-9868.789682820712
79000	-437.1400908212969	-428.815892256936	-421.62869596100376	-409.6467170675602	-399.89625192562295	-378.3959865295055	-366.1749605115947	-356.0637359611521	-352.278014914384	-352.2221019516902	-348.28410336019454	-379.6328452717547	-474.8391729518086	-338.4562486697135	-1028.5309251815536	-5665.969876709337	-9281.021691927832
79000	-391.75008025108343	-382.83973441718746	-376.5698025334801	-364.6562359589898	-354.7247687907557	-332.7012953990776	-320.7284667698757	-311.0376436548342	-307.1585970907278	-307.0762772126418	-303.1270357291793	-338.7221458935824	-428.26514636636534	-294.4003498566119	-916.8433884625928	-5992.905332784739	-9908.274103591295
79000	-410.3388675049783	-402.06010513808707	-394.99889496013765	-383.26672078595334	-374.0190370745035	-351.5832401540604	-338.93421658287207	-328.75473975613374	-324.706364485745	-326.0268562793078	-319.5930443237226	-347.6355858810435	-427.8301113664192	-310.6315961096501	-957.9365520658289	-5780.4223003515435	-9608.234679723359
79000	-426.82518599208095	-417.77662569731854	-410.88577603064977	-398.18835987584464	-388.7540493903645	-366.9012960945115	-355.58160564817416	-345.4951918338413	-342.3640543196097	-341.30773599429676	-339.2617873483417	-376.03264335838014	-469.68921511576343	-325.7924313411069	-1036.7835375263892	-6142.9848044866385	-9884.486282432448
79000	-422.7973094140536	-414.5010835282742	-406.96443881859915	-394.76763179699367	-385.46210007605	-363.93113158987165	-351.3984990009032	-341.2472711299516	-337.39621320591294	-337.5991861550896	-331.7524566640902	-363.1925725782273	-449.7154634374909	-322.9948570076013	-1026.1348365663682	-5863.846261429202	-9536.921666578966
79000	-412.1064493888238	-403.2615662978491	-396.6839294482158	-384.24292400138995	-374.6801084685911	-353.1579837052724	-340.43302963954153	-330.1064452837552	-326.35668581645893	-326.8725531929872	-320.07564026320614	-347.7798744956106	-426.644997443551	-312.15162912884	-992.8127422588327	-5938.530821939667	-9675.305441381483
79000	-453.95769763286114	-445.9672392053593	-438.50578466917165	-426.9947534023661	-417.67147569174455	-395.23819318962023	-384.9626503836163	-375.53102209290984	-372.6668057569555	-369.9396683124828	-370.5683965026158	-418.79668160526666	-524.6902244139468	-354.52244475504295	-1151.2690066137357	-6356.515294983285	-10341.659514474195
79000	-435.6003963727188	-426.69966633592514	-419.4311829754417	-407.844158697691	-397.3002025355325	-375.7820616918635	-364.850328808693	-354.1826145936951	-350.92763673468914	-350.6330001044686	-346.6730923129573	-381.1989987470421	-472.2568296838212	-335.8092335144916	-1029.6443368458129	-6231.886192784872	-9890.026268723395
79000	-377.05020059315694	-368.42268331301125	-361.6711791571037	-349.39220405506205	-339.0169484586327	-317.682149258774	-305.2105654824523	-293.9762523128379	-289.16322100804337	-291.4773985094341	-282.8989863254332	-303.2124989536475	-375.4023172637708	-277.2373587833163	-825.3308128268044	-5674.836177843616	-9412.852871924137
79000	-472.8735906381519	-465.19449153608144	-457.65144013501816	-445.9008995881154	-436.3690286039391	-414.3264287406653	-403.21645090133427	-394.2246433456947	-392.16309398590414	-389.0506037096858	-389.6545222255783	-433.4462443867862	-542.6491548523051	-373.8725530554665	-1173.638116926306	-6377.871573320742	-10181.71670479799
79000	-391.3091588698306	-382.4980551049174	-375.7725215535118	-363.4094583499964	-353.56124468715524	-332.0765409433411	-319.48831569564857	-308.6808346593983	-303.56464543596906	-305.40403611598106	-296.01609759222134	-317.4279006142024	-398.1792384650067	-291.1851119634626	-880.5876993887111	-5604.7005541906	-9241.728384568403
79000	-423.2568149063191	-414.58026711396474	-407.31282936694055	-395.3821372570352	-385.4158897331466	-364.31267154128614	-351.2435708594363	-342.40013118879205	-338.29702713939173	-338.83093341419413	-334.71484989985174	-368.60704047442294	-454.69726060336404	-324.94100046424217	-996.7556709568785	-6095.143762668034	-9927.680445443573
79000	-423.78358359123104	-415.7053351160678	-407.6085901242919	-396.152626590939	-386.4809069220629	-365.6366245648547	-353.0520146630077	-342.885461442399	-338.8091537481717	-339.7983809743077	-332.178410462012	-360.5675056538543	-447.8206839579139	-329.80135482349016	-953.320737303099	-5584.616742072689	-9226.942098064505
79000	-425.62710171266326	-417.2375151245972	-410.030263618486	-398.2008604817014	-388.4242669359038	-366.33049472497197	-354.3716577272575	-344.41024413017044	-340.3196988128006	-340.801825967302	-335.6209593718652	-368.5712241015054	-458.4741726460148	-326.2054034600107	-1006.435578593301	-5962.388375790234	-9732.746297022695
79000	-429.02693448794514	-421.07792948044977	-414.02326029577915	-401.64043315758397	-391.8963899798	-370.7802785226885	-358.1504363966768	-348.6187282884639	-344.84569902693926	-344.3803419663199	-341.14522047640116	-376.75613406797106	-466.9325082240863	-331.4977632797323	-1055.8499991605281	-5933.3448956873435	-9753.071519944428
79000	-455.2084503204245	-447.02095364879904	-439.6979536256104	-427.60312846887837	-417.9606280662488	-397.08760952198855	-385.6269333055291	-377.0320176612261	-374.4307365388763	-370.8557411255254	-374.3413029525749	-423.61513155594014	-540.3347056918567	-356.24789133749204	-1170.6084857859694	-6326.263438852155	-10293.966326528456
79000	-400.99562837927726	-392.8880218900018	-385.54051282844733	-372.85848423856214	-363.4272279151606	-341.4911413222233	-329.9071137983583	-319.7774217010917	-316.1134086341074	-315.4736533215919	-311.91820982609033	-344.61232551203426	-430.96002477856655	-302.9997552855645	-927.7891265053441	-5915.4033481491515	-9714.092172367147
79000	-438.5042155236544	-430.5718543497525	-423.3511605360614	-411.695760280125	-400.99303575440246	-380.264816102498	-368.7515074897419	-359.7482764109599	-354.94820900811163	-354.68727854808697	-351.1475549028839	-388.02287718960605	-489.3039991893178	-342.97609626877414	-1070.2909733145345	-5893.417317832586	-9651.295515681963
79000	-435.9555428980181	-426.730240154724	-419.4907618810085	-407.7908016961238	-397.8844460940145	-376.56896198737553	-365.1707732655931	-354.327825348556	-350.28382261135135	-350.7275973540436	-346.63972486868255	-381.8568065731766	-478.3537774507334	-337.0685195708322	-1035.2803759325996	-5911.3119045334115	-9626.027072543673
79000	-466.7720772762394	-457.9166350728897	-451.96652169070836	-439.5849273565251	-429.68567277782256	-408.9710580609802	-396.95791972954066	-387.3866589126414	-382.72757031027743	-382.3137360612137	-378.24006467740566	-413.2856540692825	-521.0057118628863	-371.05021089388936	-1140.8279745215289	-5879.370515593788	-9476.430672730505
79000	-438.1328276006907	-429.97362280685195	-422.67031013363925	-410.3282284757803	-401.1071871352455	-379.157464365165	-367.688170200473	-357.89131796739167	-353.0711507608843	-353.7424105577155	-349.79157502004506	-384.49733359653163	-476.96636908616784	-339.387762399434	-1055.898972125007	-6122.872236661905	-9904.559265155673
79000	-448.4199512536402	-439.36323126574763	-432.65861206337394	-419.88657738363133	-410.6525973685884	-388.97209613472813	-377.5694582499254	-368.64892411884676	-365.5916674883921	-363.52456054800894	-363.1707398243615	-405.0671951761371	-503.41203444498433	-348.31621607047384	-1090.0391211247788	-6381.988824354457	-10083.165865837622
79000	-435.1032681326988	-426.40865815119105	-419.30328579932353	-406.9038834683455	-398.12316443570364	-376.3540754253683	-364.33593856555314	-354.8614393063119	-350.42884953879764	-350.71521069492593	-347.3664971335331	-381.17630004978975	-472.0609733577486	-335.1692780512276	-1059.6529861008992	-5763.523731162123	-9536.55069597793
79000	-400.609052832811	-393.0790713066398	-386.20985719423203	-373.86654299865666	-363.94910413403966	-342.2258224315694	-329.85464428495015	-319.6350860116713	-316.1513447297291	-316.2775638569442	-310.7841581347069	-339.69251276787105	-425.82251199289163	-303.10151771377525	-913.9669452905435	-5828.707438887617	-9637.69681833352
79000	-470.0785707461264	-462.31534091085786	-454.9273787636732	-443.05781637589996	-433.08157273886656	-411.7210668787087	-399.8729809420948	-389.4277081039447	-385.3371225826133	-385.3798199837096	-380.4260212937195	-413.2205345789849	-522.7704340206752	-373.306932350357	-1119.9547638166378	-5996.771260902752	-9646.258634128304
79000	-443.71156656775395	-435.5395693587276	-428.2047927099323	-416.0297264406437	-406.2411256774903	-384.26254747286964	-372.83628763828875	-362.95749207281193	-359.57210446821824	-359.01469575113526	-356.15030401899145	-394.25577084251313	-490.3366063498211	-344.30515670167057	-1112.8894368076858	-6122.887384505713	-9890.126166843416
79000	-454.6659824924929	-445.60750580546306	-438.47875333233327	-427.5930808569608	-417.1525011722796	-396.00712283251323	-384.349364109139	-374.3590416097433	-371.3562859300123	-370.40748643503713	-367.0385625239277	-408.6252575031646	-523.2941955799846	-357.80534963424424	-1124.0861349416307	-5997.611240878196	-9732.836194064894
79000	-459.07795372856845	-450.14069140578465	-444.0102764638886	-431.42438526062904	-421.6701358835246	-400.4086631213795	-388.7580297399242	-378.9997617908499	-377.3655814662061	-374.5175008493927	-375.86500677987124	-421.22294122855425	-535.4739073149132	-360.6869829362357	-1151.408357102661	-6361.942401003536	-10081.085795905046
79000	-403.0978016426166	-395.0271442443751	-388.2465335134237	-376.4442130043129	-366.82591683151924	-344.54681135538584	-333.09642386006203	-323.22438411837527	-319.45238976445404	-319.34408470075414	-316.2670179064667	-351.0619559512057	-438.9555041559443	-305.8757005428132	-945.7200087008123	-6006.737690759382	-9852.82661710004
79000	-450.6292866458273	-442.0888855516283	-434.71420732956364	-422.3043725212283	-413.44055772972774	-392.1622117874605	-380.99683723522617	-371.65600513012083	-366.54668936629486	-366.3976272513196	-363.1345046882606	-404.7376521357254	-511.6559708044661	-360.4615170894308	-1095.5113573582414	-5895.122620632972	-9540.06407690957
79000	-402.7193434366396	-394.2285561133264	-387.46242245072955	-374.79122453081345	-364.9654849167591	-343.3201479494212	-331.1310923331902	-320.528734758337	-316.5413973067003	-317.2189098529648	-310.9774146070884	-339.09155414713854	-415.659990771307	-302.4194248786139	-930.3309056237792	-5811.138447806966	-9588.834910509371
79000	-431.15503691587315	-422.29312716677504	-414.92118061850175	-403.2156989222609	-393.6383283299422	-372.2234083033679	-359.6821715176708	-349.88925491054965	-345.69203602850763	-346.4669752479414	-341.40629055763446	-375.34753686822165	-466.6557417377792	-330.66365009325466	-1034.4995687407888	-5805.638364920742	-9530.502738363943
79000	-432.56012508035576	-423.62138418533857	-416.46263195428156	-404.45892650142264	-395.1849348247606	-372.8181334965988	-361.8481088287709	-352.84178266482843	-349.3256477910596	-347.84488251705085	-347.2227223008781	-391.7486953864314	-493.11191724599973	-333.47923127702	-1081.3753049180334	-6457.7449719709075	-10257.623753655651
79000	-431.2739692952161	-423.2443310619779	-416.657662830741	-403.27143025287637	-394.1544401657435	-372.32725925952604	-360.3368843084706	-350.08503637161925	-345.76867943533705	-345.9028228351088	-340.04543381931643	-369.59042829838523	-449.8152687903353	-332.11922536387925	-1001.249737076906	-5897.604117788227	-9524.599883043791
79000	-447.34732817201876	-438.7868182592594	-430.6030563646413	-419.357552405986	-409.59601588839774	-388.07307661202753	-376.8669849521206	-367.0880656374018	-363.35437238779184	-362.3943903466309	-359.010147494212	-396.19809246322694	-489.4163027992641	-350.5547314721253	-1072.9731480553726	-6017.266002270384	-9620.553297395465
79000	-408.5784637446863	-400.50258853998355	-392.6479714325413	-380.79634062479136	-371.19477115990077	-349.48378968028226	-336.95577689768504	-326.44480182164426	-322.0031851112638	-323.072382447379	-314.9633982803083	-338.41979107374465	-418.1439638235788	-310.17562505645753	-888.6331524545259	-5609.876497926844	-9306.7589024641
79000	-453.0254533690283	-444.2643294626023	-437.29581526786075	-425.14660248964185	-415.64884701418043	-393.494249508996	-382.5504477469552	-372.3928266478525	-368.3928451028591	-368.7331379304684	-364.09403492396143	-397.37213971603853	-489.73234595487287	-353.2116685189443	-1070.34529778999	-5935.478156189905	-9541.14421338285
79000	-468.40549850141423	-460.30874063894714	-452.6702336550247	-440.904509938195	-430.42834868849314	-410.0392864268211	-397.72170317343813	-388.420606166439	-385.37443005813924	-383.1507385099251	-382.52416733607623	-424.4620349972563	-524.9955398608689	-368.6047131951872	-1179.9611766467492	-6116.932783911465	-9911.76908736323
79000	-435.595893138189	-426.68616560346527	-420.21972543357043	-408.8332522004274	-398.84611001654525	-376.24043864893395	-365.5976488172252	-356.9777598684809	-353.4008333484537	-350.3090117788434	-351.2390170306024	-394.23879574707667	-498.5046395855919	-337.1069925658688	-1096.9983439191142	-6297.594166269103	-10155.763526426761
79000	-416.4363856604949	-408.4010339625061	-401.36712769357524	-388.76420116582244	-379.4212938684711	-357.84940529532736	-346.2548272967997	-335.99761753942045	-331.12648611941205	-332.3743629008545	-326.53034621232837	-358.7091525106487	-451.01540750584434	-325.89534154846706	-990.4016532963365	-5803.958477176913	-9604.851246691633
79000	-407.9653738127774	-399.16738448817136	-392.1545117915486	-380.3532084389434	-370.6810114813544	-349.0084878650246	-337.07881111236816	-326.7660553387324	-323.2079153592628	-323.33215430932074	-318.3089541169913	-349.91997478498723	-434.5009074055201	-308.9989959527859	-950.3086855543845	-5820.529473769693	-9661.909308447113
79000	-440.1058032195611	-431.00252755182015	-424.08279101975523	-412.2916994890346	-402.2886309294552	-381.1987880709068	-369.0564981952113	-360.4938927901161	-355.1841346480947	-355.72741683315445	-350.27231567258724	-385.1835036573075	-486.5239012636328	-347.5603594486573	-1023.32217047401	-5954.047191471756	-9708.421300438296
79000	-469.0840465916217	-461.4592568239497	-453.86954091208196	-441.68143480314916	-431.9583314575103	-410.6341045267238	-399.3008877085634	-389.4527149330475	-386.3786855611504	-385.30012586942144	-382.57761058206887	-422.3307012015575	-531.3999436593426	-372.1127791611294	-1162.301526525852	-5976.817690786066	-9706.678936972383
79000	-423.1913435294288	-415.02402959966554	-408.12067703247936	-396.18280882497334	-386.4431081814233	-364.2840227412632	-353.20330751635663	-343.08504538974523	-339.6148383840937	-338.6346455540032	-335.65079940424795	-370.95729531232615	-458.83342894196824	-324.4430474762544	-1005.2487465386668	-6174.979901796795	-10011.807368776374
79000	-465.22026894478586	-456.1332854625616	-449.08551455490607	-436.52378498853454	-427.88108368985445	-406.0372860894793	-394.65584078394454	-385.49790246223705	-381.40358664307524	-381.34540272442547	-377.15412081520134	-415.2463124469827	-531.8800317800695	-368.32092756203747	-1140.6822085217796	-5984.5109226237355	-9669.29250757766
79000	-429.7915506991699	-420.6275389886669	-413.8210071855638	-401.90286238828674	-391.75411952044493	-370.46433075917895	-358.19213825763717	-347.78562645465564	-343.43681351796243	-345.38711249523277	-336.7799677147613	-362.59356180337556	-455.5785385927771	-332.772093833454	-963.542218173296	-5527.873682807322	-9065.727966750466
79000	-473.2106436092812	-464.51985471247906	-457.25016710805465	-445.47499340218826	-436.0093705850605	-414.8078271127068	-403.26583040007415	-394.0667205219634	-392.05635785094165	-389.5485999139879	-390.51893981268955	-436.69408612009	-564.217053522353	-377.49512144630444	-1171.8881118984839	-6218.898122517966	-9961.225824990543
79000	-433.89053678880987	-425.3199824917396	-418.0501161471165	-406.65189674961096	-396.9557682903864	-375.1749534885266	-364.05544066785546	-353.9613412475268	-349.51231850538903	-349.27791898056705	-345.65485795874366	-380.6229312566329	-484.57082573322435	-337.6268044247599	-1039.9179298036122	-5924.751995121714	-9571.115323210703
79000	-467.71058453350656	-459.2326258300942	-452.41098923432804	-440.2756128221365	-431.58804687373953	-409.0276482378913	-398.39368337793775	-389.66752766267746	-388.85021212852814	-384.0256795593915	-387.6123258881749	-439.8057964048629	-560.1406378984349	-370.7647031461442	-1208.0323407579865	-6501.582737108618	-10353.402440132926
79000	-408.6085505186529	-399.9010845287906	-392.622380327014	-380.7725061064183	-370.98742580022855	-349.44703677225164	-337.6432127773895	-325.62101962474514	-320.83722378983305	-323.55056692837195	-313.4721856276888	-334.3360889490148	-410.9063104551238	-309.51040203290927	-893.3847131675469	-5497.575322642831	-9054.047083918293
79000	-466.98716862373834	-458.86803716647813	-452.1817049104173	-440.10653220048164	-430.14291722123977	-409.2799695687952	-396.6137810662745	-386.7893838551993	-383.5061767904397	-381.90277897470963	-378.06062285388884	-412.6085042793596	-517.0939682199846	-367.79067888198745	-1130.3694833596228	-5945.321002829791	-9677.842280600908
79000	-449.5395610850767	-440.63907227021616	-434.1782709694797	-421.9295870040736	-412.2127186433193	-390.30461094610604	-378.8738249257812	-368.4540203713473	-365.3378654022879	-364.69856824531286	-361.36440533903726	-398.2196879462898	-502.6031732140414	-351.31800040728285	-1105.6861398579103	-5912.692827454009	-9592.532978067935
79000	-447.92422433494517	-440.2931660460099	-432.61946472550625	-421.42063451664364	-411.42482520862114	-389.41769945566915	-378.0282178629496	-367.5898201757956	-364.29050291937074	-363.60848911522675	-358.5373491353639	-391.59082609836616	-485.64739172895605	-350.58307156448086	-1065.7455894705865	-5852.161344116303	-9499.48090910296
79000	-424.2004661887599	-415.1209788743421	-408.6684275300826	-396.5516357088004	-386.67458140342376	-365.37737746640306	-353.97476028044883	-344.0249070237973	-340.354575561893	-340.40149856304635	-336.575962951852	-374.3085972550421	-463.1876981411568	-328.1542356898935	-1001.8069484978282	-5930.707163857035	-9646.762700396186
79000	-470.2632324809717	-461.90314211851853	-454.09146812527086	-443.0708028355424	-433.27803503487337	-411.48726906200375	-399.7853363658372	-391.31015519837183	-388.5964428261806	-385.7657614320907	-386.39652838167996	-434.0019798621249	-539.2577447739585	-368.80571063008836	-1215.8525025862527	-6450.290610476877	-10322.02474444847
79000	-450.81735197278977	-442.4428133536316	-435.10141198488697	-423.1957428908855	-413.29724667766584	-391.8733904832355	-380.39180833960916	-369.9572372914338	-366.18170931468575	-366.44273411537176	-362.35029330045614	-399.18252974676835	-490.3163028553521	-350.4628382573815	-1096.1433759202978	-6027.622789351896	-9745.25638405111
79000	-431.8869191701719	-423.46703782624644	-416.07064546562134	-403.92902732253424	-393.7831127173017	-373.2471776979471	-360.27796353914323	-349.999322739784	-345.3747117803564	-346.60188664717253	-340.42499235093135	-368.1319977241772	-447.18287169363987	-331.28697539519254	-979.1192738494778	-5782.448410912093	-9369.270569004593
79000	-457.55862436200886	-449.1698203867993	-442.5481709010182	-430.6424422433074	-420.10393379102885	-399.8159618192606	-387.5583247916408	-378.8277229182367	-375.3922209116241	-373.29206614953654	-373.4736183111468	-416.396440592174	-523.2653183733181	-361.81367817393453	-1122.7495759533174	-6237.344129769422	-10045.322555366345
79000	-451.7459412493141	-443.91555473402434	-436.69620301596325	-424.3841670910407	-413.82606654097015	-393.04754010217204	-381.46031541431614	-372.09024609080075	-368.7165254752833	-367.2872210535186	-365.7113754593455	-403.8934310948993	-507.9284229001014	-352.17654770598705	-1106.6954990575011	-6255.6402475132845	-10076.777565480857
79000	-441.4947051925072	-433.2220415456161	-426.4673074878728	-414.02312300028143	-404.48615356172866	-382.7474729314365	-370.9928115300238	-361.09773849038856	-357.4687706070788	-357.3602026952967	-353.48966185790323	-389.30071593699734	-483.17925102247307	-344.44088529325984	-1075.2156812960677	-5924.2712499981735	-9571.694481578199
79000	-451.1224413273485	-442.28615253908214	-435.50364377364866	-424.12496242594636	-413.7511993499895	-392.55316779747386	-381.04827683513594	-372.3339217554522	-369.161993399513	-366.1720926728628	-365.4170659809793	-409.0325990817019	-523.2333009002731	-352.74875236344093	-1129.0511649489451	-6135.38548915142	-9928.94022188869
79000	-403.55330195037953	-395.7181236465814	-387.7929498664145	-376.19288104561065	-365.9685475111046	-344.5489919785878	-332.1010310345667	-321.1065055739698	-316.81631319874197	-318.47343641876637	-309.54316543916036	-331.6101127023912	-405.54048127759773	-303.8505447260686	-917.1633520036726	-5568.695690084634	-9121.730448850341
79000	-439.35091378867253	-430.2050887790045	-423.3449439239857	-411.3041964404566	-400.92869492335683	-380.236156767271	-368.4052043072826	-358.2174698272513	-354.1619178326614	-354.47439958477725	-349.57510685368317	-382.3668298992199	-479.8706967621334	-340.9666774097098	-1040.8608665945646	-5886.158418440447	-9696.605529518136
79000	-408.7051740959625	-400.1522222122836	-392.4491007418855	-380.89151669140404	-371.05278044403195	-349.327093765081	-337.0010423411358	-325.7864097781502	-321.06439359114694	-323.28993587608005	-315.15940858968105	-336.51696574401603	-408.93133529173394	-311.5235740240203	-894.4852548589911	-5549.788796265065	-9023.345839464208
79000	-457.77718508831197	-449.4277720731321	-442.4030519782354	-429.9499375141082	-419.8886129922262	-398.97217599495485	-386.80115111387545	-377.49367993869384	-373.78545966247896	-373.007822947122	-370.16195427211153	-407.08384570287404	-503.88759691924093	-361.03358150630817	-1093.2071324530682	-6225.413479117298	-9874.043143018234
79000	-420.6628878483912	-412.30169232007216	-404.8984020233575	-392.5343551462289	-383.0820232537304	-361.5365743989178	-349.341442966318	-338.893338015381	-334.665150235582	-335.53140629313657	-330.25527536619063	-359.9699381811946	-441.03861593967434	-320.7152387763667	-979.8139038242971	-6029.504589649581	-9679.879350893883
79000	-424.31092880907175	-415.9200543353083	-408.9596192672422	-396.6689248549877	-387.057180770747	-365.911970546538	-353.63843165462305	-343.2370337488646	-339.1820738914328	-340.3237942540309	-334.8232325580203	-363.5597590769583	-458.88331784954704	-326.3613754250422	-997.1162634954037	-5975.4987133717605	-9593.83367945842
79000	-419.30852101143046	-410.8678152147688	-403.45330260840905	-391.19908725961295	-381.53019811420916	-359.636774922657	-348.0178988062927	-337.3475758214589	-333.9552190228332	-333.60321727425145	-329.433272856425	-361.11387346164025	-444.78942109542487	-318.52275667713985	-1009.0272504593746	-5822.5157053620605	-9581.953732167694
79000	-415.133053147022	-406.57151210450803	-399.3353263902149	-387.1991380390756	-377.39351147124796	-355.69878347602923	-343.8529275541787	-333.53725457747566	-328.48218276945767	-330.0491442419988	-322.8613768191798	-348.96480005445136	-430.2207632171703	-316.22272371002333	-962.8907796560115	-5450.762476100826	-9064.539375807308
79000	-459.47415369568415	-451.39779967655784	-444.18370982647235	-432.2670137030025	-423.10145991933194	-400.8897089009717	-389.625705705288	-380.6885311561141	-376.5875354747479	-375.44309135016346	-374.15689808535075	-417.3628393469863	-522.5087604485959	-360.7105070146486	-1151.1565810490085	-6240.701011768657	-10035.50580756283
79000	-437.7927825690758	-429.56221459853856	-422.05711658744866	-410.37508358612126	-400.6381458465878	-380.15244776638724	-366.8137775938829	-357.7557459823074	-353.83249594864213	-353.7264363139795	-350.86604472843845	-387.68052039376533	-494.9951093643478	-343.3757525914661	-1024.2229350250816	-5938.220732936952	-9619.748315048691
79000	-463.17221987651516	-454.826438816042	-447.0198726856252	-435.2321528846213	-426.1121623509458	-404.3188909245282	-393.04521322039585	-382.4165187522446	-379.75943906001424	-378.5449410282072	-376.13124386351404	-415.08830563039334	-516.1474952753492	-364.6666460360864	-1127.4665993094857	-5992.072076388378	-9704.086214132649
79000	-418.08768945171994	-409.8013253101362	-402.8977104824705	-390.6425632718982	-380.27210446268555	-359.3206578793975	-347.75919116723065	-337.06549066340625	-332.65897590456393	-334.01182189801955	-328.3065743868332	-358.7476769793484	-445.6192092743562	-319.903542473791	-980.4353511810865	-5989.432903169083	-9763.610284903447
79000	-421.64725867770676	-412.5406958182757	-406.05630421071686	-393.8562506312062	-383.40691772108096	-362.2370169025271	-349.7811461212886	-338.7816642722235	-334.37534681423796	-335.97750180143186	-328.5128213659537	-352.71198922992954	-440.6251683439427	-321.0820752377032	-960.5392192477552	-5647.180636190204	-9257.71638269314
79000	-411.6524760378814	-404.284437796214	-396.6039920317008	-384.4771577465518	-374.74073146976923	-353.1956058628357	-341.3026830652278	-330.38141198071065	-325.4193831016391	-327.3527217767633	-318.8572220788199	-345.8162168529152	-423.0598995820843	-312.5068182723539	-944.1252199687533	-5719.195909863908	-9368.02048371937
79000	-429.11020500441026	-420.86355743285895	-413.70317120801843	-402.79762959250127	-391.59299987638525	-370.18752558331107	-358.7441764924313	-349.21109154798955	-346.0287606621357	-344.4657401554634	-343.8034273334684	-384.9900493499004	-487.6099171822224	-330.13285747919934	-1090.7231017684837	-6144.628101290164	-10094.04972679532
79000	-422.13249988100097	-413.8327430685493	-406.38457124430437	-393.4308194029013	-384.0001567173961	-362.8539157165611	-350.98227375684485	-339.3255036389341	-334.08451475378405	-336.8015886770323	-327.92001398592265	-350.5572020727425	-432.2132733045364	-322.9933363347197	-963.6513855414116	-5506.725301910774	-9029.542861637818
79000	-480.98285669975456	-472.43176862092594	-465.3907334653422	-452.8806032176036	-443.83709874119324	-422.24654734652194	-411.684664375929	-402.7438451217105	-400.0857080144886	-396.97532065812203	-398.06255074110214	-448.3501279935941	-576.4410225350255	-384.1062268040112	-1208.7296871734657	-6244.510176673255	-10217.448558461712
79000	-421.2417142871145	-412.8489720444724	-405.96713364162025	-394.14533507325007	-384.2071030843028	-362.2836617344025	-351.24261022629275	-340.86983534235844	-336.75980325671793	-336.9577351392769	-333.7980318944423	-368.4884686068158	-460.15486199466557	-323.6211009686744	-982.3643914343149	-5952.668227254084	-9734.653237295312
79000	-435.34161135797524	-426.59298412909584	-420.02970711397194	-407.8010783572116	-397.69065485721956	-376.40385989973714	-365.3650275792007	-355.58756681108775	-352.37457873487574	-350.58806175032583	-349.325341291598	-389.8048946000483	-486.31202348146076	-336.55279351303153	-1053.3429342735833	-6129.361504281316	-9970.67121929815
79000	-447.3107412391719	-438.8075898095021	-431.325585467267	-419.37803551664604	-409.5641998569272	-388.4531286892009	-377.15526300368305	-366.8297969272575	-362.7031511653807	-362.0518069881629	-359.1161384261008	-396.78808405936525	-491.0835064428292	-349.9036652548297	-1091.8262058928094	-5816.635272772447	-9565.922842168138
79000	-431.2190617383321	-422.30526487142237	-415.7165526374351	-403.2751580331617	-393.5366572976721	-372.3069449686798	-360.45262372069203	-350.83401563281416	-348.9647568523985	-346.85246681815187	-345.6073620246514	-386.9573581697428	-485.3163400254825	-332.1302045213293	-1055.6338420821867	-6132.523553448798	-9966.30847265325
79000	-448.8074738854052	-439.90865702288124	-432.48727790248023	-421.12035942405396	-411.14192551498274	-389.3335945775349	-378.13753564589257	-368.03527552714183	-365.9133558896604	-363.95106812138044	-362.72767935308747	-403.43035596966865	-506.2700032973819	-349.9910988485994	-1088.4915899043795	-6022.0811644082605	-9778.384432656738
79000	-413.69276631862715	-404.86650654935966	-397.78314328214566	-385.1527568079864	-375.8767286394758	-354.7626869491836	-342.6575953462519	-332.215059075245	-328.0233057713799	-328.5008577915509	-323.8157865534567	-355.4930200606837	-441.3222182581823	-317.97598753285143	-964.4481535263719	-5746.066260017506	-9327.69799618282
79000	-417.67387212813867	-408.99185448673836	-401.23259432157937	-389.6039073742579	-380.2876654072526	-357.8222108746842	-345.68494577986775	-336.140844387355	-331.7340099616017	-332.6257491533391	-327.2538900475752	-359.83404503277336	-446.9590256219857	-317.33256220700383	-991.7852584535171	-5814.483141544321	-9548.593297531006
79000	-430.0200137222844	-420.92820378780004	-414.12587287943717	-401.8021690592725	-392.20807366086507	-370.6516752601659	-357.8914816672448	-347.71966208444604	-343.7241280717203	-344.2292675733761	-338.41855636687626	-367.37003493061445	-447.9578676066819	-329.0205285176927	-1037.3809142586501	-5749.812876152846	-9420.699369768643
79000	-424.98022422160545	-417.1626355945381	-409.755455204004	-397.50112561677133	-387.84004553747326	-366.5667814976705	-355.3935859242014	-344.9376726818472	-341.215494542435	-340.34204862113756	-337.91130004073835	-374.7782318598164	-475.95550299783616	-328.21267745329794	-1045.6404434490844	-6108.307820085866	-9920.683028629826
79000	-421.04717870836527	-412.077514394863	-405.53318565942396	-393.2120811876829	-383.1987865072348	-362.22452605562137	-351.06300545018854	-339.9771286810224	-335.7318177575704	-336.66201145704264	-331.987782825556	-365.1308948537515	-455.8024373342125	-323.7312869227905	-995.2140357703962	-5918.153696438496	-9606.45571926022
79000	-406.368876104993	-397.8135801788134	-390.7130930803767	-378.17980798501355	-368.3430179536839	-347.26742018163424	-334.5276415890215	-324.55790796782895	-319.8765043924556	-321.19379530940347	-313.661220882133	-340.86772305786707	-424.4220721787315	-306.5004738276947	-909.7328790423032	-5943.110020056559	-9595.158439105058
79000	-440.55000128056815	-431.7341357167555	-424.98063243479766	-412.705154783338	-402.8328217619753	-381.4061115224883	-369.2503546882632	-359.8007716089818	-356.4376363375678	-355.4625489400124	-351.4073533622737	-386.71832658490155	-472.8814285626182	-339.3625819370092	-1082.1065097514106	-6104.875194800104	-9823.475355806111
79000	-447.71677751707546	-439.7207551239418	-433.1950687671634	-420.0433280294171	-410.733901957282	-389.4673376676588	-377.844328227385	-367.3933867789557	-364.7158244412788	-363.3739911282227	-360.4665747509739	-398.69777425288584	-503.83145218238553	-351.7950107645353	-1094.7731248531718	-6101.678398796412	-9932.746824939604
79000	-437.04181661326777	-428.8132493426255	-421.071684787081	-408.9877095162084	-400.14418820679305	-377.8148485255324	-366.764559543861	-357.2331686956678	-352.8407775265779	-352.034339201867	-349.5031481853058	-386.22850043816607	-503.8536359378931	-339.56254967300043	-1041.7573728107072	-6043.029166877513	-9879.648695531037
79000	-408.92164087233516	-400.63328229439355	-393.62766820604344	-381.79929144353014	-371.4513354519691	-349.34755638751034	-337.8305779699616	-327.53574950211447	-323.8510011307847	-324.00746547953315	-319.61894620798313	-352.0318123223088	-437.5864104087345	-309.45668220659894	-955.8809626521952	-6173.674551007252	-9899.142663592382
79000	-416.33453689348397	-408.4616230215017	-401.1161299041585	-388.96809104966576	-378.95716083762807	-357.26747192514836	-345.03306049439766	-334.4486953579717	-329.52338809687234	-332.23665666436233	-321.78565708023416	-345.1910303411569	-419.5014036332411	-318.0475169923528	-936.8269338483865	-5630.3149434409	-9203.618817375256
79000	-388.82176637913255	-380.21386745357927	-373.5204877152078	-360.3665862785996	-351.4131677195036	-329.13152034166393	-317.05219327866166	-307.15124146266544	-302.7841154613892	-303.68077140511514	-298.52498984903406	-327.1450794170489	-405.0772345476136	-288.51519250613035	-911.4563032863547	-5925.363271407125	-9726.67694098904
79000	-436.0210139422348	-427.3769876830158	-420.913618291526	-408.6744962923618	-398.2307508811269	-377.39852937978753	-365.29990857411747	-355.29638681878	-350.85365856721387	-351.6367579499592	-346.62389454437937	-377.03333681689566	-461.2636492788328	-337.4049682219414	-1007.986976676603	-6079.419801339953	-9653.520942262889
79000	-426.08181370994913	-417.7715350716959	-410.3874131607785	-398.62261340629846	-388.8010449956429	-366.5091558970041	-355.80629844546996	-345.74022751525325	-342.45170031389216	-340.81951258236217	-339.7956310819655	-377.2362863372528	-474.53652153253336	-325.70974587344904	-1062.0838528305426	-6113.913643192316	-9939.53667467189
79000	-457.9551529548681	-448.8931623887822	-441.9584261049802	-429.7744942688754	-420.50553681851926	-398.7768648266917	-388.0453313547604	-377.3959771944076	-374.2836868456425	-373.18642202168667	-369.8710073124285	-407.9636390722947	-517.0012473230536	-360.33449544819405	-1110.4565195594066	-6035.75117843199	-9623.945202905263
79000	-458.65414799598665	-449.02364027791276	-442.55573373511476	-430.79121506391243	-420.6806645610484	-399.5082305784872	-387.08642694123176	-377.2310773991812	-373.0484007886179	-373.33093145324483	-367.73440602803305	-400.6781724226996	-488.1573426794175	-357.81468466077627	-1108.707467150257	-5970.29433738169	-9574.243221308829
79000	-455.6226649210467	-446.6068859860413	-439.5649254882963	-427.53878484403674	-417.18183193564875	-396.32282501312517	-385.6241279440079	-376.3300687076859	-372.0886679444414	-371.047494742359	-369.6861476952843	-410.698416272029	-527.3076487774962	-357.9999445312417	-1130.1575723676615	-5981.016998357546	-9737.935706239756
79000	-425.61025103940284	-417.82256329893926	-410.3976366104982	-398.8258845195978	-388.70307680982916	-367.2172066438169	-353.85187343995625	-344.329428793367	-339.1190474460187	-341.7750533450976	-331.50190752525515	-351.6607870315172	-434.549292568809	-330.61677746140117	-908.5640096183225	-5208.635904674202	-8802.333233908557
79000	-464.38600409611047	-455.4361573198985	-447.83229164937603	-436.7153105999996	-426.6625896465403	-405.23792620401963	-394.1819764828477	-384.36083617612144	-381.5157779810866	-380.25939919305006	-378.54660583021973	-421.4573558354436	-534.6681644437367	-366.54458176684574	-1152.2722888068129	-6253.585186284815	-10048.370348331728
79000	-426.33648075946144	-417.72747225937974	-410.211415066337	-398.37071622781536	-388.1010115448255	-366.6697361035985	-355.18822483252956	-345.41752782655067	-341.54624663111633	-341.61459107336776	-337.4749376363619	-373.1220798740888	-472.78391702165624	-327.4680600265437	-1008.1876400067407	-5880.1332113511	-9599.045923205698
79000	-428.00700797899754	-419.8860041461337	-411.7446730103157	-399.61483682374546	-389.3726725984695	-368.78692750853276	-356.22118469972327	-346.4052642995706	-342.015017244681	-342.8472902900943	-336.93537690202	-367.0336974238053	-450.00928017746867	-327.02098619158346	-1009.5956233222117	-5662.7780759523175	-9312.521486643971
79000	-387.03396959454847	-378.6592123611885	-371.86434474461265	-359.18534959790463	-349.0814476831067	-327.37804199473914	-316.00558520471725	-305.5998490039735	-301.89946700352397	-301.31897989347465	-297.8117664436595	-330.35489399543275	-410.53692065958757	-286.88115251129096	-923.7539991540006	-6034.876499549726	-9980.642397059317
79000	-421.23539880421674	-412.9188074634769	-405.61097881691654	-393.6764706243141	-383.80987957818417	-362.01724743196587	-350.3190725985884	-340.79076258918684	-337.44715030429046	-336.01418726523553	-334.0919962868216	-371.3912264351181	-458.6586413747497	-320.8959585188528	-1013.5361975497156	-6406.583806518764	-10273.793179931217
79000	-436.3439251472854	-428.11967916777627	-421.1503576282233	-408.2938806296263	-399.2228014082739	-377.68524221106236	-365.6895973549892	-356.4009411052155	-352.62200581576695	-351.93782446274	-348.68454844918733	-385.16924691352915	-484.25747031910316	-338.1056702714677	-1059.9626045134264	-5957.0988621911	-9692.864279999696
79000	-434.78103118890795	-426.21767533785123	-418.55391881431643	-406.93611239743495	-397.50087804279644	-375.3868139121636	-364.4418320382265	-354.0358972960733	-351.2048591055582	-349.8837022540213	-345.14691064851786	-381.2888709555718	-486.0165707608531	-336.63328363457117	-1048.3826216349053	-5698.491125631336	-9379.93608028695
79000	-456.5363960837105	-448.51986763016276	-441.33707166204823	-428.60412990784505	-419.24817679546675	-398.1114431223027	-386.4744213329504	-376.7446486189824	-373.88216046275096	-372.4905077422357	-369.9654530671186	-409.6346924791286	-510.4549433013043	-357.7938951860792	-1125.4186114807565	-6212.518950613577	-10087.052808461325
79000	-466.46320814765255	-457.6006210977406	-450.61739322486443	-438.63424656741824	-429.74661856258007	-408.5490515544494	-396.2194127011374	-386.71659768832353	-382.01297995119444	-381.92917869752824	-378.6171104055077	-414.2084531935922	-512.1056028960841	-369.72031822424964	-1121.6532956053954	-5809.288359069644	-9508.187564182968
79000	-469.3902183838737	-460.854807184793	-454.25478052753857	-442.0611016628869	-432.5624150153001	-411.5113062382733	-399.4205189713705	-391.3562111626246	-387.4345298089211	-385.28837427288215	-385.63643389468444	-431.0645583920626	-547.846384415308	-374.14861290953473	-1147.582412496487	-6498.752974087301	-10209.211054837919
79000	-408.57976039492763	-399.85697206725337	-392.9356498066898	-380.465703052667	-370.91467374589075	-348.8945779291942	-336.85672269533455	-326.9014811248973	-322.4227714448714	-323.5395073246078	-316.2580121924069	-342.4581086444948	-421.04887025594695	-310.400613342583	-930.8207885640761	-5707.632772324738	-9424.136511776396
79000	-383.85123284200955	-375.45413854186535	-367.7288732966428	-356.21931121544367	-345.8844182644624	-324.67327090396765	-312.57432381170184	-301.94815219946383	-296.24164857580354	-298.7088602631937	-290.6164293426787	-314.3116411811239	-392.94523195575175	-283.60499017366084	-854.0073987229719	-5742.503779134697	-9435.299699765585
79000	-450.3037556347362	-442.028247222409	-435.7556785297873	-422.7380241403089	-412.98209534006435	-391.54518060974834	-380.4507276023644	-370.413921396888	-366.12090850927143	-365.8304876802267	-363.998073835377	-401.7840950706513	-500.57310403194367	-349.42878915198236	-1109.2406441897392	-6284.02204558308	-10021.063349455428
79000	-412.96233193007726	-404.4456160303392	-396.81227074080135	-385.04355758266354	-375.3635357275318	-353.8597856529282	-342.38111217986176	-332.58944173140765	-328.8904439099541	-327.8955052697585	-324.20792788490473	-357.67589889875285	-453.1008181566464	-314.63329189477906	-993.4487663928294	-5915.150421703642	-9678.539016429553
79000	-441.71263579779264	-433.44553804866445	-425.3599611278491	-413.51978415039036	-403.9559982268254	-382.0856719022956	-371.13335539123995	-361.09364468276556	-357.8458003094397	-356.26607603396116	-354.203280183177	-391.5536914291204	-486.57285645702365	-341.91545406776294	-1094.9359162120716	-5921.223412562245	-9739.460870192297
79000	-446.4308992298746	-437.0572513273045	-429.91625200361005	-418.6740129102012	-408.37037107706055	-386.6735385122742	-374.9766404404951	-364.7644090348363	-359.8104575849038	-360.9454835407691	-355.1105921703626	-386.44242361862763	-481.7724867050543	-346.78143312716423	-1076.559735930451	-5824.4527810878835	-9333.209117439254
79000	-405.230571902126	-396.28171825338814	-389.0278630506578	-377.2234893411975	-367.2211745446139	-345.5436866616459	-333.77027087966275	-323.2290274423348	-319.57408975365416	-319.31498363896986	-314.59313047114534	-345.11451420722534	-429.64418363309136	-306.12161576182905	-932.9264693566246	-5957.186526335467	-9667.858625531344
79000	-470.31879827192813	-460.45379978002245	-454.07288705942807	-442.8759675000307	-433.5161933369973	-411.26643214714016	-399.9879061931063	-391.1166446465795	-387.84159782426275	-385.3447754718245	-384.9134348731069	-430.1044938769176	-548.3185921670002	-374.6682882732464	-1185.990396652828	-6165.257772491329	-9935.01506090222
79000	-429.459431474767	-420.2320180250664	-412.9592909363717	-401.39391390711205	-391.6971961763567	-370.12190794409	-358.2703139901189	-348.113913598206	-344.4089433054459	-344.49276733389104	-340.95445415022766	-377.01050022237183	-469.25360286490144	-329.1153311762276	-1067.7395643584832	-5974.3604475357	-9798.203266418888
79000	-433.84020092734187	-426.57235888785317	-418.9721998133745	-405.99185835135256	-397.6576114904119	-376.49707675234913	-364.37045120554825	-354.81253510388973	-350.7854226372044	-350.4688890306947	-347.78734863617996	-385.3859082718741	-495.68471550166305	-339.9137658562331	-1016.7113647233817	-5994.651848776774	-9777.405361400764
79000	-410.29677215615226	-401.04493280006767	-393.9421655193094	-381.3236508565134	-371.7769213190341	-350.344491999638	-337.8605555578703	-325.79214482783823	-320.14230175324025	-324.79879923353883	-312.38974739468875	-328.46848380735304	-394.43468667935105	-309.35826837590565	-900.0673678544917	-5263.892493187938	-8660.76464456583
79000	-422.6809568420161	-414.48897786747034	-407.1211219654593	-394.8403914541291	-385.1191189338424	-363.56279308523943	-351.57243722237985	-341.1335691708194	-337.56563100477723	-337.6473317065325	-333.4235364439672	-366.33842539632695	-456.0110965534737	-321.8377735652904	-1041.2642053157656	-6037.865697856479	-9861.986085973238
79000	-445.3364745694417	-436.24593757548115	-429.7699499635398	-418.08887268851583	-407.1772719046255	-385.7255928899537	-374.7128672373442	-364.6449941910913	-361.5905475335559	-360.5126089168914	-357.6887665505454	-398.1850623025303	-498.0115459521647	-347.16605519478355	-1092.9868913388518	-6055.399705611872	-9687.553277888132
79000	-441.0473681742095	-433.6812380625429	-426.14868925707964	-414.05308421469886	-404.1199314891039	-382.3992432195786	-371.42579652473506	-361.7778281143825	-358.1462559197321	-356.08424191739294	-356.0189374112072	-396.2659603676799	-488.8423082217897	-340.7004099738601	-1132.2645220282104	-6383.019581439315	-10311.437354728592
79000	-444.86219325806013	-436.3351298141152	-430.0729170334254	-417.1784546638273	-407.71070767754725	-386.21642381378234	-374.1890147862801	-363.85032435626374	-360.47686733661857	-360.32832402223454	-354.870413667327	-387.7416834300609	-485.63703065866616	-348.0297643119588	-1047.5067657544128	-5999.525017632636	-9707.22741519634
79000	-426.5589329223839	-418.27471056807235	-411.2928608926108	-399.0056374431408	-389.0795723203738	-367.68025065377356	-355.61908212709886	-344.8270564902631	-340.94003856748	-342.1807634719395	-336.40539298778884	-366.59214978261144	-460.31734449413335	-328.0970326210981	-998.6221265377765	-5846.330558803382	-9469.18773478484
79000	-405.81559573097115	-397.8023221773326	-389.89037835040045	-377.7133774040708	-368.2860989763252	-346.50885430467105	-334.26397976909686	-323.394759911526	-319.52676772819	-320.77870304888916	-313.6732056993182	-339.1281076105278	-417.66279120964873	-305.2544842063338	-950.4343772328764	-5693.328250729699	-9418.818043608844
79000	-431.1254041801804	-423.0067862485121	-416.4375132654066	-403.91585669124356	-394.32448154233305	-372.26692471036415	-360.5387285772482	-351.2241925826905	-345.9277263193857	-346.8902274596328	-342.2811880989705	-376.811750124306	-465.24041645981293	-331.4106870897534	-1058.9807427966368	-5941.824935614971	-9668.756374829763
79000	-458.77805813577567	-450.83435016685956	-443.4211750175006	-431.5082738328356	-421.31885198641805	-400.4035371431719	-388.9570181760076	-379.8470612686036	-376.5024292875022	-374.3463567340218	-374.52058086381675	-417.4865681620773	-523.0904268191974	-362.9427132050504	-1117.366031255077	-6178.078646550253	-9903.123545290126
79000	-424.62653855264637	-416.148926230794	-409.29148719350775	-396.9917515157589	-386.9165188523466	-365.42185860538245	-353.80455162365087	-343.2717896288067	-338.7233930823284	-339.6952573286895	-333.7701451822703	-362.83824544849784	-449.7996464694115	-325.50605284781665	-987.4234303173439	-5840.621190544643	-9523.60350586669
79000	-439.86366075088637	-431.36870965002714	-424.9547296682695	-412.4945239397025	-402.41749484805155	-381.53950284425065	-369.5745808222685	-359.97753387919977	-355.9594373564777	-355.2299677002543	-351.88968895086583	-384.97130925664675	-480.168454988205	-342.4403659466963	-1025.3213831139667	-5881.305634218854	-9577.201472898187
79000	-445.4404760642519	-437.02222594466764	-429.3830365627453	-417.696503096481	-408.4694894636955	-386.87129971124284	-374.96169102904764	-363.8380825246867	-360.53243807767535	-360.6656154457809	-355.1227475313742	-387.2233489887081	-476.64193314947505	-345.72935725626803	-1052.124309422915	-5957.070073663596	-9710.084864657481
79000	-441.6302690039273	-432.725869199034	-425.8240062155042	-414.5724259170837	-404.9947208214879	-383.14483186891346	-371.14487585489303	-362.095145882464	-359.5324448092346	-357.86720957287156	-356.4938107169392	-399.3217615065135	-508.77822825303934	-344.38139806947004	-1074.6046403851376	-5992.444638136102	-9813.393241046726
79000	-396.1981923834939	-388.22961885100386	-380.09908395512906	-368.4731225224622	-358.2949449438202	-336.7200060670013	-324.5102380197561	-314.62856484575514	-311.19312597159546	-310.7412539032491	-306.40504487148644	-335.7578993929398	-420.6653803053181	-297.50851706531444	-910.7166644266214	-5755.565735189661	-9579.546176129108
79000	-392.3593530907642	-383.1266637273119	-376.69536477692037	-364.24960656473047	-354.44876593884965	-333.2226721098302	-320.9770340620802	-311.0237378234603	-306.93510905189936	-306.87272993809506	-302.04542066441934	-332.7528485693728	-412.8114440979568	-292.8185359060308	-938.9401102755551	-5777.403152913812	-9627.57664392992
79000	-447.9385635592523	-439.9196952018546	-432.5900790937031	-420.2861217929433	-411.5125241866002	-389.6092211040525	-377.04531718531524	-367.88758510845685	-363.94339561852854	-363.1084645330584	-359.5854009112871	-396.1779576464957	-493.57341815725016	-349.4748334238736	-1083.8742649182477	-5821.787724753346	-9451.442711416705
79000	-458.5796549670886	-449.67468709788824	-442.96684554954044	-430.6850667117252	-421.2818233452762	-399.4474688642921	-388.5360955813753	-379.15175340444216	-375.7161783791815	-373.7508499850374	-373.68900585635726	-418.56009896779403	-538.1468907196883	-361.0487198256306	-1134.6274048218934	-6283.404222941518	-10042.610629101713
79000	-402.8101667305574	-394.371653248091	-386.9125979034563	-375.2326764399712	-364.83469782030807	-344.04157034150893	-331.59059712344293	-321.8419106342723	-317.4356058284962	-317.7320456531193	-312.85217993536327	-347.5876983009616	-432.793289156348	-302.97320082097156	-961.8143712451201	-5902.750406552037	-9714.808747698407
79000	-439.1177861915199	-431.23615789377146	-423.2551769706502	-411.4157567902557	-401.38938350381596	-380.22644291424785	-369.22073453472103	-358.6736630697583	-354.8809160038274	-354.4062279921382	-351.0595013830586	-387.9272152155811	-479.7600535118491	-339.31321949333534	-1075.6001684937103	-5846.272458644023	-9598.418714251045
79000	-434.6049920406878	-425.74580596197353	-418.7710711375136	-406.66832755135783	-397.0699212296015	-374.51268163877864	-363.5377042155864	-354.7838117415657	-351.3595342099228	-349.5436231332755	-349.16292841462325	-389.44897492426526	-484.7884989462735	-334.6741238619381	-1078.7756110746245	-6419.418460168332	-10284.72960890725
79000	-414.19600059386306	-405.8681074383613	-398.45183486338095	-386.65071660301965	-375.98198449693245	-355.44204091726175	-343.6428718144528	-331.38268322570985	-326.9431626073609	-328.98230798209494	-319.4537522555403	-340.76941056833164	-411.8198980477474	-316.3309590065724	-911.1428091357682	-5250.160216138589	-8832.390401639906
79000	-405.8437190066583	-396.9876749362068	-390.0107610781534	-378.05897984800424	-367.5509460903073	-345.89601700402716	-334.57951011321666	-323.957139044783	-318.71003384982123	-320.1112055993309	-312.77236599056204	-337.8774500026627	-419.7529004096482	-307.81157995443465	-898.751686867158	-5528.822480521751	-9136.527529000554
79000	-457.9844444793215	-449.59310279326246	-442.32211159969864	-430.42423068722246	-420.676170035812	-399.1302611056566	-387.19959936555637	-377.3117307794507	-374.0523041990126	-373.94683043798966	-368.7075874622556	-403.00368938714286	-496.56555648187435	-360.01874702934975	-1084.0781437928285	-5740.297650441246	-9308.054732798588
79000	-438.10051538918185	-430.49348544987686	-422.7998425976386	-409.8768837555981	-400.9783615801239	-379.02665183926035	-367.396111182744	-357.4331779488674	-352.6761443634448	-353.6873629037903	-347.3042405638182	-378.31835609266597	-467.0695396208917	-346.6922289949653	-1061.3377237235716	-5847.33462002349	-9571.962743020169
79000	-464.4136871409424	-455.9612643107461	-449.0543258880029	-436.62826667973343	-427.5818087000598	-406.0056596924767	-395.4266444191868	-386.30536082444576	-383.76751019371	-380.31700732649807	-380.8517841550838	-426.48386812105514	-549.4000870425962	-368.8745570742375	-1145.2119588793348	-6309.532443544322	-10079.67094928147
79000	-446.3854825454679	-437.8130131679541	-430.85227283740636	-418.6290751224683	-409.64310809845045	-387.0129463467011	-377.40759731097205	-367.82948943082016	-366.2169945928535	-361.94395844972627	-364.6677698527685	-413.7376660968494	-520.1046304467028	-348.03530801184735	-1147.7207743995943	-6460.049492227121	-10457.722799368157
79000	-475.79887698138845	-467.94036732323656	-460.6053247172143	-447.75179805965786	-439.2782497815144	-417.43605242188346	-407.0264485156381	-396.75881094373483	-393.78518626260563	-391.990782873446	-391.04048470109177	-434.6808713580062	-547.519361539684	-380.05515001818355	-1199.4773872525404	-6164.350690430917	-9894.095997309258
79000	-431.6772264742785	-422.99297408776795	-415.79667572101727	-403.77616700526846	-394.19665975463545	-372.1247689755123	-360.74467673736314	-351.7971411193204	-348.3553741766096	-346.57580109086257	-346.2419324763504	-386.9652611924374	-488.7205166994462	-332.9997615386689	-1063.8839547521118	-6245.808721175493	-10128.090534470233
79000	-409.02551693518205	-400.73931794653197	-393.10746719868354	-381.07185325175897	-370.91056623281196	-349.913632967999	-337.69186401701484	-326.75825752976635	-322.82158731991797	-323.36501227208737	-316.2758068182904	-343.376126860776	-420.8816055846059	-308.40264791004137	-974.2016710878208	-5802.494283286935	-9529.6723186219
79000	-458.2683098294757	-450.9068575686566	-442.3931585701791	-431.1690627159296	-420.8731396621378	-400.88002986600975	-388.0809914077385	-378.8211579009255	-374.5999841645101	-373.81594652420455	-371.3625391740616	-405.05912067495626	-508.75477669948526	-362.0461768161656	-1086.90079777013	-5949.62378290255	-9617.99207251644
79000	-479.32088296915487	-470.6020298226715	-463.0798595308185	-451.3197371597322	-442.04298530971664	-420.26867886651155	-409.36760134832014	-399.87319617586024	-397.18272592119115	-394.21374780530834	-393.6795699150112	-435.9214689858382	-544.0105975329948	-379.9591428345581	-1182.350982747971	-6083.252186007309	-9781.069768717569
79000	-437.45721358808214	-428.99569012361565	-421.6847503082237	-409.2887583379311	-399.72871645264587	-377.8806378005642	-366.19612287607276	-356.01198930049344	-351.32546359562645	-352.5603566123532	-347.233822981988	-376.9608486982999	-463.87029846478276	-336.65906880818443	-1052.1587526528435	-5974.778948767169	-9682.684651681018
79000	-386.35330969651426	-377.9576782248916	-371.1122641826301	-358.726598584867	-348.91880247106315	-328.21142876038647	-315.7342407705403	-304.6468699368246	-300.4691861342253	-301.42737856931194	-295.42008851559575	-326.00109277973945	-408.6210279043311	-288.5271295281076	-872.1180312223864	-5639.716748581037	-9379.08220187712
79000	-468.0290233513888	-459.52325739564515	-453.25344893444304	-440.379017468867	-430.4098200175201	-409.7469083937591	-398.93000747105316	-389.9228121993317	-386.2753613900723	-383.5812014737328	-386.16288974819247	-432.26331409596196	-554.8692755881681	-369.32933877073094	-1197.930118490501	-6326.336398119731	-10220.074903055272
79000	-414.0753901283211	-405.3709164732422	-398.28695918662	-385.8587267037675	-375.8333819103972	-354.17128479094936	-342.71405583938827	-332.5481158176077	-328.01358405003805	-328.1937897521244	-324.2880846309993	-356.29059221955686	-445.0468560721727	-314.96467783274176	-996.3453016809909	-5944.210377161406	-9705.59514808451
79000	-435.2302834363457	-426.55540326921687	-419.73563876937834	-407.5810710435004	-398.1033100500467	-376.2118003001289	-364.6102085406597	-353.7062616537088	-349.6855296948577	-351.14581436976584	-343.9197935193451	-375.6269668385903	-467.77939814029565	-338.8029680666529	-1036.5990819795861	-5907.267280787245	-9524.4291427006
79000	-459.5387965666807	-451.03109634147586	-444.9227198946639	-431.91672734227313	-422.3678428129791	-401.0308508715038	-389.3686065676676	-380.72176171667786	-375.89570370868535	-375.7557017299924	-372.5483808656411	-410.86161925402365	-521.3032979006819	-362.8228686199877	-1094.9920619442182	-6094.108261153734	-9758.646021105851
79000	-441.3168306165679	-432.94059649660716	-425.7409977772027	-413.0669595524221	-403.29115621760025	-382.5784809263112	-371.0863539231398	-360.7673123684466	-355.97080190644346	-356.5306762959655	-351.46051648038906	-382.78540069709607	-472.0803188783902	-342.42527376934	-1054.8065167437471	-5761.745088412663	-9480.750725979442
79000	-459.098781633039	-450.13261232262096	-443.071375627589	-430.59835765235243	-420.9152514562019	-400.20754289739483	-388.90527434860263	-378.28414688728986	-376.359919411803	-374.24913804511675	-371.4245235933233	-410.26167770725783	-518.4888990798918	-362.293562513063	-1092.4245904971572	-6019.64484009028	-9753.71302053656
79000	-398.441824954581	-390.0861831277801	-383.32794647941347	-371.0097116765869	-360.94735238744204	-339.8074184849235	-326.7522399863651	-316.2061196406813	-312.5435494745286	-312.9293485190569	-306.46621144480065	-334.0164857602367	-415.71250016134144	-300.4784024871274	-923.1322553537096	-5756.85088872814	-9497.351317173601
79000	-422.57224019166	-413.73514687891833	-406.9936924643636	-394.5974809681129	-385.2168174915664	-364.10464851441805	-351.7038342131205	-341.357164084474	-336.46503690633295	-337.5666207987937	-332.0998887444865	-362.269946699246	-451.56640034203843	-324.6477657642199	-962.1388355357944	-5656.51222126246	-9344.675529379752
79000	-434.9445494620048	-426.4702356711762	-419.52949197704294	-407.58034980830723	-398.20179077966395	-375.93512939701094	-365.566593996058	-355.6100464499036	-352.81774987513563	-351.54920422861267	-347.9621295662909	-389.50978674416507	-491.6250567634105	-339.4270976112815	-1027.5759198311314	-6030.208319425379	-9739.091432913561
79000	-436.2991784152273	-427.6732824996591	-421.0490067065852	-408.2567817180611	-399.1038396074967	-377.1438737550121	-365.6219958268447	-355.080232615208	-351.32130777363807	-351.25164322222486	-346.82433237913017	-380.92365074159824	-471.52821592345333	-336.32426875100373	-1059.423840220481	-6024.90011999743	-9748.10987051099
79000	-436.81568302139294	-428.3693477538856	-421.2747413148325	-409.32448521382776	-399.4106969678433	-378.06578073184363	-366.01439377096887	-356.1333711055597	-352.13532492778245	-351.94568704568866	-348.8044073668587	-384.70370036629	-479.0244826848854	-336.439997919952	-1077.07010837619	-5957.955373382026	-9891.44377614845
79000	-385.47077043337964	-377.0878158421106	-369.4926057372805	-356.7909284956621	-347.2907294444902	-325.84473920962057	-313.80433102023767	-303.3112695022769	-299.2669009759867	-299.95501868659323	-294.77445543090755	-323.92002015869286	-407.4001484330786	-285.33072085532643	-908.1590715214611	-5879.686876566315	-9598.667648659046
79000	-435.7786809192405	-428.0613556123237	-420.2185682918437	-409.19367760858665	-399.06539587556904	-377.8902991722275	-365.8362424679001	-355.6182972700512	-352.62414378256693	-351.491591091781	-347.5720028526843	-383.0730747843468	-482.51757724134626	-339.026307448742	-1064.606867319732	-6046.8943703968125	-9747.298354542107
79000	-442.7470813743499	-434.3220590603118	-426.28580394901684	-415.2637758606834	-405.0695304203541	-383.8250943960047	-372.07545677955477	-361.9332581440683	-358.18843316578364	-358.8047732755034	-355.59493868603795	-394.10261300745003	-495.3153251154529	-342.877973933105	-1094.3554838650932	-6004.767800821761	-9767.810658280572
79000	-462.05127598019266	-454.20067730711236	-446.3044604483849	-435.0992345444239	-425.7405438589144	-404.03090408237983	-392.59852647735426	-381.81623748559036	-378.63284768697764	-378.31421848267337	-375.27896121739394	-415.0089372166832	-519.3294125073387	-363.5600107390389	-1121.4845172406117	-6105.734389807656	-9803.37516661823
79000	-398.2199838247904	-389.495731718569	-381.7716599850559	-369.79629306070376	-359.9147063597381	-339.0850460936696	-326.0649462435871	-315.53894839755435	-310.30169185284535	-313.3254240236741	-303.7280182634217	-328.4157158276986	-402.6826527185554	-300.56798540974495	-872.7775636983017	-5600.157311474198	-9141.323935506503
79000	-435.18995680016207	-427.0103720816628	-420.0042628802632	-407.34676857477075	-398.304003971978	-376.41971267162955	-364.1579902697421	-353.6871959191388	-350.22556988522797	-350.503255628708	-343.70354777259473	-373.1874884137675	-459.0145890232317	-334.6681818154583	-1050.731143306474	-5756.341071032164	-9401.72517562364
79000	-413.76657961865794	-405.4574973007154	-398.2325247776865	-385.6110196410964	-375.8264696513809	-354.3323406927917	-342.4076529373289	-331.1569948412341	-326.1798169297174	-328.1486443936543	-319.6863159631362	-343.16634625267136	-418.3123029953016	-312.826960953145	-923.8558688750685	-5771.23399154583	-9361.203604085553
79000	-379.2923974357494	-370.4324159759116	-363.17769551718817	-350.6301489185224	-340.8301730698553	-319.74788969803757	-306.3887458844338	-294.4419078474258	-289.0992100726982	-292.6981190341511	-279.8885999980678	-290.7482987227293	-347.93600376139665	-278.88289642331875	-774.5122933670038	-5365.241592974386	-8776.012731628853
79000	-453.27775422857036	-445.4310638522873	-437.9662674470381	-427.0300548196558	-416.4764247279109	-395.1912134341118	-383.4134628761537	-374.4372213103993	-370.97367031135406	-369.8073134068111	-367.4572373149327	-408.67873251368616	-518.5156246925338	-356.42825229515626	-1135.159172428262	-6179.139252241096	-9906.891174756964
79000	-451.92919751503285	-442.916457931156	-436.5994312365179	-424.37291252664875	-414.6905274615694	-392.7357547369167	-381.7318911797037	-371.4224364931596	-369.09108277780206	-367.1339089837152	-365.6961711653814	-406.8251622456674	-520.3710499632043	-357.0926641320956	-1098.789854009116	-6046.752862015148	-9910.891255564222
79000	-451.04995667898834	-443.22044380977275	-435.1433152020276	-423.6164539970765	-413.7852226206979	-392.5681653823459	-381.0328760896153	-370.4834384147489	-366.111673496509	-366.2460112126926	-361.27305013883955	-395.16218478844866	-488.00342064341646	-355.27774844267907	-1052.6644221450165	-6107.755301640793	-9690.337901113515
79000	-432.19999832505414	-423.35345999488635	-416.5821623105738	-404.6305137756435	-394.67550248991864	-373.0461004073946	-361.4782631583974	-351.91157062428374	-347.79488618483276	-347.79772405732035	-343.8491347763561	-379.0604627708484	-473.7388959600636	-333.0595303497552	-1022.6474851750783	-6003.78157558466	-9724.073841051242
79000	-442.5764418019357	-433.62917419364925	-426.5839749308174	-415.3726320077441	-405.49992682215066	-384.1177665737877	-372.17225102605147	-360.74711906892946	-356.4655211892668	-358.7360847519224	-349.87212900301023	-374.9086293251935	-460.19158532593025	-342.47463581898626	-1019.3391545713191	-5651.013904487658	-9252.981290818829
79000	-473.8535982993506	-465.4289693836797	-458.8335595173648	-445.6848010851885	-436.7083439510141	-415.6372170789282	-404.1732995398766	-395.21537039974066	-391.8571505916799	-389.1986234594452	-390.52063870906045	-434.91862508480773	-541.5493153992468	-375.74704620422114	-1190.0420570210895	-6387.058056017425	-10159.195213480196
79000	-424.40569309457373	-415.9724819146799	-409.2371354060412	-396.7013865694846	-386.7868399494214	-365.5907146956224	-353.7308671312691	-343.35613139016294	-340.72131472121856	-339.22684973945803	-337.261539676349	-373.9941600893736	-461.4063004706072	-323.62916322503105	-1029.2212532860192	-6222.41762530265	-9950.290879155971
79000	-449.2788837546332	-440.3167393957197	-432.9128224746947	-421.64736361607436	-412.50480687009485	-390.7573717245173	-379.2285037509131	-369.3934763668162	-365.94837858581917	-364.4880044916467	-361.6572473208979	-401.6240987658026	-505.01839551747054	-351.171447775005	-1104.3649215973808	-6081.5998904493745	-9850.137371243156
79000	-476.1280230729145	-467.5014173496914	-460.04833920719915	-448.4879596948831	-438.9096723345523	-417.34116404637	-406.8089185381612	-396.6212592776587	-393.69378396341705	-391.9426170478631	-391.19670905150247	-434.68745253748796	-562.4012845512002	-383.0721478594704	-1157.9113455100621	-6079.838425357948	-9843.987060534835
79000	-484.40233704174506	-476.6901710603324	-469.669353774915	-457.35182430599605	-447.2691798073817	-426.6471193503819	-415.6181183773731	-406.5205118897949	-403.5598103500158	-400.93662573667746	-400.28577664183996	-445.05574077257234	-559.1989999735471	-386.8503397084643	-1226.9730774223715	-6242.121610677595	-10011.17051776747
79000	-444.2507889988003	-435.81926786678963	-428.43743366376606	-416.54414735999535	-406.6560500182038	-385.00309294553665	-373.5203051515137	-364.2655469631901	-361.5576810889987	-359.1473792263807	-358.4850689123275	-400.55219566426354	-497.13075817119653	-347.2214908100152	-1094.7450826155293	-6042.512306022747	-9880.125624137607
79000	-445.9505851882172	-437.475486146322	-430.86734842040556	-419.04977480523723	-409.5456213413293	-387.49882140715226	-376.45612307749116	-367.43008016847847	-363.63429622370234	-361.76543459391416	-360.9942530673921	-404.6318859699461	-504.7505925915626	-350.95393401725545	-1109.991900980689	-6100.01621198313	-9921.322708486654
79000	-411.5326491871347	-403.4526282785602	-395.47220431710815	-384.3487108383289	-373.5899944818427	-352.5275197033517	-340.141529865121	-329.7530768183173	-326.5977021617033	-326.1881280282105	-321.78000428417835	-352.0813955858766	-443.0019543001477	-313.0247587820709	-972.1666556704533	-5884.703424117834	-9644.494415582483
79000	-435.91713580831475	-427.1785407887482	-420.05610081950573	-408.16734532892826	-397.9919415360343	-376.6255271379224	-364.6931291200877	-354.30414440017927	-351.0121764068861	-350.9752539733243	-346.1371713721048	-379.9425428396744	-476.5510671304526	-338.7875874012722	-1033.6594587788938	-5799.385607521444	-9488.234820216496
79000	-435.9129514610069	-427.7552801338222	-420.8918515888518	-408.92699768746684	-398.67056285052803	-378.00291174822803	-365.9154886897013	-355.8104376108919	-352.9016581778097	-352.03743826044587	-348.4725672975246	-384.0120908138758	-487.26566718185296	-338.8720189711091	-1065.8998573161014	-6055.547178565963	-9814.456572301813
79000	-454.2500581935909	-444.9681574123913	-437.55502058468124	-426.0875048779884	-416.20771287876977	-394.6633859981076	-383.15391710349496	-373.64312394178296	-370.63523805688135	-369.5616885920354	-365.7052704830871	-403.0416096397932	-516.1027605710921	-356.49446034420765	-1095.9542690808996	-5646.330745705318	-9277.978783822418
79000	-488.96974109544755	-480.79621261732	-473.3523866519685	-462.28295393294957	-451.4711162707281	-430.7054982998335	-419.7166897393872	-411.1022952799498	-408.049841708831	-405.17382704168546	-406.80106961656526	-454.64363969381003	-578.4477408401023	-391.5548882206651	-1204.735139165103	-6241.685906215628	-9981.224887753831
79000	-468.21373939694746	-460.4459390924785	-453.3484158084406	-441.1698288561371	-431.6752633536584	-410.60667551656695	-399.30695184861156	-389.5923506067952	-386.0212692684296	-384.7592920694934	-385.460177528526	-428.5224244364734	-552.5528745117803	-374.21390632031137	-1165.5299565971134	-6084.409169417412	-9807.913257239814
79000	-433.5236228218652	-425.14118032656165	-418.2463486639779	-406.2689066577177	-396.47427728219384	-374.5998315409678	-363.0551745830972	-353.6590409970608	-350.4632061284578	-349.0295901754936	-347.23853052784017	-385.6745070582713	-480.43734569368246	-334.7624776378171	-1054.8262130369797	-6203.155796231826	-9956.766908286509
79000	-432.50784639258444	-424.67828473855246	-416.9996903091397	-405.38873792555785	-395.4786367701727	-375.2532094122924	-362.6789704229117	-352.83805377662515	-348.89763514454154	-348.6143429516196	-343.9038723486992	-380.06250642620915	-482.112459769375	-335.5981299748365	-1015.8026838211472	-6002.386380681264	-9770.332679283183
79000	-449.07786057308147	-440.5962702254833	-433.48310472160114	-420.916785654827	-410.82871820399777	-389.65821178218175	-378.0377504648024	-368.6548255728142	-365.13867541670953	-364.0723640875713	-361.4227357099526	-400.11368578686063	-497.92953078891145	-349.04400080498914	-1120.9382460091033	-6102.352016401442	-9809.167611887558
79000	-408.8244265825494	-400.7788204422719	-393.6816529850668	-381.5145516447467	-372.14599345249	-349.971692945452	-337.8860795999814	-327.27915821836467	-323.28542886861493	-324.2884090512246	-316.9936092128386	-342.6604265173041	-428.89670717345746	-310.7143537044745	-915.4542530435832	-5756.551284169883	-9421.302593007053
79000	-406.5829338563682	-398.7786796104091	-391.66755348325586	-378.6149312966618	-369.4624510965921	-347.3745521567326	-335.9354069934859	-324.9207573380006	-319.8466534325452	-321.97349854906145	-314.60511741495725	-341.95552981322805	-420.49028429545365	-307.22866487817214	-940.3864349273686	-5901.499806713581	-9459.078871301983
79000	-422.81610560501326	-414.13733911805883	-407.0131118488445	-395.50898934586326	-385.15504933172457	-363.79446879269085	-351.7532811373585	-340.8501979622352	-335.6610361358789	-338.45805728760655	-328.9189677870075	-352.9635393162718	-439.9275509662494	-324.6650479598887	-933.7614917417784	-5478.518371324319	-8945.119291835374
79000	-459.3743604556766	-451.5996668359171	-444.3771605049072	-432.1192809689005	-422.6876426010607	-400.55953530079216	-389.407209005359	-379.9753073974939	-377.0127825804025	-375.3094700454102	-374.7223553961609	-418.3674672579232	-533.8729629641008	-360.9623870558803	-1192.1487783248965	-6076.307304489902	-10070.958222021938
79000	-424.37731964054245	-415.6675495437331	-408.37088763505204	-396.9066382187998	-386.8990794244468	-365.43580612950586	-353.265065917624	-343.9414304542065	-339.94229778706995	-339.6646892609697	-335.6830326441538	-369.88010057149194	-468.15942500099646	-329.79016515458005	-1012.7781650695059	-5758.727479623741	-9528.341036457405
79000	-434.8461402715467	-426.52083122198036	-418.87260931137206	-407.1848479344941	-397.20435762809194	-376.29802405614186	-363.8269949333105	-353.4005477619984	-349.71399069787134	-350.3663395220801	-345.50710972376936	-377.6466827695955	-472.7723675647648	-336.4137366088051	-1056.0263199256492	-5894.6670188742055	-9567.761089872563
79000	-380.34352594469027	-371.6866032687525	-364.98171993244256	-352.7918723204439	-342.82025812241784	-321.0304321158557	-308.69160790739784	-297.4758038221704	-292.5359423465581	-295.27482416206414	-285.9007790574485	-306.6230355376978	-374.0027583258958	-280.2947713366678	-842.4365709547515	-5620.20469142298	-9301.532649437295
79000	-459.0985390048193	-451.1093386216668	-443.96545225871586	-431.5442935917604	-421.6467844918712	-400.69408680364256	-388.4730194616743	-378.21327652366665	-374.2920265855366	-374.3100564395812	-369.68628637402384	-403.50954271467145	-498.7744567485037	-360.6655768064019	-1119.3942996919006	-5930.085269297058	-9671.218539924277
79000	-444.03851692265107	-435.0722038024038	-427.90808865934656	-415.37043457074753	-406.4099427360005	-384.8288286492292	-373.4679337339576	-363.5874231006863	-360.3276337326559	-358.76389175618294	-358.7859978556351	-402.27699676420224	-502.04996102199823	-342.5028577381827	-1121.3935275695108	-6355.602417698764	-10187.887836995065
79000	-401.0247827008213	-392.1661160401969	-385.39240541787143	-372.5537914328369	-363.24754535119814	-341.4535170584621	-328.8769838351124	-317.6214020138393	-313.53215430746394	-315.7523617844281	-305.8775775601223	-326.28832805564394	-395.3761101149012	-302.9786413836383	-845.6418075880889	-5522.515251504062	-9094.781202427845
79000	-462.0064914450336	-453.5591499554714	-446.73441580807645	-434.30591732643586	-424.20013103103156	-403.1192832603497	-391.73232333965484	-381.73745744703496	-378.6409082189286	-377.3981436955881	-374.6972542202925	-415.3919605116074	-511.5933697503019	-363.204043712193	-1124.3900969641286	-6214.469132037441	-10060.423117508226
79000	-447.55964880732347	-439.66198464548813	-431.9901618970088	-419.8561998786787	-410.5318884729457	-389.37855870254134	-377.4840834055606	-367.63874196009783	-364.55287188675567	-363.39246093365443	-361.53427392125127	-401.18994223929667	-497.23448723502975	-352.61406261851084	-1107.0505573732444	-6235.620622959069	-9933.201600854536
79000	-461.8076850551463	-453.5167840548448	-446.98648220738477	-435.3544510615857	-425.4219370335034	-403.7222686135514	-391.75629616512686	-382.86677841069184	-378.51960234829227	-377.95337078910103	-375.9522208487461	-415.68476071802576	-520.0924734365515	-363.0281223064822	-1124.0756085599494	-6272.310070520831	-9870.078047996676
79000	-446.60706349607864	-437.3212423890765	-430.3605250124296	-418.55845352602375	-409.28398781206846	-387.5502366061108	-376.36924339209736	-366.24443324440693	-363.5049357433208	-361.6811380506452	-360.00743871325045	-399.1302713949569	-491.72500751787425	-347.33568183030894	-1065.7765459667592	-6209.3057029952	-10037.288223791911
79000	-414.40586266698483	-406.1418350794979	-398.5758364647617	-387.32130620869145	-377.72697790143144	-355.851219851274	-343.6698322979	-334.61811196137717	-331.7460030906324	-330.0898440923482	-326.98818463431354	-365.23790396099577	-460.24057113928865	-316.68210036336586	-1010.0411361038443	-6263.497986341152	-10257.241181951846
79000	-433.95886699513284	-425.38247625309856	-418.25730569527497	-405.9919807940879	-396.1616505145008	-374.8439107446956	-363.438583988856	-354.24443087595273	-350.83016172796084	-348.85582697934916	-347.4937415237762	-386.0344215153771	-495.35006342877426	-340.8340887879162	-1036.7698954007535	-6024.720093616759	-9788.04090644136
79000	-477.2982234264306	-469.26131544454216	-461.8842926245939	-450.59272103793876	-439.7415656438115	-418.79639547163174	-407.9738827600823	-397.7264863617155	-395.3429992429355	-393.870680270258	-391.15836306155444	-431.9491662419131	-544.0934176564211	-380.656815232477	-1176.542822694491	-6148.025353717445	-9784.486572713953
79000	-390.0644526344457	-381.3232861760399	-374.4090606022111	-361.79539273369903	-352.4638682695785	-330.65066895722333	-318.2373489319918	-307.33564279090194	-302.7155844437638	-304.6855516349327	-294.88362831941635	-317.88806340633073	-386.05883073516156	-289.5135523434023	-871.9088502951886	-5617.8469643029	-9228.729492061655
79000	-435.4248392974589	-426.80572544125937	-419.3951872799018	-408.32166159046176	-398.01932371516205	-376.1712692051083	-364.99255316694524	-355.28189043234624	-351.16782912818235	-350.2690747193319	-347.7313784403207	-385.3768447496899	-479.1069321020969	-334.3869921321262	-1080.772502917418	-6033.965716808559	-9841.225566699257
79000	-428.4047165592028	-419.65204432964396	-412.1808504463374	-400.15081017794716	-390.15983997983204	-368.95555458193587	-357.31686510219515	-345.82300952086945	-341.4703757891028	-343.5603835155553	-335.2508155151089	-361.836547154759	-450.38939136527875	-331.1776023292655	-961.2559834047423	-5649.307699669018	-9137.202677486064
79000	-434.9992939186167	-426.11591785079094	-418.7269007873685	-406.6318518889233	-397.29842555858164	-375.52147189385937	-363.8443490217188	-353.5881163665472	-349.1204992454341	-350.2128151844304	-344.65697743842674	-375.72814607897203	-470.38077730954774	-337.4730277290519	-1010.7727889915786	-5720.345426462928	-9365.45620886073
79000	-409.08831636550025	-400.4207398205612	-393.165037693678	-381.1859231105649	-371.193862175182	-349.6505400456641	-337.96293762795005	-328.71499801680943	-324.90932962794017	-323.42814097691365	-321.6925263916036	-356.89988330125186	-449.0372236945935	-311.11056421504276	-949.8136193374504	-6063.265455053528	-10027.490439244497
79000	-457.1703142640382	-448.4730777137373	-441.792388296271	-430.1632882426617	-420.53877797325987	-398.54102126432883	-387.8345277501244	-379.26744139023316	-377.5575643328745	-373.7384807619355	-376.139447203447	-424.78687386170577	-537.4324860062472	-358.9564210129494	-1157.7707185119932	-6369.616388791522	-10205.509414607252
79000	-428.59187759675893	-420.8303728286257	-413.55049230647825	-401.6740795754139	-391.6101503085034	-369.98816177167686	-358.34777597946254	-347.4754002558243	-342.5793572017864	-344.5076785869161	-337.7118602591164	-367.93374595507686	-451.45846981943083	-329.4885192534571	-996.2826164245356	-5696.731775942525	-9237.398781617845
79000	-433.96917696512276	-425.88127549406096	-418.85290462159816	-406.6738115199105	-396.8017010608128	-375.4104008476387	-364.09961941176545	-354.967930878302	-351.7598196852172	-349.3446621072598	-349.5041511695505	-391.7856279056284	-494.8362389278284	-334.6620062858242	-1098.1612976394515	-6451.310037523848	-10408.598621396579
79000	-438.8686478277224	-430.74309504900054	-423.57552487829577	-411.2187175195669	-401.90254302086146	-379.8141573886871	-368.1998668549459	-357.7146205405499	-353.45440565802323	-354.1122896313174	-347.84261165069466	-377.54079303744703	-473.5873335860021	-340.2214733976623	-1018.904877180923	-5958.147669772836	-9455.623696941806
79000	-473.37960900833343	-464.7259625103463	-457.96345477606184	-445.22931164778754	-436.17921857715356	-414.8324126947353	-403.0912872235023	-393.43862246694715	-390.9378216396455	-389.5171356817772	-386.32160463174563	-425.54264114842886	-540.2470551264271	-374.9634882981527	-1149.738773690161	-6180.745340228612	-9964.808978003966
79000	-410.76518491120174	-402.0985648212739	-394.9982938962118	-382.95780615792296	-373.261885857101	-352.0356167832033	-340.8718722886846	-329.91528105613685	-326.5277572563686	-325.65569353517304	-322.66291520849705	-356.03774085298943	-449.44274336083765	-311.5503746453609	-983.5335724834521	-5912.142829459426	-9635.825311830975
79000	-442.8061580809759	-434.81773970567525	-426.9461185734071	-414.8162965773963	-404.9301947128366	-383.99600453805886	-372.03066853803927	-360.7357073011696	-357.0225240444815	-357.4957115551067	-352.08065073123004	-379.76180452234246	-465.5155820317022	-343.4313894501286	-1029.3990851003337	-5661.82177398362	-9258.273811941935
79000	-463.0003426324425	-454.77877404742844	-447.6655043582443	-435.4833822100494	-425.8500562797268	-404.43814946626696	-393.2585828804578	-383.91987444173134	-380.05619444236487	-379.0061659816514	-375.88796028724363	-415.21983661747396	-521.004357546433	-363.7010918084216	-1157.1798547594422	-6214.159876568713	-10057.613992004413
79000	-417.656579474064	-408.76435524618483	-402.2289960531496	-389.7855706558356	-380.30454843233247	-358.4181995058507	-346.69586151559696	-336.0862745644339	-331.40905735339237	-332.69046728668553	-327.0470561887484	-358.58375122573244	-447.79872657419554	-318.24160939934063	-984.4619424666317	-5835.265238075769	-9520.340545181163
79000	-459.12656229394867	-450.41946008704826	-443.3435583894813	-431.7310853774884	-421.8846535270308	-399.238039169515	-388.7990761322748	-380.5224542765221	-377.80140886679067	-374.46655685360247	-376.8220689324234	-423.40224166845127	-534.9388651248286	-361.6421105299754	-1127.6081119038354	-6264.358788858359	-10237.432230116174
79000	-464.7077014527491	-455.7571702355733	-449.40052185062297	-437.0122385426288	-427.73419675906075	-405.8678456681204	-395.0219872653124	-385.86985862661925	-383.20138343562286	-380.50618065899164	-380.5648797268074	-425.579193270015	-539.0697131626498	-367.1760109835597	-1192.5192800497337	-6127.602974616066	-9952.350111062065
79000	-422.4827972969081	-414.5284385446684	-407.4045347117712	-394.9051470688431	-385.11125301282027	-363.6881800315227	-351.9171403100911	-341.1508643156781	-336.2227534412045	-338.20321142781063	-331.34549802413704	-358.4585378913666	-440.1132902585151	-322.9284884535271	-983.4969005335827	-5812.586972022112	-9598.640197151452
79000	-419.1641602885655	-411.0769938365638	-404.25277987208136	-392.87551474695977	-381.90619783035356	-361.0487519337172	-349.20201606943834	-338.981703510453	-334.0682895646461	-334.4711311232984	-329.51254714200144	-359.0297750448803	-448.38804029540586	-321.7547699896411	-952.3784015695021	-5866.620783445238	-9533.475715555945
79000	-430.02810651330395	-420.95436905927585	-414.2761984310558	-401.52338231641284	-392.2280705576992	-370.4055792718641	-358.98007754481654	-349.02241448842756	-344.52674508814874	-344.1981478040828	-339.70926521385536	-373.84315088543826	-465.79166858373384	-331.63403884095055	-1016.3812369911223	-5989.073379277803	-9855.766411556868
79000	-401.97959720508754	-393.2447273375258	-386.50045447301414	-373.92738094806555	-363.5659886617706	-342.3176277780013	-330.2122585437288	-319.874791675954	-316.08219994709566	-316.66102621096525	-311.3956481163972	-340.95880055301797	-429.0204376221072	-302.6999732260369	-927.0786136165791	-5910.587590519717	-9719.438445876891
79000	-437.0255041012047	-429.5106495429763	-421.9783743460251	-409.7303347291779	-399.4773317879254	-378.1416667512281	-366.6814561753177	-356.7123194936573	-352.33295949678813	-352.8829981360807	-348.50754763755174	-381.281984184103	-469.3215659870549	-336.2594140263826	-1061.7768226999929	-5954.200337971665	-9660.956006958857
79000	-401.21484286438846	-392.70350997560627	-385.4717583936011	-373.38002399297363	-363.63136347496135	-341.8029546545348	-329.22776986021995	-319.4304521421051	-315.20533384007695	-315.27674446648894	-310.2398990836965	-339.4464709107786	-418.38068306196806	-301.420747657619	-902.6405521523893	-5882.500518319566	-9538.506587270505
79000	-417.2578876671556	-408.7940951839125	-401.6517491483092	-389.3663700572979	-380.57049035952593	-358.03149601090786	-346.4702804317901	-335.88258307849503	-331.83446812704227	-332.5859104834633	-325.9439042596496	-355.64220167296236	-439.0616210025258	-318.2998841768938	-963.6502844574204	-5807.2123697951165	-9689.144830717387
79000	-465.0905560824308	-456.79150326112614	-449.28530177481554	-437.2983491567055	-427.87078044060564	-407.1824004266408	-395.3479557665461	-385.4579240325703	-382.4477802685943	-381.164894251599	-379.85181056594007	-420.9870957036251	-530.2170528814744	-365.15827899842367	-1162.4050688331577	-6171.663128579713	-9896.535718266665
79000	-432.66894439004636	-424.1325052995984	-416.8790044920201	-404.2775725627894	-395.3602385078165	-373.61517570080906	-362.62081219772404	-351.7425207284064	-348.47732034475354	-347.7438468920611	-343.1702443125474	-376.16195600548843	-471.4346492338404	-334.57975248131856	-1064.1745775375744	-5723.036750121023	-9473.126856469677
79000	-453.2830225434068	-444.78111344448996	-437.6523178108387	-426.65392363108685	-416.2594612179195	-394.83795131771024	-383.86815349962427	-373.9547880888695	-370.5922627898471	-369.9939738157487	-366.7949415063902	-404.17314160763516	-503.6085937798218	-356.06212557084314	-1101.299954272186	-6044.254714862896	-9719.841706371382
79000	-416.32252362669914	-408.16552937041433	-400.2733629301336	-388.4213485396921	-378.84303956838824	-357.67588210570545	-345.12047810641917	-335.7781982401006	-331.94354185999475	-331.4495650590098	-326.8735635136964	-362.398829004014	-457.69074454342314	-321.0040149362242	-989.2033407606153	-6042.806772702226	-9775.888448723901
79000	-432.45998691084714	-423.8939179816273	-417.0628576791882	-404.87101343672646	-394.95220330489116	-373.4922249803512	-361.5786803652847	-351.51470314971147	-347.85782853751203	-347.55648845840733	-343.5497499350128	-376.3031006102859	-480.0896820653963	-336.1447347612959	-1044.602078020072	-5866.825892340427	-9582.927807310585
79000	-423.97262946652177	-415.060792417525	-407.4838120543596	-395.76177662835903	-385.8340442056393	-363.9289167403649	-352.6693032608447	-343.29788919688167	-339.6879794049887	-338.52189258754936	-337.35186543558797	-375.82986406806526	-469.820424190848	-322.761267073043	-1051.0940972684061	-6398.959827001615	-10309.44195549832
79000	-446.59090371680827	-437.9466122302412	-430.59815415112377	-418.6204347094183	-408.5706059259791	-387.80877772518056	-376.2652276862786	-365.1219040189046	-361.08274295790665	-361.7865256359933	-355.79763972500257	-384.1758591230291	-485.4106984369845	-348.45494320345705	-1018.2797455686618	-5546.029279262361	-9106.05928931382
79000	-445.1178857004931	-437.20524528592165	-429.5223482326623	-417.03389884945284	-407.8317842666027	-386.5032828046524	-373.8304894678406	-362.8782438871974	-358.35806330844713	-360.2835595939835	-352.3525519498236	-378.6396214248286	-461.17791875665904	-346.007066629971	-1028.9164468718097	-5750.315190358896	-9396.416503967957
79000	-479.10462703866807	-470.2578712511716	-462.6334200866367	-450.7607935895451	-440.711825289036	-419.6251660236551	-408.17970004499796	-398.197212631762	-395.1069565790657	-394.8982906157969	-390.607146749405	-429.3450379145196	-526.8461881852359	-380.6632441263226	-1175.2091860562746	-5820.367691472924	-9386.530679551584
79000	-408.8622564899518	-401.34925758606	-393.42204935035767	-381.6870338265762	-371.2950028089862	-350.10682076817835	-338.24058235507306	-327.797335628639	-323.79312393195886	-324.26668954640473	-319.3084849074163	-350.0616904185712	-432.93603561382275	-309.2117332854137	-960.1271640369167	-5974.399534205765	-9657.293389662704
79000	-449.29630771217245	-440.0110088403399	-433.1837081804346	-421.581125312686	-411.4354522763302	-389.56667940621753	-377.98477773101916	-367.4228937867947	-363.9842057083278	-364.2328496851865	-359.7099754372258	-394.4117204707999	-488.5018103966462	-348.69216144336843	-1122.4961643484544	-6015.67104007506	-9758.396651649135
79000	-434.68713373690747	-427.0302591835802	-418.92680775265995	-406.992214544454	-397.95048579932734	-375.5971772093843	-364.32884635187946	-353.0079050517616	-349.62950759465355	-350.1269490851494	-343.30293915395345	-371.1767189123255	-454.5235261707448	-335.85401374171323	-1000.8679596344912	-5733.347606998802	-9180.246179928661
79000	-425.1717884437032	-417.105404017127	-410.0155327585074	-397.6909025478975	-388.065183675926	-366.71919371440885	-354.331648967815	-344.09276730923676	-340.87187128751185	-340.85164109685655	-336.36425557915953	-368.5397767556525	-455.21773998220345	-325.38244941966076	-1005.4888526743749	-6118.959150820611	-9847.043194856835
79000	-434.5307715037971	-425.359569093997	-418.5329401811135	-406.63541834738146	-396.7487286638207	-375.3162143935525	-363.7562947606265	-352.95701525564925	-348.472263673564	-349.1162712793246	-343.4863445925392	-371.63295465549817	-459.977100047405	-337.28037043674885	-989.5650959093189	-5859.258694501315	-9450.572315675976
79000	-427.47018063088854	-419.4076756928239	-412.0413845990816	-399.77717039678953	-390.59552389535656	-368.6434734162363	-357.1984223257434	-346.87424749586546	-342.2865275117496	-343.27181733745476	-337.6950392683145	-369.62016941920496	-457.68120053101444	-328.37976724371026	-1017.2563600768267	-5817.775125870315	-9524.155921466803
79000	-445.4688870176965	-436.7121579397869	-429.72269871950454	-417.25386823952454	-407.52072022689333	-386.02967098940337	-374.63069030931746	-364.60974495564824	-361.4998674138094	-360.6402135794293	-356.8038413456886	-392.67936158937886	-482.9746300199722	-346.469159261365	-1050.7780052915543	-5954.123299053862	-9584.552272991925
79000	-422.84910031838547	-415.0880719592502	-407.147809161001	-395.67011353238036	-385.34218933295824	-364.63848837910854	-352.62108637373933	-341.9214693659469	-338.13834913864406	-338.55152937718873	-332.56117818747396	-365.42888421428074	-468.76905491071625	-326.11133254829025	-960.4278947757975	-5780.879740377564	-9369.264095450679
79000	-426.6074878104967	-417.9664404940725	-410.6662964352187	-399.40427039203723	-389.1753873432591	-368.3478772094054	-356.119889134836	-345.9673989567943	-342.310443510829	-341.3411312188269	-338.6795827068666	-375.03176016823284	-477.3807924365185	-328.3717549273739	-1007.0335420780742	-5884.365468314515	-9642.124069147936
79000	-419.70100580914584	-411.0059628007243	-403.94464635611934	-392.1481408344624	-382.06599943169584	-360.2448967716536	-348.2633688550882	-337.69906242823447	-333.70916885598814	-334.29654469541435	-328.75218836774695	-358.5432072208752	-444.2220204099384	-320.316000622938	-997.6723718446178	-5933.108443735501	-9553.789400695317
79000	-386.890296443676	-377.85477067607405	-371.24534774638784	-358.804021029502	-349.23154276571603	-327.64813049420053	-315.2507546115865	-305.482692413661	-300.11679993007095	-301.4247563164268	-294.0135772090628	-319.0018766027107	-402.19875685654176	-290.19862501538336	-858.650266832439	-5536.198529896451	-9236.256575978952
79000	-427.15916904925774	-418.9531350384762	-411.33577013439407	-400.3160723025469	-390.284865429668	-367.84826766678475	-356.3244941209841	-347.42719823096314	-345.1123875025403	-342.24722644661756	-343.10797492612846	-388.0621884433609	-486.12003067797264	-327.84823423299565	-1068.0980128417546	-6345.047854041782	-10379.244735706698
79000	-445.9236210252569	-436.33176637976095	-429.19995405509593	-418.102786539887	-408.0970298758371	-386.4717242882812	-374.71117064955	-364.64159652745974	-360.14957789016836	-360.07093155752926	-354.8581483893098	-388.0568334268417	-486.45241527296207	-346.09633934358595	-1062.9872632371087	-5816.403243529592	-9558.093824061698
79000	-413.73611288838	-406.25300273896016	-398.61826705583013	-386.7048270749656	-376.493841475835	-355.57481299845927	-343.2236812158044	-333.01172887524245	-328.64482988553715	-329.6088272850426	-324.493186650609	-353.82908258495	-443.07870908344705	-314.9173035141643	-966.0889632707133	-5648.631089276916	-9433.135866862147
79000	-465.5047136585877	-457.5722886568975	-450.29274340101205	-438.02115861177833	-428.5381974687772	-407.00467050156277	-395.48484429807763	-386.0939772187466	-383.62996043321994	-381.19810330775874	-382.3243797269181	-426.8114355268946	-537.0201519554557	-366.08336245359425	-1167.9294084166693	-6279.681029690816	-10149.634197951904
79000	-450.3758781740619	-442.5930388423225	-434.65236009010954	-422.40624211321096	-413.9337205048676	-392.33477273716215	-380.5518772986567	-370.1838700816526	-367.148257109586	-366.0299600193294	-363.74158782274725	-402.5269859524085	-505.2949617987163	-352.391797335499	-1140.8324301149128	-5995.28829021015	-9742.841956044686
79000	-415.4235052623076	-406.5689157943023	-399.3288009575255	-387.44470202890614	-376.74253378375823	-355.6567803753407	-343.59218785749266	-333.1390833562251	-328.84448846302456	-329.8739016275699	-322.8601115965809	-349.06128263162924	-440.17221474796867	-314.57280254470544	-965.3577977930333	-5724.910859887678	-9406.201765990454
79000	-421.5924205557695	-413.0079398157752	-405.9892083577117	-393.6621476133182	-383.8929603932811	-362.54031573477226	-350.42474396332324	-339.6620236881819	-335.57838820158474	-335.9710975300108	-331.32209546751716	-361.1156596220633	-449.95149222150104	-321.87628580437524	-1001.4291532197834	-5833.629894592111	-9631.334528085938
79000	-435.92007892727275	-427.17598474239765	-420.05019260006367	-408.64000197588507	-398.24851399360114	-376.80031504985556	-364.91925983593785	-356.51450668939174	-353.866061345438	-351.28075701992833	-350.7442310869672	-394.78489668344935	-496.90302363909245	-338.33115782106006	-1074.934275721551	-6326.72199848503	-10097.39882617965
79000	-412.59085144874325	-404.4046862090009	-397.121618988173	-385.3374990707839	-375.33533323662914	-353.94591770571554	-341.594738792129	-331.0921480243352	-326.68903679215043	-328.09664339583446	-321.1428950751028	-350.5703612010844	-429.5025885705099	-313.24263234223884	-953.0056973859566	-5902.385107994116	-9483.694359930794
79000	-431.5771195532468	-423.2412667685068	-415.86784752453224	-403.93295636443236	-394.7278324659337	-373.0197187083858	-360.6979917769725	-352.0788237828816	-348.7433966947749	-347.1382759846832	-345.32346374402096	-383.9023632745691	-482.3850726905714	-331.91660232323613	-1068.620948307783	-6136.9679023128065	-9932.523043024774
79000	-439.8004875458279	-431.43405613508025	-424.0111319298688	-412.305562679261	-401.8949107020397	-381.2521114157705	-369.20765856421303	-358.3396748834195	-355.8215861125191	-354.80926966342946	-351.15944903578105	-385.4876793145835	-478.78605039115746	-341.55234257142115	-1055.3788380748774	-5885.566237806676	-9555.235184317244
79000	-433.54096829272595	-424.94859004086385	-417.9235711513182	-406.06370467327486	-395.7698174852233	-374.32848213152465	-362.87825539522464	-352.98533369399473	-349.1471275843527	-348.4346591982295	-346.847345548958	-383.71901063054264	-478.3277642077487	-333.32847655354067	-1050.0481731041095	-6199.730879224087	-9897.22248676568
79000	-443.1225663255063	-434.29031126190597	-427.49390989763157	-415.47621698794876	-405.49669022943283	-384.05934812084445	-371.5687248862609	-362.4079613454464	-357.8342736634641	-358.2321337291174	-352.31469483324645	-385.9195841850989	-482.9803073516354	-346.1060310111308	-1060.867891674659	-5839.317096340298	-9667.460427930015
79000	-451.8226746561449	-443.39194613657634	-437.13235642803426	-424.993399881953	-415.1957246553904	-393.93442159389116	-382.0065976854012	-372.47592627514416	-368.29817646261336	-367.8812734448249	-365.04030512942654	-402.7845484495142	-499.33298064372195	-353.0447024512752	-1123.6692601063544	-6011.730539264288	-9757.870132955455
79000	-442.6328976760746	-434.18430334142766	-427.1606228266491	-415.0653787779321	-404.96429987896835	-383.9321372409324	-372.2576222772848	-361.5365600654454	-358.6408516639511	-358.73471568802165	-353.14928009592296	-387.86451415580353	-496.48307586964444	-347.27414621093004	-1055.3106669832268	-5696.1256317516745	-9309.181681722812
79000	-472.40920495354663	-464.7770643143856	-457.0062389647247	-445.51949817388254	-437.4980855584004	-414.4278644267471	-403.21548483107057	-394.6482016014509	-391.94951231585776	-388.6188272030241	-389.87112701245786	-437.47402722036	-565.9092573421601	-374.80846346024686	-1197.4661800117476	-6268.69513131631	-10117.464141333146
79000	-480.2019309335989	-471.87272113099965	-464.86664656208364	-452.8035639869421	-443.22515317649277	-422.27043465694663	-409.2571015730413	-400.0583080604697	-395.06822886884447	-396.140563913428	-390.11014987737894	-421.0358436791398	-523.9372406054943	-381.7626381135916	-1093.3903981901162	-5825.051784639123	-9413.229040530248
79000	-420.7174718976498	-412.48431937339006	-405.4333403814832	-393.6166039267564	-383.9429039518815	-361.2349419212844	-351.3193288161945	-340.17566361731195	-337.4840029600599	-336.37013903575104	-334.52362184536304	-373.2750071013411	-466.3450510090824	-328.2261567774111	-978.6627302947787	-6063.979899910605	-9733.190266381533
79000	-416.00726007199023	-408.5530810418875	-400.75997557252055	-388.32226016879304	-378.74786382266046	-357.81720640100747	-345.92055693636473	-334.4217270870092	-329.5876438732026	-332.0477281968877	-323.6517321849565	-348.5580140218623	-426.62407781535126	-322.5148862133148	-930.5976742718432	-5586.444508500294	-9111.712440121906
79000	-425.98677578119634	-417.59804171459837	-410.47128479824147	-397.6543266798785	-389.0535998626969	-366.84873329888393	-355.3316715909734	-345.83677966316446	-341.9859480242453	-340.8190864746422	-337.49957838658554	-373.9080004946812	-478.2799482139568	-330.10196765114057	-1008.9871897874482	-5951.1218350855725	-9711.032468692774
79000	-423.2641696457577	-414.2515856909463	-407.9232085350349	-395.5785024706181	-385.66309811055805	-364.63271210068996	-352.0381898036706	-342.48085706667257	-338.1259046223591	-338.3327731609022	-333.3707670551157	-366.68014404430613	-462.0253104905742	-324.51294985606665	-1008.7476896759154	-5842.246455051123	-9641.531578303107
79000	-415.82791576193614	-407.8187792023718	-400.0620092734005	-388.1827741169418	-378.6465796768855	-357.18803162039603	-345.738077759207	-334.2569305938437	-330.58289830598324	-330.70534517757403	-324.496988069813	-353.5806884987936	-437.53789438961223	-317.3548820984226	-977.7454010938608	-5627.970264491443	-9295.8269213842
79000	-457.55563279113517	-449.32786541934615	-442.34382344874535	-430.4115785627188	-420.411752226972	-399.1980546797432	-387.13543967218425	-379.1708549207145	-376.8712463307788	-372.9085596647722	-375.10238361529684	-424.3754132801124	-541.3282164113367	-364.3881745757632	-1157.262925468405	-6425.5316625107525	-10333.305508723544
79000	-459.0443816523015	-450.57854423656585	-443.20241703625237	-431.0924411080151	-421.9749695653663	-400.28158215907564	-388.0151865437891	-379.1489217976387	-375.553627268092	-373.7782663428563	-371.8095893699114	-408.7907695241247	-508.5157290225037	-359.86245019259286	-1146.778090504854	-6005.798304194093	-9859.808643823393
79000	-438.00413763746184	-429.27850139877984	-422.2709131149683	-410.49732377394605	-401.66472351917855	-379.0128320025205	-366.74988467322186	-356.8494678105565	-353.64695545828187	-353.1382516204269	-347.64929032935805	-381.6163426517574	-473.58276819759396	-339.5324550244366	-1026.7325740439767	-5738.864242104603	-9474.584457204344
79000	-412.25575373400613	-403.3574886011203	-396.13761383634034	-384.23106361211364	-374.8158329498133	-352.86059025354473	-341.0526065514647	-331.5589772189156	-327.759532158084	-327.9009913512996	-324.4816217325094	-360.9152288399853	-456.3288751500958	-318.47629916457174	-988.2146633511704	-5924.74500304882	-9809.964137339042
79000	-421.3095951571749	-412.98343663327296	-406.16220900014395	-393.7079132181275	-383.3202099670163	-362.10346164172194	-349.82881327305876	-340.2946991511805	-337.1787336257821	-336.17043738653655	-332.44127230502045	-366.5929316840672	-463.94562626110314	-323.57071103878224	-986.0174049050921	-5953.919318414007	-9656.452834529935
79000	-421.79361133780674	-413.0704133205316	-406.49578530964646	-394.48991559353215	-384.2672028855503	-362.7900783748046	-351.42514790262754	-341.52832951108576	-337.843813593307	-336.64285054313996	-336.0189688628707	-376.31683089061346	-470.7252989246243	-321.2907945255679	-1053.647824526085	-6393.358399463488	-10355.545595284133
79000	-482.6415762442759	-473.339493494426	-466.7217040247262	-455.0112752522559	-445.01244969553295	-424.2190761233478	-413.2177720362567	-403.2493201069415	-400.3929119871622	-398.6742687878017	-397.5645288255292	-440.99480335618915	-564.5919263207132	-388.73235939653597	-1180.945211219734	-6029.909543157558	-9683.866990593586
79000	-408.0778071719394	-399.4161677149623	-392.9432962730028	-379.6196150948525	-370.2218132130447	-349.1582119197779	-336.97472855124107	-326.7251229507245	-323.33840078044597	-322.90577309463765	-318.838651923022	-351.885369984423	-444.2051560374719	-309.2306774023228	-967.8780187620375	-5771.103294366474	-9517.170149080208
79000	-437.61161477633624	-429.73770783119005	-422.34907390302243	-410.6397630113048	-401.0445699744163	-379.84039432460594	-368.22043604698183	-357.88507464837494	-354.6937383192683	-354.0719700143081	-349.982988939389	-384.2698295806127	-486.7908506535547	-348.7532382172301	-1040.8670178904001	-5817.616484674083	-9510.554160107766
79000	-435.07633355207633	-426.46190158789153	-419.4960184202752	-407.3639988965982	-398.0489842419931	-376.74577972171534	-364.5072386295162	-354.0173034027692	-350.33245953499727	-350.5056103014391	-344.584024546474	-376.8075489425926	-462.99351381219884	-336.0863428346867	-1022.6660949374318	-5761.647781869973	-9421.40202291512
79000	-455.34027939522986	-446.64257662325906	-439.6357794126347	-427.0815150473934	-417.9711723592857	-396.2015400807746	-384.6846295003662	-376.2266757747478	-372.9318647401454	-370.5489298889404	-369.6708879069263	-412.6749490384722	-523.6329515521248	-355.74464926859184	-1134.291371979697	-6069.680272274141	-9950.396906956898
79000	-419.9949901815036	-411.17565885380134	-404.39434062055153	-392.38781398918456	-383.10440346780405	-361.61700564395096	-349.3472776789016	-340.65011198559176	-336.8085855725425	-336.24803034307314	-334.1467399014849	-373.5517886493546	-464.4843119620447	-322.419253125014	-1032.2590829573112	-6196.4651172251015	-10121.107128000644
79000	-416.4402572136989	-408.3373771385668	-400.85615969966267	-388.28232212037324	-378.8102184405617	-357.0105145555456	-344.90650378579136	-335.078963352628	-332.00048837231736	-331.2844451614008	-328.57446658040493	-363.37955112823215	-447.37634884492985	-316.29456205054913	-1021.0529155419246	-6122.843189324031	-10042.670967450338
79000	-444.0823816834345	-435.2001534134322	-428.7783641413292	-417.5312853373009	-407.6930153993555	-384.96204761879346	-374.4174114823711	-365.1290685478028	-362.6245022678719	-359.6600627513908	-360.7485248059592	-407.10866622141026	-521.3503508938514	-347.74802528821084	-1104.9851025579158	-6240.4174712127515	-10120.115336431789
79000	-432.86088130498337	-424.7862771012584	-417.60004398122356	-405.30929832744755	-394.80497428774254	-373.9538344428494	-362.6771596964251	-351.54078185024224	-348.0595827934635	-348.5630905334845	-343.74944729095097	-376.8974379460647	-480.2977659984998	-335.18440736951726	-1010.4853105997494	-5927.2834470808575	-9661.128077148695
79000	-437.6603377566511	-428.68807716306554	-421.9069216274567	-409.1452072133951	-400.27053496725193	-378.3842755562987	-366.4167044271143	-355.30617605761927	-351.9139877386764	-352.71788599222947	-345.0154739395589	-373.3341630246394	-460.4142824663248	-339.26979483665457	-1000.3951620847175	-5732.0954623357	-9328.98417865262
79000	-419.5376172112233	-411.17042129473424	-404.26267194026053	-392.2135511901897	-381.59332652008516	-360.72516150064496	-348.9791440886067	-338.76294382461845	-333.837930921121	-334.5980227099547	-328.0438737715183	-357.02319025030124	-443.26895838781763	-320.78311670334267	-979.1974581279698	-5696.848975303804	-9409.672244664122
79000	-476.559743116872	-468.72201844914827	-461.0685468287481	-449.05801218397767	-439.0340529237227	-418.2870782371	-406.5361579735557	-396.7687675009718	-393.408870857791	-392.49785882900477	-389.9982086882961	-430.7823790973404	-531.7850212430432	-379.710037339564	-1190.1406192445118	-6047.238913222201	-9771.87444148614
79000	-450.57055459793884	-442.4017142411377	-434.4589646954092	-422.75102663896985	-412.7648361887732	-391.48018168836586	-380.1368060172677	-371.0142641227588	-367.0932356197367	-366.09920958822005	-364.04035934430095	-402.6776322506799	-509.60081427292477	-352.74514580899904	-1114.912810762592	-6207.746254615046	-9952.058796652826
79000	-410.9395349694222	-402.1181116148409	-395.0771999310486	-382.5522649601013	-373.24746722547303	-351.72409965753536	-339.9310226177327	-328.72168574803555	-323.7272163475902	-325.87313265366157	-317.60745004377367	-342.66776166617694	-420.17869938335804	-310.22184434998576	-967.8455295009711	-5610.591295147929	-9341.286461227777
79000	-442.6711350465382	-434.86535026297867	-428.09624181619625	-415.9026803290602	-405.49269060592536	-384.21672329162817	-372.93712269835254	-363.2201391070726	-359.33515941574905	-358.60673110501676	-355.7632302483293	-394.90919011685907	-496.7961438109449	-347.8030353672526	-1038.2578432404584	-6322.156701754247	-9984.743704973363
79000	-419.85289653418056	-412.1817697978076	-404.6121999416459	-392.1581671917422	-382.7218316748435	-360.3820666266616	-348.81442093231726	-338.38275496397256	-334.8861847173053	-334.89277451739156	-330.48958743952096	-361.7666317574501	-449.27412786759317	-320.86568369633665	-1000.1355039888324	-5877.045232042423	-9593.647789561111
79000	-415.2983985442413	-406.3922580244664	-399.7747491635841	-387.9918686804966	-378.13037201468586	-355.5611345570147	-344.1347666765658	-334.67903571352457	-331.7532385630938	-330.6474778355496	-327.6016217830741	-364.9132717867918	-454.6411305353629	-315.3518274647806	-990.6174810453149	-6085.959895680576	-9932.332878605792
79000	-442.78868538805244	-434.65736168896603	-427.299693508648	-415.65254627691036	-405.3202902059834	-384.5711589542294	-372.6300088031318	-362.21222207859574	-358.872945399569	-358.48608704232953	-353.1111309386716	-389.11519918134627	-482.40943618735315	-346.36622897125864	-1029.9269584913961	-5860.300057285965	-9391.236644647071
79000	-445.6375280903001	-437.4640822463362	-430.0494060566978	-417.9138444479597	-408.5522678381397	-386.90128315873534	-375.355932583168	-366.37686239656483	-363.6519667802551	-360.64727510053683	-362.0522680074642	-406.05758568872477	-516.8207347960125	-347.59386256586754	-1115.1190668348193	-6210.653035323493	-10019.250526723255
79000	-430.89037904866257	-423.43675089699536	-415.5622656676996	-403.7436244173292	-394.01791568437466	-372.4656743823717	-360.01386024130557	-349.496967012427	-345.8177928659808	-346.1053666621082	-339.97492372399086	-370.56118764065667	-455.3739355847611	-331.5820386682665	-1035.4107420774194	-5820.385879350321	-9463.647265416443
79000	-457.1714203802836	-449.4433974973926	-441.5657892713579	-429.56050176672466	-420.3012171535402	-398.3544408432235	-387.1478704365076	-377.5468020075566	-373.51195010113696	-372.7651272159178	-370.15638125414915	-406.93118015158785	-509.13014898676795	-357.66951856131965	-1130.5885852441122	-6059.309664169567	-9715.630208524659
79000	-441.9241791062335	-434.1089392079262	-426.58682481528496	-415.4001027743599	-404.80989573539875	-383.42381963698114	-371.54576323469547	-361.3565654855885	-356.439407081762	-357.45808700291377	-350.0838016563409	-379.0921687928578	-470.29339072893515	-342.98939359476265	-1041.5921965396894	-5684.345834866377	-9356.02161067136
79000	-424.1511240568193	-416.29533777624704	-408.40315006627196	-396.80557221434754	-386.9760606545117	-365.6567254207081	-354.1259606337228	-343.55338902397204	-338.99780873501857	-340.0530068016979	-333.95269877761405	-365.81216358181786	-456.62246779739144	-327.07713300426366	-991.9424967161996	-5809.801800386445	-9490.031622206008
79000	-411.2428874967834	-403.8672567294755	-395.9214927181436	-384.454995122578	-374.44151152082776	-352.70357475615236	-340.8666532399318	-330.22806497601397	-325.94949632211996	-326.7454539919238	-321.4172997058314	-351.22580497039206	-435.92644633924425	-311.98084753200266	-951.4885580044078	-6041.34573328994	-9867.408897430148
79000	-439.6851232616634	-431.2410319796195	-423.6647742694651	-412.1866363774926	-401.9519366025707	-379.73477635152574	-368.8805514508274	-359.23774070132794	-356.12510652665225	-355.13331941935667	-352.43466636804004	-390.2246408731086	-484.99970130249073	-342.65235498861273	-1061.5151567987982	-6309.783128776542	-10056.4924076776
79000	-434.43948424836185	-426.18739459801225	-419.1511465649458	-407.3545214843816	-397.24719183932336	-375.4715856744764	-364.0230770024701	-353.9814990249124	-349.78445163755856	-350.28557952815095	-345.3762813000621	-377.7303581644172	-467.2691568780327	-335.4805935577048	-1017.35705121067	-6131.875597291328	-9763.900057589073
79000	-463.12123936853817	-454.68091220978863	-447.26497442351484	-435.4509387175	-426.38633141498565	-403.98932761321396	-392.7928581241273	-383.09680390151567	-379.849385439659	-378.8166430757725	-376.36332053360155	-416.5460465895337	-517.3633289863797	-363.5664370107273	-1184.426041757974	-5938.239400567237	-9735.928689431548
79000	-483.7688528136503	-474.81719267240106	-468.0855638087333	-456.29758381953707	-446.2436626358664	-425.01285692478626	-413.58474686572106	-404.9111447117925	-401.5673811019473	-399.5995137755085	-399.66848123877526	-443.2343234551273	-556.8989012787761	-385.1545595347815	-1238.9218692304933	-6131.914005209722	-9843.04091534705
79000	-423.2901002911844	-414.7818839811859	-407.8590940907656	-395.1905735337276	-385.5620090858454	-364.31399433939833	-352.42196843891253	-342.64438554499674	-337.92083542095645	-338.4324599688461	-332.12879893522944	-361.6795655121112	-452.6394335485517	-327.5229162861247	-955.8436617561011	-5770.840416205232	-9478.972818125505
79000	-454.23902320396564	-446.8711307989954	-438.9846940103933	-427.952115334473	-417.6681568109167	-396.2531793258863	-384.83525869854395	-375.0786870027216	-371.93608730344727	-370.61280952902683	-369.5842024298222	-411.3263692510879	-522.2294342324567	-356.1220762988381	-1123.2889509896736	-6124.620958292108	-9944.650836747067
79000	-440.79299985317436	-432.5533537449861	-425.40591673322825	-412.93955425659897	-403.4597992798356	-382.07540200030405	-370.3891124125852	-359.0136849515208	-355.5871273187654	-356.8722222489947	-349.60957791362074	-377.1742110603535	-465.9609541611738	-342.341411169361	-1036.9795356506777	-5718.580412050752	-9312.04815696273
79000	-441.8000022962774	-432.8120285121988	-426.1193418110576	-413.19937635133385	-404.3984453559153	-382.90238471428347	-370.84088003944754	-361.572841661378	-357.5878720539533	-356.23599625605317	-354.1765335712427	-394.03375178801315	-496.38909903664853	-342.44728634906926	-1057.3368278235125	-6192.598972005389	-9886.34394589818
79000	-450.9483259164283	-441.959486253584	-435.0426418947282	-423.7784071456989	-414.2794801264951	-392.7143691458795	-381.35955282077936	-371.9785672173305	-368.6470137974849	-367.2233899884708	-365.225694126497	-407.15374448032486	-519.4844068451679	-354.0109585743267	-1117.843382165662	-6117.234514681298	-9937.108858857959
79000	-429.9197907044204	-421.19225685220334	-414.7889418226129	-402.3948562136087	-392.44800911909795	-370.66283828971393	-358.43778354237116	-347.6454594689092	-342.7000736276541	-345.27216897290526	-336.57522083197296	-361.4925421158467	-444.2269484747417	-332.95123371407624	-966.7636347327436	-5570.002105514689	-9072.188501111272
79000	-430.11329631129337	-421.5304957928072	-414.5522571073404	-402.5987987387663	-392.58583143493155	-371.2154592059113	-359.3613317779314	-349.90585352738685	-346.15167490712	-345.46217677690595	-342.4409652088976	-378.47080202204165	-475.53737753187096	-332.2799440935726	-1051.1860952332036	-5964.191762806038	-9684.63049108983
79000	-476.37315172504947	-467.12238634011663	-460.0178434082815	-448.4920346059838	-438.90090773449623	-417.37977764954746	-405.5736978462032	-397.11102557681113	-395.0802323604591	-391.2295840244389	-394.28550993378633	-443.32866247960294	-555.1132930314284	-375.19539984701794	-1231.905471705209	-6664.629552381752	-10645.055495543926
79000	-445.54814470070613	-437.36280443837535	-430.1286049989249	-417.9603772397062	-407.64689778943034	-386.4567918828763	-375.0173001093475	-364.538327679509	-361.12467144841554	-360.6582706385382	-356.93751991493235	-392.29519090887163	-489.1779994336901	-345.5021370040624	-1097.6846709763665	-6027.549639692251	-9670.831076794477
79000	-424.7294625830215	-416.35529296487937	-409.23495050046773	-396.601394094791	-386.979750383745	-365.59258965349835	-353.97444243291125	-343.54438304833144	-340.3114119768208	-339.9397723951459	-335.5604845390523	-368.9672238783266	-460.40815831957724	-325.9621983625151	-1000.2379296307461	-5851.862714170699	-9555.596358178498
79000	-436.09850842972776	-427.3019910720559	-419.93170347683434	-408.8922954228783	-399.2170855198966	-377.16903806468315	-365.52062935714497	-355.6981359177852	-352.13837953380533	-351.1734574226779	-347.9971400251029	-386.0774961198664	-481.3340260864382	-338.75909655649946	-1066.652722899541	-6097.58466625022	-10017.40280933733
79000	-452.03839182794405	-443.29456452278043	-436.6464323767563	-424.2088916719829	-414.13468244311355	-393.80061910930885	-381.66207771248656	-371.63028977012993	-368.0464150955437	-366.9471953154087	-365.50991012034757	-403.8866354451985	-502.93126325560314	-353.8522394223928	-1080.6299293624807	-6081.426130946484	-9845.818959379048
79000	-461.1649150006049	-452.6470921320204	-444.84516710475185	-433.26481266034386	-423.91396195615255	-402.4944265488144	-391.5940024007361	-381.4186451965909	-378.7258064478872	-377.05642346456233	-376.22284524176314	-416.9799295230122	-522.0455754727034	-362.8751702336602	-1148.2582534223386	-6069.840577360429	-9774.120412623963
79000	-448.2734451712477	-440.13618920267095	-433.1027105435838	-421.3288431011507	-411.4196706073438	-390.224661841862	-377.60666086799296	-368.1108849327249	-365.5569853644983	-363.6436287899894	-361.45183972360087	-400.2711750846188	-506.72286772218126	-348.66367925418473	-1127.7426671083333	-6067.418453760682	-9813.130548432011
79000	-477.9905290410949	-470.60425251127293	-462.56425145994734	-450.3634389266165	-442.0048548616698	-419.6492272882124	-408.72892382699456	-397.7449659729302	-394.9236526039673	-394.4346973852117	-389.6368299260816	-427.82407663355707	-528.6107826178252	-378.28217208791807	-1211.4581286825642	-6047.203697181812	-9774.362822015144
79000	-405.39783488221053	-396.64709376314727	-389.91378480582233	-377.6243392996113	-367.5243410564867	-346.52464598318886	-334.3276665122806	-323.4441053326185	-317.81382064377465	-320.91197129315077	-310.9620272990767	-332.782449705091	-416.6241689481383	-308.0190393740593	-876.3564804960519	-5471.553394331228	-9067.126097294895
79000	-428.5161655878876	-420.03474877890926	-412.91256583564706	-400.48070439340904	-391.0470039097473	-369.218070095426	-357.6547692079412	-346.9694658251436	-343.1066006851493	-343.45959340107277	-337.3639121671183	-367.3666033944996	-452.2165068956331	-328.43969364707016	-1013.3645534256414	-5998.620167832264	-9669.88512166629
79000	-447.0205708917326	-438.71262446670426	-431.5088643157406	-419.842989917002	-409.99115894918594	-388.8783156111539	-377.93485144589187	-368.3579285276373	-365.2353990888526	-362.9878057199873	-364.03410761840547	-410.8791750277821	-521.471610702476	-351.12615141460975	-1073.027098505142	-6444.524768962334	-10417.235884025793
79000	-432.5979572432768	-422.88595342229104	-416.357935686433	-404.3411484191316	-395.27220722872426	-373.9392698063374	-362.05187190966586	-351.8625246109435	-348.3736036702685	-347.7572452830166	-344.4886254930645	-382.2343825243031	-484.00159342448245	-334.37330598646236	-1065.2315688750346	-5893.960728796533	-9626.461327929492
79000	-434.3102188707419	-426.24234186212806	-418.9898543848711	-407.4684621660366	-397.46790886930717	-376.22539264536266	-364.26001459366495	-354.14807011245387	-349.9821895935384	-350.2031601748214	-347.65760471542586	-384.33144403691216	-476.6375841794487	-335.39390610467194	-1076.8762400057167	-5924.418147973936	-9809.199661508663
79000	-409.5800629786908	-400.9881540130448	-393.3349673617918	-381.18403064131576	-371.60891756097914	-349.95739732306913	-338.02959147335554	-327.42598052844176	-323.47505841007785	-323.811109386124	-319.25696012268963	-349.1263134734476	-439.0836248347037	-310.97775549432373	-943.9747557409734	-5895.863236212756	-9659.93078473682
79000	-425.67254056569	-416.94245782714734	-410.548853685649	-397.74568467383267	-388.44434703735544	-366.8635178025943	-355.15493417862393	-345.9724594819979	-341.57911595963606	-340.491304407141	-337.8774419944164	-374.7568732980949	-468.12847190476884	-327.48113445966067	-1029.8763684002056	-5946.762909065767	-9713.815100798116
79000	-443.2909773991924	-435.73619800136964	-427.88375057393984	-415.81595510743807	-405.93711568809954	-385.6697984582078	-373.5355691007625	-363.7930479965588	-359.98789277720505	-359.6825993551049	-356.56716717999075	-393.6946173685359	-497.79665423186486	-345.5459464100702	-1085.8001552826795	-6021.131730918542	-9780.420946630667
79000	-442.892551060134	-434.78928338237046	-427.34494238625433	-415.2918530617293	-405.84629889253847	-384.47219613574583	-372.7393542185577	-363.8329604261533	-360.30591118129655	-357.8333338381309	-357.7500263227423	-399.19312363915645	-499.2595793340889	-344.6057026723268	-1134.7448994124288	-6372.919146217874	-10320.158951206458
79000	-452.66318176888336	-444.38852440869124	-437.26389677990875	-424.9647436841235	-415.339167478944	-393.94442016481065	-382.34522370462383	-372.6603626775801	-370.19626142808323	-368.4575176958747	-367.42946772446953	-406.40247332231405	-513.2966530850355	-353.71957408875767	-1104.958150846423	-6011.728940071918	-9885.35584085209
79000	-433.44935534066906	-425.45488044498603	-418.2901723726713	-406.33811020377345	-396.54541609914594	-374.4733241574298	-363.579635247239	-352.3451770380458	-348.4264439798664	-348.92550642827695	-343.45826001917675	-374.279330665327	-460.3971735102178	-333.4475474113712	-1035.896791775158	-5880.619497806055	-9576.981916132545
79000	-427.782527202945	-419.0927683082335	-412.9705792495386	-400.5020312767524	-391.04371732749496	-369.25424234627303	-357.1711139037841	-348.41874480226005	-345.22101928724817	-343.8549192535618	-343.0988420609103	-383.5457664102676	-487.2776198018773	-335.2763525409819	-1025.7163263806406	-6038.826769661379	-9801.207142794294
79000	-432.9697751010653	-424.61345023374076	-417.4239252941415	-404.83909483907064	-396.18403110442	-373.5018243575221	-362.9295629069665	-352.31935145289935	-348.8301376288605	-348.3664273865529	-344.38138129440995	-378.1877940378579	-478.1859111467251	-337.3413408229156	-1024.8448678832417	-5829.49381079602	-9475.237602581885
79000	-439.09345981903226	-430.2660577497588	-423.8221753336173	-411.7180569587655	-402.23481547725567	-380.5968266146449	-370.12647996768396	-359.4993307109793	-357.2766322840452	-355.12879664991317	-353.9163492688655	-397.01623005816623	-507.94369337723987	-342.57148976395223	-1071.7005411278562	-6093.241115880355	-9862.10089451273
79000	-472.7381506482855	-463.7121117723454	-457.2770460283895	-444.6144588194992	-435.1622814698288	-413.9506701867017	-402.07381415607034	-393.30134907784367	-388.7756986383218	-388.0410310867699	-385.04728746883757	-420.473837199057	-519.7389695703803	-373.2410663748959	-1165.2678871046664	-5969.293213264826	-9601.017065802025
79000	-420.07429914270693	-411.78851121520324	-405.1109012951396	-392.66935003080835	-382.9813846013815	-361.5908142288806	-349.23920940098503	-339.4077496723368	-335.2767108597681	-334.59545361114635	-331.88668392169495	-364.0979776954547	-449.9711449571732	-321.0381763473018	-975.6855425547827	-6021.850289973374	-9842.544313232875
79000	-455.26114456015574	-446.54854420262217	-439.8100752350661	-427.49546738391246	-417.5522775455588	-396.3192474515421	-384.3958271110814	-374.44538247929887	-369.91723897827654	-371.09034682155357	-364.34790130030603	-397.8676958501002	-493.1215017278004	-357.356960047727	-1085.907104402606	-5822.25971933424	-9417.42472441111
79000	-411.0935872152475	-402.6203096317234	-395.4708263901055	-382.7929585135829	-372.74350385713524	-351.5992774790149	-340.1731230314274	-329.44464470312926	-325.0033137733583	-325.87364924309884	-320.5152248730472	-350.05707016146204	-433.432008950388	-312.0620358067905	-944.628317947954	-5703.997574711698	-9413.416950668008
79000	-436.82078078461234	-428.8920078247667	-421.44239796158485	-409.58526769819184	-400.0848471071572	-378.52549215965576	-366.7428918480084	-355.5253131838792	-352.2191906750915	-352.6201540736225	-346.3708516227354	-377.8760317707545	-464.1914532185897	-337.12411700288334	-1037.5177262287605	-5796.384752348807	-9333.182340955595
79000	-398.1327433609046	-389.1179281660181	-381.9350230547603	-370.14317570711614	-359.77994432376573	-338.5304630666263	-327.35159841239306	-317.6894568207515	-314.2034847211949	-312.7902703004271	-312.58942997138445	-352.0848174463893	-445.5541722200659	-297.94844149739066	-979.7557196247592	-6125.300234778012	-10150.135668591105
79000	-436.69218734812574	-428.4580911062795	-421.1280176387723	-409.10600237512483	-399.1513283861335	-377.6654852381054	-366.078630747864	-356.87173083600334	-353.6191665851316	-351.46487654140094	-351.67032825295036	-394.8783141128139	-494.81332216256345	-337.0268445947886	-1091.7440737063775	-6339.065130754585	-10170.52144958067
79000	-452.9304958701765	-445.3482116266515	-437.3684852182524	-426.7254491456729	-416.041698615499	-395.23091330483015	-383.37778184894086	-373.6708970272253	-369.5443117405835	-369.8590421072201	-365.2563046076057	-403.1618179481939	-503.03673647597225	-355.9996939576808	-1115.5782686992306	-6060.437517409833	-9774.520248174718
79000	-447.25971861552586	-438.5767431496984	-431.05818430748076	-419.52578369465255	-409.6450432399469	-387.8489560640051	-376.8634331224253	-368.66988518663703	-366.46973561106404	-363.1308070146804	-364.65332900055176	-412.8067562317278	-528.0134197559728	-349.1358427298422	-1116.1423204275368	-6605.195885001782	-10631.338204938625
79000	-448.8288907917276	-439.8873028710586	-432.06236267776654	-420.74904875696814	-410.87018054475215	-389.4291328061515	-377.85037893612605	-367.65230127666604	-364.367988244493	-364.05375348132793	-359.8828781483107	-395.7890583710844	-491.66586367761	-349.50519605958084	-1047.2388495569135	-5962.763803201153	-9711.985912070773
79000	-449.2895101606568	-440.735777495572	-434.04343192929247	-421.98782684266394	-411.68256519550215	-390.22602365575926	-378.25596164994	-369.33390985470146	-364.40667843631155	-364.3878087059381	-360.77583350152645	-397.5430261323514	-497.21402655395724	-351.84165533067164	-1062.4791322365368	-5944.033106468297	-9697.38255279148
79000	-449.03240744109246	-440.1439428201027	-433.2655203846023	-421.40325533037947	-411.40668651011316	-390.2787630722445	-378.559470628489	-369.3392790290654	-367.52304570380454	-364.0978721099263	-364.7510337337876	-410.89190518818873	-519.1728994075521	-349.5117472545618	-1117.1997060180088	-6308.197004643354	-10224.257677611213
79000	-406.35356773553184	-398.48048783172055	-391.15321110559813	-379.06568884643275	-368.95944944976804	-347.57265314453605	-335.18141942722883	-324.26956770246096	-319.57272636339843	-321.76528334329305	-315.4985486812848	-343.4966318655624	-425.4626678835499	-309.2655795258567	-922.2385083995849	-5687.412942213599	-9403.328250953818
79000	-413.66250133924814	-405.5090597053977	-398.7211993549253	-386.2898686879116	-376.439960005129	-355.3607733967531	-342.7330641924597	-332.32229985975084	-328.1162134538649	-329.27911691285016	-320.64875923929577	-345.8327334632072	-434.9965579374053	-316.10895513875266	-946.6675652161529	-5535.999853533163	-9261.557670923536
79000	-444.07432065167274	-435.88843640141675	-428.7578480569635	-416.7172200654435	-407.5776797945756	-385.08939191141116	-373.56181332758763	-362.8599098415794	-360.228015651271	-359.42766905988486	-354.3801472401289	-387.55547956580426	-483.79719829487664	-347.01600927402984	-1054.6123922774377	-5962.470705314573	-9677.288645245215
79000	-395.3669049675792	-387.14551129329203	-379.98541792439704	-367.6880733093511	-357.9359031519015	-336.3068542891214	-323.8597145330787	-311.7610550197494	-306.87249410383714	-310.0296248244864	-300.5696830307093	-318.45461660662465	-384.5156166889226	-294.9828650384696	-882.7766127834273	-5635.760789056893	-9196.349335288623
79000	-422.4232073829521	-412.6886784564318	-406.1377716338315	-394.1150325086837	-384.86304469881975	-362.52538126245145	-351.4264833361858	-341.06074672654455	-336.6005119968477	-337.37771698970005	-332.93582548174294	-367.9297318647096	-457.9859409992076	-322.0953660136506	-1012.184719744915	-5955.324239131717	-9747.172776811238
79000	-421.86645719685976	-413.41205768272096	-406.6715696753478	-393.6146562960537	-383.79507705636405	-363.2334897267121	-350.625898306326	-340.32330386213386	-335.4715984845838	-336.7576100232717	-329.97748660865835	-358.2225508977298	-435.41181464536794	-320.6976862106274	-978.1249511272897	-5751.771647857123	-9402.576622593704
79000	-417.8035242765756	-409.4812945058279	-402.387235242397	-390.3278427385111	-380.1734300962882	-359.08051643234256	-347.3313796800533	-336.82214100948113	-332.9276583485527	-333.31415711661003	-327.7058903851801	-358.6468968719867	-442.12378627946924	-320.8539306509751	-947.2299650821476	-5716.1274726034435	-9384.841505835197
79000	-447.2804093461649	-438.54091703508	-431.5360708263383	-419.8912702357942	-409.4183435231731	-387.95134564042155	-376.3104118053881	-366.51220030575416	-361.836550668303	-361.60922136224167	-356.0269098259484	-385.2978475835659	-480.4697392894755	-349.32501751976326	-1049.2475005795277	-5748.012065222619	-9385.658695707927
79000	-433.1078860683945	-425.3643792369875	-417.9346563713653	-406.0159509693409	-395.8830744830793	-374.64608314375727	-363.0273584012743	-354.5091328036401	-351.72437679574625	-348.6589571371104	-349.6031903744001	-393.38108468177	-499.3504157972089	-335.7567683045	-1059.9045378440217	-6121.787131997588	-10058.793368677449
79000	-435.28596928900606	-427.3294574522741	-420.3841772741652	-408.17810192084164	-398.70145170667877	-376.4855130498941	-364.9410527636523	-354.6831231905595	-350.5539321613815	-350.52965983325487	-345.8868044654702	-377.7613915674454	-471.07982117819904	-336.6399375260624	-1061.446922248803	-5900.458173549084	-9612.245546606395
79000	-431.1401386979821	-422.56530197771275	-415.63889031192167	-403.2784613693698	-393.4455558271044	-372.4570691109423	-361.13287355915577	-350.4220569424308	-347.13232262751706	-346.19090825084635	-344.74569402071756	-382.2889814836441	-484.49527650154766	-335.13734005654413	-1048.487729346447	-6061.639188511339	-9956.86581513959
79000	-435.04414353029944	-427.28949886233767	-419.3262271364659	-408.26514740919185	-397.66034067760495	-376.4373439705156	-364.64870150943904	-353.3874347003794	-349.3625694973631	-350.4577120162033	-343.1249125563063	-369.9233517607293	-469.2665663166975	-337.64393655301024	-978.9683159079254	-5577.604551453074	-9113.128627571377
79000	-429.63993961653	-421.2817189873124	-413.9115256562422	-402.12526887340186	-392.1517517231519	-370.09461681947766	-358.37454678855096	-349.2157813326794	-344.66562873940836	-344.6225526668863	-341.2840764195812	-375.89248329887806	-464.24943979253004	-330.2521974006166	-1006.735159451321	-6043.059841888983	-9802.770210916902
79000	-413.72643324486387	-404.8022301136122	-397.28443743202746	-385.9848286175476	-375.3905387449594	-354.01925850878706	-342.73396671635004	-333.08023145398516	-328.052804492044	-328.31583681092644	-325.4227233025255	-358.65823388869114	-448.5615732667932	-316.94540704985	-985.5724187390819	-5871.298514473065	-9625.452372805208
79000	-407.20499758611925	-399.1861667130833	-392.16562654809985	-379.71216948782	-370.12281114343335	-348.27550160628584	-337.04560972047534	-327.1131521207998	-323.76918633621557	-322.50453522281674	-319.8405537576371	-354.68017244708903	-446.3452240259058	-309.82428581053097	-992.6267600413549	-5869.580138464975	-9732.784304461124
79000	-411.007228232006	-401.9454824401553	-395.70588468651084	-383.70883590485334	-373.53041280665485	-351.7787757874392	-339.91764770705106	-328.8022490507555	-324.9681146502287	-325.06542428378833	-319.56287038591574	-348.85135175662896	-433.6566526971499	-310.88733752347616	-969.6030625467945	-5923.662344588214	-9659.321316214522
79000	-419.0410661043768	-410.63967159619216	-403.6473931644171	-391.5515269536073	-381.83720058667024	-359.9519686408196	-348.16737636577153	-338.68029793634054	-334.4285329573878	-334.1879156093369	-329.7673197663291	-364.4737949142259	-457.0069601103527	-320.5327505067494	-1026.3189030487922	-5829.164546101881	-9719.497470152526
79000	-436.43842678680375	-427.9806474053478	-420.6444203401516	-408.7672170255895	-398.98813504577123	-377.17787600090355	-365.0956911123912	-355.92877812147077	-352.9084499968683	-351.15975432911875	-349.4543523087473	-387.6704944955158	-480.42713891204295	-337.59776439644145	-1082.9896592952678	-5936.315813077189	-9745.3943787307
79000	-423.2605662214939	-414.2443228679329	-407.30487992087814	-394.78625263104857	-385.5370856749954	-363.6999997396575	-352.4211642949686	-341.9192375464742	-338.174080093956	-338.0948099447489	-333.44770359046004	-366.90594630129283	-457.0655180334477	-326.09717778050884	-990.9468592660762	-5908.93059689713	-9556.527857900885
79000	-422.56174705645645	-413.39641607671837	-406.4943582170668	-393.97976847130747	-384.3286709881893	-362.86010876049625	-350.80291300693926	-339.6764914711362	-335.03227963923223	-336.9154170425838	-329.59458750031115	-356.5647504975963	-439.9965256149199	-321.5149508124428	-976.4390755341342	-5756.66599206951	-9457.20663887104
79000	-404.5908402674571	-396.6816041925196	-389.094563824888	-376.71314599117363	-367.14143345106373	-344.95315703553837	-332.9342366952276	-322.5377154918637	-317.36022280756595	-318.9738872718867	-311.9320217050669	-335.7263808989827	-409.33261320562036	-304.18444546353885	-922.2019371432098	-5682.009120728874	-9322.126728628387
79000	-432.81111041351556	-424.00238212043195	-417.3220495411893	-404.48975578869795	-394.8749054118394	-373.7654119723687	-361.32336804442417	-351.35955536414065	-346.66346019427164	-347.83409708984624	-341.52554901351965	-372.4250618809887	-453.7256633716177	-333.51089807799275	-996.998316909241	-5984.557009932119	-9583.888246759412
79000	-447.2062557690385	-438.3260599490861	-431.8055160000411	-419.4229714191723	-410.0933458417946	-388.8649608309696	-376.8657509699717	-367.10272481343833	-363.8722345632772	-363.087498166831	-359.37477221105956	-396.9804064155408	-505.1504697270289	-349.4933699503921	-1101.2482773732982	-5982.98558780298	-9791.272900341146
79000	-478.7808629373268	-471.03994966206966	-463.45195127388246	-450.62567065958206	-442.10697127669005	-420.5250753743703	-409.1390752698932	-398.966906547149	-396.0617035489912	-395.53269948107385	-392.45405870890033	-430.91103413546693	-536.5610981148191	-381.00851750503955	-1191.914745911599	-6033.837548615656	-9753.025891675155
79000	-456.6123723891909	-448.22102005725577	-441.5517524125509	-428.7825165115105	-419.88152113456005	-397.49949949378066	-386.1511846186676	-377.40094986558535	-373.7404057894447	-372.14476538192315	-370.46269759729705	-411.32903072755397	-508.8056944214951	-356.24427423669556	-1135.1084595163647	-5992.670087123021	-9936.423894589157
79000	-388.17992288902803	-379.6123719610949	-372.41653276166045	-360.11524718531575	-350.1637226819181	-328.4045831298928	-316.3365129237361	-304.9010374458681	-300.36932446755316	-302.6429928191014	-295.02809096772245	-317.32362970627025	-386.20167297706416	-287.59662622069806	-859.0331463959783	-5844.341962459155	-9527.54263632026
79000	-480.4021596218846	-471.1488950956957	-464.24190980679595	-452.3747116580531	-442.9152487481721	-421.35104221769154	-411.07865806754995	-401.7468961703353	-398.7726372235397	-395.66491238396486	-395.6608559931412	-443.5965272421084	-563.8737868998512	-380.4373750323944	-1248.6779552248743	-6369.803539333184	-10141.378587161093
79000	-421.3548499492201	-413.2197214958943	-406.0426112304596	-393.4263992594456	-384.2739761861122	-362.5079773303813	-350.394770565499	-338.9912202136431	-334.67883233499333	-336.67376455501613	-328.28059768095886	-354.41950654479456	-434.7330820571255	-321.6129358491334	-981.3375848553152	-5695.766539484139	-9405.44955944786
79000	-407.61927876511515	-399.749948119478	-391.483568766818	-379.66695858645755	-369.6493048176131	-348.6569936605379	-336.7455785035232	-324.29644006494726	-319.63926050819964	-322.28357756431404	-312.9477275343522	-331.3840648671015	-402.6428205346688	-309.31699938773335	-874.1028528294192	-5631.2334907475015	-9153.161117230531
79000	-435.5957636974417	-427.00028264856223	-419.8342703422523	-407.45161836149884	-397.64462577292187	-376.45486739905533	-364.5681302135089	-354.33847894411065	-350.86435282982006	-350.4313586666274	-346.4006645231431	-381.5526819836845	-473.84706284401074	-336.0093749421299	-1023.6547321499169	-5975.736301566124	-9694.732189741855
79000	-432.73725697906184	-424.43877898772996	-416.89224919605095	-404.88040144526417	-395.37947500017106	-373.96473371200653	-362.38527192777246	-352.03275329257076	-348.8681059257313	-347.8958699862459	-344.5783657637507	-380.0367710296222	-476.1802466462163	-334.7062382462047	-1017.7297464868456	-5915.799073277378	-9699.173824059615
79000	-431.4192541735014	-423.55708309214265	-416.4122006253362	-403.67486341703614	-394.0178782782337	-372.0855389609663	-360.02603393893287	-350.3682357126678	-347.2935585254446	-345.7887510826113	-343.34882502380907	-379.27453971235974	-473.5561533665855	-332.00368860400675	-1013.6473050696105	-5827.708460207706	-9725.506764715206
79000	-448.19775852814314	-439.4823555556841	-431.23636561871245	-419.15808165442695	-409.53553502155444	-388.84513573223967	-377.2587020358775	-367.69949280991057	-364.6161137674325	-363.06928095851237	-360.4727708630705	-402.69179457762186	-504.26502021561697	-349.9381735660103	-1077.684663185891	-6058.784357054956	-9821.468454282944
79000	-475.7355294666955	-466.8229207319066	-459.059810980411	-448.2656552959497	-438.2429935751997	-416.96736317303936	-406.3160105168655	-397.0198215176584	-393.76096804476856	-391.87201332950167	-393.7125949539722	-442.78483800570996	-566.6145082819393	-379.89906968611	-1218.36504686282	-6251.633223730876	-10020.733715537655
79000	-424.4150551522644	-415.70245447199216	-408.33651091735936	-395.89369812579014	-385.9470149008489	-365.24048901943587	-352.5407434741152	-342.6716393347934	-338.83162809237353	-338.7637008033939	-333.27536968779094	-363.5425469973742	-458.8408985442228	-325.125451639244	-1016.2631910935143	-5646.999644115563	-9389.011137443631
79000	-437.17586469336703	-427.903579171318	-421.4313547886284	-408.6155289489549	-399.21160700884917	-378.71515592478715	-366.588669409393	-355.66578744368854	-352.3816581397724	-352.3257525739815	-347.1626897607529	-376.45958635525716	-466.10787801931093	-340.4039399034861	-990.1674224860787	-5713.528465980814	-9353.434147171216
79000	-455.7890579438479	-447.4142425136796	-440.4417184645046	-428.11082215375313	-418.54691853322186	-397.4351435622131	-385.92930544713636	-375.03344312721686	-371.4529387364672	-371.90509142467596	-367.2663033268019	-401.8391651440377	-504.9305642327162	-360.2800155245978	-1103.5456145450107	-5836.619531565775	-9503.714047719555
79000	-428.5690846187426	-420.2110704777319	-412.8205165540343	-401.1031591553434	-391.1403544896532	-369.8029084863673	-358.15703781017606	-347.78084618746	-343.8699661921895	-344.2382170310406	-339.66505756774217	-371.2595930623258	-460.75435461281216	-329.93134172664037	-1010.7244766336192	-5821.121387748612	-9664.023633153905
79000	-432.37200217165264	-423.9711772936921	-417.1059903696668	-404.70120160047645	-395.1798026588474	-372.89704979440245	-361.3989634865044	-351.8888014974515	-348.4739726927301	-347.1040150933254	-345.2976437544829	-383.52338444676326	-477.3062671126462	-332.75803588018726	-1051.8947698492611	-6362.806044826623	-10230.10182743067
79000	-411.4688035322082	-402.85108395137996	-395.3886229864244	-383.242119504288	-373.40536790275496	-351.35743931274925	-340.00768544596895	-329.70462628730354	-325.16561883112706	-326.0953111661813	-319.02502599593066	-346.46855221653965	-429.1750791096112	-312.27800120811764	-931.0456812433109	-5695.452669725756	-9279.094712858834
79000	-442.14269856032087	-433.5439786187019	-426.7059147104049	-414.5504515785392	-404.87734908052835	-383.92770350208446	-372.24307020382474	-362.37908717915076	-359.1996466905631	-357.2905661232242	-356.13342708151225	-396.80346225835865	-500.1107605901528	-346.6483966075324	-1103.9559869433479	-6204.741690372455	-9960.134919147631
79000	-418.15308218721566	-409.7066470344243	-401.96352684348136	-389.9379852379818	-380.6747409874445	-358.9642817402755	-346.6344893538235	-337.3556156452085	-333.4049056116026	-333.0894700424972	-327.86410402151034	-359.9165682424617	-448.0545911556211	-327.07824613775693	-1003.4627467945837	-5815.335344669241	-9542.591804557158
79000	-426.1936263515611	-416.80574161524186	-409.6621534803739	-397.7010623675741	-388.52603623844556	-366.27216289052313	-354.0849715353864	-344.0235212818112	-340.0699911931131	-340.26607161307203	-335.97825005591915	-367.75704133649197	-453.0472166042527	-325.4061388120108	-1003.3244153877802	-5952.203903913233	-9615.40126292243
79000	-422.04219576763273	-413.2126447595584	-406.4720168807667	-393.9189195247367	-383.99040434425024	-362.4688676164031	-350.8024000083848	-340.0857039590636	-337.1107061925793	-336.30702793171974	-332.46725574370674	-365.65237260277615	-449.00161060589835	-321.6945357941747	-1035.8703943140831	-5860.751742062966	-9676.153598825005
79000	-404.85307109947036	-396.80918539772927	-389.5050634388875	-376.9218900584285	-367.3163772761935	-345.59584680120383	-333.1867268460734	-323.4820467261571	-318.85434458422117	-319.79934727703545	-314.2171735698244	-342.8297184267899	-424.4664636225734	-305.0854808700148	-922.1404007804306	-5827.523943664681	-9547.943955499324
79000	-436.5391490876353	-428.37691716972114	-421.0245546981774	-408.758303927989	-399.1077396991705	-378.1092538320814	-365.5099474525232	-355.31705584309907	-351.6423431226672	-351.6509247846026	-346.7674360298585	-379.0378830407535	-465.08300274724377	-335.8069393924116	-1037.1957399190978	-6098.25551797335	-9762.740627600062
79000	-428.4345205180325	-419.2656388993696	-412.3290047133299	-400.181893400784	-390.35807846134514	-368.892535750886	-357.00155801773684	-347.9559114019729	-344.33529186539886	-343.2909681670175	-340.6959628072284	-378.6518835068409	-474.14076798660307	-328.05258727166904	-1045.7446380468307	-6193.849784560788	-10021.431312897057
79000	-396.8694075473292	-388.51899014582517	-381.67000260567164	-369.25770226366785	-359.6853422016477	-338.3477060044609	-326.5680612117662	-316.05647546519776	-311.717951997649	-311.9231138167596	-306.7358060238649	-336.6812093613941	-427.0963272041793	-297.096981523903	-939.1056321596	-5821.777659699005	-9546.911868639207
79000	-444.1633743351444	-436.01694873731276	-428.52787745078246	-416.79867420691835	-406.2546507848685	-385.0030567685908	-373.21404995310917	-362.7097228866922	-357.6835508178015	-359.28815759435105	-352.5502339398627	-379.6303355067616	-470.4216651010857	-344.5412669566245	-1056.5329486411442	-5645.270168868221	-9206.318681242372
79000	-423.92144857825326	-415.3506279610347	-408.3486211932986	-395.82068707989663	-387.13434571023004	-365.3483640699456	-353.4140884556746	-343.73827386885125	-341.6933632471675	-339.462675422277	-339.83737219928094	-383.1010064255326	-496.39878579789314	-326.75154998737094	-1031.633089801491	-6342.481746437847	-10277.404338688235
79000	-432.66474652317606	-424.36539649403693	-417.98132776201516	-405.11061460610915	-395.84361318801854	-374.3824452480103	-362.71508845115767	-352.1186552366389	-348.80660555420167	-348.1295397231198	-344.41134657836875	-380.42536738995614	-475.43407064772595	-335.2992292267291	-1058.972089476641	-5921.359500947803	-9633.8855899761
79000	-437.6801175798955	-429.60031365586167	-422.30327176947213	-410.2993639538562	-401.10627000382823	-378.94210808198125	-367.247562080274	-358.31613159705637	-355.0579540961359	-352.737644737708	-352.2312250927404	-392.75910284517363	-498.2961825542307	-339.28771653068986	-1073.110700029403	-6040.685765641826	-9899.671703868282
79000	-410.3143888556842	-401.8379371578372	-394.75966747248657	-382.7161502450441	-373.0248895533516	-351.56626337287116	-339.1719829554899	-328.4715824878868	-323.75236699442866	-325.38989527954993	-317.1910107244655	-343.58801210645504	-423.3574079257595	-311.45122509140026	-974.194525288985	-5665.603165808072	-9337.27780534683
79000	-408.6557004047259	-400.52819854538967	-393.4036983807477	-381.94884474485355	-372.0755201583164	-350.1530259277848	-338.5998939624936	-328.6855695513824	-324.908872886979	-325.23403626893736	-319.961435827425	-351.91719269050304	-448.3734944570172	-313.7524208518878	-950.4028507981932	-5687.018698994619	-9476.93202333546
79000	-441.0798090997363	-432.4430601450433	-425.57827356026274	-413.42733442203985	-403.40470776004076	-382.34236491359593	-370.60281768099003	-360.47522720600716	-355.92518119120643	-356.91569920538484	-350.40753926141866	-384.0221132396854	-471.72056352872727	-343.42862262341305	-1004.168811914026	-5747.6863768132025	-9476.308367209165
79000	-420.8664990464092	-412.1349961201696	-405.52739201454773	-393.2843526135184	-383.1524209802599	-361.9529676530304	-350.0905821299749	-340.5915192836931	-336.186970256322	-336.4101578139691	-331.6433887391197	-364.2210037421586	-457.71850930612925	-321.28785194709013	-1021.8756482665932	-5953.401265886615	-9725.21719669551
79000	-448.1754612543743	-439.8254165056713	-432.6897604447218	-420.21780134413916	-411.3478668880416	-389.5333835373953	-378.3866356015202	-368.2676729770729	-363.76559575954593	-363.52433599963206	-361.6002038337561	-400.14034082399974	-505.08891771776314	-350.16721876734033	-1090.9024808163676	-6111.710816056312	-9784.786099768158
79000	-425.52600098289406	-416.4820275659954	-409.47282134830704	-397.1174681208687	-387.15847200955085	-366.1649201699605	-354.0565937175844	-342.49660158933636	-337.83982372383883	-339.9609871479185	-330.307514496173	-351.5571914589921	-424.6741969884615	-325.60282944753993	-944.0367075890443	-5620.746343076556	-9217.365193755582
79000	-419.37230909962966	-410.9120338300077	-403.60661455605015	-392.1002829398386	-382.01721735865726	-360.1980227455443	-349.00362030591003	-339.1395655861176	-335.40709408669	-333.7260340570738	-332.5684555651844	-368.64421445667324	-461.08840917319054	-319.6852626002657	-1008.4077382857479	-5959.123788851271	-9753.644982147362
79000	-428.7827126009915	-420.1369748228512	-412.5112160244842	-400.78894054652335	-390.7193505535002	-369.32539228879983	-357.04089213262137	-347.7197334084221	-344.41140927589703	-343.2787792744857	-339.178230012543	-371.3970783904549	-461.9972605592367	-330.06168916053116	-987.9462274265829	-5877.367673333769	-9633.642356657532
79000	-411.7611681300892	-404.1765909340951	-396.4446153178098	-384.6912943722044	-375.73703963194305	-353.7419808099778	-342.0392644670282	-331.51426876038613	-328.7923941743841	-328.08861961657027	-324.2794656513863	-361.6241351080606	-449.6507214036232	-313.9883765086865	-984.1688595387255	-5900.65984240555	-9760.54923699769
79000	-438.2228255016196	-428.99295030712045	-421.63459665427496	-410.1448252398478	-400.52793176829306	-378.65651250073665	-367.54645093726947	-357.72321347026127	-355.63498941938184	-352.9074215768074	-351.97238483887054	-393.17260392444854	-497.83307233371795	-338.03522143389154	-1092.0151364613664	-6185.635111745129	-9881.389476568318
79000	-444.7025155105099	-436.1891860873094	-428.3543156481656	-417.1961622358772	-407.0781615777413	-385.39597929621505	-374.2987921441891	-363.463275831582	-361.3839727271934	-359.4012793181455	-356.73607814754456	-390.21291313890083	-483.5534530297063	-346.94128987505655	-1071.2318918733536	-5869.0666660368925	-9426.520148476617
79000	-435.43705118038014	-426.82385030512745	-420.2243599172054	-408.1182740211249	-397.87180275224887	-376.860069728486	-365.0151205914275	-354.7383761930528	-351.8707473532766	-350.614219453178	-347.57293643705344	-383.81940454177897	-478.1624424832047	-335.9725249768927	-1057.0702571804302	-6014.478835468984	-9837.23572138468
79000	-429.960546611211	-421.7150307793467	-415.0121037124217	-402.4324413738999	-392.73002944930727	-371.113601312721	-359.5904695271604	-349.013553409233	-345.25497837615796	-344.8495550399261	-341.2180764713922	-375.5542943182317	-462.4156838435101	-330.18831226143794	-1034.8641070104	-5985.8217807281535	-9761.943688718246
79000	-408.32847307151314	-400.2062174666398	-392.7763731738897	-380.1446239496329	-370.525682769819	-349.3504471069443	-337.1582851646956	-325.87882703227916	-320.7291718892555	-323.7378679878534	-313.9524961761289	-335.4700860156455	-411.34131071113603	-308.6378492928803	-916.7703566134928	-5440.717727055231	-9111.148235947669
79000	-417.5929459339297	-409.292577003305	-401.73452703988784	-390.1036436378196	-379.329755145879	-357.9615523966494	-346.22388812733993	-335.59332749517444	-331.8932835283781	-332.1762290271507	-326.88354798084214	-355.60553742531926	-441.47177133914545	-317.615776062777	-985.6060759599711	-5928.909291663611	-9594.452597317406
79000	-457.51082536227807	-448.9026924165881	-442.4792266521277	-430.42772144307594	-420.8531539650418	-399.55829305892763	-387.7955746954693	-378.60128296870323	-374.6477378078427	-373.0993667890254	-371.30167581348456	-410.4383989984761	-514.3043105998639	-358.5093565776561	-1121.0103685729541	-5899.679030542727	-9663.665859954273
79000	-434.8586198189455	-427.22739242667484	-419.0868557151994	-406.81371561619346	-397.5654189013423	-375.197654421075	-364.41215000404657	-353.6781070155144	-350.1825341645977	-350.2255978131113	-345.9367069209216	-379.53155521716695	-468.2842914882495	-335.1968799048114	-1036.3382488821226	-5950.742755883574	-9639.93932593812
79000	-485.0366813924837	-476.5521070640797	-469.44093145131075	-457.7342469041266	-447.67018202575196	-426.3287177460287	-415.2159997496904	-405.93155150140404	-402.00825192544073	-400.6989241912675	-399.3168588709836	-442.13752125217314	-561.5247195906411	-388.6020726115122	-1184.0570004056765	-5997.223858466369	-9721.226471190497
79000	-436.76367762528145	-428.5298892862604	-421.1675928375125	-409.1226919097313	-399.86173417443547	-377.7950623052045	-366.52789947358576	-358.0448825376664	-354.2879615598381	-351.98363752352753	-352.33971708346604	-396.11013139949756	-501.87537206321326	-338.53371157010895	-1090.5748372387632	-6268.952488533734	-10201.4803401552
79000	-424.0352790342453	-416.0822575898792	-409.0822585329285	-396.8364248557764	-386.68244364359333	-365.1853392182757	-353.0259222413475	-343.3398167073093	-339.3721270140569	-339.25824508513324	-335.5608304571101	-368.5493436379222	-458.784789473165	-326.25330111741704	-1001.5841196052445	-6003.087631832619	-9894.156408247065
79000	-461.73263758487343	-452.62825351735154	-445.96078221372176	-433.7691789213517	-424.28429642501965	-402.99520513684064	-391.5224302663925	-381.2290742247589	-378.4305657152042	-377.7693577282423	-372.7116154126792	-409.3015376766443	-508.2894926975108	-362.42812739846556	-1123.0987240450083	-6083.4895089572465	-9696.02470901948
79000	-430.45089812642453	-421.57958160142005	-414.8765078288988	-402.3753510632496	-392.22741497148553	-370.8713427938896	-359.4036245322837	-349.28029692357654	-344.69743881033645	-345.4119992493586	-342.02963255543085	-377.9255682222788	-473.39198701911357	-338.4495787826744	-1071.6457786639628	-6060.775204731348	-9811.898185528935
79000	-453.35770166139815	-444.9902780587089	-437.8712079841735	-426.0188076741522	-415.7784671638715	-394.5087431902151	-382.4822206184485	-371.3832995471555	-366.9920265669848	-368.27022555417824	-359.4371722074732	-384.1331322340811	-465.82720251482397	-353.0710605044634	-1053.6208842902843	-5662.287598767455	-9086.411023412385
79000	-434.3503589784166	-426.1945560110639	-417.9756354336982	-407.0855387519599	-397.1724293853504	-375.26793659299324	-363.74449611205273	-353.3189493486281	-349.26405271482736	-348.8965626526709	-345.5355602302331	-376.9024842469555	-463.7952131263247	-336.6088764969166	-1039.7569279509044	-5735.126732770207	-9516.650839706
79000	-401.2943994714459	-392.3202552934537	-385.0963644699404	-372.7178698210504	-363.085725689451	-341.14066107289244	-328.8933042898701	-318.6784243088862	-313.5773521206769	-315.6456502532409	-306.8150798932863	-329.4239914311547	-405.58041366425704	-300.3863821111331	-918.2172798315733	-5680.133874683891	-9407.27591150737
79000	-515.4461491702359	-507.3074270251567	-501.3710740044675	-489.61567204743176	-478.9373664932881	-457.5805899863635	-446.81881584063854	-437.99792883939654	-435.89968975875826	-431.73103081771745	-433.3960892252089	-482.2658936140235	-601.5597391487146	-417.53939858702387	-1349.4858613412707	-6601.87066232688	-10382.298336423988
79000	-414.37955252329937	-405.7340792581431	-398.77198402453683	-386.37974418494866	-376.7141566669	-355.6415707381408	-343.3432250948795	-332.50637469163865	-328.65013612306444	-329.2776005947884	-323.0950698493776	-352.3056276892887	-437.57858577925987	-314.2460336070318	-945.5467758299726	-5942.3045993358655	-9567.45142012202
79000	-440.4503915774693	-431.7057849304046	-424.8240365284782	-413.0626016985069	-402.7997163448257	-381.60278441796964	-369.7656078275861	-360.0034388088658	-355.9034899144882	-355.62771662339867	-352.2683112222058	-389.97426026124845	-488.2542361842633	-341.6913421365226	-1091.7777191882928	-5987.807606069403	-9848.549090555414
79000	-454.9540868763102	-446.4571504160918	-438.4659487946955	-428.0214753035159	-417.7736238662997	-396.1221071570868	-384.6234600435344	-374.7375896471372	-371.27208318423664	-369.6821279800934	-367.5114865880039	-405.7472267724537	-497.91743513707945	-354.81708376505526	-1145.452803696183	-6239.654533225077	-9997.418362042827
79000	-485.34845778222666	-476.05626248164236	-469.8649608979669	-457.35506511003246	-448.0315000602162	-426.6917400290772	-416.0388736675498	-406.7828481271166	-405.0774258383778	-400.98247414813915	-404.23894826251103	-454.59955914094905	-580.2534893141451	-387.86382207392273	-1257.8881741913867	-6597.707805353258	-10419.58955073519
79000	-440.30903777525225	-431.49918581310516	-424.5261679707391	-412.56505128181175	-402.9608862501981	-381.4180574368437	-370.33219384369005	-361.0244673324639	-358.37053082912473	-355.96180053692143	-355.6844160774238	-401.7789731858408	-521.6227838642286	-346.9499237999142	-1115.2537467188931	-6334.384959952541	-10274.390841291686
79000	-421.083622949306	-412.2628462222741	-405.5073478562811	-393.5865381885319	-383.7488490337297	-361.8551330046051	-350.2798270156588	-340.8510830896705	-337.380442392597	-336.30119472305535	-334.4344993191997	-373.82738403757753	-468.1175891153947	-321.49930145711784	-1036.2269820283868	-6084.318356085278	-9945.387905220074
79000	-467.1200261875055	-458.35843457447356	-450.8086958402478	-439.16121295767425	-429.3235448651751	-407.3895002959285	-396.8047662939355	-388.47678337071585	-385.0191411408719	-382.4577740691819	-383.8215442103342	-432.3701470086675	-547.1885412605495	-367.8632646551175	-1207.2229170944406	-6339.663203576939	-10269.25845789902
79000	-445.8495905999396	-438.15757532933725	-429.9621330138595	-418.0740320187614	-408.5115805691032	-387.124183639272	-375.7793498502627	-366.1754681702182	-362.78654699646097	-361.584395610666	-357.94957053319604	-395.79928887825974	-498.1771543053306	-350.053562693489	-1079.1515898952337	-6044.595963519924	-9844.309683422545
79000	-413.08238254065793	-404.9960495255547	-397.43181068986104	-385.36569959141525	-375.3678909361409	-353.7475607919236	-341.8082977013646	-332.44824784693253	-328.3661912615016	-328.24505175191496	-325.3680374975524	-360.8783780802817	-447.12121488008916	-313.6678291369872	-991.9390092421755	-5921.355114031802	-9866.312239586769
79000	-449.3295727207847	-442.0876425238794	-435.2102640723122	-422.3975804660748	-412.99083065032124	-390.81436064017555	-379.2514674522193	-369.24625321270463	-364.1305231217456	-365.33445621514574	-361.35922942058164	-394.519190356582	-489.3338484450267	-354.3837471683167	-1069.084736911688	-5975.59423600394	-9585.276556074698
79000	-424.3311850769719	-416.3997837300111	-409.0454678455397	-396.63065248780765	-386.8276762014847	-365.0426273061449	-353.56049383806663	-343.902078424334	-340.31956254150055	-339.5953405197151	-336.3956124546294	-373.0483237749064	-463.68204894421143	-324.6046165142022	-1041.6243720849257	-5943.805942583127	-9718.450164016152
79000	-456.257579137877	-447.79682966999763	-440.6559527214766	-428.97105495741084	-419.3251650172259	-397.77215775716337	-386.2914054571075	-377.13350984105165	-374.4415254165071	-372.3215697045244	-371.5473210427675	-412.71717212905617	-517.6112712816251	-357.82271201855576	-1111.8601355158016	-6142.966396250482	-9856.303679899298
79000	-418.62940777122645	-409.6953387909983	-402.8584538940892	-390.11507224647187	-380.4788809033821	-358.83272259357125	-347.3282420361952	-336.38062878666	-331.93429968866565	-332.946401135349	-326.89382093612295	-356.2278015785159	-436.13172785425485	-318.8180847558211	-987.3884883152616	-5798.6485203430475	-9474.337528594704
79000	-404.9289569354518	-396.4553181268314	-389.1762707048602	-376.9586294444233	-367.02056620334383	-345.3099674629447	-333.33179597862585	-323.1499913658655	-318.0434905362816	-319.4414723533713	-311.5062241019399	-335.65492949299676	-419.843044223964	-307.71123249021457	-892.2044969087824	-5590.500683909772	-9251.352045347085
79000	-434.7891757283515	-427.27193899556886	-419.6516795178291	-407.57356096813555	-397.84277713767085	-377.0657655215583	-365.2436281915241	-356.37513707184524	-351.5816677589187	-351.5099510905907	-348.3345577239514	-384.6617454373544	-483.8436917750498	-337.20780122755264	-1012.3676000977691	-6038.872984985385	-9844.424094741924
79000	-441.95823483714383	-433.4461163270152	-426.55293962988327	-414.4418258555162	-405.2432469936662	-383.69747698404694	-371.90378012792183	-361.7832842391957	-358.7740508835371	-356.7900635365824	-356.22841388756814	-395.32272476962004	-496.0854190423045	-344.1677090277106	-1087.1581003811073	-6056.715759615001	-9801.400337120529
79000	-456.79334196683186	-448.6409579681459	-441.18611804704375	-429.0099810204904	-419.2180245845841	-398.8077748621912	-386.78102463832664	-376.11472565967017	-372.90682080850746	-372.9136967922651	-368.7101359117536	-402.51213799197524	-501.1374068078044	-360.95794632399253	-1064.6501830238867	-5927.0819746078	-9588.580905633173
79000	-444.8073536022881	-437.0793983723099	-429.6160259093372	-417.92893512215335	-408.0697882126649	-386.67339333701676	-374.43416070051194	-364.4792418017658	-360.18962667376076	-361.06426498944165	-354.5225696098247	-389.227704347361	-481.4163989455025	-346.3893933552361	-1070.5508575278225	-5830.449283318718	-9456.303387828322
79000	-427.32687028653714	-418.5711018759281	-411.1844181952793	-399.28712588506403	-390.2107844547343	-368.837684748572	-357.639570077641	-345.85948645119197	-342.3050409555055	-342.64268949629735	-336.37550848575097	-366.51146856033154	-458.5213569496903	-328.59663841957143	-1020.9942486921124	-5575.604505790673	-9315.72752540315
79000	-424.5183607054457	-415.4738338397258	-408.65178548146656	-395.67964512354354	-386.55950003767384	-365.19183039924434	-353.31692890284245	-342.88296339947834	-339.23026219591986	-340.1771603578665	-335.2229411988866	-368.3319188541137	-463.3393681086912	-330.98556258693156	-965.1885067440212	-5648.98902102591	-9316.57365763136
79000	-450.57527164988073	-442.8923691164415	-435.05989034129726	-423.01383364039225	-412.7687095334519	-391.39869717218926	-379.89145158937816	-369.8586544044341	-366.3999200501765	-366.75084459553614	-361.9494213860164	-396.39606968176673	-487.73641320509785	-351.66231371496207	-1061.0335587490572	-5910.321689410157	-9504.953863224533
79000	-426.43720396105886	-417.88578272418744	-410.4767475755877	-398.5271784305629	-388.96982507563837	-367.5382687622217	-355.3642340437208	-344.5401309289509	-340.5824413540991	-341.5277829130113	-335.81016196542396	-364.4911518623174	-457.3143876239093	-327.2051536097062	-1001.9274696704631	-5752.428311775825	-9368.483994590348
79000	-434.6093887673307	-425.84821752177845	-419.12603523450383	-406.9301123680102	-396.7051187658441	-375.8945771515363	-363.5478853442308	-352.95626084337084	-348.0887784931019	-349.61309910043803	-342.9615129217472	-370.3953124928499	-449.70418114180166	-334.7454166236525	-1010.6321865562286	-5824.534608531283	-9358.38595230271
79000	-447.40105836518217	-439.39427128689897	-431.64674400899077	-419.99144331240007	-410.7936918028769	-388.57164795653557	-376.9766826576826	-367.4420466735382	-364.19303567292906	-363.57193091650015	-360.4080754171093	-401.49170760718636	-495.84206858162685	-347.42468651233753	-1108.0290112976065	-6040.341091220184	-9889.928344077034
79000	-428.87477233449147	-419.85585734143166	-412.96512138176496	-400.65344999294496	-391.5987029344115	-369.5404369471382	-358.19310266123523	-349.7930513966164	-347.1857535296088	-343.47182073786456	-345.72212805665316	-393.63866207156474	-501.70405398504676	-331.27669820743193	-1051.7633419163235	-6349.408967216745	-10322.022167096133
79000	-451.17393807779445	-442.63104387817964	-435.7526213737461	-423.26877650822973	-413.78682193082045	-392.37731202863716	-381.1297812066611	-370.6686204525503	-367.2760603480168	-367.22826191617634	-363.4556121153249	-399.0777121682743	-492.9291679774546	-351.66753888678574	-1095.728214112333	-6150.364386760841	-9897.167028693613
79000	-425.44263451833285	-417.84800246185904	-409.91482603270043	-397.8619314834435	-388.0880837639236	-366.3805757295089	-354.5901688138297	-344.9342925919807	-340.7528591891221	-341.44435460907613	-335.82747675030436	-370.02237302587014	-465.02345445740497	-329.5779822990665	-956.4893743463477	-5859.880171780744	-9502.496502038934
79000	-465.3128680884729	-457.16457995254837	-450.24811947194195	-438.2559268759255	-428.28339640621004	-406.4253605155231	-395.06845213636063	-385.2352459165095	-382.0295558109338	-380.9655999649347	-378.23049543515344	-417.7900347232552	-517.4853310595431	-365.40794059793774	-1125.010740998026	-6171.560604638244	-9930.826171877348
79000	-401.51631080720495	-393.08557284473227	-385.55287205233316	-374.29785947906873	-363.48483733751493	-342.4969425520513	-330.3369597296642	-319.1602784095211	-314.2865077834175	-315.9875665092501	-308.24563595530884	-332.23705613358464	-409.5138334232565	-301.45103545980186	-891.092559837066	-5709.737989123452	-9196.173046785196
79000	-446.92576171995677	-438.3232438790654	-430.9639281757788	-419.34614446609646	-409.52771887610623	-388.0077522527977	-375.864280224953	-365.6583099381444	-361.1905432943905	-362.5905830993689	-355.0673636216799	-384.67004995913146	-474.64910227897377	-348.4667596092038	-1037.9644880893748	-5637.956822826832	-9189.46940445489
79000	-419.3653699010837	-411.6722563976125	-404.14233556795165	-392.5247061144378	-383.2835555867737	-361.6365838803397	-349.8586126618512	-340.4986856268816	-337.20060614575675	-336.2178377951083	-334.0660397021889	-374.8105224662725	-475.1963786963732	-322.3949427943793	-1019.5989774421037	-5997.600252221402	-9922.508169281256
79000	-404.04160854286306	-395.83231794430594	-388.13880302428464	-376.150832454574	-366.1512131026076	-344.67741941483706	-333.51529979566175	-322.45044605101583	-318.36993477598816	-318.79628990112917	-311.9229661421384	-340.64182953437756	-432.099478529784	-307.86055051678676	-919.7195440333879	-5725.898531420765	-9420.203348946505
79000	-429.88009358212787	-420.9590783450966	-414.19787592953827	-402.0241201525272	-392.00540120545554	-370.4483468321982	-359.14921347392163	-349.28311652978647	-344.6760587908287	-345.6238540904951	-340.50967588252325	-375.47483076959367	-474.63102674695403	-333.11560959721527	-1023.0047180015725	-5765.497106626846	-9487.00120671983
79000	-416.3292225431256	-408.4491345143387	-401.3074277036109	-388.68220886092035	-378.6544547212898	-357.7558500316679	-344.9706073377903	-333.8742818225142	-329.73092238884425	-332.05695614753984	-324.6832610093623	-350.2987911624675	-431.77410530185074	-317.8339271273862	-975.5766030098598	-5786.849226543204	-9520.375170317286
79000	-456.50284391776177	-448.29042944727917	-441.0644760089793	-428.7930935492002	-419.1193143360291	-397.71522277078213	-387.68895069808156	-377.6717288677509	-373.8453726183669	-372.6582646878055	-371.5254183746071	-419.9583495230542	-521.845717034816	-362.5999544933137	-1160.1630696276504	-6260.527212173931	-10008.914591682751
79000	-415.2542067523836	-406.4446397716263	-399.6553059535459	-387.74302491860396	-377.7600468866683	-355.6120560199385	-343.9280979932309	-334.09203937011154	-329.9746289907585	-330.3757487300174	-325.21794922307055	-355.3115138011342	-437.7648228155193	-314.93415138518407	-967.8468271565195	-5851.306540936383	-9515.633044191805
79000	-433.14065190461906	-424.82453814864124	-417.1623989129267	-405.38158366410596	-395.4662586034516	-373.9846868065638	-361.36804818218917	-351.2401744900494	-347.60915089246896	-347.8911907212601	-341.72095976801086	-371.268063661888	-459.7594352641647	-334.0224874799104	-1009.1666138975605	-5995.959063349901	-9620.116006056445
79000	-438.5908948563921	-431.10042346804613	-423.28620655707704	-411.60009300440186	-401.7735599214465	-380.0017719080238	-368.35066224368705	-357.7414450620055	-353.468202008456	-354.05750696137426	-349.21446956212156	-378.2826111826076	-468.20520172347176	-340.08827885791334	-1031.6321454527276	-5795.554087869319	-9283.416297560385
79000	-444.7000024665126	-436.2924356301828	-428.6803787591853	-416.5068047085747	-407.30263311992553	-385.4902726436858	-373.4625737499814	-363.5378663679523	-360.8094410189642	-359.91572681135665	-356.87627766796595	-394.3018262278886	-489.79266734914256	-343.9197102556651	-1086.3840095106912	-6191.710662535357	-9867.898612844574
79000	-433.0460166262542	-424.4902852454882	-419.13686867139876	-406.1063947994686	-395.75311766613396	-374.7497338734147	-362.9548285574683	-353.6833879770399	-350.20924661853707	-349.2006721219416	-347.23827309849656	-386.2148545009162	-485.09458622069127	-335.150013187497	-1068.1387782176248	-5910.476404504502	-9662.482042151789
79000	-443.1118527716083	-434.2731686540118	-427.00704558894853	-415.03207896241804	-405.0957469985349	-383.88589935442735	-372.0344858032045	-363.35202743574524	-359.3043821692762	-357.822234498102	-357.6383834643478	-400.29680460486503	-499.14048481134193	-342.8780981216095	-1128.6270416735558	-6192.197381128337	-10018.026592027985
79000	-418.13844355160734	-409.47664226016565	-401.9089512124695	-390.06913107675734	-379.80204547678073	-358.22157825915133	-346.32906523729764	-336.72813069874945	-333.72710842618073	-332.7078644126558	-329.0082004158323	-364.12465947098707	-454.1346677581579	-318.0956888452028	-1029.242637562328	-6098.794630432669	-9942.529310425256
79000	-448.7396857895417	-441.04201587543065	-433.0155840527829	-421.4941349564317	-410.9961654599027	-390.5534259969771	-378.27696936213584	-368.5927708328342	-363.9037790112823	-364.34765090524235	-359.52397598809944	-391.384296682033	-495.55455350927815	-352.1775345944864	-1015.934192222051	-5678.421082505168	-9355.896805386992
79000	-395.6828398826937	-387.2238609585044	-380.01923546345785	-368.21008971698643	-357.4669462057772	-335.93292553113633	-324.77083527029674	-313.59195319116407	-309.23919475247624	-310.61061982248464	-304.4456406638797	-333.6926017086409	-413.15594176825164	-297.95993001929503	-922.3829386030594	-5780.653220768212	-9546.458820622956
79000	-392.0858636642483	-383.77045950080145	-376.2842687437023	-364.13750156511674	-355.2247396693494	-333.01354179716293	-321.36677036140674	-310.1935374549547	-305.8850805120892	-307.1206706821299	-300.30792687768104	-328.349200772838	-417.0717076000885	-293.58123499021485	-885.6802830901	-5687.403656158928	-9490.1451824017
79000	-465.1565855070882	-455.5067656700279	-448.96122062781075	-437.0808473728272	-427.10507301925026	-405.6916179669307	-394.72971565706115	-384.38185966348993	-379.76047970873935	-380.5370944945638	-375.79299348349923	-412.00072068291325	-510.4772803816359	-367.78460977745266	-1138.2432071106105	-5779.899696551429	-9520.134194483408
79000	-423.1336129736004	-414.0374794991553	-407.4789805644064	-394.90918450253366	-385.8852307270025	-364.12895250282173	-351.89633500198244	-342.10785285946355	-338.38210482276185	-338.42667895388905	-333.45366531943745	-367.2974520113143	-462.37712955495635	-325.50785269100135	-974.2608483311535	-5924.618221706221	-9656.63915956722
79000	-450.6429297609862	-441.7698912467473	-434.9264046487597	-423.1338806133101	-414.0139450072505	-391.40478975520904	-379.90266978741516	-370.8790287960484	-367.5651704527891	-365.86405656655984	-365.01051320499573	-407.79508408952285	-513.3356964404461	-351.2946100972383	-1134.8382682739102	-6101.013076503791	-9974.321976378638
79000	-425.7198816972203	-417.06449890646684	-410.2752490022447	-397.454866393232	-388.1196572900427	-366.60714989263226	-355.02940167435247	-344.01912898317397	-340.5409531571478	-341.6017275869766	-335.3128413787906	-365.736923193998	-458.0128348254212	-326.4731281436886	-1003.7223530475713	-5689.885994897456	-9337.356346418344
79000	-441.9462458555238	-433.0497400001809	-425.9089626424175	-413.8414159843569	-404.20866026639357	-382.914881235466	-370.6872880458994	-361.3552333090692	-356.92027893587954	-356.82428976262275	-353.6993136750165	-388.015827821284	-483.9117480680889	-342.8597710457725	-1078.404639478712	-5948.118586471876	-9695.416378031252
79000	-454.0847109833437	-446.57256758446505	-439.01814964306874	-427.10200753452966	-417.13915168940207	-396.0376891104421	-384.1626255021954	-374.3088031992323	-369.16496581731855	-370.07643302391426	-363.5116910013851	-393.68928130287225	-484.82216313930286	-355.9349227666354	-1073.9184136819563	-5845.21800074338	-9445.427940841824
79000	-399.51853362880905	-391.291156808643	-383.82479505848625	-371.5635313129542	-362.03723270385234	-339.8713779728815	-328.01585242814264	-317.2893042790753	-312.82934839147555	-314.327878211634	-306.7257775162106	-331.08934551965484	-402.28110625356004	-299.1996140003291	-906.2282412506215	-5656.297002417307	-9439.774754026696
79000	-445.20858267831613	-436.51943272815157	-428.8199219947547	-417.27306501493547	-408.0878563154441	-386.19870786642264	-374.63341089184036	-364.3903885088382	-361.2817871831347	-360.59227233013604	-356.2349302490433	-393.27270999982164	-497.63383183776835	-349.1404437116809	-1047.127820754257	-5819.299921699107	-9583.686178276412
79000	-432.49418911157454	-424.1190283762059	-416.82746203243795	-404.5397519934211	-395.4161418625083	-373.82094091757654	-362.3403657367832	-353.1330402472741	-349.90845038458133	-347.81106232806263	-349.0668119993708	-392.394676235299	-496.33211421411744	-334.75627943919557	-1064.0825740032287	-6325.316043256999	-10170.807006041776
79000	-443.05528367724133	-434.67328011716995	-428.0497157427381	-414.98318797410366	-405.65085113569603	-383.8934724123487	-371.3744443547296	-361.64026077847825	-357.42726695738105	-358.5996668483423	-350.04081145890103	-376.1243819354848	-455.7670117686359	-343.453460128574	-992.8967204546208	-5711.097785584848	-9292.842039562873
79000	-472.149837342898	-463.76371305756385	-456.7442725529824	-445.13279350689777	-435.0311036631973	-413.27774211403266	-402.88874808900994	-392.2952135946122	-389.91228617491424	-387.86025594934534	-388.15185182136264	-430.81943566230916	-535.193627692694	-373.7445316651601	-1164.4220564264974	-6383.6688271235635	-10166.678332358386
79000	-422.8077054357723	-414.4895219650444	-407.06218220496083	-395.58379748037464	-385.6028498912849	-363.66639748720866	-352.3263709952986	-341.98306827592234	-339.26780055827044	-338.5518449954404	-335.14522394662157	-367.7375715829428	-458.4336601153405	-326.7952233147131	-976.6466800334789	-5979.3679980034885	-9765.512462038017
79000	-395.9658170723545	-387.7043194634028	-380.4524704376244	-368.3655342247471	-358.5437393284278	-336.77422810369	-325.0174290375893	-314.35502609948077	-311.18938895041816	-310.570674953718	-307.19726969895095	-340.03515928084084	-431.86278767433714	-298.36281515475355	-920.0177264596083	-6060.318277980156	-9912.369592023828
79000	-491.42677180589067	-482.22369989200763	-476.0767078119173	-463.7045474742175	-455.03028431856535	-433.0165359278465	-421.19260938564383	-412.4536094515847	-409.15289041460824	-407.3806574779202	-405.620579375075	-451.5022358516287	-563.722618473248	-392.4561875477981	-1210.070476256088	-6188.85057754352	-9927.85733897081
79000	-418.7452648493197	-410.54598276204314	-403.50785047031667	-391.4665738780782	-381.1865279100775	-360.5229663979707	-347.84717628771585	-337.79605078786733	-334.02802056552906	-333.8581558597463	-328.9873225978456	-359.8542974599507	-452.93168445818833	-320.8124959199243	-972.5257820297593	-5862.868950262793	-9565.116623011983
79000	-454.39467267113196	-446.3247720014518	-439.21195767926446	-427.31245050207224	-416.70274741515885	-396.0666872742604	-384.6085652455033	-376.2497482372809	-373.2069760164719	-370.39946459685814	-370.6686251042249	-416.52877687625505	-535.214792510105	-359.0117197512707	-1109.6434609279665	-6358.4955960911275	-10308.187579996717
79000	-439.347669656836	-431.09536822698556	-423.8086072751426	-411.70093367564095	-401.79630716642396	-379.7703042073649	-368.618027713577	-359.3588686426285	-355.068035446181	-354.60453666532624	-351.3145287081117	-387.1606177468882	-481.6313894098818	-339.12406079830663	-1057.7671956995541	-6039.500895995821	-9784.373248839016
79000	-398.9119263661119	-390.9246121837569	-383.6565363898588	-371.63060465442015	-361.9419220031242	-340.02312854732816	-328.34011988425385	-318.22784731855205	-314.0912382028	-314.4977346196369	-310.8332322061908	-342.9964441832112	-428.546632115042	-300.1977605462764	-943.1926709462209	-5949.369783245933	-9906.723149473077
79000	-449.248010267715	-440.1192299549858	-433.27294778617676	-421.1928083418933	-411.6930195140762	-389.4801305114932	-378.19316410307744	-368.5162707354877	-363.6237343522124	-363.69309007051146	-360.0796997275892	-395.1914368045935	-487.17816004356325	-352.2384092515128	-1089.0794818032707	-6123.681938982109	-9766.160585872034
79000	-419.67394608015735	-411.362284517804	-404.5630190516047	-393.1506874597719	-383.67142931002286	-361.58961162911834	-349.5960372591726	-339.66879982228903	-336.48949576830694	-336.0912376420875	-331.8749475509937	-366.0573032499644	-460.5273518167433	-323.3834559594018	-968.975786396248	-5892.179067581001	-9619.842649505359
79000	-444.4268481709012	-435.19011865499215	-428.470764101297	-416.78954659196324	-406.62361589869414	-385.0664491317718	-373.6775188196018	-363.4649875341802	-361.140978640206	-359.761407383109	-356.96875528766384	-399.3471406226848	-504.7539936070552	-346.6677692306408	-1099.5902739500834	-5893.889769667377	-9771.546409834536
79000	-417.87917367331875	-410.2370193892641	-402.8421757928025	-390.42858590116566	-380.8413157435376	-359.2445945269555	-346.6774636749671	-336.34615595061683	-332.2289609999268	-333.5665208107181	-325.71311995475145	-353.6245162813789	-440.3772785418053	-318.52163691284017	-976.5193941204523	-5722.37736117395	-9349.75167976666
79000	-401.2521318823577	-392.96048650846456	-385.9312884919902	-373.457463419183	-363.73530630041415	-341.9619295261611	-329.82927484694795	-317.7876668246925	-312.5823477821098	-315.8154167937233	-304.6240568352409	-322.47821414390944	-385.6816319615423	-300.55212690908246	-901.268274154071	-5481.158404931228	-9060.994647044063
79000	-463.48439393334223	-455.744782898704	-448.81596250609806	-436.9843803169904	-426.5941668905425	-404.73105488472606	-393.65275120439327	-384.1431188362144	-381.579570611438	-379.84754686664166	-377.5133476981732	-418.8070484840355	-523.6617825308375	-365.57369336486994	-1136.1028566432262	-6075.659876404195	-9799.362942672606
79000	-444.5251578204224	-436.46821340802995	-429.1417653795921	-417.1835711289897	-407.39350493681457	-386.2420561167603	-373.99968150494885	-364.09549741062415	-361.3347425711076	-360.1945978325156	-357.6728396087915	-396.4004731543273	-490.55442195755967	-344.9039872132208	-1125.450938368431	-6133.708787608048	-9877.721534588956
79000	-432.46639713201813	-423.380363017284	-416.04366208088305	-404.33912749263254	-394.3972738189512	-372.8408866556923	-360.75705491726643	-351.2801892536247	-346.78805214579074	-346.6425796972269	-342.4545479818104	-373.75379425119627	-457.3727173611516	-330.88713578226003	-1034.1944170459956	-5990.253104155829	-9630.899291622665
79000	-425.93926777715075	-418.24756152903745	-410.471008297311	-398.020190075643	-388.7327400956561	-367.4537006671431	-355.40313000258004	-345.9699334539774	-341.62171312835227	-340.7413605122363	-338.13114536163283	-374.20817591297043	-472.9319760483045	-327.45014407780496	-1025.7755549114602	-5972.432853235456	-9704.237347186476
79000	-430.38408975844436	-422.3886631546854	-414.93129242376364	-403.4227878708481	-392.70078963461293	-371.62027147182266	-359.739728052107	-350.32289200702485	-346.8872432884306	-345.03568702625233	-343.53821733473995	-381.5976625037398	-482.9471374839491	-332.0284743684107	-1023.2226639028969	-6139.844375301445	-9902.982905442248
79000	-423.41717204717975	-415.2020236466014	-408.3664086682567	-395.6005757852681	-385.83833787988925	-364.1472024144195	-351.65135028320856	-342.23186027478516	-337.8684886164976	-338.14935287342166	-332.86593442141015	-361.89419375852293	-443.97679869759776	-323.0521663064643	-973.2635240107007	-5912.299052847841	-9568.322151169428
79000	-409.65175501605154	-400.81247395500185	-393.51061442048336	-381.1379202048431	-371.79371847552767	-349.88408634751204	-338.14983356366315	-328.4351184725378	-324.79418458548275	-323.52244165106123	-321.83477340431443	-357.40371098843144	-449.2986417529659	-308.9129134078667	-993.4701081199267	-6027.739860792443	-9963.040401112507
79000	-425.1344256436916	-416.81586954970004	-409.12989788061185	-397.44997515050613	-387.69935744649416	-366.27242146855	-353.77208893230073	-345.1436986681883	-341.249867196258	-340.1598104310132	-338.76789610763495	-379.67125256589304	-479.0513040842566	-326.47584122577433	-1005.6955260185031	-6074.267671240859	-9904.93202607935
79000	-449.5653129932568	-441.53761772167877	-433.8642559699717	-422.1587401422265	-412.13308732125654	-390.89612716627363	-378.39015292120575	-368.1477618388997	-363.59494291510384	-365.1288139359457	-358.6725595435804	-384.55952386269706	-474.9186337984783	-351.693164545612	-1032.779233262947	-5623.327819885558	-9274.822369813888
79000	-434.77406687580304	-426.57247623134475	-419.57536370983377	-407.3208437834804	-396.698576816328	-375.93919752706887	-363.83149320770275	-353.2853150426294	-348.1558480132625	-349.86475447004347	-343.95533249283943	-373.3237964427742	-461.4663410349374	-335.55369035515645	-1008.327423907552	-5963.746860023981	-9625.639749938326
79000	-415.1810174197841	-406.8507663929196	-399.74598946884254	-388.1997544394618	-378.45400511978386	-356.6809805720951	-344.43204844332575	-333.7852204915996	-329.6321203229409	-330.95024476128896	-322.1521966211916	-349.6862984492795	-444.127114626998	-318.27046851755534	-920.3798744441866	-5570.138366836213	-9263.035105359586
79000	-434.95129568797	-426.79421245018284	-419.1512855075128	-407.72599505853486	-397.98045388247806	-376.5183632086988	-364.2452191868744	-354.59937662834807	-350.4180791818073	-350.5638385581963	-344.2305912275374	-376.95651090893284	-467.3338836551261	-335.1756435647658	-1044.2678909657725	-5793.343600499349	-9479.66097193217
79000	-455.3319145104413	-447.55456565274415	-440.10764137410166	-429.04575393070945	-418.31670884242976	-397.62505513926624	-387.40932182978287	-376.5939842377338	-373.5913211915344	-372.6217698793362	-371.02138805735746	-414.2086990399594	-536.7783670245173	-367.9414433968698	-1074.1630992953033	-5943.4032986623015	-9709.951454532124
79000	-414.5176862637131	-405.7528195692847	-398.73558965847445	-386.57072339669605	-376.66309006764186	-355.414184208508	-343.41271555129657	-332.0217155924752	-328.80984478463756	-329.5324732324946	-323.91618988754124	-353.31017731433104	-440.31384615065963	-315.8887811588866	-946.5905541546924	-5722.323523564019	-9446.14231723667
79000	-392.9562222651548	-384.58724845635254	-378.0710367162806	-365.69586340083345	-355.47806446859346	-333.4228637482952	-323.3949636110258	-313.22655303547106	-309.6596347462186	-308.79836328857664	-305.2724268122878	-340.1314226215469	-443.1885694285716	-296.7962220024415	-916.4553778967568	-5729.612158551637	-9568.206716653123
79000	-427.7099589037054	-418.8677355867601	-412.2929993486352	-400.2495890001676	-389.5756629283409	-367.87305616519217	-356.1281583130132	-347.03231686950596	-343.8193237838548	-342.7424367210871	-339.6681915090441	-379.17269653320113	-484.670013613634	-329.96000353314014	-1050.6149676582722	-6063.960910237424	-9886.980392570586
79000	-461.80873867562167	-453.7380743208263	-447.0721634937483	-434.80280700475953	-425.9769380635006	-403.8711843338753	-392.219727530365	-383.03095052629493	-380.4380470787387	-378.2943688733917	-378.56102372839797	-425.58889410300964	-538.2171964567741	-363.5714808175139	-1197.2702166759254	-6359.3766326703535	-10255.016527679849
79000	-424.9695156890052	-416.5063072548591	-409.1744248245246	-396.83091841900114	-387.51790662297293	-365.6910022385683	-354.2019137820377	-344.1381465659075	-341.13957196253807	-339.95065827475077	-338.1609008219496	-376.57036060694713	-464.0421637992401	-325.5947830760995	-1019.7058546992907	-6093.4034418463325	-9879.642137666844
79000	-395.06573361442264	-386.0477319445868	-378.7101171784279	-366.4453247706009	-356.8185819342385	-335.5466216872373	-323.08861328549074	-313.54862705158257	-309.0797782530819	-309.4847845299256	-305.47449506427927	-339.21564004791793	-425.10015601470747	-294.3208754574067	-949.2695694539194	-5938.05123876002	-9648.974752025304
79000	-449.036641193921	-440.42009929647315	-432.9225501330132	-420.8350068688594	-411.83516815042196	-390.03007183816703	-378.4762307837422	-369.6701423776768	-366.7214701106294	-363.67221711136943	-364.9737311030082	-408.69119609317005	-529.6851023141695	-351.43832417281004	-1137.0332163352969	-6267.00156222797	-10134.45436508135
79000	-455.7778122103099	-446.11607645791287	-439.2226091821245	-427.9565150162804	-417.6539618617404	-396.459370151202	-385.1190931491959	-376.2012703452676	-373.279586353303	-370.7179744316228	-368.8239563821782	-409.6635228812148	-520.1196188544471	-357.93014073128893	-1106.8590274125993	-5906.837437160278	-9664.619590765647
79000	-435.7961329985719	-426.6951356259322	-419.4871735360271	-407.4906718910338	-397.84346941734384	-376.3421163711621	-364.47331972189585	-355.6303433541049	-351.8991872965511	-350.821677520882	-347.71950782119416	-384.23621057007523	-481.74080086814416	-336.0271360079332	-1057.2578724081307	-5865.921977445743	-9663.620105502927
79000	-405.90402809552296	-396.96395418608813	-389.83202596345023	-378.01772859599816	-368.3647632713854	-346.6305572665491	-335.2469263774239	-325.20995670153894	-321.8045443445555	-320.71693652740925	-318.15110891368204	-350.59373568784883	-437.7312119999496	-309.5078894678799	-952.6361966130993	-5969.883831913262	-9747.548141852392
79000	-406.4420858024966	-398.8940845335503	-390.7947524078929	-379.2886493382041	-369.5796495514233	-347.7532634882503	-336.49532072283034	-325.59587951632994	-322.19059402567297	-321.79909457925805	-316.66128100689264	-347.9238038636932	-430.9414278412774	-307.1520559760351	-945.9222446726621	-5812.184073217593	-9545.271081082008
79000	-441.765458744341	-432.5717961728286	-425.2653179538741	-414.68394660037495	-404.7636534290011	-382.4259572266146	-371.16700151999174	-361.1821981404286	-359.01964623115856	-357.2766975939626	-355.78425124897274	-398.75382376692534	-510.1190910369557	-343.0446278175962	-1108.0558618433288	-6161.409715028995	-10055.90086493164
79000	-433.3981074637515	-425.2631556859354	-418.1249238430742	-405.3371159848807	-396.2088182224036	-374.19294099266483	-362.09347370110174	-352.5175112705831	-348.2801049551256	-347.9247539069529	-344.1019100586552	-379.6936666544878	-473.1859985176406	-334.1378096445133	-1034.337645747217	-6061.667339144809	-9743.512792181322
79000	-412.60848785507716	-404.05365226202764	-397.5679257919116	-384.96609125017767	-375.6330617682918	-353.8647918032816	-342.2591343763102	-331.55327731185446	-327.4903189995711	-328.03644289913865	-322.1018550002999	-353.21466675786223	-449.72472420806844	-314.6645170346114	-979.1367845515459	-5856.736302527425	-9542.465920244684
79000	-461.4145244259004	-453.2536311839401	-446.59016812039164	-434.29602239555913	-425.34053860180705	-403.08208353062753	-391.8883385533811	-383.0672875882094	-379.88027519220725	-376.8930157044205	-377.8636540272097	-423.636828839865	-534.9875833984376	-366.40463525109516	-1158.8711689276977	-6212.031043746112	-10083.614271146864
79000	-394.70173499370645	-386.7545897234171	-379.9959452680126	-367.0656191490051	-357.74206762016223	-335.8519490541839	-324.0496479236022	-313.3594125916657	-308.8818833860942	-310.0853058706125	-304.3231339841936	-333.0958638133332	-420.4451391103008	-295.7786970175057	-896.3238477709763	-5780.671775437982	-9632.342905475005
79000	-414.027074022916	-405.70758292770904	-398.9720481693452	-386.7450110037389	-376.3106491799369	-354.8918726451043	-343.2103883739528	-333.02173460399587	-329.03179898896616	-329.4325896692499	-324.3107731375984	-356.4350682820399	-448.21621898966157	-317.00019063458586	-962.5878226882832	-5714.419202270986	-9485.680019208301
79000	-434.21133567434555	-425.54139154497	-418.88941230728307	-407.66529953359964	-396.90454272712975	-375.26767222363253	-363.7320655242254	-352.31825377075495	-347.821653502156	-349.9801744876774	-342.3950274988558	-371.1211096509302	-453.8146833372762	-334.4847744846787	-1013.2313619367236	-5714.954136338168	-9351.956094974401
79000	-429.66378277871235	-421.2957402378345	-414.2727946129842	-402.37478264430626	-392.9747752168804	-370.73329163499665	-359.37859457783355	-349.3422719772753	-345.4796146319254	-344.6976260680369	-340.99642076472304	-373.5913173594003	-467.1149911902062	-330.31943296986844	-1026.5707767482313	-6052.388945060613	-9814.059666876388
79000	-456.97023406735354	-449.3392864984955	-442.44065797451316	-429.9380095884196	-419.21702444978007	-398.491453997563	-387.1640937216096	-377.0223890589484	-372.93509767888503	-374.0416190588204	-367.3235443580641	-396.932999268668	-492.0943885755931	-362.13015223764387	-1054.1440390244811	-5689.755147995991	-9252.599186294863
79000	-441.654950873257	-432.76094626162535	-425.9757452492075	-413.9272431873444	-404.74419861736914	-382.63985310910834	-371.3014246335486	-360.4001526285303	-357.19328081957934	-357.3946508311008	-351.7599500933588	-384.7337254188418	-475.49894438216256	-343.28327047976074	-1040.7942508027252	-6038.450205489229	-9641.383858939194
79000	-437.3609899244832	-429.27301904997574	-421.7871320027162	-409.30222147231973	-400.2652755734521	-377.96108164798494	-366.9018246955765	-356.96054198353045	-352.19627336126047	-352.10800398136024	-348.3571439254963	-381.71194749679677	-474.2015682795533	-338.5946747495314	-1061.3392817792123	-5961.055050989347	-9703.082373280795
79000	-425.4245855873707	-417.3298118493603	-410.12584723555614	-398.26353604754195	-389.13125903803524	-367.7598836631628	-355.75138796916315	-344.9203045743832	-341.6744632006078	-341.6941819212131	-335.9957037603218	-367.28108511341895	-463.43317490978933	-329.3521122136736	-1009.0733600644168	-5761.98768341626	-9478.922521668184
79000	-488.4929852129067	-480.5757614310032	-472.80362799970027	-460.575062646063	-451.75258420349934	-430.15102903734953	-419.27240254991585	-409.5960666993004	-407.28658075006274	-404.7295931932568	-406.3123672329253	-455.8749032768318	-575.4460314422481	-394.209767371284	-1205.1545609859056	-6173.555792767867	-9957.18064091038
79000	-461.0992717786023	-452.43117078882517	-446.54207720269045	-433.871402627003	-423.6354773268527	-402.33651786776784	-391.07831581176185	-381.71030557935086	-378.33147703836624	-376.9967804825966	-375.0661130865481	-416.4009090232348	-519.5893214357425	-364.07794230265455	-1139.7411386481012	-5989.456969672964	-9692.14909976553
79000	-451.8235993185487	-442.93385907144693	-436.1010192492333	-423.79907439736655	-414.02552443633886	-392.79048202638216	-381.5017916657257	-370.4862250649062	-365.96619750850505	-366.60611183655277	-361.0986783279057	-394.677888303757	-486.1133124521439	-351.94152418200997	-1083.8815061440714	-5812.346749054341	-9432.692615177395
79000	-447.1150404871447	-439.1496287391033	-432.17162380634494	-420.0594992540083	-409.91026399877893	-389.44105772263475	-377.9118997995525	-366.6864814518123	-362.42498131368546	-362.9622945990634	-357.7563001851302	-389.57103294729467	-495.36018627778395	-351.7064904413981	-1034.4731898545606	-5847.100735850655	-9533.807267620416
79000	-417.69191066386725	-409.3658945040729	-401.7623345559277	-389.7167844842045	-379.97295490269994	-358.31216094041827	-346.08041656357756	-335.664069388764	-330.87004304821534	-332.8091434340286	-325.07204008301613	-351.26577069746526	-430.1038967612617	-318.5780054611074	-946.0975044570868	-5803.338503445914	-9476.697122042317
79000	-434.7700119053129	-426.2417851262204	-419.67193114741434	-407.7789102324017	-397.7487514056125	-375.9789439142351	-363.7815364434519	-353.57079700413965	-349.5135487612803	-350.1253946810055	-345.0900640430515	-374.35904696972267	-460.7294928469515	-335.6480176983217	-998.1065715190833	-5800.531434830883	-9553.070212962995
79000	-434.0311717938776	-425.3497730915686	-418.3775900811515	-405.89057262840754	-396.72019108453264	-375.0455217567596	-363.9204033511945	-354.2929724808104	-351.7855880680471	-349.3560773239827	-349.24927206527667	-395.317625765007	-497.5935480101442	-334.62565753557135	-1098.2799202073936	-6507.253936451124	-10310.327629318912
79000	-428.0387577431102	-419.7270708544922	-412.4531720171702	-400.6801527538047	-390.98230418255184	-369.1022111577829	-357.6490224773579	-347.5090332198481	-344.52752303642484	-343.41343806886135	-342.2000840633845	-380.0812564076206	-471.2034076526875	-327.5502376939916	-1066.538174992028	-6295.939069296102	-10241.185806772382
79000	-431.26965405437267	-423.9558306786895	-416.2512595109211	-405.1062758596855	-394.8554080191482	-372.8159761995632	-361.2392922738474	-350.94536734606896	-346.0905094845131	-346.68393727580354	-340.245262240046	-367.4774366590119	-450.9430866356971	-334.13736834949356	-983.4545031278913	-5796.661054700867	-9538.958185193313
79000	-432.1975132427072	-424.51978641427525	-416.9041076287297	-404.93132742128967	-395.4281876296254	-373.7982660289353	-361.4926217889188	-352.0828756723861	-349.2936452282803	-348.29704587087286	-343.11683347963265	-376.3247593269615	-487.9736993038403	-337.90921971066706	-1022.2205837095911	-5745.649620096683	-9434.685234397488
79000	-410.4880506152547	-401.76257110105627	-394.30136487742715	-381.54152019598087	-371.9836431979118	-350.3434917179991	-338.4776427976868	-326.87021784424707	-322.1931413848686	-325.3460571322258	-315.5626437782227	-337.0452494227817	-409.8871379047036	-310.3179767016386	-934.2267906260978	-5541.960300707944	-9148.728495499956
79000	-410.7481359758171	-402.6213133342772	-394.87437599160324	-382.9409333005573	-373.11456891044554	-351.55551362607105	-338.7948375316644	-327.9029705059671	-323.403041786474	-325.8586671919141	-316.9077584313691	-339.7526428944783	-418.9311466979689	-310.5831288779666	-938.4226755948773	-5564.177917668772	-9261.954618382473
79000	-449.2320126309651	-440.64139220398556	-433.66048949420525	-421.235898099334	-411.9015265084805	-390.1386630128307	-378.48680722868085	-368.379156919531	-365.2272522445862	-364.5327779882449	-362.08655342615015	-399.2725812497385	-502.5884190719571	-352.11431024552695	-1115.0027839498052	-5880.937015355633	-9655.625450117452
79000	-389.43900030499344	-381.265910427974	-373.9090150312863	-361.2914964874557	-351.81149212119703	-329.8819051495293	-317.6635835917192	-306.59774337515825	-301.93108313093245	-304.4922038805031	-296.04730513429735	-317.72887105437667	-392.0388877789994	-291.15392503752264	-884.9471330276064	-5756.721730363496	-9501.563215836664
79000	-460.95990592057404	-452.9625280165779	-445.81494761374876	-433.0027110588468	-424.12620856379857	-402.90681034999466	-391.40321024907513	-380.8708520639034	-377.46090980162626	-376.9002418789109	-373.49998614238984	-412.0686316495349	-513.3697278215035	-361.42675242886617	-1135.9332247415093	-6044.058590624347	-9707.975882592156
79000	-438.00987881431814	-428.44803334466945	-421.0350735198887	-409.08021956507093	-399.84094124981135	-378.56580658428106	-366.29588113766243	-356.41601921864645	-353.62334586186716	-353.25624960358755	-349.78267459779596	-389.32826555989504	-488.59237615115023	-342.3598454325805	-1017.584341165967	-5803.1515269094825	-9635.281790866784
79000	-406.03267503425036	-397.733881437298	-390.789088899502	-378.6200788217011	-368.9143590354912	-347.51936136474546	-334.995067608623	-325.53955258502486	-321.4294858796917	-320.9273984638937	-315.7977116823152	-347.50469093051686	-431.9012062258906	-306.89069632688927	-964.8606426070373	-5793.828792036027	-9650.207056616
79000	-434.94079813332206	-426.6745811961323	-419.4034432248937	-406.6364213175442	-397.31728005543573	-375.6714811074398	-365.2638808728977	-355.09918947490024	-351.305183961673	-350.6331281134698	-349.3863774542444	-392.81855717448894	-502.0217040791781	-335.7709043865089	-1097.5164530017755	-6182.887577863701	-10062.748976547855
79000	-408.9464534173882	-400.74152312700886	-393.31341301262506	-381.1405041201242	-371.0362628018544	-349.4331691058886	-337.94780553574464	-326.7615323525419	-322.0068598245085	-323.6417849972602	-315.6305123607639	-341.31184291687043	-415.64649129532853	-308.79642389983456	-938.341195108158	-5744.224240599461	-9458.424842953393
79000	-489.691843286288	-481.2408742415865	-474.4356840671964	-462.45674962822466	-452.952086789382	-431.55521048041874	-419.4895845479383	-410.2619392089882	-407.7153466756536	-405.63176885113353	-405.37377279113116	-451.2022840381951	-558.1266390944909	-391.3440736280293	-1260.2953898660685	-6336.10408110668	-10018.985922184082
79000	-410.27718815584655	-402.37297600940184	-394.82156188089976	-382.59831640272955	-372.8859457066392	-351.1750013168363	-338.46280457587494	-328.7370663229481	-323.51583022435335	-325.2385162084778	-316.4861244674123	-338.9870544230159	-410.26072678022337	-313.92315322453936	-924.8686436188253	-5456.625442531567	-9080.27531910953
79000	-432.2135806433722	-424.02214954566256	-416.24747342344784	-404.6319124908599	-394.760746452457	-372.8772670372946	-361.5434822312334	-350.45477369847396	-346.9586069563718	-347.69825840340303	-344.0002815108878	-378.50395772636546	-473.34373016704774	-333.00978434550063	-1055.377087739122	-6028.736023270872	-9666.989799553912
79000	-421.50589313015473	-413.2527944787362	-405.95623743251764	-394.5253690969099	-384.9324991348375	-363.1902773700103	-350.7068197076318	-340.55783592492213	-335.9466859149896	-337.19323775816133	-330.6900488873867	-359.3301250037764	-446.15060859531695	-323.15111555921595	-975.7350662504623	-5596.909096172125	-9377.079385551315
79000	-441.7379604958266	-432.80603412858574	-426.7225262967334	-414.5358886180577	-404.2060548711683	-383.3164487295929	-371.126277293825	-361.5754510039963	-359.01933785137834	-356.91419406717773	-354.25637625520403	-392.3368511695759	-492.3238119119741	-343.8820076924304	-1072.6085392978976	-6123.013471789093	-9960.294902873335
79000	-401.378637586404	-392.6748862998115	-385.3703820561404	-373.3415707290991	-362.96020976832625	-341.84719508141416	-329.64875067119823	-317.54996082059677	-312.7353138960931	-315.6120299209742	-305.62348695488834	-324.1565752361305	-390.91241100893205	-301.0895568926132	-885.365437240822	-5481.99751861055	-9065.622682842508
79000	-438.4803789634575	-430.4095843489272	-423.2167420233199	-410.51500998103563	-400.8698794680161	-379.7881176188708	-368.3963236713272	-358.4897457761932	-354.562408851657	-353.8304454167174	-350.5457878789408	-383.61999285144134	-475.15744368272374	-338.6658587472807	-1063.2884018690663	-5878.175131671077	-9702.094241193094
79000	-440.4264532501137	-431.5513669082571	-424.7339494642271	-412.98719039996536	-402.86115478869493	-381.2158752032568	-369.74650138144625	-359.7250647914644	-356.18466477166186	-355.5212880354324	-354.2009558251192	-389.88431228051496	-490.21111296894526	-342.06516158917543	-1050.7522509331905	-5990.02518813921	-9816.648399108399
79000	-402.83374046156905	-394.3249454247208	-387.2150901034898	-374.7625261640178	-365.4140153782218	-343.89764925010724	-332.1707751837139	-321.62359900994227	-317.7058004007643	-317.8567269062334	-313.47263524393173	-345.90898493436515	-435.09371514998907	-304.8247748544533	-953.4180618614379	-5904.625133301315	-9610.35718233313
79000	-454.98062725284325	-447.27016448791375	-439.78291086642486	-427.6422737293167	-418.3493841301294	-396.17162007822276	-384.5162530134329	-375.1412660065672	-370.95407072162686	-370.4010489939201	-366.5728912918914	-401.2334831300003	-496.42611701224445	-356.4442231097243	-1107.8784729400677	-5941.148386576504	-9593.54384316817
79000	-494.9097914638352	-487.27533432180127	-480.4876781987213	-468.90210650255585	-459.07711267288346	-437.68946240374004	-426.4158441514393	-416.7389772548921	-415.80340390658466	-411.7138068931484	-413.8425222954695	-465.68592665758115	-590.6631519800449	-396.66358334708104	-1295.6615276485518	-6491.401449553193	-10251.481907133391
79000	-429.15406821409175	-420.2974832149416	-413.56747201917364	-402.02231211284436	-391.7907032610391	-369.7993129999035	-358.4583590036281	-348.8262967859829	-344.6948010817937	-343.97867103437864	-341.5671266618167	-378.9075503891423	-479.57315551138225	-330.83829717955564	-1035.3495110544293	-6177.266953594793	-9956.283069968296
79000	-427.15470613566634	-419.0113368322155	-411.77605081350265	-399.3994645002365	-389.88976317522986	-367.6433891259544	-356.4281930179105	-346.18245476560224	-341.6530813162822	-342.4562817706267	-338.0766885990529	-373.0303161455201	-458.5530588749478	-328.20027575418936	-1022.2541952309422	-6021.57670391328	-9836.154580908233
79000	-415.6002206728703	-406.65742884901204	-399.74257030199004	-387.5162735240431	-377.92138599040925	-356.77715629349717	-344.3772784785175	-334.5851517471154	-330.9382048098598	-330.88026837619316	-326.4365311263781	-360.07597654584737	-460.8383423180852	-317.23981614006016	-978.6909379816627	-5887.3632541875395	-9708.225413346736
79000	-429.836665875868	-421.4704251505761	-413.7002110234575	-402.37020300871416	-392.1606552295831	-370.63304868592934	-358.9132082920808	-349.39873100148515	-346.3548125298859	-345.20908076210884	-341.4642858009483	-380.82502496788203	-478.90166440193343	-332.1471213181592	-1037.5205490340159	-6053.146153474979	-9784.91293299313
79000	-460.6423553413534	-452.58838214340807	-445.3981010065898	-432.9055412474794	-423.1002380438413	-402.3484134117708	-389.46382985392967	-378.97540406841455	-373.85985813475696	-376.2371182164737	-366.8669047151908	-392.74309048397174	-492.15478676484634	-363.87191234987864	-1047.857443371236	-5554.077043345356	-8940.638947805477
79000	-461.7594987437452	-454.5016711495115	-447.9513767095721	-435.3553525300089	-425.89101937991404	-404.11768042754363	-392.55948579096616	-383.4932612951231	-381.06306954779467	-378.2531485627588	-380.15928310789826	-427.5717612577507	-534.8791985650921	-363.1001774622547	-1174.4086921505057	-6518.762259104701	-10360.977293284406
79000	-455.3809892539051	-447.03978959055854	-440.01617307190696	-427.77707711837775	-418.5417286132564	-396.4610599757314	-385.66374638736954	-375.93877368028257	-372.5096661786271	-370.72309594664284	-370.12370311983926	-412.0938946113081	-525.3781599799669	-358.554640616026	-1171.9264929807957	-6065.494222484077	-9840.311500374957
79000	-414.9781765538339	-406.45179118119603	-399.75432602910536	-387.4717967719105	-377.37006121327164	-356.08637608854974	-344.0422018493373	-335.02821570846913	-331.0888813089903	-329.7890324017795	-329.13115590144946	-367.269932181768	-465.70898480275685	-315.78457505248844	-1037.1611117761515	-6334.111690444561	-10222.746314733751
79000	-458.7414596569665	-450.80814142083324	-443.74850919053205	-431.7688889688179	-421.68656420570915	-399.608030244301	-388.6279625376655	-378.1214129758613	-374.7246085222136	-374.176156455732	-370.7588827836334	-407.54123581340133	-503.780711166999	-359.16684992185253	-1124.2830458253356	-6176.937915558499	-9892.634419597074
79000	-436.74798920766193	-427.8161411760398	-420.9134896886961	-409.18000774244547	-399.1890392796015	-377.7214097670239	-366.01219030068614	-354.48481004917124	-349.2458420508196	-351.86954918422157	-342.46622925406837	-365.09445809521037	-451.6814191076727	-338.0218347897917	-975.3020007685661	-5459.560645615776	-8981.475977763304
79000	-458.7501590723268	-450.4445729646172	-442.8454180333047	-430.7601032386259	-421.55453517661124	-399.905767187742	-388.668154844337	-379.7034974515419	-376.3280263802133	-373.9621748254521	-374.548938262852	-419.2224489033516	-541.0346178127551	-362.5498155490109	-1169.2759163339088	-6320.312732017598	-10122.958493445398
79000	-408.66588746520296	-399.8670034310622	-392.8278141069149	-380.7216322343754	-370.74639817409394	-349.10040833352895	-336.88520284192305	-327.27368335101676	-323.85993569642375	-322.8300576794568	-319.24572575934445	-352.14556870437207	-435.329266736914	-309.2285798868355	-976.6328513380104	-6059.9673256914475	-9930.846841262979
79000	-439.40961010616445	-430.3739604708929	-423.2193329576706	-411.9986420268117	-401.8736990308553	-379.86677322455324	-368.2971191540225	-358.2268979301535	-353.93164019803146	-354.5481031232314	-349.8186401276586	-383.77167421041025	-471.8574997768149	-338.96406922828714	-1059.3086336199417	-6073.103325904525	-9786.060608243255
79000	-404.44662393257215	-396.17318885937414	-388.98816756711693	-376.3696806352734	-367.0085266680129	-344.96217617687427	-333.66973936331783	-322.8835924702148	-319.4847318378071	-320.28860610176207	-314.2141972661191	-345.4269764181189	-426.42980221584156	-306.32039624358976	-904.496797133466	-5733.681006002865	-9490.233905481193
79000	-445.0354387345427	-437.555102444368	-430.44706213006003	-418.1120056387332	-408.5471187140483	-386.57313764012036	-374.95585551364434	-365.3775051338673	-362.21999893604203	-361.49743183718397	-358.3782329888636	-393.8181640365443	-504.80262011732015	-349.3268874800002	-1042.4224875342288	-5937.597608031684	-9731.9189078356
79000	-481.342349812667	-473.1259942729024	-465.6194548387463	-454.0031573124119	-444.28256357876495	-423.05505234525367	-411.4415372173865	-402.3054934428574	-399.8672925576652	-397.5808706435463	-396.3197687600378	-438.4952899212088	-548.2417731716533	-381.91203417190457	-1188.8132948233922	-6244.013133414187	-9954.88361039582
79000	-417.38490777840957	-410.03164807528344	-402.3696119994053	-390.2226699537556	-380.6687511061171	-358.6425050172728	-347.03163416745315	-336.2615953080765	-332.4857006111919	-333.70872093069147	-327.06060208091054	-355.5728665208372	-447.01167704717807	-321.0986803228405	-979.7845494473294	-5835.506523227552	-9487.287818099232
79000	-424.77285473445784	-416.51742648667886	-409.45104681046	-397.09828860564664	-388.20598579112396	-365.3076555670529	-354.3860456761344	-344.4567443373733	-340.1342144427012	-340.32128843403854	-336.87474430518415	-369.67585407798174	-471.27987956674536	-326.4188077105592	-988.1788860686676	-5976.574896290847	-9684.632340968354
79000	-445.36164596966137	-436.96167931292894	-430.22225941211667	-418.0354465112558	-408.1114436667902	-386.6510563882385	-375.5328112925051	-366.5344842538821	-363.6179492643605	-361.21347104006543	-361.3663650599568	-406.9376904677418	-512.6436832055185	-346.5230525651708	-1135.9749401667682	-6070.787929362795	-9980.702838872621
79000	-426.8382436819661	-418.95610724896966	-411.4628181954402	-399.94862275853836	-389.77267948613945	-368.0631189002055	-356.1624987633153	-346.633262300838	-343.7643078835654	-342.445351785108	-339.4492763352524	-377.29570594017594	-467.54160434648105	-327.33376047123284	-1048.3016920470784	-6119.846795530401	-9803.737962946718
79000	-445.8113043915663	-437.10601902893217	-430.2797771827805	-418.21416274281114	-407.8524605113171	-386.8819916002841	-376.4306700937148	-364.8839166727054	-362.20557230377733	-361.56307113840097	-356.278903677622	-390.9322842498976	-489.3193125803187	-350.0288033496947	-1056.7797707839181	-5898.430604676791	-9531.573822363056
79000	-459.2701623614486	-451.7925873126959	-444.41186301357317	-431.57383033260896	-422.0634490685549	-400.61883257844937	-389.0752242036358	-378.6555987729584	-374.985402474073	-374.77378440226204	-372.08745717072435	-406.73526180448124	-498.07596190003215	-359.4440596076163	-1156.1198933816113	-6102.9171539144345	-9784.809599166194
79000	-458.39512262750253	-450.528401499096	-443.33762354780384	-430.9491485047082	-422.1618271810323	-399.4550462556308	-388.86550886227025	-378.8102497753319	-377.09978617130537	-374.203209093781	-374.13881793472746	-418.827010692189	-527.7113138387544	-358.2573757682271	-1187.5494330859176	-6219.0443116125925	-10101.362195251359
79000	-418.6872791606559	-410.44734471654357	-402.4425226336717	-391.2551338000975	-382.2243076291426	-359.9244872067536	-348.3077526883915	-337.2950296738569	-333.09423194300103	-334.10675908869507	-327.31391594843836	-356.0876178080536	-448.7509127713426	-321.36746386739253	-955.7886449824819	-5758.964799313901	-9411.658328273114
79000	-412.70875782226534	-404.4705098655364	-397.190308648143	-384.9866880156127	-374.8048576372009	-353.9423259334674	-341.77810773893333	-330.2684870283411	-325.6602784518465	-327.983071431012	-319.1593516606127	-344.52805793141084	-428.2196375540522	-315.58530173776023	-926.2223939401422	-5470.682097976032	-9082.106707448353
79000	-480.08916442546894	-472.0648599383302	-463.9926547692957	-451.99079366626245	-443.3627807990852	-421.17755378321607	-410.7614866401807	-400.963778688262	-398.5729862963506	-395.82396854257496	-396.4374498857196	-442.98391500585586	-556.4661727787269	-381.7893947686836	-1210.0232270569693	-6290.79878744656	-10001.950856360583
79000	-438.1923619771797	-428.93045905709135	-422.2841028537824	-411.1660026427943	-400.7084211821368	-379.1357755398323	-367.3175001258509	-358.3114792728333	-355.07676376964145	-353.4063577989392	-353.42559021765715	-397.9908339684357	-494.9374749734703	-338.8285655092374	-1104.0103753891337	-6365.655814153508	-10216.410751036095
79000	-435.684332825034	-427.068511072096	-420.05913198573677	-408.47862553736854	-398.65130678652264	-376.1094575418835	-365.34703039927564	-354.2219085193966	-350.7892335129109	-351.0551675501906	-345.52032230951073	-378.1263570200273	-472.4339055110284	-336.6147588356663	-1067.9472250840606	-5829.514968599201	-9444.395109664973
79000	-433.0776201088877	-424.8512717100613	-417.8403167792205	-406.25016670563184	-395.31611573697836	-374.43506058367774	-363.271578279302	-352.23132678438384	-348.9179528630811	-348.27287469469906	-345.655833087192	-378.9351230291767	-472.65506541671675	-334.91371697597873	-1059.6370159163648	-5826.044031952772	-9590.398344734216
79000	-477.6569320670832	-468.1782663003325	-461.7510269419167	-449.2873377190965	-440.0691726819946	-419.3393108287713	-408.7196716310536	-399.2972635084853	-395.9909249665568	-393.25475765607905	-394.09787870073563	-445.0170454030678	-574.6702117680998	-383.4585458023907	-1206.7157880780733	-6247.700171996787	-10043.57943740951
79000	-442.71340908135113	-434.0841829366207	-427.0673584696755	-414.8479692820032	-404.9702684856337	-383.78270978303334	-371.99149745938115	-361.95022929749115	-359.17045404715947	-358.1287403694999	-354.0679088100575	-387.2456641620258	-481.7766017907275	-345.5881915141203	-1018.4173726846989	-5728.767272754111	-9439.313059373877
79000	-403.5564639236148	-394.5251056207886	-387.4203924132203	-375.7443208244806	-365.90466640171616	-344.83803855461434	-332.29593624652625	-321.70975730793157	-316.99444698780604	-318.91821877570123	-310.9264334968655	-335.8750561830925	-415.5265723343223	-303.1152649722262	-935.5006188611555	-5501.827537436484	-9139.74725718
79000	-382.7539080776711	-375.21917867233776	-367.437674446799	-354.8579645530873	-344.80230116614734	-323.95103740559796	-311.04040787512514	-300.12908609792186	-295.152451147339	-297.22045185734027	-288.9165647842463	-309.7393735708489	-376.73228977391517	-282.40345613498937	-852.593583177562	-5740.867003124399	-9412.885330319014
79000	-445.8212337664376	-438.1003182607186	-429.90972923905196	-418.1879381105143	-408.3500418160621	-387.4666725254528	-375.22433577316974	-364.8650756958252	-360.49618492607146	-361.5030513610507	-355.2201407003657	-384.8064445977971	-477.46532556921153	-348.88822069471286	-1034.4265721669267	-5767.903492250985	-9401.030793671287
79000	-418.0919793234687	-409.8258343521057	-402.66897685927546	-389.99179865872793	-380.50877118075294	-359.06548355691126	-347.0333686596371	-336.15287725420046	-331.3244368593688	-333.1515477847347	-324.78839443619415	-349.09892040318437	-440.15652502825986	-320.34925231814856	-941.6410773196436	-5586.489871476003	-9141.246127160486
79000	-431.5560319386222	-423.47620915030967	-416.2953656113985	-404.26541984873097	-394.32772761520704	-373.2948023631716	-361.4995609669869	-351.4456791476231	-347.5112152433801	-347.4578540139037	-343.2853104977955	-376.41459051549543	-480.9843548260846	-334.0059654316827	-1009.8064834349153	-6010.7056164457135	-9814.127963829065
79000	-398.2076125228974	-388.91640551550023	-381.4418429160551	-368.71011100557246	-359.16504249339613	-338.5020883314305	-325.9973410226676	-315.3658367254795	-311.3643044612999	-312.09399079914255	-304.8431770208876	-332.1415063936419	-410.86534145351504	-298.98205611312386	-906.6429599323136	-5760.387395767202	-9450.047668423062
79000	-449.24453202126915	-440.29697945455206	-433.0596843216451	-421.6809972185391	-411.18271624008815	-389.93510823697994	-378.7248755862305	-369.3405896916399	-366.53840790925466	-363.59328297637796	-365.4058685049506	-409.5300726621651	-508.31980754371045	-348.6639587121778	-1140.207799856216	-6527.24822336811	-10458.542825853387
79000	-430.0138625120506	-421.8468613868982	-414.2945838400171	-402.6301737535447	-392.6467710544505	-371.49479321382614	-359.975831071443	-349.1569221737963	-345.01062317976834	-345.47648250944434	-340.3151600035328	-370.99030725942265	-454.40023091706325	-330.8608183134449	-1016.1112145891274	-5821.38416711076	-9457.659064020625
79000	-425.4364619871727	-416.3770829176961	-409.22634613951965	-397.0119685069643	-387.68274316810874	-366.77355959170796	-354.5383592896032	-345.03500044051486	-342.60664039875144	-340.8488767772467	-339.28830680684973	-379.1680408588064	-487.26820474265094	-330.71235985615465	-1010.552029459568	-6140.826678421631	-9963.93732636678
79000	-478.1769896533322	-469.2647048354357	-462.3669298278416	-450.20008160598854	-440.45218236990763	-419.19271034825334	-407.3565851269458	-397.7703481102394	-393.1465555322011	-393.71889830613355	-388.45797191245083	-423.7474247914341	-521.3803412037944	-378.9497520334646	-1143.869009609447	-6028.529334890066	-9535.438815533567
79000	-421.45846986244777	-413.391582587518	-406.17806732210767	-394.2031573090211	-384.49865010423	-362.5036013886281	-350.92585435631145	-341.2301906374035	-337.38241356779287	-336.9272858340457	-334.8979505310155	-371.9369238375845	-470.01403016759394	-322.77953894831506	-1013.4363737951807	-5943.27203091898	-9796.954892909498
79000	-433.2061967542874	-425.2845116943108	-417.94704661783766	-405.2643082053653	-395.77491217405947	-375.34619382236156	-362.727218931767	-352.0787531731276	-347.52813206987355	-348.76137992781014	-342.35523351286236	-372.90395265467686	-468.57482717218113	-336.2653408963415	-1014.5753929939456	-5543.928813175355	-9259.547075068562
79000	-412.6515272651831	-404.1273770885722	-396.6065840308277	-384.7280964667897	-375.37782268755603	-353.591068904774	-341.62365804790437	-330.93198247768254	-327.2721199814261	-328.44310354483446	-321.1925032129162	-347.9854018448784	-441.1616758829039	-313.61019364893485	-933.8698265193133	-5764.908758703868	-9442.101469334002
79000	-471.2609950067593	-463.7412574075411	-455.7482400253701	-443.44671783311355	-433.7513879927888	-412.93495516192115	-400.8759517767927	-390.7254594172023	-386.42648076889594	-386.74413515933156	-381.5233177739132	-414.587147048587	-508.67685208313543	-372.2601048168952	-1127.1127379122063	-5732.161078351401	-9330.62910434219
79000	-446.9975938074013	-438.0917733328006	-431.7148541647901	-419.3642939838194	-409.57463197109854	-388.0824361814331	-376.6050679216305	-366.90453603248363	-362.6337477277321	-361.93655959357443	-358.1313805862762	-394.18529626099627	-486.80732275373265	-348.7979193407663	-1067.1229684233288	-6032.548992538691	-9798.992788990301
79000	-430.6465836041695	-420.9477379596504	-414.3996313160424	-402.2582951501512	-392.59537980054176	-370.88540923406646	-359.0684504438553	-348.7502916346423	-343.7563261564558	-345.4318123026373	-338.277610490917	-367.22053165954566	-456.19602151479415	-330.23336838902077	-1005.6746670728646	-5883.41551164265	-9470.302035365723
79000	-469.90313268819654	-461.09484162805137	-455.0769906141168	-442.2008161177588	-433.71490620196795	-411.6828473823225	-400.8258572005348	-389.78496107979237	-386.1112819505984	-385.98482349324115	-379.9825691450187	-415.57707738003165	-513.2854993653561	-372.78511347675783	-1149.152632671307	-5901.385339799028	-9448.82878416994
79000	-412.036091922657	-403.9793531107229	-396.05041147196613	-384.45898474227886	-374.59839703625346	-353.205481749138	-340.29572055649743	-330.6570175679399	-327.220187243395	-326.5713299405354	-321.5135884705519	-352.43334423326604	-435.2959446405305	-312.42035647437456	-977.8194461694798	-5727.318293710439	-9671.464377688266
79000	-404.0522682303329	-395.1411479133804	-388.60313711286955	-375.8606577503667	-366.3477702119867	-344.55871271945085	-332.9014331973198	-322.10080332716547	-317.83192729418744	-318.69759201184877	-312.51001984283374	-341.76415061875906	-428.83122156323265	-305.5005195927364	-922.8175650007341	-5524.72445418906	-9195.397078961103
79000	-434.54605455027433	-425.8415512262375	-418.9875473121734	-406.34508230254664	-397.00481994691177	-375.5496921981355	-364.4833654441068	-354.4798800062733	-350.57112810652006	-350.292619269281	-346.6969209765613	-382.8470980169826	-498.1989569795474	-338.345547528442	-1043.421723804301	-5918.309972543512	-9737.176982932455
79000	-465.7304825042293	-457.0607502669399	-450.5362883820757	-439.0288041955747	-429.28101214193094	-407.80846558758435	-396.2460227066501	-387.46786536714694	-383.73202467668074	-381.84829262060964	-381.9089416523329	-428.83866741353665	-535.3948344678358	-368.2812468376892	-1197.9124369035144	-6211.0343502544265	-10060.934338720801
79000	-467.69124767651965	-459.2247566225927	-452.40049135044165	-439.9235337018722	-430.8783451920348	-409.21631588695385	-397.39833349650104	-389.6542006729402	-386.6590829621873	-383.3036368200425	-384.73120226506364	-432.80234004024203	-547.1300556229008	-369.5073125292904	-1211.8441841584752	-6461.142176624914	-10275.091078313557
79000	-445.8647241155136	-437.3879426418843	-430.8189771103669	-418.8500514691643	-408.84217800042194	-387.9001253689611	-375.8955501696285	-365.877524544166	-362.59222369753996	-361.10528943256855	-358.32582713948074	-395.1349355912641	-496.3145809164903	-348.12939379174196	-1101.1494695782108	-5963.259235305225	-9840.856492420708
79000	-427.04637296411795	-418.5900876096251	-411.58346139006727	-399.4075894780452	-389.4503979701774	-367.86684841191504	-355.8185306232877	-345.8717015902191	-342.5115344490617	-342.0158202786421	-338.40108983847915	-371.6401400868095	-459.3871149245442	-326.93649345618957	-1047.0627965144704	-6072.957827048813	-9747.449312214936
79000	-425.488417639919	-417.40003009124933	-410.1786343309106	-397.6861642044937	-388.1664568476353	-366.40600063098634	-354.09062432652684	-342.97238303806245	-337.9101544596683	-341.06094111175537	-332.14680135584103	-355.50563726948525	-434.93491130334877	-325.81144172180876	-979.3461847219173	-5619.0319330746315	-9214.61902659273
79000	-392.50909849591	-384.183782350957	-376.7727064374246	-364.79588875296633	-354.7688094039817	-333.31507083783384	-321.1564455258787	-310.31155031891353	-305.7288910906737	-307.1036273459086	-299.53309454813404	-325.4220572532632	-412.4823257709534	-293.14723787088354	-898.656230581728	-5554.862487675441	-9329.666985938242
79000	-435.5887704029395	-427.52330049776214	-419.7496441136895	-408.0920311484807	-398.3722819174542	-377.09415531872196	-365.0841398172843	-354.9160946574309	-351.5355531608285	-350.8920123647088	-347.67142844204545	-384.5314581243591	-477.5041752627835	-336.5153825292858	-1061.778426187728	-5944.644231260308	-9746.549342969038
79000	-455.03066504435554	-446.9297396028713	-439.8831848829713	-427.4960631710195	-418.4221903124298	-396.2518904933156	-384.9303100919193	-374.61605478496995	-371.63076753812175	-370.73458591891347	-368.4809255658638	-408.91729900123937	-506.39302761708495	-354.6961678245126	-1127.8934512049138	-6072.679924022774	-9781.109559970688
79000	-418.56239340029845	-409.4637057195546	-402.491539549346	-390.26038569932723	-380.1236952293692	-358.7937034252873	-346.59379235202596	-336.52664556974736	-331.5574806822802	-333.08897015451026	-325.83741390765033	-351.1389102193683	-425.6182447028045	-318.3096601579758	-936.554297985055	-5986.006543019539	-9589.667426848204
79000	-427.77246968660984	-419.3088699162933	-411.8706748187365	-399.13152878285143	-389.6052845858282	-368.5964418500675	-356.690996634089	-346.48721541521854	-341.63747597503504	-342.6944222533173	-338.096330198781	-368.6712740429108	-464.08789983689707	-331.18425162447016	-980.7879404791651	-5862.811727615254	-9475.754756845286
79000	-447.6117652268851	-438.5229601603034	-432.2444567421574	-419.669930396269	-411.02168504611564	-389.15474699828906	-377.78003217869724	-369.88460966637973	-365.99147458870954	-363.52446210690744	-363.2960977815431	-406.6251805415172	-520.0715287615649	-351.11739323359274	-1126.3574785080727	-6240.348374545403	-10209.668345954702
79000	-429.86590963201587	-421.9567667950829	-414.319546906908	-402.5322380408056	-393.08103085119734	-371.4882113708624	-359.3649405640929	-348.9376873662135	-345.79006958153707	-346.0766914809659	-342.13015221191444	-376.65867370575967	-466.9815860601646	-331.63961692400284	-1013.082355826476	-5983.776809259171	-9848.101095523616
79000	-420.2836963837687	-411.930220991271	-404.6533936617903	-392.18280276270684	-382.1786471057037	-360.87097703105746	-349.33968921745804	-338.76685958937594	-334.7935932182104	-335.0868604051293	-330.32132362245545	-361.67736806027403	-444.47653438114907	-320.1953056247791	-982.9959495257057	-6070.064632530928	-9656.292633291818
79000	-452.50744889713883	-443.6711341340957	-436.7638234467901	-424.95251574050735	-414.50154744998014	-393.74393041842046	-381.9855161106761	-371.73448216820685	-369.0119124965854	-367.5085145419199	-364.96451796963566	-402.27631389177606	-501.2919814264837	-354.6134108406362	-1088.1707608343136	-6081.77321015122	-9773.154698747012
79000	-445.7089207050221	-437.48619114754257	-430.41520018435205	-418.94091165349835	-408.13786409200475	-387.9168499679288	-376.2709769800635	-364.84275762866025	-361.8834276588541	-361.60080107818237	-357.2472846898155	-390.9639041029055	-488.1313929984459	-347.94165969353986	-1037.3992646585546	-5826.695283655088	-9650.672922105914
79000	-443.6795112488328	-435.92699769154734	-428.25899798063773	-416.66552309958445	-406.4156726430463	-385.55832108232863	-374.16425151255953	-363.5515888454245	-360.0159029765963	-359.0294046188349	-355.8061380364559	-391.0988093855588	-487.48614676978286	-344.9598033233321	-1063.3028269239035	-6070.3550932443595	-9864.278256862259
79000	-439.4600727257614	-431.4651435301157	-424.48304553139457	-412.20009379368446	-402.14165980835224	-381.27850258790494	-368.74271527968375	-359.1564851697979	-355.540991949362	-354.5996021745395	-352.0366016759419	-388.56233988025355	-480.9036361383486	-340.6416687726032	-1063.4471177812165	-5935.386569052044	-9761.338848808222
79000	-420.193464875792	-412.0662433552744	-404.21540524543985	-392.9404086410401	-382.96878566149235	-360.8692226974037	-350.3010293257379	-340.2804247221973	-336.8755964236322	-336.0868484768437	-333.4642078144726	-371.2056270718542	-469.14699354939785	-321.0660679693324	-1045.701404077873	-5990.4762744908385	-9834.37107161292
79000	-443.43314106771584	-435.1306141874099	-427.8115366879728	-416.23053545467656	-407.2479356107859	-385.0900237870783	-374.3200060530468	-363.96602849798506	-359.6112579702202	-359.845050529594	-356.1346059570906	-393.1354462981558	-504.4609973668066	-346.95174370015195	-1098.7812968233334	-5876.243464220504	-9598.719073689612
79000	-434.91373528685983	-426.6583706120518	-419.555223549511	-406.9810009692045	-397.81719130347443	-375.9169888467445	-364.5405624873884	-354.0426521407911	-350.52939396282204	-350.23476648004714	-346.71115925892144	-381.61747928904316	-476.81565104394787	-335.22462155322984	-1060.3103949218084	-6105.463073566271	-9804.81287976338
79000	-447.5983123589611	-439.08873611677876	-432.2590500018196	-419.8090709619946	-410.5028166537225	-388.4060154928089	-377.58282606675175	-368.7555500359416	-364.86813568091793	-363.6388827589153	-360.21901114228905	-401.3484220550157	-510.51584077182815	-350.9849750458695	-1079.4183497241959	-6023.321339277952	-9672.537076911583
79000	-415.527192737521	-407.13412497526417	-399.3414911171687	-387.60565556849554	-378.2025235470659	-356.73781248194797	-344.7913488177871	-335.4626106811865	-330.88750818848433	-330.42558094813415	-328.39277938755066	-366.1104717490152	-474.11338686781284	-319.3430182365947	-983.4691429850501	-6086.587791205918	-9828.65526990698
79000	-414.16609126423333	-405.6833741640595	-398.265134351732	-385.5199865343062	-375.4663864071784	-354.71871712483664	-342.4221133074764	-332.53390892930474	-327.7458990973262	-329.12999959050126	-321.5734393593206	-348.66634510390264	-432.01298197063323	-313.6967692554821	-963.2804401323159	-5765.647527360229	-9433.410312504753
79000	-443.441767569403	-434.3625437393851	-427.367225176252	-415.3018301761466	-405.81166496778644	-384.3129774433432	-371.79839564783026	-361.88309656491214	-358.324101628788	-358.55824559829233	-352.9694726690456	-386.82867463673153	-476.1200407086098	-342.7317222163043	-1062.0220902929252	-5907.672025590175	-9623.957094223451
79000	-457.0066402849425	-448.9918019111485	-441.2611847489432	-429.518360793669	-420.03920147878324	-398.8449017151264	-386.1796271237594	-376.5020624608602	-373.34475614959183	-372.2927339576606	-369.3033870194637	-407.34041547049975	-505.4079932145748	-356.8088526234814	-1132.0055157534769	-5996.958194457869	-9669.004333852232
79000	-453.53175457488845	-445.34886470775444	-438.2888703538825	-425.9232547208052	-416.592453774729	-395.2376250826988	-383.264853399286	-373.1262836079024	-369.28339342814076	-368.8916873450919	-364.4053215772406	-400.4019198597508	-492.8373827986214	-355.68492276257416	-1105.3720309434473	-6059.181883774873	-9784.593548732975
79000	-433.25159413825054	-424.71474772566864	-417.9119784078211	-405.4786238640137	-395.3048281810579	-374.8854895478632	-362.5577562063481	-352.34113645345275	-346.85822012921756	-348.55905834639026	-341.9132356218984	-370.235995822885	-456.6443127249047	-335.3135411560505	-1015.8872182519283	-5757.116370631103	-9322.771331434715
79000	-439.55655145610524	-431.0499285946268	-424.1828680812345	-411.6456325335147	-402.7185254867586	-380.9108310560823	-369.47646573111865	-359.33668408610765	-355.0043344323941	-354.7303206496949	-352.2445030567886	-389.19809736577747	-491.25430489179513	-341.4591636591222	-1064.4707940993526	-6027.513317978847	-9773.811361429309
79000	-400.6868047549416	-392.800514046478	-385.30311076362574	-373.0192996536571	-363.2539693908792	-341.6456856565661	-329.775053396198	-319.11189994339884	-314.1252412614827	-315.80779783751785	-307.37294965594447	-331.6495830589299	-407.3603636100875	-302.8831036917862	-890.8750101205761	-5708.673771435056	-9313.32039513625
79000	-421.7846156497936	-413.05317469138936	-405.9069692134148	-393.0908100431932	-383.41647422105075	-362.87673411366114	-351.0895542160017	-339.61473437958546	-335.2744633163522	-336.8066749474176	-329.73679112811266	-357.6727065637183	-445.3313442306352	-322.72286022823886	-955.0906822679684	-5860.422585213386	-9452.17176458676
79000	-417.9266461632471	-410.107610157629	-403.10556014850187	-390.928481501208	-380.57434027982697	-358.97001655345093	-347.09977990925864	-337.416009264962	-333.6683294473785	-333.2470924016226	-329.2230129930469	-360.1543744598603	-452.60058634319444	-320.4177745276344	-970.2086143978897	-5923.653541344352	-9740.530992471166
79000	-437.5030972291319	-429.88024058696715	-422.4102405018478	-410.6467466402356	-400.32399869680864	-378.72693129897135	-367.72143547759674	-357.33834920619313	-353.03038218157127	-353.40301074167195	-347.63076945895165	-379.10254835547175	-478.4939665767882	-339.4031772228562	-1016.768149809798	-5893.078977600101	-9587.075360275836
79000	-406.43468872519696	-398.0955455614639	-390.86410906991586	-378.9931269557819	-368.66248023127673	-348.54864995216326	-335.68832360191817	-324.46146830047434	-320.0623868478193	-321.81443487825203	-313.1810363356622	-337.54092864422273	-430.15332360281246	-308.1509713896633	-919.4866490767678	-5483.286761540576	-9141.689183933591
79000	-434.8592332014772	-426.05677679366914	-419.2107412712439	-406.6740560275148	-397.22801525216914	-375.7988950839954	-363.63218883755707	-353.93769353066966	-350.2091893359679	-349.93355172391585	-345.7291323616709	-381.0871421199113	-474.06611832960124	-336.4361805921804	-1038.732529390155	-6019.386941921784	-9856.900868757966
79000	-445.25472049426224	-436.96899612139373	-429.00329135352996	-418.35377080144644	-408.19557301579624	-386.35831537986786	-374.670139699997	-365.54142606755124	-361.44953194331464	-360.6700922161024	-357.83847709386947	-396.0503007943196	-499.26454257815726	-344.96322740504985	-1127.0145208674676	-6023.191761801624	-9843.664760734653
79000	-424.8493553641267	-416.8069343537595	-409.5188528616566	-397.5837642137791	-387.8075891620544	-365.91419634753487	-354.1381902705386	-343.87482036984704	-339.986080374098	-340.0379462536673	-335.75489940014813	-367.6276577778368	-453.88478107009337	-324.43490029434724	-1042.9941772180446	-6004.566092477275	-9720.241776617251
79000	-416.6992986498862	-408.72303646088216	-401.45195075029443	-388.96096029593673	-379.2951056170674	-358.4259699189854	-346.05818776116416	-335.5774734983481	-331.6747689098064	-331.4142500654444	-326.5679690314461	-357.37140267706906	-442.3246402638802	-318.80292283358875	-978.6219701088786	-5728.534075383531	-9530.210367869231
79000	-428.46383388671194	-420.07354092067965	-411.8910203296727	-400.51104791383136	-390.9255974264012	-369.42799132736343	-357.81999662929746	-346.9237597418744	-343.42455850023856	-343.8385169059226	-338.8310947828248	-370.0965123889878	-466.4891084193701	-330.0893007036588	-1024.0340112330996	-5934.461991106695	-9610.37311955454
79000	-426.23999150634046	-418.75318016059646	-411.34942118042176	-399.4016232663778	-389.601249300249	-367.55727191869744	-356.4756735428601	-346.2315548664082	-342.7985114741928	-342.0509450044072	-338.97209054936326	-375.69587858462575	-473.20528999582876	-328.48807998819655	-1050.9481395692803	-6007.85830982377	-9844.588274838869
79000	-431.67219297802006	-423.3183480730588	-415.8089721283886	-403.77951705673706	-393.688004462932	-372.9015448584307	-360.3324193564977	-351.23331359966465	-347.57391186507283	-346.08585660535147	-343.81019440424325	-381.8333229799277	-472.26696993379153	-331.4617750099658	-1067.8488030343535	-6250.0454250457	-9948.377754495092
79000	-432.86108427107075	-423.9180843037698	-416.472736767178	-404.32585724762646	-395.527479362132	-373.45646615741896	-362.05541438915435	-352.5069431516662	-349.7445842382488	-347.66202127819946	-346.66080096045596	-389.1876623357029	-486.6833712338495	-332.4014354162394	-1111.5851170932765	-6213.724155874777	-10138.846131072454
79000	-429.55100716760694	-421.01788950012605	-413.54036449783126	-401.59261983528177	-392.06261569150433	-370.4669725203722	-358.2404776539924	-347.63602028794594	-343.6105443084996	-344.5850967051768	-338.2834237427756	-363.93574478379514	-442.8801078632164	-330.1100553921301	-952.3841766917137	-5745.4457556540665	-9464.340495216678
79000	-432.9395446216706	-424.37567329496034	-417.49505382444767	-405.3662669394838	-395.03534868708164	-374.13470239156067	-362.63858071044166	-353.21688049973443	-348.9005661533933	-347.6677123227831	-345.80090131414755	-385.16292992126165	-486.00401520717344	-333.2044834674688	-1050.5110846760401	-6339.487428876455	-10108.740586378915
79000	-417.38280967410634	-409.11461128539236	-401.93386212497745	-389.5216941390606	-378.8808674987503	-358.18748083347486	-346.53287274768064	-335.2875533755554	-331.0301938879838	-332.21914206413715	-325.68674736691463	-353.2081428771221	-434.53513065794436	-319.96855375527747	-941.9968671575161	-5723.925298090805	-9416.193407460732
79000	-405.356328726416	-396.4504153686974	-389.2988174165069	-377.04650646019695	-367.36675165172323	-345.60641811233427	-333.90224496940505	-323.6869246129542	-319.38051947995405	-320.0650277935645	-314.1059062596568	-342.1045700223501	-423.1776289258609	-306.37337903588957	-934.5424409615052	-5759.896835911205	-9408.961755551307
79000	-399.767166708144	-391.332866380537	-383.9653946756238	-372.1691830724154	-362.0891315108986	-340.5401135801536	-328.06137987943384	-317.3641865936447	-312.10340515706747	-314.65585714152775	-305.6592640729043	-327.7895364542731	-398.86794242432353	-299.2464003763603	-916.3236100606998	-5626.0505797348305	-9423.873181278454
79000	-405.28816562730816	-396.6855886763311	-389.3397289774544	-377.07770455121647	-366.52686463040607	-345.8140646726168	-333.4230028756677	-322.9529805407623	-318.82673873491314	-320.0598907184734	-312.37397337591216	-338.96347363711715	-423.7436779043722	-305.74704154694626	-908.5999711306235	-5665.934325538009	-9316.533542745728
79000	-435.2839311234178	-427.4327423936339	-420.2344568806363	-408.18022019766045	-398.7811355807205	-377.0028055758938	-364.9121156874122	-355.0316980406958	-352.32719875224217	-351.07739524346624	-348.72197116443664	-386.82862226807083	-478.8432538121514	-335.7096668004822	-1055.6566967639424	-6182.685128240658	-9954.403553045517
79000	-400.6466165311213	-392.523680582885	-384.8051332992242	-372.98084177236024	-362.9958773906314	-341.93629147885423	-328.89664699407655	-318.01917321176694	-313.4698915039815	-315.2703307198498	-305.5032565163178	-327.7722724739709	-399.76278314932136	-301.24958346445806	-921.4432984817635	-5480.238008187805	-9133.851254122608
79000	-435.84528290459474	-427.45545452150145	-419.47071094130825	-407.97158419557513	-398.86190248895434	-377.4253002951029	-365.10953677041044	-355.2917577941421	-351.53110750263687	-351.1030912610943	-347.82857154161474	-384.3563666391687	-488.31492711889115	-338.35471800242755	-1063.4206992030638	-5851.3687371955	-9624.500446813652
79000	-414.3072745745543	-405.89036814428584	-398.5215902394952	-386.4106521711501	-376.27488256527204	-354.8194035954135	-342.2357989788616	-330.9448068206586	-326.90887364169896	-329.3446046130153	-320.1868536318346	-342.93097051264624	-411.88972346493443	-314.5095050044313	-893.7210122278277	-5614.477795659844	-9228.030951341658
79000	-443.93567029422553	-436.0844065403255	-428.7349182184859	-417.0199043711525	-406.6863889261713	-385.500768561123	-374.7670562032105	-364.0537891649001	-361.24793651599697	-359.4279365519564	-357.3817859314488	-395.7084461938351	-495.99250186768256	-345.76220049947557	-1108.7521679959084	-6135.654775945688	-9809.235604097572
79000	-388.9176414294809	-380.28584037570613	-373.2467706168664	-360.43419935143845	-351.75399597326737	-329.68325500314995	-317.2139265498171	-306.9131383095055	-301.8179231840536	-303.3653104964287	-296.5273441134275	-321.70273089689636	-393.97344777438855	-288.73723214599704	-882.6222639807572	-5803.555629049659	-9593.324908036962
79000	-461.7918568822237	-453.4802812172051	-446.4536212943837	-434.7833918568134	-424.8692663705596	-403.8932064207791	-390.9926724731527	-382.3360517451239	-377.2799529812989	-378.09045971393874	-371.70388730947076	-405.5781752671978	-504.8617126527163	-365.2390314374071	-1100.0796202029758	-5752.251693849271	-9421.20615941721
79000	-417.8737783696821	-409.3746394243486	-402.0569831145304	-389.6734107677411	-379.4159406602633	-358.72914657856626	-346.3784835869683	-334.2204342309511	-329.77270786734744	-332.07821512751974	-322.96776594564824	-344.0287210121682	-418.7755945759792	-316.99627393777104	-938.5676549295032	-5612.755370865914	-9201.198918050206
79000	-456.01210944894535	-447.3378262393991	-440.3496333564214	-428.11572103033086	-418.0099565361214	-397.35476905760896	-386.1341039733503	-375.171735979405	-373.2758569653398	-371.2280201699476	-369.0764273195265	-408.4660274537711	-512.0594867483959	-358.5117553256589	-1109.57873273121	-6123.865880614809	-9932.762307512498
79000	-472.9385953600343	-465.07828946079815	-457.27502013583666	-445.21730565051234	-435.79392679087005	-414.9809363797107	-403.58162165510333	-394.60857170156896	-391.1740860982276	-389.6955785925454	-388.5673077783815	-432.2053271187822	-551.3276259062592	-379.3951240376565	-1151.6497427026688	-6219.46096434089	-9964.668850092476
79000	-464.23626913194533	-456.3632873433193	-449.1622058913792	-437.1781269887068	-426.89501823432107	-405.0954577860835	-394.19492976788206	-383.40305619828075	-379.2011240908584	-379.9553384152778	-373.3676504377563	-405.45925445285496	-495.2785685750066	-364.5116757250297	-1135.1973145294828	-5656.581134130405	-9395.04149726621
79000	-398.31492865792677	-390.0448515898418	-383.0151569927721	-371.10793862905984	-360.89370587348435	-339.16012734313495	-327.37560273038775	-316.65467083681006	-311.82509447588546	-313.2926274584091	-305.4408712351593	-332.0590097581168	-410.194407098485	-298.6236368621866	-939.8759311593928	-5627.341082875113	-9278.098692582611
79000	-426.6175046943196	-418.6179168997457	-411.2394391494649	-399.79863410168537	-388.8482906418465	-367.90545073147507	-355.98542822696777	-347.0218865648736	-343.65479401638294	-341.62511993612867	-341.9214174047568	-383.7815339902166	-486.52937791540666	-326.4544183451628	-1071.4744150844074	-6520.494471860934	-10379.325066647143
79000	-503.5235276748084	-495.00331732043225	-487.34106140780904	-475.8132942183828	-465.86650535216774	-444.8424303825753	-433.9560759464098	-425.77289681558904	-422.9901170592059	-419.49584640733127	-423.4114786847776	-476.66805233287704	-620.4702877907083	-410.07839090050015	-1255.2542697721199	-6557.219345726217	-10424.881093156953
79000	-431.7351187076011	-423.730705426839	-415.6171096612715	-403.58418111629146	-394.38402635766283	-372.4727731938054	-361.6196620130332	-351.0950133859803	-347.7376002609978	-347.4599693178302	-344.01785703062706	-377.14487445618994	-476.05735239203915	-334.45809199380034	-1035.3665295581488	-5735.259779881226	-9438.196458924569
79000	-432.3178862735401	-424.4016222713403	-417.61743493007367	-404.40101018664075	-395.4392293419513	-373.947042174116	-362.0782527337344	-352.0451248310461	-348.0987857052665	-348.079989343675	-344.06300953257215	-378.29352403373167	-473.55458370843485	-333.2916096934293	-1025.1072807712371	-5999.276998225387	-9651.354932610606
79000	-446.5131261454419	-438.60080329346084	-431.4579439179666	-418.8077777648481	-409.1577615096775	-387.9595871968632	-375.8015147900242	-364.79483255991676	-360.3683485145006	-361.87108659544174	-354.3140154227785	-380.3483251168657	-470.51965223272924	-347.22623995353996	-1056.8162291469057	-5729.288003866915	-9298.07417504066
79000	-410.73191462322046	-402.94637937864354	-395.5090279053091	-383.6586664009053	-373.85996653673624	-352.21311394445735	-340.4802760649737	-330.030396241415	-325.72831851422427	-325.95070158068063	-320.6915372152634	-350.9078181857504	-436.1614606683405	-314.9136022641189	-936.2032141149735	-5760.581406925941	-9587.726046149102
79000	-432.38378427428563	-423.3668960783484	-416.75723325332746	-404.02604368745517	-394.0454616477058	-372.8217539291768	-361.6983590316771	-350.88817121794955	-347.3417800241548	-347.276800377109	-341.4060854799943	-374.0762663911212	-468.3192427137583	-333.4714047427695	-1015.6576460191736	-5902.422029904453	-9563.357498556292
79000	-440.36730510903845	-431.240883681773	-424.57861327896677	-412.82768862711737	-402.06289638764184	-381.26457413120494	-369.89102072495376	-359.71141276989295	-356.3220950387359	-356.03749464381127	-353.6205207262376	-389.04565734837274	-485.2373710205217	-341.1410387920836	-1061.5170754936626	-5951.97747426062	-9678.180563629647
79000	-452.3442598350794	-443.17432306247645	-436.1994968248924	-424.5554955390211	-414.8500494928357	-393.4237506404832	-381.5974199696083	-370.9383888900456	-367.90431633780196	-368.041402397331	-361.97574063105327	-393.6641544519805	-486.2722635426263	-352.73346026937617	-1094.6926737494437	-5869.203046212152	-9535.602881719471
79000	-457.82541778522574	-450.7527441917632	-442.8394144299728	-431.33670990747623	-422.15092843026537	-400.32243900207027	-387.9853161622194	-378.3755609290188	-374.5364684219522	-374.6151992680317	-370.5102837525167	-403.58651032469555	-509.7972135587439	-364.1905616765329	-1080.227809994215	-5537.7708948692625	-9157.109111815213
79000	-429.29034947011405	-420.99648801741284	-413.74350834308603	-401.1458644936248	-392.1468810350432	-370.7561098256512	-358.51769002637076	-348.66548278023413	-344.1242136739203	-345.08546211282	-340.3130691686022	-372.5922909943905	-462.7179150461096	-330.18752374406654	-1009.0477613334356	-5862.693671607487	-9594.714962948023
79000	-453.0868372447812	-444.5621220024572	-437.5375412639442	-425.84568163909523	-415.84953966255074	-394.8911838866669	-384.12570343857607	-374.0860384936612	-371.1589779394042	-369.5685951345504	-366.46837249836904	-407.23380074476756	-520.1882295790031	-360.6290512672619	-1111.0144486661354	-5976.049247230394	-9735.435539812297
79000	-417.9667860561947	-409.8971916706888	-402.5385549455031	-390.5728568042251	-380.2423150094353	-359.69492260691413	-347.45015702896893	-336.75836200073184	-332.67310475613107	-332.91443419974905	-325.67057966928456	-354.17433692831133	-435.4984016810098	-318.76732601102003	-981.2044467685155	-5730.304842078448	-9462.276656673865
79000	-450.8598051789869	-442.43419361989737	-435.63475128998977	-423.658959619867	-413.8129167737034	-392.60811794404106	-380.80354506154384	-371.4228965187553	-368.1936826921497	-366.5704330158267	-364.06919265786274	-404.2780569269321	-502.9639670409559	-352.7564700359963	-1134.8658602916655	-6263.192553756555	-9961.233687751776
79000	-486.67905114023665	-478.488505052349	-470.98070112684303	-459.04041769393086	-450.09708262037054	-428.26233633804054	-418.00408705634544	-408.49158855840125	-405.6917826095346	-403.85133140192147	-403.4685236764072	-451.1002656590187	-578.4222427157495	-389.3426876126571	-1240.3300521256172	-6120.736520875101	-9869.045184410721
79000	-417.3486091976893	-409.43475099690824	-402.0979803465869	-390.0543720363222	-379.79108058918075	-358.3679205459898	-346.3228444303592	-336.00441585737474	-332.1975724579017	-332.9458227488592	-327.34485765340565	-359.1496705691422	-445.94352965876556	-320.1447401429243	-944.6394952218726	-5994.653982241822	-9795.648684189624
79000	-413.984364268451	-406.0582853603811	-398.5447471968312	-386.8769515072423	-376.2042657012073	-355.0727071079916	-343.0962877321294	-332.7874181362523	-329.2996617664851	-329.3564611176628	-324.3750166482531	-353.73995765807445	-442.30022884588044	-316.58501187450725	-951.0749340097723	-6140.32562765682	-9822.422115730376
79000	-428.08727868773764	-419.2619098073012	-412.66159108230096	-400.22618021305675	-390.4260378603956	-369.1377709556037	-357.75425098585686	-346.89959073983675	-342.45256715457424	-343.6569699806724	-337.06310096608206	-365.5460791381414	-450.4999856355067	-329.27330032822545	-976.5251968341823	-5652.294208199831	-9204.184252059345
79000	-460.3624217556283	-451.875339142234	-444.365870352538	-431.8589497893355	-423.09693994257736	-401.9546351466693	-390.31151691727837	-378.9842925531578	-375.2219612350124	-375.53006007243636	-370.73380004248753	-403.51139183865155	-497.06641575665486	-361.9131731105957	-1094.7323649892915	-5777.416606043291	-9511.756035301098
79000	-472.468395860492	-464.28260664432855	-456.7569865562621	-444.9122983470859	-435.26465568128555	-413.90379907775724	-401.9482854980633	-393.18242520848344	-389.5927926838871	-387.7792076987086	-385.39127230916495	-426.81418822723987	-542.2467483324112	-373.50998437949545	-1170.6918992005026	-6143.655056215488	-9967.549899763995
79000	-417.5522567274492	-408.48255808673764	-401.86963920221575	-389.45259723514505	-379.62116646296033	-358.4299248038111	-345.93486342936495	-336.13132049132554	-331.50271612270257	-333.0472751323691	-327.03810299139997	-357.46417963219216	-438.58165923258224	-319.78927349200575	-964.9222908868874	-5748.814599831878	-9401.243076617002
79000	-438.58495451301025	-430.3082131894064	-423.30412230526946	-411.32193526271567	-401.7394584229141	-379.8550017117023	-369.01569179849713	-360.3243210234555	-356.8556169823325	-353.9854683535775	-356.18699942420744	-403.28846581331896	-516.6691208990915	-343.2587256628699	-1106.581858699423	-6265.547619702166	-10149.287009687416
79000	-409.91525358024955	-400.9750736202315	-394.25726200428807	-382.40403493238205	-372.4841400951866	-351.0311076780081	-339.2171066136736	-329.17800957166554	-325.7144290671027	-324.720832637682	-321.80610790769794	-357.9383941798706	-447.00904219946676	-314.56303730758856	-984.3989855330263	-5815.950088578998	-9658.784238219856
79000	-438.38717141157895	-429.5462921892204	-422.3654460814425	-410.28071311807696	-400.68558670254424	-378.9449170222249	-367.48221720394235	-357.3813069232023	-353.8307959021084	-353.27821817556963	-350.97680031319175	-387.97381424026264	-485.3101722094779	-338.9548448852675	-1057.2398678269424	-6064.812888354602	-9761.224815589232
79000	-446.7592512066673	-439.07181061372376	-431.5674039351417	-419.38267937798935	-410.1742576122856	-388.62160802040853	-377.1846434576492	-366.800499284558	-364.1872983047844	-362.04034854964067	-360.147934093368	-398.0526129073864	-496.86302088555914	-348.08088588134086	-1081.1759291399767	-5918.134704692518	-9669.604447013455
79000	-448.05584108554615	-439.92995470909176	-432.6803636292155	-420.9640096001035	-411.8466202405491	-390.0623224333816	-378.24987200807914	-369.07544661436003	-365.09487451780086	-363.38946903734274	-362.8043521217796	-401.4781606064622	-496.997419436902	-348.52167310141925	-1103.127608577453	-6089.2263460166905	-9898.569548512227
79000	-434.44873790092345	-425.53464812834244	-418.31302724872415	-406.03316220553336	-396.14767501805096	-374.99902529344956	-364.32492216189183	-353.85599884727156	-350.5976095864706	-349.7762162643886	-346.55249890518377	-385.68849219000924	-484.0876234262796	-335.40881929782455	-1053.2954336337634	-6078.23917964808	-9922.052606273732
79000	-432.29862968215855	-424.18003018942795	-417.19366762463375	-405.2330238752422	-395.4337055783701	-374.070217721325	-362.2775938007808	-351.67552500392253	-348.03810884152807	-348.05596914632514	-342.8983246724856	-374.4026144155575	-464.768423468345	-334.70369477089434	-1035.0604379553026	-5891.330037163756	-9631.932691135618
79000	-423.71703457395137	-416.1864328760765	-408.59388458559914	-396.47316075998936	-386.5999068924292	-365.52945447227336	-353.46640692900456	-343.3866053460126	-340.0566019325736	-339.0768721011229	-335.6500833181912	-367.6926925039626	-460.27097190720434	-323.9874368151225	-1014.5493394741513	-5914.46501676623	-9708.179028391613
79000	-458.0728992257352	-449.3775546197966	-442.5870206777062	-429.89077840377297	-420.9506786612454	-398.71676792496663	-387.1753928643871	-377.841490265169	-374.1637943861487	-373.298111298959	-370.8069438771384	-410.594934939325	-511.4872086517062	-361.8574429364325	-1136.9895162113214	-5959.343751003472	-9668.581336716963
79000	-416.79330010751283	-407.22178309961396	-400.43910654936786	-388.7810265949644	-378.77432820128075	-357.45676028977346	-344.51324411540224	-333.6818144438238	-329.9300950835801	-331.60026207755453	-323.5551002433309	-348.52000251072104	-430.5328952486105	-318.91653459627486	-943.7550422724319	-5601.484045880593	-9089.749510168589
79000	-421.6609374661045	-413.0933042670043	-406.17252263571567	-393.6664324179642	-384.50155808160446	-362.20840199966307	-350.773647273841	-340.3428885192916	-337.03265156123155	-336.5766286990126	-331.87859601745276	-365.19749954968506	-448.8932775356148	-320.76342230255443	-1038.357732922319	-5857.065353049479	-9647.452926905291
79000	-427.20030765065195	-419.31415148510666	-411.97116758785677	-399.28377564909147	-390.4052344480587	-368.3263771390865	-356.2298310723653	-346.0373263009409	-342.1906468480672	-342.8754908206646	-336.97859257648804	-367.53688550146876	-458.5541232031436	-331.58735682495285	-999.8835246400337	-5785.503572146038	-9399.762864517461
79000	-430.40721549380805	-421.5732824606828	-415.3919237624246	-402.7076725666965	-393.2554514081645	-371.64852122133516	-360.18435302105763	-349.38413204929594	-344.6132923961194	-347.01111601019323	-340.7788287752259	-372.9710266809624	-470.43890873198785	-333.9939316491952	-1034.10251141039	-5652.192871946885	-9354.242104793319
79000	-401.94112020276043	-393.7101564083361	-386.5299865571612	-374.4085249339397	-364.2416061088265	-343.0787975147068	-330.6869576472172	-319.7041064031667	-314.7478765466324	-317.31515939697744	-308.77661222164033	-333.2504859984358	-408.21789994341833	-303.9708708461214	-911.2711337234585	-5683.896619599828	-9328.100544347226
79000	-431.1638077869636	-423.8465746910439	-415.4589566133191	-403.4896725846436	-393.85548478612424	-373.00743978271873	-360.28304372557517	-349.4983330447334	-344.64228467544046	-347.02028344540463	-339.1034147233147	-364.391230097601	-449.72801233043134	-331.925488172298	-976.0903774593879	-5496.822261723343	-9105.439319346997
79000	-427.1794289873438	-418.9742120513531	-411.5220172445574	-399.9173527921712	-389.46096646571334	-369.08093257142326	-356.60110442950213	-345.4581563636635	-340.431116290864	-342.78733090957166	-334.81347082761096	-361.43151700714867	-451.8476948532644	-328.23008941263964	-963.6487315513322	-5694.816192142837	-9313.355808255377
79000	-408.72099904824444	-400.48351407270644	-393.93480500571053	-380.9633375436157	-371.34477210822973	-349.9277294680698	-337.897637396483	-328.093387155246	-324.05805902686876	-324.3103133084285	-320.33516479794963	-354.0895933557819	-438.8809793242469	-310.7980191639443	-957.3619978109856	-5991.322661137755	-9835.757931569076
79000	-454.4404566158126	-445.86307900721584	-438.2177668620805	-426.65020434133135	-416.4860260925384	-395.62618311273104	-383.58001508038507	-373.8651804009772	-370.4869743268365	-370.02076302811196	-365.4199821145268	-402.06960913646896	-504.8418649459763	-358.1201673576574	-1077.725502695889	-6043.248557763471	-9800.03033930516
79000	-444.7521155363983	-436.75919864457876	-429.1097921749221	-417.18583396920496	-407.0215583506231	-386.5803960090389	-373.206517114387	-363.26593894366704	-358.96255355846733	-360.3606491632718	-352.95858676544447	-382.7954925945584	-478.11652662186526	-348.5380974085419	-1037.8608888789577	-5888.506375373749	-9520.814872427703
79000	-390.34252674920333	-381.83117642847304	-374.1248750722521	-362.74666334844494	-352.264986305301	-330.9193248693517	-319.0287449266889	-307.7453553095277	-302.9670667500483	-304.8372158198052	-295.83070820861263	-315.8008062137615	-387.1025525438989	-291.31233694045045	-874.5918803219953	-5513.288985051197	-9143.686256905374
79000	-434.3826301089497	-426.0984582078255	-419.2991864796439	-406.78261942492884	-397.53511414300544	-375.33765680560407	-363.91779148446057	-353.3852981799471	-350.7961636181148	-350.08237762260296	-345.70887578689326	-380.1376957747012	-470.40423489677664	-335.0703172195662	-1073.6071383743129	-5938.65199497014	-9677.583875366447
79000	-409.2964401168241	-400.4785506444481	-393.28733825380215	-381.1757463295438	-371.66123892628565	-350.226927900508	-338.47101999164096	-327.7543449581155	-323.927289077821	-323.7426686117495	-319.0539250240991	-351.6596604664586	-438.79840706006655	-310.43402895186654	-968.9970221807158	-6083.556805355283	-9746.151762467773
79000	-444.85801626966787	-435.6447904338475	-428.7709328904296	-417.04101477448967	-406.56240093642066	-385.2507753498103	-374.7234780576864	-364.5086765562984	-360.8170244342918	-360.1175336665622	-357.90582490169595	-398.56636950922336	-508.61134421276114	-347.7305815739044	-1092.8430028134346	-6230.536954090331	-9869.756872279411
79000	-468.11982498612633	-459.44263713394764	-452.1757413190391	-440.18625034395257	-430.8659599057869	-409.1156994260304	-398.45079975460965	-388.2535723923407	-385.0136512179639	-382.83915532235557	-380.81293846501194	-420.6975696187163	-527.6012394054726	-369.96116505754264	-1154.3374541515639	-5828.9216917569365	-9481.3992949595
79000	-446.4123353474635	-437.279866827339	-429.92533322114554	-418.66809947541935	-408.02626169769854	-386.82468676994637	-375.8289603784978	-366.0972926520397	-362.58282166906554	-360.7333386302027	-359.0350513148445	-397.7970419946771	-499.0131653357528	-345.9289843147142	-1110.5312812661252	-6162.64692285867	-9874.421749553456
79000	-427.68092353675246	-418.6478955239945	-411.91114932489967	-399.5397566609	-390.1149236488344	-368.5715722374024	-356.84813852959047	-346.2670403531773	-341.73187574210306	-342.3829317148423	-336.83075842306647	-367.50429663164834	-462.3129717685174	-329.17975916450655	-975.4868830952026	-6033.870506102566	-9766.384057760226
79000	-439.6292056901127	-430.75799637787986	-424.2086428948758	-412.200163177254	-402.32681427532714	-381.3939632686704	-369.0118155241005	-359.00998889647366	-355.76118103909363	-355.3442373063126	-352.2148232296389	-390.428342437507	-493.23396427075664	-343.10099429034165	-1074.0174303004972	-6042.405740798324	-9788.758864795625
79000	-453.83727126673017	-445.60899275080754	-438.1040919012916	-426.4760623746006	-416.4256982375123	-395.2387627540691	-384.13667916062894	-374.7317233927235	-372.0864682466579	-369.3947713220084	-369.39966416225275	-412.90119746698497	-524.3408555701777	-356.79046106519206	-1141.4157109650364	-6147.772685613266	-9931.04832065527
79000	-472.5158287664702	-463.79846766623774	-456.73750153517034	-444.8397256378265	-435.1681319446417	-413.1908333581647	-402.4369223753251	-393.2384863317724	-390.5786714445379	-388.48485766037015	-387.8311245077022	-432.15997070442126	-536.9968455723017	-371.24752033936034	-1192.7413957835488	-6151.671475709353	-10038.811346268672
79000	-405.4075057020489	-396.84809440744255	-390.351470219437	-378.8440547351572	-368.58692449779784	-346.32771251431615	-335.1993705729178	-324.87070937051067	-321.41450033944284	-320.96631896755724	-317.23786163663493	-352.9351888113414	-439.8025574856619	-305.77953781950663	-970.7475744842906	-5996.236186412014	-9824.757500821268
79000	-419.0691449738362	-411.1615527440462	-404.1070447046092	-391.91347721280306	-381.87544218139215	-360.16570936098077	-349.1503846300523	-338.65026329441315	-335.0783222013849	-334.2546563792619	-330.2422680236233	-364.2853921983693	-452.1177867562357	-319.4275726690466	-1028.0288196261693	-5726.345538196719	-9557.070687696834
79000	-436.59161077598515	-428.5593224129139	-420.379959157109	-408.42886032769525	-398.9437829985109	-377.5557323105102	-365.50016267088967	-355.3587864583676	-351.15210014596244	-352.0629148640899	-345.49035073732523	-376.1097748682037	-463.06144019833334	-337.34772238120013	-1029.3464959027667	-5737.269147036178	-9416.016682775818
79000	-455.352195343534	-446.89455017571464	-439.61056396309874	-427.21567368735396	-417.9174661184898	-396.1303199250951	-384.5980091052641	-375.5892582020483	-371.4653139446607	-371.3035156645105	-368.86086609880647	-407.44994714815516	-507.32919469282297	-357.2845557071892	-1122.5123921572458	-6169.980618891737	-9915.48771276197
79000	-414.7946534207207	-406.1542525056803	-399.0680861259672	-387.37507985327966	-377.05126851098015	-355.2191685514627	-343.2215557351608	-332.7941763222191	-329.58312034444134	-329.6747552788252	-325.74272457730996	-357.9985442938792	-440.7602761508659	-313.7782715484082	-1004.8218572972258	-6086.724520765939	-9815.042594000892
79000	-410.4055150964358	-402.1897777327196	-394.9854657410128	-383.2591165791489	-373.3316961496652	-351.3118697638081	-339.31062337128327	-328.97093778427165	-324.6057937950322	-325.0530942732766	-320.5586523394925	-351.73175404009174	-434.7868939660711	-310.294745780158	-974.8147928758992	-5848.08881503852	-9717.606308076709
79000	-413.27001550948296	-404.9154508198961	-397.38871717774754	-385.2247138834041	-375.76795282800083	-353.9284621493689	-342.36807054001684	-331.357986494344	-327.3419016003263	-328.1696748348392	-322.06132725112974	-351.2625010157896	-430.8053009922015	-313.7497161934297	-959.9902608758462	-5891.280904522932	-9548.445300582633
79000	-417.5915708063059	-409.75667194552244	-402.46330266177137	-390.5513968664593	-380.5361897128314	-359.30510353764856	-346.3655111861335	-336.09601215454853	-331.893326165153	-332.94175732303404	-325.8158726411215	-354.35655098666706	-433.03576780292815	-318.36636136243834	-983.9904094411714	-5715.307447573275	-9423.06065588856
79000	-433.4092319715512	-425.62228438923177	-417.386058474713	-405.68787812011965	-395.98356031556096	-374.5079664122281	-362.62454278076643	-352.6543500746501	-348.01169436667664	-348.9228589033425	-342.77906825918075	-371.79914835612544	-463.7205495129684	-337.43441650895113	-1004.2365569795649	-5616.555870458394	-9253.470744767701
79000	-437.97544501044786	-429.7098732147482	-422.6159204913983	-409.98580275278994	-400.2504964986125	-378.9577894666733	-366.69600342713784	-356.6983172387343	-351.7652870945835	-351.9682497287674	-347.2313119289379	-374.46052382845517	-457.2059818124386	-337.81633734114337	-1041.3918259073146	-5902.89913856218	-9433.20901217973
79000	-437.9465327692504	-429.5669713942731	-422.4064680416173	-410.51740612320486	-400.41644694441516	-378.9556367248982	-367.32303163180484	-358.02207407278286	-353.6028750697208	-352.78523060055704	-350.3594964771435	-388.49039508391274	-490.73563736342567	-340.0235910834395	-1082.193692858349	-6158.056728990389	-9960.660363242854
79000	-460.0461305179656	-451.36286276937244	-444.91222383197834	-432.67221637201555	-422.96311175835285	-401.31287036288086	-389.514244700489	-379.3405171242812	-375.7652358828848	-375.3588813038834	-370.94379063953835	-403.7348960441592	-495.7175447617504	-361.67648561794147	-1080.2775434527866	-6050.576452097779	-9619.101548797778
79000	-420.7804854656658	-412.50821166988965	-405.38837194970046	-393.7966716547123	-383.78048489357235	-361.91142866707025	-350.9698312114839	-341.65232085267104	-338.1774467588262	-336.1607805306826	-334.2388110395068	-372.3881256872612	-472.0005630488401	-321.34290926089784	-1064.448925299636	-6041.417501358065	-9961.611149072887
79000	-446.5674157604172	-437.732437113005	-430.18274724429165	-418.4251788606192	-408.1049903166769	-387.380658178315	-375.84330379690215	-365.4456649562263	-362.45351256082336	-360.9055930004273	-359.1008541379805	-397.44088868888576	-497.19499413745405	-349.340755902004	-1073.1234965836757	-6140.590762194161	-9768.237492026548
79000	-405.6273960590513	-397.46323556865104	-390.7518690824492	-377.3543580624621	-368.0376291812646	-347.4042522727189	-334.5023236721292	-322.6127975988236	-317.9556789110919	-321.23330288598095	-310.17327338360235	-327.4007559997129	-398.4064077123991	-306.6723592731233	-886.3831938556734	-5417.334887472281	-8941.501499948354
79000	-478.08417986862383	-469.42023171458834	-462.1948491054755	-450.41444953181394	-440.528395325062	-418.9170815908503	-407.4320859362825	-398.2953162343793	-396.0911235594288	-393.69037066841236	-393.06559552452126	-439.06398182590203	-550.8544148331584	-378.45823255214833	-1199.802693740776	-6218.287722346499	-10020.215109320785
79000	-448.0935424780326	-439.1215044102678	-431.929258679002	-419.681951670907	-410.7316288391931	-389.21487590943417	-377.50579852174013	-366.60758768082377	-363.3162941339318	-362.8281051646962	-357.93595480883897	-391.12918759439214	-499.89258987612686	-351.9711758396203	-1071.6616625553725	-5723.811869952558	-9328.465001858092
79000	-455.4440287625723	-447.37450307745945	-439.7193805789163	-427.52377464935034	-417.92461438247557	-396.95425524851737	-385.0964556045092	-374.7583574683733	-370.18393161349593	-370.4375595074664	-366.384825661773	-400.3230165365117	-490.0053056874671	-355.3412727924021	-1104.7376493386066	-6184.184099231497	-9810.615810268659
79000	-436.78536385580395	-428.5985081538054	-421.0942810408798	-409.6257087362151	-398.9632877760152	-377.8239965207569	-366.1325535461533	-354.90496547557245	-350.15216487120887	-351.0951458618265	-343.31365011207447	-365.87867805380324	-439.32786331527683	-336.39846810190943	-958.2271041243724	-5509.926415333205	-9067.090888613275
79000	-439.76481215778136	-430.99535990171375	-423.86613251122486	-411.39796137377425	-401.9638446988341	-379.7364710592616	-368.68761244714113	-358.3333343651906	-354.42004761996964	-354.99012204040895	-350.297936537313	-383.47982591925586	-474.1837933740494	-339.27966350405757	-1063.5171865895823	-5937.961222843297	-9688.929347555819
79000	-448.17354483424964	-440.67864243293474	-433.3014014773706	-421.70926666801984	-411.211906860636	-389.7066186094116	-379.1517325200026	-368.13882964116107	-364.7790602551636	-364.50955428872703	-362.0715627977465	-402.00725386822694	-505.9116921759116	-352.3880467326896	-1085.1719697993274	-6124.523047445554	-9774.51208397284
79000	-452.4500196366176	-443.711723683049	-436.62609441806677	-425.2283965852673	-415.45904782978823	-393.7682368757566	-382.4067869550884	-372.79181842425743	-368.7704875300137	-367.9564512069434	-365.0816538218782	-403.34231900480495	-501.5831109502681	-353.5520030567988	-1116.686416295334	-5945.108490789762	-9643.422204163779
79000	-416.7005146846515	-408.09401619509845	-401.05656905520544	-388.9264609992324	-379.39148325460246	-357.1511174127492	-346.2481428070741	-336.14312943373795	-331.8217228679424	-331.55817155851486	-327.96607510316386	-362.5369663637948	-453.3627363855842	-317.05975620883964	-1023.0394132703616	-5998.327098112263	-9887.051721251442
79000	-463.68336669982546	-455.7222602574926	-448.11977329625	-436.07651183240296	-426.57151837722114	-404.99306915978076	-393.6772369406299	-384.4337819990452	-382.1325022027101	-379.0803609271541	-380.0186009552883	-426.6130664171222	-542.9061273417443	-365.1217420569467	-1226.3611799128068	-6239.423279473792	-10285.38199213323
79000	-409.33711743912653	-400.73408621522594	-394.09150647574455	-381.92381306237223	-372.4296725317519	-350.63684958709763	-338.55056260335124	-329.46499051105377	-324.6923984610686	-324.7489548816842	-321.6262310254633	-356.5004378617406	-448.1937961311475	-311.14233637432466	-978.7004666913865	-5970.020480397442	-9811.967483665925
79000	-431.88479119985715	-423.3952099579488	-416.1799913580557	-404.6078543120493	-394.49348888386396	-372.9953654283878	-360.93396756219806	-351.1692852526457	-347.6046263014329	-346.21420234281226	-343.8353196544997	-379.22101657151893	-477.0460765578187	-333.374176065776	-1026.5953002405506	-5919.299017057924	-9686.593891278906
79000	-406.21896539724065	-397.34953360507717	-390.23239785130096	-378.98650382730955	-368.4930203324982	-347.40723555302276	-334.6390957072526	-323.6728321046206	-319.41856001106504	-321.01283196912567	-313.23530440361975	-337.35018859092685	-417.922845767492	-306.14396820804865	-913.6404641885209	-5636.676823411428	-9276.81004703786
79000	-449.74770424985115	-440.7148823803215	-433.7842476810309	-422.3992981576233	-411.90868016341557	-391.07127477177045	-378.78378257369576	-369.07221908137564	-366.50606271303883	-365.20845532982406	-363.0881668805647	-401.9732201104194	-499.49796817319924	-353.0677648689402	-1069.414400450637	-6027.175726039131	-9744.775162197893
79000	-404.4879921427727	-395.9718730293991	-388.9312977668979	-376.70597674220164	-366.61789617217204	-345.70907966297864	-333.2236887498552	-322.4120071835003	-318.7239109978745	-320.2477854800872	-312.37671158399627	-338.42651835431775	-426.63044069573414	-308.0235940360653	-885.5647291777206	-5623.293691563523	-9274.649064962805
79000	-433.49264060690706	-425.5553140738247	-419.0579857684193	-406.3102681509995	-396.812651709989	-375.2655300922376	-362.6641748811204	-352.4805267586313	-347.7771924757835	-349.8549157375517	-342.00136661896596	-369.15207319273236	-458.46484073417236	-335.45714116694984	-1004.6527671668463	-5895.765468785193	-9508.964235193995
79000	-438.0906946510329	-429.5587211533945	-422.71128823455814	-410.64103306536526	-401.1408028152641	-379.717360306106	-367.8259504667382	-357.2512110909079	-354.5413553575783	-353.4320397493378	-349.6426800389754	-385.2147610282078	-483.19321946809043	-340.3411676139636	-1059.2335451536874	-5884.203920138411	-9678.913177692863
79000	-409.4201000710381	-401.0176110949561	-394.0008259246096	-382.2690026363705	-371.9918184093751	-350.05372595052836	-338.2432088845224	-328.6088544270091	-324.7854362882147	-324.5778202792093	-321.07821771105125	-355.69125909935474	-443.05787005370047	-309.792546606095	-989.0107784874677	-6023.357181855942	-9801.408556974086
79000	-454.10784282727116	-445.61926980949437	-438.42093809692386	-425.87928062797243	-416.07799073229734	-395.1354250826497	-383.487102097482	-374.47819029676907	-370.57081115543554	-369.16775182123683	-367.34283238947984	-407.6223158735105	-502.5340716177926	-353.2280390140099	-1138.9069843288748	-6134.320344920158	-9959.922042866481
79000	-442.5158318181021	-434.0868178061001	-426.73893949372956	-415.25453574554535	-405.4946869768625	-383.4761335805407	-372.2997328500315	-363.29939205808313	-360.2774880244318	-358.006664346268	-357.87290746467454	-400.67358806204436	-497.77473422693174	-343.36148140510653	-1090.360997896215	-6561.7779916870295	-10325.353103695958
79000	-457.95090430344237	-449.95886999177736	-442.64170190751014	-429.70216078229123	-419.87016345695946	-399.3881852085364	-387.6669353584892	-378.3278940804695	-374.53254787474265	-373.58812613482945	-372.7897175436046	-410.89789826614594	-506.8410701386773	-360.6685656272695	-1105.5825082651506	-6087.445503607778	-9853.495113661304
79000	-416.6135133876297	-408.224809703621	-401.1194495660175	-389.0084658730866	-378.9166516398909	-357.6275111344444	-345.94460939682796	-335.14031743529785	-330.59727572793844	-332.286744566476	-324.72782798083335	-350.7413315869537	-430.50618849293136	-317.8708479162506	-955.1919744407004	-5722.539662339755	-9373.541316482397
79000	-458.5015489386113	-449.56134476536806	-442.38720040803463	-430.7429387584932	-421.1853764166283	-399.36510351477233	-388.0309789875294	-379.7183921719852	-377.4122874871206	-373.4018215213443	-375.87429629370644	-423.5940991355644	-537.1277987284005	-359.2859338264219	-1205.7123921885247	-6717.032711354179	-10621.095991865699
79000	-458.0138099452658	-450.3772076019068	-443.0535207796086	-431.3206021530099	-421.92762068553475	-399.54516974343574	-388.5625270884591	-379.63055902829706	-376.4943687694684	-374.1669023086528	-375.1549866380091	-421.00947324141725	-539.5186498798488	-361.18932161517375	-1159.4406465776294	-6254.843217941694	-10086.722726005972
79000	-442.7768971263842	-434.84770481817935	-427.21703770794164	-414.90426992899495	-405.3315927373423	-383.7747120176648	-371.8908475420973	-362.232003554799	-358.7405055607034	-357.734360610856	-355.86196571882783	-393.6612490450852	-488.2726741740616	-342.7132423713607	-1090.7227225985066	-6274.66490700034	-10115.53566865867
79000	-426.97355993493574	-418.3008082256478	-410.8107696950819	-399.43066809620814	-390.31347613667003	-367.8613724328432	-356.1805570434307	-345.2924568862423	-341.6479552645029	-342.4520141539763	-336.3893249315489	-368.0763429901494	-457.43914444715506	-327.9581933068749	-994.400065335852	-5903.974869179824	-9472.31477340489
79000	-451.55253902712445	-443.5555039730212	-435.85238124668166	-424.4173530941441	-414.34673944646386	-392.92009793478854	-381.129038001503	-371.01115327102013	-368.02102121409376	-367.55225571975205	-365.4331434955744	-403.98739152727353	-500.04144074336665	-352.5860395749358	-1104.9434626252023	-6081.256701909621	-9912.85361006387
79000	-470.6935233376157	-461.6276095627145	-455.8968261988928	-443.8841431240073	-433.6308647489308	-412.8690279732456	-400.7395365907429	-391.03535061522524	-388.6613538998856	-386.5270707226001	-385.01845834221956	-428.08900350142875	-540.2147868251595	-373.817731459826	-1155.0984223434466	-6038.606977679875	-9590.377297086538
79000	-399.06341048193923	-390.41533083009955	-383.2712501125897	-371.28691928136755	-361.8723266737803	-340.0336797739035	-328.0143091816623	-317.60196565607174	-313.6869952397433	-314.2030977220663	-309.71607673626613	-341.01948336111127	-427.6465668246564	-299.89037836428895	-951.6730573181302	-5893.032624717107	-9746.577176909175
79000	-445.3624948581488	-436.9746764273179	-430.0672129749144	-417.51979446128314	-408.62313520987504	-386.38891485635145	-375.89079451121586	-365.3946950047395	-361.6145736104858	-361.75014626809224	-357.39131703563106	-393.98901252851607	-491.5574613003429	-349.43816842928067	-1080.0995419602355	-5887.438324962908	-9469.668160857878
79000	-443.64168131777177	-434.6026982816425	-427.95780973415464	-415.440823293648	-405.2867002481767	-384.50288021471385	-372.70198029351525	-363.31760760868957	-360.36378056631344	-358.2520625524192	-355.75944642380256	-394.0998816387801	-493.9564313074207	-343.85575492612077	-1098.0411264633735	-6119.009248193422	-9734.882016866248
79000	-427.8190138586679	-419.42919387897956	-412.5860094620352	-400.26288055877353	-390.24035672624166	-368.72401084314885	-356.9834602467617	-346.63498092074076	-342.3794137472827	-342.85655730647767	-337.950515849524	-370.5750437670763	-457.5738303531113	-327.57815481399894	-1014.2268031685264	-5848.444600367001	-9538.479479632066
79000	-418.6573929716572	-409.9796205883398	-402.9513213832659	-391.07525556691485	-380.8894496492326	-359.2805642286952	-348.1027510488335	-336.4857929225232	-332.44887556491767	-333.4339267944369	-326.4803865776783	-351.5538026525467	-434.0313624251863	-319.7420129904713	-973.4161544432242	-5845.61310137385	-9558.464551296736
79000	-436.39351464487197	-428.16273317806014	-420.03523745823196	-408.6798341708236	-399.01413843863634	-377.1647170313478	-365.8205157241443	-356.72618440062354	-353.4749932438628	-351.2378073157905	-350.8026181535031	-395.248224370132	-510.5494288473709	-338.8034556916281	-1107.5761040568868	-6195.974921225443	-10077.428598384915
79000	-462.5740076612557	-454.09625622644484	-447.7306982783751	-436.35663986329087	-425.52729702120325	-404.10274535731503	-393.44427517060996	-382.7977562031775	-380.2546695607357	-378.8468956103285	-376.79055264510407	-414.97448003179375	-521.4787391695303	-364.87456326286	-1113.5292611848117	-6029.507188861523	-9758.494318115083
79000	-417.4971131186659	-408.9216123926373	-400.49865777045585	-389.2858171732905	-379.1861271725093	-357.8618492539907	-345.7128268054034	-334.8411293618249	-330.3416386694275	-331.08371967207984	-326.01768095016837	-353.9178465761548	-436.16586440548514	-316.90356130360556	-989.1240374280618	-5855.369009804289	-9463.879163077047
79000	-425.3492492658475	-416.59105102557265	-409.7649326991495	-397.47604628127544	-387.94309568796444	-366.9901014469642	-354.5449901750005	-344.6569165941288	-341.0967651248194	-340.36889875162285	-337.621491976193	-373.70972084701697	-466.52414091346407	-327.71018846289275	-1027.4814504589012	-5916.4768911953815	-9720.079821318577
79000	-449.6823967301132	-441.8973243590743	-434.06829216083264	-422.27751857231146	-412.7135655972028	-390.70444120108965	-379.55105215318594	-368.8659127253284	-364.4610142913917	-365.14810470622496	-358.6434025947897	-390.0110202848764	-479.5061791558639	-350.6853889201675	-1111.136088871403	-5794.612722791307	-9516.730518664997
79000	-428.9121725759131	-421.9985549843051	-414.02674008289927	-402.90669439370936	-392.93324316733145	-371.4332929553517	-359.54455302612917	-349.01582503011593	-346.05353656412905	-346.24345774817766	-342.00484944740066	-377.6910199234569	-482.0478150036487	-334.5585025726523	-995.1763323460559	-5947.808039907198	-9572.988369043745
79000	-466.53646036780196	-458.21615132835996	-451.1246580124335	-438.67609324172565	-429.93547005427934	-407.5254293832921	-396.2585319740333	-386.63726732342303	-385.04238666509843	-381.63834972693104	-382.71523322035614	-429.4149657820703	-535.8988076364277	-367.5037729247892	-1186.6294106599803	-6482.873209671565	-10354.441869709299
79000	-440.5848641881593	-432.9463373438505	-425.5929376258733	-413.76793737957314	-403.4309444021043	-381.88258448695876	-370.2397690791601	-361.0386705053077	-356.9837925210536	-356.24459497009815	-353.3942245831719	-390.15136704530283	-499.72568436388144	-344.88348892476324	-1057.817663664613	-5709.9585710860765	-9445.13104921545
79000	-436.7729624528564	-427.7687302507325	-420.8344655852945	-408.2143618893738	-398.9899230125104	-377.1838107743346	-365.2334161353471	-355.62185057512596	-352.30529543201294	-351.45947905197704	-348.2141931723784	-388.3319729512506	-491.8471190951237	-337.09260496885037	-1076.2985687241146	-5945.172014652978	-9794.71758642611
79000	-413.0700255723259	-403.91361161319674	-396.7511375539636	-384.6890821049466	-374.7898697532302	-352.96807850493695	-341.4512300346856	-331.6218378432506	-327.0966374597557	-327.4149223696456	-323.3702536073356	-357.239232856917	-448.11686607489105	-313.7879767345305	-967.6236810579478	-5925.885068090579	-9704.132964185434
79000	-419.56265522161755	-410.0144033747483	-403.1714887953719	-391.4782464811183	-381.79298654197476	-360.0009148564305	-348.71561692083577	-338.21694590681454	-334.6388135943628	-334.7468965199834	-330.28254716658154	-366.20871030710026	-454.9647655913412	-319.99713033086346	-989.3008250167773	-5965.660025037344	-9746.661235205693
79000	-404.3095294856518	-395.7555806410621	-388.6641479074984	-376.262500728781	-365.95981352156446	-344.5156598654224	-332.32957637984316	-322.8746638707308	-318.40418525084027	-318.45499450618905	-314.24630130277245	-346.3485548251346	-425.758595144409	-303.13143139988046	-933.0100308092813	-5959.87550014255	-9814.772285530755
79000	-462.5844078655622	-453.36138086130325	-446.10150912633054	-434.68450099649	-424.71674446535536	-403.9914749761556	-391.71996736071407	-381.77659718751954	-378.6281076874161	-377.5188167028485	-373.8087234410841	-410.13908000871675	-508.4391332551691	-364.7294540796579	-1122.0020152228853	-5908.532248347014	-9581.616993296515
79000	-469.0497455690309	-460.6892675846845	-453.9013388397603	-442.04289442715947	-432.24153543128534	-410.9203352672197	-400.27708096934043	-390.1027307797827	-387.8551162736368	-384.8962931809411	-386.5320273675232	-433.12673005872233	-553.1171785900087	-370.1095073339611	-1179.0031363116645	-6416.115871993826	-10138.276542567115
79000	-400.287831379153	-391.62372522325524	-384.8634581041545	-372.7980729833887	-362.8896250984473	-340.73170847851503	-329.3792728389129	-319.13927892818845	-314.9109355386735	-315.36951437008656	-310.83815108117113	-343.5480146347479	-425.46677700529466	-300.95854606071975	-939.5405430887284	-6020.9257998675375	-9808.704203801004
79000	-434.0936340802479	-425.4489899550205	-418.79575964839256	-406.6141678892941	-396.7325624690746	-375.71369250967626	-363.50328626666305	-352.6431743327041	-349.0764061010136	-349.52771241795097	-343.87135484484395	-373.22815267301957	-466.57791866217275	-336.0042466304096	-1033.2805093026582	-5704.47512860735	-9389.349054260427
79000	-427.4433379414493	-419.25477804628514	-411.09897569643334	-400.3249727731352	-389.8671588662332	-368.12703294637555	-356.7368716636707	-347.23005298029534	-344.19864219077994	-342.61420151224473	-340.39586643747197	-378.46423236617676	-473.970552664425	-329.1457079740718	-1016.0739407665534	-6131.62930413661	-9864.953482626253
79000	-453.63627800291385	-445.38950728853143	-437.57715425561327	-425.90218584984916	-416.9975948798639	-395.022883755614	-383.92390751138066	-373.663433280787	-371.21245139106685	-369.94729195622114	-367.1478708056947	-406.10005357219376	-506.21600007407784	-357.6537601546282	-1107.8907932829463	-5912.399294795334	-9615.89180465857
79000	-418.4747960079303	-409.8580612540608	-402.8766397295389	-391.13279274895444	-380.7225145641144	-359.08431006134134	-347.69109793086614	-338.5906106850773	-335.6368315759962	-333.2704932912968	-331.0770338425209	-371.62606421159427	-473.0551725403379	-323.85183914296783	-1028.5399768885018	-6017.793349159107	-10000.252948890422
79000	-450.0290754623923	-441.6122573258005	-434.2595563707361	-422.21948854183233	-412.5383809332488	-390.58217196305816	-379.63341699627944	-369.441793115289	-364.86862193915044	-364.89021805538925	-359.9807340929739	-397.3212639164843	-497.53802486795206	-353.09158362475824	-1065.6925557910006	-5932.666490742716	-9582.176808242803
79000	-433.4821535587997	-425.3451183413456	-417.58511589159224	-405.83542036076847	-395.42106758107894	-373.9263373155572	-363.30883814265786	-352.75067177345323	-348.3697233629631	-347.8274005580875	-342.96016082602694	-373.95827259700906	-459.97961012245173	-333.6363553806905	-1022.0293281732418	-5848.826569957165	-9454.307576934863
79000	-405.4667399192575	-396.6454278491967	-389.8981611808045	-377.87963529923934	-367.36098252662157	-346.34428035804206	-334.51238733672227	-323.41718630314404	-318.82129643188944	-320.14514630630345	-312.89875661117065	-337.96701538796276	-423.7993062926202	-307.94768533178654	-906.318179028042	-5593.0579709967715	-9336.34083658823
79000	-463.9223046014792	-455.92616262580555	-448.2839911768289	-436.7373391937492	-426.5752800748522	-405.74191485322865	-394.065949061676	-383.80027185874917	-382.2130527636784	-379.6999440419703	-378.481955517671	-419.07475620929574	-530.8841811749168	-368.72871168027035	-1178.7845792267237	-6244.651554714028	-9923.91792110415
79000	-391.4457391362465	-383.6315081087118	-375.7690100307054	-364.14946819386853	-353.7052142370186	-332.6939979096394	-320.38811424712526	-309.27741726386165	-304.851751047664	-306.71736124632514	-298.6243566167385	-321.33530076244574	-399.0758969766618	-292.2513051264678	-889.9407218499887	-5528.374716192209	-9226.206153918247
79000	-414.1883168842255	-406.2231409120063	-399.67275184665385	-387.2825121972011	-376.7672758239888	-355.1976330820744	-343.8622234609652	-333.7483790923417	-329.7460187867852	-329.7831834788101	-325.85265080279015	-358.0075641354527	-443.4578612808156	-313.95820901777336	-995.8059927889555	-6021.107423435167	-9832.778837308662
79000	-480.67591727377834	-471.8937795293462	-465.19009899446365	-453.3614096016323	-443.2277849446277	-422.1968278970569	-410.1194492226984	-399.7689156558639	-396.0958020087238	-396.2411135605511	-391.70508348947726	-426.8850636966954	-535.935883122544	-385.0184640343409	-1157.3675515777109	-5844.732318476384	-9442.234289572878
79000	-430.504957739982	-422.00429722411894	-414.9749194273108	-402.3516358341931	-393.0056816485514	-371.65057380363993	-359.2858536378702	-348.3320106987401	-344.62084683071726	-345.9168593356655	-338.68827641411195	-365.3606300569851	-448.12420703656886	-332.5874729970625	-976.9660487192687	-5667.132462179827	-9359.874145015514
79000	-449.1369062379846	-440.88765111502727	-433.0043193454217	-421.9659069844905	-411.7463994051797	-390.51213490599446	-378.80040631223574	-369.23221455292764	-365.08077455900394	-365.2460166795722	-361.3411483627043	-398.4775902774647	-499.20311231007116	-351.91620836706403	-1086.681107776131	-5964.452580278418	-9649.187335455348
79000	-431.438667723229	-423.6367492252016	-416.35263848339827	-404.36879586029033	-394.38366979694104	-372.30961111454036	-360.380996869532	-351.07432601785257	-346.6163067235727	-347.097143468153	-341.77273638499094	-371.16791759042883	-452.6373148610945	-331.7907119136973	-1006.9459475373206	-5918.589810135857	-9690.121243694875
79000	-469.5359648744711	-461.6731906571838	-454.37764267655183	-442.21281163644494	-432.5524947343335	-410.6592369514695	-399.5277225467413	-390.2967211102638	-386.2961234143541	-384.84103108227947	-383.80166563499205	-425.08072830401034	-523.5311459924077	-369.82691229382766	-1186.402479374507	-6334.558075804691	-9970.408262728724
79000	-462.3473187296024	-453.2408168557147	-446.2404805693628	-434.28489888570596	-424.88488659645844	-402.9725946831245	-391.7828595082983	-382.2459763949209	-379.4564799650611	-378.25617827856036	-375.661082064722	-417.4352486935302	-530.3127912433001	-363.35623641150954	-1170.8728261197111	-6081.566359003612	-9860.956298882465
79000	-399.4104565687156	-391.19506883315114	-384.1182491186136	-372.10174234562	-361.94847259900575	-340.51151686276296	-329.1667550517021	-318.76538599605266	-313.819689223765	-315.024686044554	-310.56103285747275	-343.0745679287874	-438.11679146124976	-301.1868056248531	-931.4536233417286	-5816.161404006093	-9667.522893481855
79000	-462.1179032881067	-453.85869103454974	-446.3659513131144	-434.8662521710273	-424.58649989685307	-403.6706328155132	-392.72811489565714	-383.19500598472627	-379.79361631812634	-377.95412623030586	-377.7856470423878	-419.62126076323534	-522.6127584675337	-362.4199586360605	-1168.1443096275746	-6218.170551418342	-9927.784977267225
79000	-462.0999087609702	-453.05756182804214	-445.6629040102512	-434.06227678005166	-425.014560601396	-403.5476825986312	-390.8370468199561	-383.3253494293045	-380.9856615172114	-377.30066647706724	-378.8812614173716	-426.20419914891283	-541.4794619554526	-366.64296235529383	-1143.1722274767271	-6216.2954537022315	-10111.101514604929
79000	-399.5400275354779	-390.9624042243601	-383.23955463823114	-371.10811736491587	-361.22979607558284	-340.12897597062096	-327.56866336389396	-317.71928063458313	-313.45958336631617	-314.03385757664824	-308.8441736097063	-339.682207522124	-419.3450268148206	-300.1519645984234	-909.7990711086703	-5985.3579598642655	-9775.469675703103
79000	-464.14150095668265	-455.07613711053517	-448.2947838414654	-436.7476177922447	-426.97665606686843	-405.2889766811698	-393.0163405342348	-385.69326689352783	-383.379773082146	-379.3025076717584	-382.45319510929204	-431.3294963063968	-545.6726829907979	-365.31439482404596	-1179.3669979854403	-6292.887202250256	-10244.532471662355
79000	-457.15571939939014	-448.81538900408333	-440.95729328657006	-429.96140356326634	-419.2727399261026	-398.13794064050086	-386.63958935537045	-378.226428803519	-375.66706505469887	-372.39542534188865	-374.07209995928855	-420.6104746575341	-526.8372365254743	-356.7017269255232	-1173.562321676851	-6658.463996545365	-10594.903875750088
79000	-421.2865100082159	-412.59133463968556	-405.46483125004596	-393.46831768238974	-383.7980062250394	-362.01829188885813	-350.3229697420774	-339.80664461728884	-337.310386951847	-336.38137664369475	-332.5145891967781	-367.76776014716495	-458.16985999777637	-321.06556816349894	-1022.4565309107286	-5850.06572285177	-9657.319198788906
79000	-489.48632624836415	-480.23104226473157	-473.48317841396914	-462.3016817988538	-452.12180652909194	-431.0723034951756	-420.006267763146	-411.26359446299574	-408.5667945850252	-405.35702708246345	-407.47316439413265	-459.7921468026993	-585.463377401912	-393.3325941083527	-1250.5282269462584	-6381.542923762464	-10216.093221014584
79000	-442.0226409909043	-433.66964084812395	-426.4593001722022	-414.8843113893274	-404.2929171630419	-383.24925979021685	-371.6031498971899	-362.8794812528143	-359.20266781897016	-357.98369315357473	-357.32455661541496	-398.4231701136527	-505.81710450411106	-343.538709401849	-1105.8383277470123	-6117.175137155848	-9940.373792808936
79000	-433.50869847376566	-425.26667221875215	-417.5038245111219	-405.1562719055363	-395.9523177075723	-374.12941119883413	-362.1885487331871	-351.8308867742247	-347.33754354024956	-348.4762294438232	-341.5729181422877	-370.63299531906296	-460.2633467798101	-334.6257851369777	-997.0405650814845	-5795.604370129306	-9493.770817630273
79000	-452.59344264428745	-444.2636528870347	-437.5095724277102	-424.7805497058815	-415.50823802451083	-394.295265081065	-382.596783102888	-374.20534294814814	-371.5758105742554	-368.48556460072666	-369.14399466011787	-417.84216093785335	-526.9775764699083	-355.48105446351514	-1164.0491374148098	-6271.3217400690755	-10347.319498526065
79000	-473.19962613977805	-466.38832429814397	-458.9098490345354	-446.7282064940937	-437.34654055825786	-415.7433288695939	-404.73635040740305	-395.80819254192	-391.57415833580535	-389.68924832012215	-388.9997775834438	-432.9371461214855	-537.7034565544657	-375.9722696372159	-1194.4718123300522	-6207.071754907535	-9953.658705616574
79000	-462.05108322958057	-453.3556497391978	-446.5477469204811	-434.9132647971944	-424.90113909162295	-403.4305689020008	-392.0462744909894	-382.0765003281842	-378.04806846878336	-377.60758322103084	-375.444511365707	-414.3047783519653	-507.9203848774183	-363.2145577031496	-1140.23619431435	-6205.955197801688	-9909.056082326386
79000	-405.7117982318789	-397.21729430644854	-390.6448833617788	-377.67924529978234	-368.13096493690847	-346.45727640488235	-333.9038150345533	-322.2298800917645	-317.1806695657032	-320.37614580823487	-308.5878535557781	-326.8441102337527	-395.5354787433835	-307.25755427695947	-842.6887338884858	-5433.818182736858	-8833.469493474726
79000	-458.3713785692222	-449.9574235352535	-442.9069991706344	-430.52805305780043	-421.1544288230334	-399.3816730760079	-387.56949165428597	-378.1988651063254	-375.5978277972779	-373.2445724808263	-372.25756659384786	-413.02059546906065	-512.2967809974267	-357.6661921391459	-1156.7423464165408	-6376.533727057892	-10086.737089677152
79000	-435.1587657880275	-426.08037989286623	-419.43143955594934	-407.0189323696684	-397.21736835867165	-375.70892820272	-364.2553036997031	-354.6084186231834	-351.646450658317	-350.1158573108196	-348.84631874673767	-390.46080272699504	-493.27766769079227	-337.35062219976663	-1046.7926587615646	-6346.540160124396	-10232.86785100965
79000	-422.05417244573806	-414.4199650025874	-407.3929862391814	-395.08362165335666	-385.3013640334943	-363.8396285064634	-353.41597654648706	-341.6236260119848	-338.00837818790006	-338.19904776333215	-335.70925782187743	-373.9605380718166	-466.9811515140444	-324.6708447124066	-1004.8207169907686	-5904.528409793739	-9716.790370613726
79000	-425.49341829819207	-417.7381797537087	-410.2593960618464	-397.7623114837065	-388.13158498470375	-366.9422846035563	-354.9997674552584	-345.40246070687135	-341.8526239248964	-341.11408017740365	-337.232005098424	-372.0753731616548	-471.826166735453	-327.86042631568	-1016.3180941256622	-5998.138812692265	-9692.088848987803
79000	-418.5393910772304	-410.21569649466073	-402.92011729808456	-391.44112444806194	-381.4535651701336	-359.60616183073466	-347.7468153161871	-337.25375562816185	-331.8335452992604	-333.8046185580905	-326.8151702811905	-353.5959100429113	-445.9772024218763	-322.7229045216071	-920.2774236048404	-5602.373467436563	-9130.022418817163
79000	-400.4551450844497	-392.22654002062166	-385.2254243085601	-373.2751195515335	-363.4752949857385	-341.4244172412755	-329.39821980323495	-318.1312749233327	-313.64715935754754	-315.80342398087885	-307.11537052640153	-330.4095890356519	-406.0039876588807	-303.2999122197191	-860.6909187725247	-5520.6646040875185	-9140.200670389944
79000	-471.70077895185074	-463.914980059331	-457.4620562471741	-444.86050472800844	-434.5921302882006	-413.65205312751857	-403.11707642073577	-392.8728010651013	-390.7910098397867	-387.75062990075025	-388.88808943578306	-433.4147523389051	-546.9372447803878	-374.51706085329846	-1178.2887017560965	-6210.835187016068	-9949.136899557083
79000	-420.4077371293631	-411.8421445674587	-404.8216792124892	-393.02799615186063	-382.93877444549815	-360.81296000281395	-349.4668699444214	-339.824910856008	-335.7527836696425	-335.34316833508416	-330.87927321090547	-366.13853281599603	-449.9267267514249	-320.52392241858666	-1028.131193392603	-6120.447613171894	-9875.232952696653
79000	-453.39860316124185	-444.42092224575447	-437.1706918177695	-425.5678454028571	-415.59660896322714	-394.2194727911495	-382.9058221260472	-373.52180491945495	-371.37460200180607	-368.2847756647313	-367.4818714688788	-410.409239044057	-529.66374375962	-356.39876813179876	-1109.2442114724297	-6134.879056966644	-9903.328787849941
79000	-403.1362399839594	-394.4486905448893	-387.3495261811316	-375.1556585447996	-364.9605314205909	-343.88858146913225	-331.5716180060483	-320.95983079425406	-316.92980702083986	-317.6799904103904	-311.8688993483214	-339.83883607268416	-418.42078034344195	-303.5871420005931	-946.4190493103861	-5676.016213167376	-9522.691595569331
79000	-426.995039255012	-418.00271926536277	-410.96747510466645	-399.1777249245507	-389.6409812834793	-367.53295657856773	-356.7039088848604	-346.62207651667876	-344.0939473808219	-342.36967323905	-341.2780209138794	-381.09030795040763	-479.97506098957996	-329.75959829636184	-1039.0442051711486	-6180.4778456318045	-10054.296206053194
79000	-453.0177992060789	-444.8240132347793	-436.7250832438055	-425.32438638200097	-415.3339252586505	-393.4058708449107	-383.12636673044153	-372.85384084293116	-368.93272124996747	-368.19999378507856	-365.92604520739036	-406.60974821437765	-508.7998209400365	-351.9588328678104	-1124.8622858734288	-6322.131087646486	-10112.487890507455
79000	-422.6122909185979	-413.8243154077333	-407.6380296936324	-395.33561957685527	-385.6679642633564	-364.2029640458522	-352.01150148494804	-342.4010309918259	-338.9981204765336	-337.722456567921	-336.7904461447504	-376.52762663805254	-472.6095031214941	-323.9598795062602	-1021.8101923744227	-6176.596334093464	-10070.304439943144
79000	-429.4139873605898	-421.271306384361	-413.3422538075203	-401.5098624517434	-392.35477515002725	-370.6430840662945	-359.47756472764127	-349.5486681500661	-346.29985466644024	-344.47825899361413	-343.73628649193154	-384.7293701209057	-481.2044810818721	-331.3030480573631	-1059.0177617085226	-6260.361390111031	-10022.27690088337
79000	-447.61781636768376	-439.9015040541787	-432.58953142733054	-420.4887447872635	-410.5762015526025	-389.23080442978335	-377.8690697130962	-367.5932189221599	-364.1195575023752	-363.4552597568261	-359.4967586504663	-391.88889582190166	-483.3399114605328	-349.16886421037447	-1060.6628553402795	-5924.388948683154	-9425.886756034251
79000	-438.1485806001556	-430.0126700523885	-422.4836792360347	-410.24081369788985	-401.7728527158562	-379.7028500588196	-367.7618348146131	-358.29154835015294	-353.4765148098549	-353.62029236765284	-348.1387135359833	-381.3816945002935	-478.76219512611624	-340.5923079178881	-1034.4673825585999	-5749.852208064109	-9396.168580419391
79000	-425.26444857324907	-416.88891180226193	-408.67639579596204	-397.42115146532853	-387.4449566218593	-366.19920272647374	-354.1863241966659	-343.53575002394547	-339.27760751628995	-340.3494446078839	-335.29190933976207	-367.14516662696326	-453.43753574284483	-326.4672763100715	-968.8872144210662	-5988.739540487951	-9626.42799905595
79000	-452.69564306955664	-443.6019794885595	-436.92129896291925	-425.03429659075755	-415.596192899125	-393.72390716888674	-382.43353084331187	-371.69444986210874	-368.33801768204665	-368.06518499377	-365.06162025757124	-400.51396546267273	-495.62628264131627	-352.62805941327895	-1120.305509839198	-5837.73797527304	-9627.531496559168
79000	-424.28507580388606	-416.22523194654957	-408.75516750068454	-396.895783395781	-386.79515061647515	-365.11115025720795	-353.4561965704568	-343.15527564670674	-340.27790374424234	-339.4394562404553	-337.22895020805464	-374.9977505671156	-471.96510560605867	-326.711583694149	-1023.089788025154	-6156.007548369464	-9959.793953175758
79000	-480.78816773644445	-472.7641308289976	-465.38446078101316	-453.04990524237405	-444.1744847444764	-422.3132805833544	-411.6417355366841	-400.601998780524	-395.86550412580374	-396.8811689922598	-391.1708755475699	-423.6240037146608	-521.629553509584	-382.4967363191741	-1126.4210022046204	-5866.269872679512	-9435.4606072398
79000	-433.9499163923156	-425.01313736895634	-417.75694871663796	-406.4423239749017	-395.974051314182	-374.7558118532781	-362.6167500387405	-352.57022154058757	-348.8239201179389	-349.07165653151003	-344.73869050717866	-378.50622949467913	-472.78033036792453	-335.4357380862938	-1044.5723831560683	-5973.291536094267	-9764.373546047464
79000	-400.5383219255199	-391.97258798903727	-384.4855689638636	-372.568459691033	-363.02019282266764	-341.0186151406601	-329.0849326972421	-318.0294786863676	-313.3076818005651	-314.6347235379455	-308.04654890757746	-334.8699180137806	-409.1691044553402	-299.1892977850042	-930.9835124338776	-5861.224750992228	-9666.279301824961
79000	-446.7415212937254	-437.2656241394214	-431.09507961204685	-418.98257797023655	-408.8748209704325	-387.62813258288634	-376.648240412774	-366.04114869669377	-361.22795550944477	-362.5839388916337	-357.37409306802954	-390.6624832495419	-488.54682586867796	-349.59577128436354	-1062.5665889685927	-5538.212626873804	-9287.646656806159
79000	-466.4815083673425	-457.9996663395313	-451.4829297848567	-439.24534616200583	-429.62813567944477	-407.90612200144903	-397.3826328949928	-387.8128878707095	-384.7489414854363	-382.0893385479393	-383.28856019183064	-425.43249207538145	-533.228081233721	-370.38011883446745	-1185.191329938724	-6278.742067423537	-10031.972152414128
79000	-439.5211766371013	-431.56728813127665	-423.95848673543065	-412.0909497100556	-402.28215583259293	-380.9741715141552	-369.6954724118885	-360.0346469262225	-355.46090137085343	-355.7200293651923	-352.31810571938047	-390.23091247919103	-490.5948433273811	-340.1691602341467	-1091.0781274704354	-6025.311044704379	-9718.226936595212
79000	-400.8952781332392	-391.89636662745255	-384.97659191351903	-373.24407773569703	-362.94153617395415	-341.26792222422114	-329.151861207655	-318.7070067340864	-315.40179942725905	-315.2898696142001	-309.73294024977184	-339.64962020794013	-423.4654816057888	-300.75733166624394	-933.182149280359	-5813.336164996234	-9557.599352357978
79000	-456.2909112418545	-447.1438418540412	-440.18336846223525	-427.8527536907038	-418.22804248900025	-396.7210940508644	-385.9275153766843	-377.2529305726947	-374.64322818866265	-371.84151806724736	-370.9949248391704	-418.90938822246716	-537.6838715201941	-361.3270060022364	-1148.3203971871992	-6180.566663206674	-10120.333872412648
79000	-418.0236503334077	-409.3303043796801	-402.14353532834065	-390.2290682205527	-380.964989842915	-358.79979740691283	-346.7449300917126	-336.4809122141611	-332.5182283598319	-333.0136924587737	-328.0367958683799	-360.46566856997515	-449.36811477509957	-320.87921276453307	-998.4912720515063	-5914.151430670973	-9695.763021283663
79000	-443.0349280756252	-435.05189792256783	-427.4082913674029	-415.04240734982614	-405.62299065538275	-384.7289093622499	-372.3003312428475	-361.5407892753191	-357.23485352947205	-357.71010604520853	-351.90614149619415	-381.3917962248683	-468.29596844806855	-343.42754654659296	-1065.5397370951857	-5797.962493785849	-9454.92657820137
79000	-463.23154020813	-455.21918339552246	-448.2361806586453	-436.24779947133084	-425.99056408778137	-404.5465082454666	-393.41598768730404	-383.72133642750555	-379.7926795496753	-378.811569837397	-377.2688852650515	-416.89142563068174	-523.270186739605	-363.719514490364	-1143.7669641473278	-6188.04712891307	-9948.32836343637
79000	-410.07596858955213	-401.39958670977126	-394.16408472959057	-382.53835784947285	-372.3026724365227	-350.988534316122	-339.05400375063635	-327.58555816270064	-323.71595592693313	-324.2059253692674	-317.76161606659855	-344.0789845263997	-421.90681501445124	-309.62357229027094	-934.9351904792032	-5651.4794056749415	-9400.673559958683
79000	-436.5554312131382	-428.5171621779123	-421.31518152095356	-409.52949057704586	-399.36932548167107	-377.94084037391696	-365.99101081346333	-355.04147052841165	-350.45958337042913	-351.6608333507177	-343.9150090673202	-372.1270386698806	-465.8334623493252	-339.60259226722286	-984.05608031837	-5730.9853401100545	-9260.120954172759
79000	-429.10643002869773	-421.07481038935987	-414.5061985972222	-402.07302329318713	-391.6253113137162	-370.4209043611586	-358.98876223142156	-348.37466713446594	-344.20260656490484	-345.3895255461026	-338.51834965544526	-367.2446915847492	-457.451433782406	-330.5001060921697	-993.6840665844061	-5646.143681124826	-9432.505680945165
79000	-434.68205345957034	-427.00698188221156	-419.62371578818903	-407.8476884056814	-397.5926011984102	-375.7074184446833	-364.30251573759637	-354.44734046681174	-350.619458234224	-350.129537519905	-345.2282059231441	-376.5912161348611	-465.8705695445469	-337.32878306580477	-1016.6051355804491	-5831.715192784145	-9541.907553076497
79000	-441.8593122874188	-432.9041275563302	-426.2960515421991	-414.32554673873824	-404.4614083083745	-383.49710081708093	-371.62741052444625	-362.503418875518	-359.63535086415766	-356.72368026788007	-356.70684978353415	-397.4596478364313	-495.6102634681194	-342.41614817631717	-1103.1018017405381	-6334.554443696713	-10224.511543201574
79000	-413.3762898727196	-405.4069714791625	-397.3841593407022	-385.9313414676319	-375.3925599451905	-354.14029421120426	-342.0396321243704	-331.8396938295613	-327.33839342444736	-328.1960456407282	-321.2455211647597	-349.00187414793373	-430.89232829923077	-312.8601946070638	-959.7982360566954	-5653.305562402351	-9429.933758964917
79000	-482.62232009931773	-473.16668240995915	-466.1789538092774	-454.0225864513917	-444.8833067809779	-422.91651967337043	-412.60590747233584	-403.57606862648635	-400.0725634500138	-397.9989616132071	-398.68783530074614	-446.2552487589036	-564.4076238704178	-384.07084306203546	-1250.087956240094	-6366.703396715232	-10072.08814958344
79000	-397.27318966104156	-389.3559772312471	-381.4150413012862	-369.6224230571893	-359.65710043234935	-337.94522102920865	-326.1095754060015	-316.14367868182717	-311.7770018079026	-312.22094768802157	-306.9478104222024	-336.6074426522064	-423.4076801355056	-297.54983679732317	-916.7858516733752	-5795.993465684625	-9570.692461167939
79000	-450.7477101175097	-442.80001963191893	-435.32430862142456	-422.8284027129622	-413.8009850485206	-392.54394264372223	-380.9689453385397	-371.30246968944806	-368.71920382640286	-366.3416218623362	-365.85952272828325	-407.2945041272819	-522.5166380100762	-353.65692405063237	-1116.1964748410976	-6197.610862369794	-9971.188734091114
79000	-418.56432133691214	-409.76443962480477	-403.2465751053816	-391.16766266574155	-380.76093019534164	-360.2682143066199	-347.3158799027256	-337.12227679604035	-331.6175678767958	-334.3683545704158	-326.16354739308366	-351.3615780947226	-436.2265889377418	-322.1582952660232	-947.9813922231767	-5642.355225965973	-9229.310209251404
79000	-461.9576383666502	-454.6342115890719	-446.62246492812284	-434.919160216214	-425.30469704701807	-403.0900502954004	-392.7277654664711	-383.3382026492209	-378.18218512108825	-377.82080481213376	-375.8310409529934	-413.4454388583209	-526.3617268543941	-365.71116024490686	-1121.27467831473	-6027.475938440891	-9718.077013796874
79000	-435.8205505047912	-427.9247604898457	-421.18681292287505	-409.32267590691845	-398.76846749225723	-376.9003754833688	-366.2796922578096	-356.4289709112171	-352.9827472100965	-351.70505084785384	-348.9051357684652	-383.33673191916347	-481.84051250522356	-339.82107138851967	-1037.4280623849986	-5908.080433420436	-9706.627871660738
79000	-414.59620324540987	-405.6977133799461	-398.6851707862716	-386.0059067472671	-376.21406544155207	-355.6230735497179	-343.3728089245991	-332.57942664206735	-327.3100729519527	-329.4537140630606	-320.83900447314494	-344.77100039544314	-427.7859245256198	-316.2815212987851	-923.4423033299948	-5577.809064975168	-9275.151976728996
79000	-408.0133914879096	-399.9728468497828	-392.924780167096	-380.4173259778829	-370.44058760089865	-349.59039166114826	-337.201573650449	-326.6249801952611	-322.31581986908714	-323.09738304366596	-317.3712391041165	-347.9854268887997	-431.08671907109806	-309.04308607580947	-949.9207589690219	-5785.023398812216	-9539.526230082982
79000	-393.3115119323996	-384.9171983156072	-377.44637605234715	-365.64038236417514	-355.38185742292995	-334.35081762967303	-321.7390613781218	-310.5290050961405	-305.91088647058206	-308.1938551901751	-300.206241391438	-323.81878898250153	-399.9805591240254	-295.15480362674464	-877.8603558703956	-5730.808977239372	-9389.539462098817
79000	-439.2252147577857	-431.1836585885264	-423.4926356989981	-410.78537817315225	-402.31084204920285	-380.28511890568325	-368.5552461735412	-358.37081199312905	-353.5267286754694	-354.41296124760504	-349.13797742010917	-380.02270953399704	-472.56860755690656	-341.1627088454734	-1036.2732363346572	-5833.698233250989	-9444.492150868977
79000	-399.0614608475416	-390.91644026107275	-383.9111665309044	-371.50916966881493	-361.7055309816311	-339.8927853608146	-328.01122992866107	-316.6786905306512	-311.3606982717083	-314.3396896319318	-304.76004233875085	-324.8328596881481	-395.3852596298608	-300.41057856456905	-884.4995587350887	-5424.750123045153	-9026.149857018454
79000	-400.4075721279999	-392.32590417224765	-384.6402772747328	-373.4274777087635	-363.1970600621019	-341.51417413630577	-329.88037884229817	-319.3779865213245	-314.2765355540572	-315.79230040198894	-308.70722888822786	-336.16326580099627	-417.8317192428262	-301.88221348319615	-916.6587353588731	-5570.5580059309095	-9218.571428330835
79000	-425.34951888292204	-415.7294857436423	-409.1871705704444	-397.3456789400176	-387.99532732459335	-365.7213618578722	-354.8067345028873	-345.98530902218295	-343.47557194068975	-340.2831229001241	-342.64827570052427	-388.302848359485	-488.5377511376419	-326.53304687941323	-1045.5313716889634	-6215.262744262912	-10199.309702633915
79000	-441.4500375524446	-432.6123598111544	-426.20914167991594	-414.7648183766414	-405.05546016144336	-383.045218518805	-371.3429754728474	-360.5609890488308	-356.7615976074779	-356.86153118345993	-353.9784189580665	-386.2883654602306	-489.58449717997206	-344.3227497130883	-1037.9981836310358	-5984.957493084889	-9659.173563976909
79000	-423.3731398237987	-414.4677340119526	-407.5257314828846	-395.2463739673201	-385.0528514991047	-364.2738122272485	-351.5447358662015	-341.530853783033	-337.2028382747276	-337.71451584305015	-331.7595791981151	-361.48860727421845	-450.36345955395535	-323.7045929909978	-1007.0976780844817	-5799.219488555385	-9370.222366356722
79000	-459.3365213753154	-450.8832348320714	-443.3251147561986	-431.9177986244863	-422.06813116761236	-401.05049148930135	-389.1902496903696	-379.6632047624804	-376.208803345529	-375.0236848554163	-373.4646950879899	-413.9202431091709	-513.727629804152	-360.1982191750897	-1101.264572555068	-6047.390848516099	-9859.817539552929
79000	-431.04700251767497	-422.11823900230235	-415.1544295985647	-403.30029545548393	-393.45255768689344	-372.3564260534879	-360.62129245256926	-350.4147575626528	-345.8487846992726	-346.8015189217828	-341.3181192252129	-374.87545810746127	-472.8035742613264	-334.43885988031235	-1010.0669901699604	-5965.762313175631	-9560.654121944086
79000	-422.48763197665954	-413.7097972870084	-406.40417021901413	-394.55800917661213	-384.2374368059319	-363.08744232552203	-351.4338184745313	-340.1172466940368	-336.48729367518854	-337.6952780123088	-330.86327561700705	-359.82323447247546	-446.8900964506204	-323.1668134973091	-979.0611768154433	-5778.706694867545	-9427.264449695122
79000	-445.47578297091565	-437.27816135934535	-429.6794268921952	-418.3217492895442	-408.4186223491513	-386.24007099084395	-375.59755704709494	-365.99253887313057	-363.4211939594788	-361.0298784459842	-362.4230595998941	-406.067566475153	-508.47870699688184	-348.15797261025324	-1116.202903229823	-6331.754957391706	-10156.002753613935
79000	-484.95048710233976	-476.24753628918637	-468.8907444912257	-456.9787564804692	-447.26553758645383	-426.64874593405597	-414.658079735121	-404.68705340023666	-401.3962683219876	-401.01758274129594	-397.5217180130515	-435.6256036510313	-535.8750935291262	-385.5947952356446	-1197.2679072717324	-6128.381819203671	-9711.897080009461
79000	-423.05539805471767	-414.5216844905563	-406.61691535577364	-394.6200244109773	-385.0438908830879	-363.5815495758762	-351.309874996262	-341.2032222222384	-335.905134876216	-338.24471395495107	-330.2508755732505	-355.68690185568863	-434.11216654315325	-325.43691418560127	-971.4618946050526	-5739.9644447142955	-9262.3932627689
79000	-439.67427066606854	-431.6146689909294	-424.78904694036436	-412.338149573172	-402.58771586197054	-381.219565926036	-369.6281122926022	-360.2433903124636	-355.00899481481605	-355.67165884435343	-351.71632300618427	-384.8886613743172	-482.8344289814135	-342.64949507462626	-1012.2956277530616	-5984.271103548087	-9757.563150686323
79000	-448.89099227426425	-440.1895030817162	-433.3014057331306	-421.4391367969964	-411.81274868020125	-389.71775209728787	-379.575181584702	-370.5188117038296	-368.215494792275	-364.30211280273215	-367.4596556819532	-416.38502232878994	-522.1187468322616	-352.74761771592466	-1122.8644028834672	-6621.335114038705	-10447.716443927484
79000	-454.390416036028	-445.7010223552397	-438.6927614658742	-426.757343758375	-416.81124042457964	-395.4590868662082	-384.07778393600773	-372.62103068620024	-368.16432299835765	-369.7041590078386	-361.88742855499976	-390.7745600445231	-475.205224219012	-354.5064209975302	-1068.5992846884935	-5925.667151424344	-9457.708651743062
79000	-436.27582516471267	-427.53736320065104	-420.6022435200586	-408.27138137926545	-398.133515537374	-376.6270477916317	-364.7648428948857	-354.66150167338645	-351.5912579653744	-351.09342700219776	-346.51270455448275	-380.08095699311525	-471.2087591005649	-337.01610131387685	-1034.6299956501089	-5985.165476910092	-9765.628377550769
79000	-445.8374428311027	-437.06136322615714	-430.02080380545823	-417.85358499497613	-408.461267623471	-387.09350307049067	-375.32696095913695	-366.4722309082466	-362.20135230817857	-361.3211204855475	-358.9019898590954	-400.0196099342558	-502.730795801362	-349.3130919520247	-1117.6232761973558	-6053.5781802206175	-9868.188032105296
79000	-478.49256147012096	-470.200141971177	-462.65915445968784	-451.1960445475265	-441.3783329943217	-419.73713200185307	-409.0349374509325	-399.272361682093	-395.81746227433405	-394.4177231959293	-393.30154484181014	-437.6265407992289	-548.999680987689	-382.1957223231355	-1179.7211876290341	-6121.157897168244	-9867.41389285638
79000	-389.88009454848975	-381.2193125852283	-373.93280719800913	-362.19915938742315	-351.77587293735405	-330.3924931731053	-318.5285620119278	-307.8653655716733	-303.35936015467644	-304.4785404104239	-297.47945029621985	-324.5323673013429	-411.0732916687912	-292.20509652562396	-896.161997841928	-5680.313381302549	-9500.16386232619
79000	-462.57855168731305	-453.91401713658286	-446.7752818158969	-435.5965050795712	-425.4582494507641	-403.7846570991415	-392.51927998784237	-383.1834365672673	-379.77002947045406	-378.08547984766324	-377.18014884805746	-420.7776044845395	-525.2155232448115	-364.35121525168387	-1136.7624120352777	-6175.484483852063	-9988.316450503644
79000	-484.2236131738378	-476.680911344795	-468.7705065828099	-456.4022680408714	-447.397973342359	-426.0785397260545	-414.08271453357185	-404.0302320779969	-399.5863397109016	-399.6422485359387	-395.1294389667674	-428.95032590382385	-528.554594928766	-385.0909550950861	-1179.504993260136	-5742.003396910665	-9212.349008032055
79000	-438.71570881038923	-429.5847200722116	-421.6005244020245	-410.36615562138957	-400.75831675989764	-378.78643135877445	-367.01586124836143	-356.84332036614734	-353.60703528298393	-352.7508296493932	-348.14762232875233	-381.7310189966794	-480.1565456493978	-339.6366879174529	-1047.2824883531243	-5935.2873683284715	-9538.034641812768
79000	-412.9445763118538	-404.8567084127266	-397.98080357533655	-385.612650399882	-375.66154281960246	-354.6813519117564	-342.604994622162	-332.3551010401998	-327.9712059646904	-328.7928234492498	-324.6687401086139	-358.1167492189038	-451.6720235624609	-314.61622780959635	-964.807988708145	-5867.361959053602	-9693.506584560557
79000	-408.74598204576404	-400.88424122051487	-393.2731438732613	-381.5077716221515	-371.19094199492815	-349.571256138354	-337.591464060256	-327.46769272484863	-322.5106469235572	-323.8730146256791	-316.5729683178787	-342.58472046487685	-421.55768485067654	-309.53667644551064	-936.7702952143787	-5582.538434568773	-9183.788848296368
79000	-425.27804817711456	-417.0442724473084	-410.2491014622016	-397.50458555576745	-387.7657562689126	-366.6826836207857	-355.1649368878396	-345.36237909949153	-341.6688247534642	-340.6216875246894	-339.2320520096706	-378.5318499814506	-473.08401759134387	-327.196112978894	-1048.6300191368712	-6174.855024814457	-9950.003515705977
79000	-430.82095664946854	-422.15337957536576	-415.2801079542947	-403.2292147336385	-394.3283511272984	-371.7362877002112	-360.62053053095417	-350.76146538999035	-346.6801396298604	-346.34037432541214	-343.3530483846782	-380.9687041986442	-474.85052165716803	-333.0668118849585	-1050.555774388247	-5994.622688688511	-9829.604635785821
79000	-461.7133030133761	-453.3314539692858	-445.5102298541669	-434.5135587256792	-424.40574095435585	-403.4778575477841	-391.31982630517405	-383.3758747535693	-380.0702846786303	-376.76422729096083	-380.35508960337404	-427.70633969302173	-535.8304326643007	-364.3472214224976	-1179.7373265448643	-6454.317145638343	-10382.912795906192
79000	-461.01266086624867	-452.5747136569844	-446.21116493188373	-434.71936093149543	-423.94710751103435	-402.5061442745689	-391.4880809687101	-382.30165919495334	-380.1943544112662	-376.6214161952643	-379.8496640791204	-430.49854975786934	-548.8667745789542	-367.04020420280386	-1178.70798581956	-6336.0618474975	-10279.788025338423
79000	-411.4162793742837	-403.37546158121137	-396.061466267851	-384.2221072379334	-374.0564209795847	-353.1167363786873	-340.583064162957	-330.0518164114239	-326.426702164897	-326.45262575399613	-320.42373115325023	-350.8979054566442	-429.98087656442476	-312.18156062790774	-980.7126065973491	-6069.955153878385	-9698.279481766478
79000	-415.95429967638233	-407.5632533901557	-399.8188334522096	-388.0838978607569	-377.87397147092616	-356.7446060459849	-344.85917261686524	-333.9606579216855	-330.4415817808088	-330.2933721446825	-325.00558549863575	-353.8093102109363	-435.46017632142997	-315.8884584926815	-956.647550855266	-5918.753692159178	-9561.189846037129
79000	-430.20800187051935	-421.7845130979071	-414.79304548774456	-401.8694822094376	-392.26206468768396	-370.9757507024787	-359.12201737278156	-348.7491666661633	-344.10052903694947	-344.3623913005851	-338.8004752835333	-369.3759354632579	-461.1509165466099	-330.47862860003687	-1002.2896739263022	-5742.058169814966	-9386.996674643558
79000	-430.75383731649634	-422.93045673726226	-415.37854106329775	-403.16523909592115	-393.35154870363726	-371.9587092343042	-359.61254524836454	-349.6723341064192	-345.5559896132548	-345.88840341072506	-339.997770040149	-370.0404460467477	-452.6901576606216	-330.45143657120747	-1025.1043973390738	-5845.177326669241	-9584.5092739567
79000	-421.9246271460229	-412.495114189998	-405.85336141651754	-393.7817429096225	-383.5961162695619	-362.7875768854642	-350.6471164643477	-340.88282907317256	-337.1671759751763	-336.63005553742136	-332.4497941943583	-367.2948166330418	-459.6623595321091	-321.0330604554546	-1027.0134864365423	-5888.304823854257	-9736.194112372692
79000	-398.61767897945174	-390.74564603543064	-383.1451595176184	-371.4013578812817	-360.9352685802244	-339.5443380050546	-327.89348718398384	-317.63842997515667	-313.19518669586193	-313.5416061588355	-307.31256385236065	-336.58307503346657	-424.22673733901274	-301.3963696005806	-914.2696819981351	-5743.922316210026	-9501.817974884068
79000	-419.0877136199391	-409.86272704117323	-402.83043226316437	-390.59305033219607	-381.0227212100868	-358.90759625579204	-348.3585048314121	-337.5463399507366	-333.2782294896111	-333.59669169201527	-327.61740925565965	-358.49842851686725	-446.6590975769754	-320.7491389930956	-963.445952707336	-5969.062309693466	-9684.352613001698
79000	-450.51486753232047	-442.34387372734665	-434.5695688141473	-423.612471289332	-413.45996026436876	-391.66378331239486	-380.18861534071766	-369.90188913379063	-366.6303458115506	-366.195594279165	-362.4343230981681	-398.91525367279223	-509.93527371960516	-354.25188409494683	-1076.070085446135	-5910.986056170585	-9547.877549629051
79000	-428.9782083399756	-421.02763562341073	-413.84131154394294	-401.5429969017689	-391.61833359396815	-370.3446002725202	-358.514465411982	-348.6848345537217	-344.5240641901478	-344.3935258185806	-338.6904831539228	-368.4475440134478	-465.41372079086807	-331.51069936884835	-983.2009563517923	-5637.613020779921	-9278.134626487443
79000	-445.67349410448656	-436.61447146461484	-429.9890306680707	-418.08727434469756	-408.6087028968703	-386.9702837891731	-376.0897825470157	-365.44005151825854	-362.4442591600737	-361.6209731649738	-358.43367518861766	-395.4859434185528	-494.9336201282401	-347.41688258643904	-1102.101822948144	-5971.094227218426	-9775.35208434883
79000	-453.54167421135026	-445.22433157559817	-438.01215498922903	-426.45920085447256	-416.87647541481755	-395.02083454227386	-383.9050111745601	-375.109704712887	-372.83695553940106	-369.37655694301475	-371.5969953359982	-421.8548228439093	-535.4487840917378	-355.16293441851525	-1168.221598395667	-6435.41303252132	-10389.302487429213
79000	-410.1384127856623	-401.9796542231877	-394.2185738594622	-382.4505404038397	-372.9656136492815	-351.0760266009113	-339.06194108453394	-329.80980641840404	-326.69170841063357	-324.7207864470899	-324.1168303677903	-361.8785957154717	-454.043855838334	-310.90443067680167	-993.9957861122425	-6165.330853372594	-10119.828853575522
79000	-407.2495987636397	-398.73237656186325	-391.44527447812385	-379.48699387792874	-369.1553369303519	-347.86843732174657	-335.44969832145637	-324.4691381178882	-320.28514517729127	-322.154977950334	-313.98873476335575	-338.82641058204644	-417.9040043419367	-307.3589535744938	-910.0270437802947	-5707.123504197361	-9391.535585893704
79000	-455.3071299494237	-446.0466755532784	-438.91366866216237	-427.50028279444757	-417.4659500572779	-395.86133051521256	-384.1705903789091	-374.40646248346366	-371.80600091490504	-369.9155965567923	-368.07702836875404	-408.7287478072237	-522.7070119252783	-357.5110224538741	-1142.5790008719987	-6141.596209005317	-9858.557233658825
79000	-449.2138158160168	-441.0793386529353	-433.7233412868563	-422.0030432980609	-412.2650529730521	-390.66084971826507	-379.25447754581114	-368.94092690427414	-365.246971537956	-364.92270121248265	-361.5909957681604	-398.1850108540884	-498.1909954666398	-350.04070826365523	-1094.0197899416937	-5931.525407465121	-9664.269690786045
79000	-410.5176400958688	-402.2620598492378	-394.7113423203836	-382.6458873172055	-372.7066312803916	-351.75871861907984	-339.78847855575015	-329.4097510503403	-325.815346970372	-326.40907394748007	-319.85799473072734	-350.6974883651514	-445.55291589390566	-312.50888062607623	-974.9188247645149	-5886.865776135993	-9551.51543499998
79000	-436.16892389360225	-427.70334296828617	-420.60425992937775	-408.74493423256763	-398.35872907847505	-376.96908587870007	-365.2990330845963	-355.2148544553338	-351.4792893785833	-351.5318551388218	-346.8987764007454	-380.4114526400606	-467.8999210396922	-337.22810003915794	-1056.6837424615662	-6065.377782754105	-9646.995565568055
79000	-431.2338342901827	-423.06766981536674	-416.07550213705537	-403.9643846492087	-394.0105733190515	-373.0094178541199	-360.196710457422	-351.0020306512112	-347.0211236729101	-346.2945758575545	-343.98942850300176	-381.7504564014319	-484.8501011085701	-338.50829615826973	-1032.822594692364	-5911.848501298794	-9710.226154055414
79000	-416.48929906967476	-408.02008847011945	-400.76865325475177	-388.8152940544777	-378.8299878586662	-357.61178394716944	-345.58095677659463	-335.0097974376531	-331.5430642121119	-331.6484119756115	-326.420952756766	-359.5367822473783	-444.4390167662591	-317.4610767483997	-985.7392849675057	-5886.654647363181	-9649.644306697386
79000	-472.5347915114215	-464.359959487017	-456.91395905680594	-445.82707436832857	-435.5760990769956	-413.3922128981206	-402.62117697997627	-392.7285858140445	-389.0081981175209	-387.8440567510881	-383.8889526213349	-421.09796085131075	-528.2940104878296	-373.98192541096336	-1168.0818835415744	-5901.278148875121	-9646.332575208993
79000	-454.0890308429447	-445.60759284520736	-438.8158340111008	-426.6651315147217	-417.83216054251204	-395.9365515851272	-384.7492768490033	-375.08411327450375	-371.00653624961166	-370.86853315860026	-368.3432045841093	-407.4340888608285	-515.1502556656625	-356.61796669472955	-1081.8999141603467	-6022.163982420042	-9686.40051426343
79000	-460.1966287671791	-451.34720128429007	-444.5434773088277	-433.17445944153985	-422.53653579632686	-401.84377595964196	-390.56551831938805	-380.48951897021016	-376.45838688863904	-376.3490344845459	-371.61063222428663	-413.05490988112444	-516.2760711075139	-362.2554275348913	-1139.6130377964116	-6133.555116018	-9868.135359584348
79000	-439.5980587168098	-430.81622559296034	-423.68004392099164	-411.55547749718016	-402.2514364423034	-381.1571293571203	-368.8677520218221	-357.29679209223855	-353.0435611086666	-354.367320808925	-347.4616596169147	-374.34182658860567	-465.1755836976827	-340.3669051139999	-1033.0246133478336	-5792.860239010546	-9337.012458098292
79000	-420.5291946771315	-411.9737884696912	-405.32064715540486	-393.3043297889029	-382.78980960944386	-360.93927072531415	-349.11194118950834	-339.1500524920897	-334.67589980962714	-335.86892935875056	-328.8995508255538	-356.44683691875144	-437.2310337269975	-321.62361785659675	-940.6169669604828	-6036.529538405183	-9676.522110753152
79000	-422.8749935955153	-413.87399558018734	-407.23599919741656	-394.7744209664336	-385.49045360419575	-363.69954450518156	-351.6133531876354	-341.84212812698684	-337.4886972040534	-338.1719770149046	-332.7819903928004	-365.66567442438907	-448.211494904502	-324.6723790896579	-992.8298127808306	-6141.317696938838	-9804.76802494163
79000	-440.20966334755326	-431.28125340962697	-424.7530113130388	-413.4133434162161	-402.81295246528845	-381.72368305420554	-370.38358237095497	-359.7906554903866	-357.09512075121415	-356.00581965579255	-352.5141046805315	-387.58769237573574	-486.9504799214257	-343.275823487804	-1056.4362867804023	-6087.706043315909	-9792.096518462764
79000	-425.96834520875746	-418.0983112425913	-410.7983221703359	-398.1122632235574	-388.62192570368677	-367.0609647687618	-355.0746385225887	-345.34642313355255	-340.83872102609433	-341.33125103449817	-337.5808654054992	-372.304017889461	-463.5262710236674	-327.245367882469	-1055.6519860732215	-5876.435366481222	-9705.366571988387
79000	-422.6457112550411	-413.9660641641622	-407.2437102725756	-394.5368052905786	-384.59822309718487	-363.02570919560975	-351.22062133092777	-340.99285512966776	-337.5440704640859	-337.2526912116954	-331.7975585895294	-364.2940582543208	-455.02126767796244	-321.5780693234848	-984.7684052585798	-6045.562742956085	-9827.079110505609
79000	-465.5090972890671	-457.3325447048416	-450.46105911314834	-438.49364976086054	-428.3303937033511	-407.37791499588184	-395.48529310523793	-385.4753056479361	-382.03394425861467	-381.1014679928796	-377.7793417188109	-414.1161844118541	-512.0662471915475	-366.53008100240464	-1129.7932666495858	-5737.971639465169	-9464.55421830151
79000	-452.43107027522734	-444.15355734330103	-437.5806585216887	-425.54226936030034	-416.08744810220924	-394.43996641014587	-382.8551812199252	-373.7888513849738	-371.13622082472784	-368.1099013065486	-368.8188366103054	-411.7475894364837	-522.415531677334	-354.4570545719588	-1148.5633865081097	-6251.9217113172535	-10169.696933491094
79000	-458.7737570931379	-450.4520164673043	-443.06767228733514	-430.910604645846	-422.1479296470746	-399.9700847660999	-388.8635751095865	-378.7540636752961	-376.4324495696887	-374.9705763254804	-374.67375887553465	-418.7125190635025	-527.7010426288359	-359.78526467885234	-1127.362390606828	-6314.196422891566	-10148.767209210142
79000	-452.1350316271856	-444.2712247326796	-437.170175845164	-424.7377071586634	-415.2445889007831	-394.1493673006539	-382.25530038912825	-373.075447145437	-369.21565466338603	-368.207651990439	-365.6916453564705	-403.8983298680183	-508.83315193304645	-352.913444814154	-1104.9291234627926	-6008.992318245756	-9749.140865813684
79000	-415.7495843209783	-407.9289880934825	-399.94622152558946	-388.4727585917153	-377.49449572271055	-356.41827056330015	-344.4518376060948	-333.7404402457669	-329.6986587474711	-331.22276458431776	-324.5684344657792	-350.46886812597876	-431.66784170686356	-316.69648106080143	-948.2760400634324	-5681.978865192554	-9378.197421713656
79000	-409.8768471346352	-401.37756719681323	-394.0521475454655	-382.2959452206545	-371.8491453359541	-350.63644799191655	-338.2318715621339	-328.7146256018602	-324.46747938759154	-324.36764814525424	-319.95797061698437	-351.844202521598	-433.0827365540702	-310.70643035729955	-935.0445717078823	-5918.491579015853	-9699.798519971264
79000	-456.8598216651701	-447.79258384435246	-441.04640780762753	-429.507654097784	-419.3145332980282	-398.81095568533806	-387.27967978445633	-377.2963403346753	-374.42124590926375	-372.5648608887698	-371.82563330018013	-415.56645954201804	-532.4966528180419	-360.09090070096596	-1149.9111432705292	-6335.418472061497	-10076.652007521765
79000	-440.6411145221095	-432.53740625731336	-424.6704740259618	-413.0917283189584	-403.68542136562047	-381.8561998991578	-369.5661064430385	-358.3354712441513	-354.06628973844204	-356.5973449724794	-347.9112604966251	-372.2659894987229	-457.37406215976375	-340.58527816950584	-982.8117986066111	-5563.868917348016	-9116.424168908023
79000	-485.6377734005448	-477.8639854121856	-470.5027496722384	-459.0037739313477	-448.6493645593294	-427.51654124328246	-416.0530163836226	-407.4655871454472	-405.2662418235033	-401.4477379982315	-403.6809637372206	-452.7581351786869	-571.9877300349724	-389.0334571654124	-1236.497260975769	-6371.404144518006	-10231.924705807247
79000	-426.4712910599184	-418.5572989921289	-411.4754668779381	-399.0894430228509	-389.32921796338394	-367.63206947903825	-356.87915723436487	-345.80304919304683	-340.79683238401446	-341.8804299965034	-336.3127463834205	-366.7474560678822	-462.84742310206883	-329.4894381859031	-980.9818658147163	-5639.011186731434	-9258.235342957736
79000	-419.9576347342021	-410.8162714103208	-403.6617026672249	-391.13267012387416	-381.98460558875684	-360.5313029035378	-348.68040499499193	-337.55522282031916	-332.5288525335277	-334.82196610719785	-326.21415158637416	-348.4865916196873	-435.26357998862585	-320.6188471709993	-977.4575411987872	-5503.829224027594	-9033.178360461749
79000	-415.4188575580169	-407.4261294924165	-400.42657148940845	-387.90675914647534	-378.241425295452	-356.5081038360938	-344.39568177259497	-334.8426929243743	-330.4715699533658	-330.88010650167786	-326.49566574510914	-359.54965348857246	-445.0286195048718	-314.92557493973527	-993.8249334986372	-6111.036252749588	-9920.946954003404
79000	-431.1750388690296	-422.18355510938426	-415.1038910585798	-403.5619860934414	-393.7379661032403	-372.41020141927976	-360.57147429925243	-350.78595069513165	-347.43439167047546	-346.64960938387577	-344.883009716754	-382.5427926172039	-494.3755052881033	-336.8268593642674	-1025.182948232563	-6058.84803419883	-9863.964653727158
79000	-437.5484107129213	-429.56290843713964	-422.35072519573765	-410.52754300756123	-400.06683788217737	-378.9356151721311	-367.2015530920643	-357.9593118714219	-355.17731026459063	-353.20084800954817	-351.55210879334163	-391.11022654374216	-497.1870050505118	-339.13102012504856	-1061.6254841309376	-6070.220978573377	-9885.814826719508
79000	-437.846646096709	-430.2552851410383	-422.9574585548136	-410.59745748971795	-401.0916532720464	-379.5117560316937	-368.1041255813385	-357.60443868168153	-354.0069804087086	-353.92070842536134	-348.4530271344552	-379.429041931317	-468.7085225822649	-339.70902545117497	-1013.2333298452912	-5811.078571270833	-9557.32813857011
79000	-447.4023765966021	-439.48301975049463	-432.7426513224729	-419.66719438373036	-410.5437879498016	-388.5403540579591	-377.353043012161	-366.1720731624401	-362.4183797439152	-363.1916553478035	-357.15377818271224	-386.1860494721074	-475.0037358364717	-347.742205945292	-1086.5211345210123	-5742.804076572007	-9312.431136392635
79000	-422.0000202119564	-414.00260506929567	-406.6585113666144	-394.7783681089653	-384.82554031499126	-362.97837124877714	-351.32585774121856	-342.0817227608486	-339.4050333702689	-336.75459378266294	-336.35370017127724	-375.16460607775747	-466.1607636047604	-322.85954217474637	-1035.7993435394555	-6140.359000425269	-9984.480520619458
79000	-454.6456943600667	-445.71996640583114	-438.82264972683726	-427.32015645173624	-417.10439675804184	-395.0548507329932	-383.81021788662514	-374.35670032232235	-370.544186144398	-370.17916946519466	-367.67843930786563	-406.28701901205045	-503.3016693624901	-357.4489702724317	-1106.9049519489804	-5954.939633610338	-9804.823642390938
79000	-431.98097755510975	-423.6279825107648	-416.36620641396104	-405.66120347612605	-395.2836581758228	-373.7570664072158	-362.66323475982193	-352.466868539232	-348.90903712197445	-347.72539676809555	-345.26527352516615	-386.39883830704326	-498.61828365131225	-336.9254301390717	-1047.5936682408167	-5967.673821766093	-9794.343504882607
79000	-414.289172739819	-405.82837577281754	-399.0763795955358	-386.590455962011	-377.0012115012613	-355.64587373576904	-344.2120915047557	-334.2070317266914	-331.5648280147503	-330.2216709710736	-326.14967486361445	-362.15876822989213	-456.56820562419506	-319.4716865422826	-978.8305455071494	-5723.319264875732	-9458.189037987493
79000	-394.9046699034797	-386.187250795297	-379.09427698462986	-366.63816265898265	-356.26856277917636	-335.393842001234	-323.1516682608298	-313.28093403159033	-309.4517409769258	-309.3382797980064	-304.2066506819241	-334.33076040325756	-419.5507258040375	-296.29507447669636	-906.2342753870676	-5918.546983153949	-9689.741401963365
79000	-416.62000942193885	-408.0837601742623	-400.99389528227886	-389.2425100584146	-379.7374152491409	-358.0866371607537	-345.9638076499021	-336.3807723743114	-332.5427686795649	-332.94614594332273	-328.861498590858	-361.49907081737746	-457.47865470480775	-318.04709363960546	-964.8503827071341	-5755.028183991846	-9551.897129671728
79000	-451.52265150180966	-443.48481808672966	-436.59731766043586	-424.44533061253946	-414.39927354243133	-392.7598785354979	-381.5001759208033	-370.8811565834271	-367.2039284534883	-366.8689327062086	-363.1170904999896	-396.1653185728059	-496.35048786543666	-352.84087384895025	-1103.844211032817	-5878.760910050105	-9616.803080593174
79000	-418.89168781103723	-410.8763652178028	-403.46726492268414	-391.3466581482488	-381.1414850834406	-360.1119718457029	-348.6702985642192	-338.30511532221885	-334.99842377955696	-334.42538743341555	-330.9150320558617	-367.7833662642816	-471.37224069011233	-322.21124045363257	-1027.7784667058984	-6049.627868141786	-9840.008368035717
79000	-430.3487956150361	-421.5572325490209	-415.1724933053916	-401.70034024645895	-392.747425815715	-370.66820198721007	-359.2885175477318	-348.9464494234034	-345.7024781452145	-345.24530393073826	-340.3961873485784	-373.6711572661037	-461.6011783452578	-329.94502012964983	-1033.9719333883086	-5874.051838592117	-9600.640728582686
79000	-438.2882036744609	-430.3452320070126	-422.80042335859497	-410.8144047415127	-400.8681054334824	-379.57040430576086	-367.64624081004536	-357.8955265664942	-354.313801421932	-353.52461318706344	-349.8129371384775	-385.6793525292365	-475.4709090346487	-339.06755894766764	-1044.5070167307772	-5893.07929440154	-9677.367357892734
79000	-464.493922247154	-455.60104975664154	-448.5791225451962	-436.6416882129578	-428.1215822691706	-405.5985155561816	-393.71904208255825	-384.10069781862506	-381.4911209620306	-380.04240037123253	-376.5461719996141	-415.8529753679057	-516.2011689956767	-365.3994932450462	-1171.8598628693285	-5881.565651610957	-9737.016406461891
79000	-444.7015392189651	-435.2672999864923	-428.35822454110354	-416.2223248052635	-406.7745094686886	-384.7915827388184	-373.8888124679284	-364.77726207297553	-361.55243968679525	-359.25579155378574	-358.5647327524231	-402.85894735042933	-515.6032480623388	-348.2833914367708	-1097.4013863353262	-6226.0085694960835	-10056.043549142076
79000	-461.5705651661587	-453.1029538459691	-445.90105881997516	-432.98763678312184	-425.2896860184232	-402.6770005426254	-391.6865864265252	-381.039516198079	-377.8538491009858	-377.26965557491724	-374.23551109850155	-411.73416262733446	-508.8728179691159	-361.6966396632403	-1149.4141438709921	-6086.460620075528	-9731.48367439435
79000	-452.53210253036696	-444.2457791492351	-436.12156394652385	-425.53878255352606	-414.72868802025084	-393.5380338186569	-382.51204922554984	-373.64325142630656	-369.6416616239532	-367.59086404177015	-366.4375153933173	-409.672751685998	-510.70437340182474	-354.29608366800676	-1117.7371123004432	-6150.1103884479535	-9875.808243499116
79000	-445.27719041013694	-436.7688684802024	-429.47038811347267	-417.32697917455516	-407.8700605781083	-385.77389541333116	-373.9604351005798	-364.41446774591583	-360.73642682938504	-360.1224322651005	-356.91997068855386	-391.093652799889	-487.4663766251732	-345.5041508703902	-1084.37505482349	-6066.041696502266	-9936.880109386775
79000	-437.58835758533695	-428.79096449818877	-421.54959206210066	-409.8497604196514	-400.21110605515	-378.2533879332061	-366.3254848414318	-357.89741293545455	-354.70142841249043	-352.42584753867226	-351.66226747810333	-392.3290625057884	-487.2481901753454	-337.42707523752125	-1099.2371818871643	-6176.484407768031	-10034.840531797487
79000	-437.97560560377497	-428.94212778419524	-422.14780987045464	-410.0970127116723	-400.5854613261253	-378.6336584580736	-366.73673278845325	-357.47240525310065	-353.86741468276205	-353.30944064267055	-351.69391849502	-392.3318056703558	-490.1333935140245	-338.4426726358736	-1084.4695637691764	-6042.933580036126	-9826.608447028157
79000	-418.83268494778804	-410.6860428843296	-403.298840112017	-390.8594781178274	-380.7431483442066	-360.33780887177	-347.1403513732059	-336.5633836110862	-331.8353756749382	-334.09462817248385	-324.85999125431226	-345.23347212183364	-420.46379427976	-318.5884672047501	-929.3577850883452	-5607.563073341087	-9046.420296579676
79000	-426.60072608597926	-418.12721814583364	-411.73681520004953	-399.54607296065967	-388.7868912800406	-367.9601422235413	-355.4404490180538	-345.9266958862516	-341.85015212671976	-341.8513981923192	-338.3065731423831	-374.2274009462887	-469.5123815267849	-329.0450305163972	-1047.3658273061294	-6050.342170862155	-9853.467475210724
79000	-444.454180879355	-437.0866406190042	-429.1751497917857	-416.98833384419333	-407.5748045024475	-385.630054836719	-373.91645523952894	-363.84568883682897	-360.54021445666905	-360.1124980673417	-356.8094380882087	-391.37969511132104	-490.8142746925224	-347.5477525302243	-1088.6771907754978	-6061.040757785512	-9757.90503025427
79000	-450.2925095997594	-442.27068939272823	-434.17665982606144	-423.280396928253	-413.0240008788197	-391.2756817381923	-380.01738729509907	-370.52093800583833	-366.8391603343059	-365.7981202712637	-364.18796896961965	-402.92747135160494	-502.04213484949946	-350.6033037751846	-1113.8760975771092	-6140.715155044588	-9912.531787654741
79000	-433.1108644852062	-424.4121753401954	-417.80941202052026	-405.4734152717971	-395.83097170168827	-373.7839136086819	-362.23981087929775	-352.9066422585307	-350.61878363313434	-348.50545542215883	-347.8330128986886	-389.1100478684406	-483.0023467970351	-333.24217127442097	-1088.5418487333682	-6364.092612937938	-10193.139178664378
79000	-441.7652054450838	-433.95603254721544	-426.7942392605018	-415.7024063269597	-404.9087342644007	-384.12867405932457	-372.1197898164341	-362.61140054316206	-359.04509333395873	-358.0052484568791	-354.2992210502414	-391.3724357031924	-489.4740244065857	-344.3142501987552	-1061.849698886446	-5988.626025777788	-9758.558220900564
79000	-449.92088876493125	-442.48388253770486	-434.9320198575993	-423.05112578256626	-413.73571290016463	-392.03306634188544	-380.1282043971974	-370.42404818321563	-367.46686216442424	-366.132441897031	-364.1897556774376	-406.4821607425512	-509.0986040985639	-351.1862333007904	-1129.443661724603	-6187.889039496575	-9913.811008488108
79000	-435.8670872717128	-426.55529412503677	-420.1908440199813	-408.0885225385772	-398.83604164167093	-376.8795660852477	-365.20626863674295	-355.76412678139616	-351.86970386126484	-351.70583645375024	-348.3932970582663	-384.2734664688525	-483.6655450986936	-337.56346921579734	-1068.2057907036474	-5880.781460188113	-9674.141535071387
79000	-445.8797010498078	-437.4117762501546	-429.6122885443671	-418.3783069482839	-409.0360536025973	-387.33980148160555	-374.8487319609456	-365.52732261339304	-361.8628902710437	-361.4123579686371	-356.91738277567356	-392.5408313173178	-491.2235960829942	-348.156878321107	-1082.954185576376	-5934.842510764164	-9619.465556956378
79000	-450.41462756877223	-442.2361971764857	-434.83765681193626	-422.56611844864665	-412.4464570801732	-391.7841166344577	-379.1109078391055	-368.601522525016	-364.0503239396614	-365.5793767307124	-357.9132779290067	-384.7377391251586	-469.0484601487497	-350.37642496470403	-1043.5263059721644	-5591.601210805381	-9126.25007922114
79000	-445.01803333280543	-436.7801822087396	-429.61147700793384	-418.0941515576957	-408.38620314007613	-386.56309141459474	-374.5961790177657	-366.1324257382034	-363.06381637675213	-360.5473792067926	-360.60748687507186	-405.58549480184223	-513.242102641556	-345.6199136185053	-1169.3747031546352	-6173.8395766437125	-10026.689308467932
79000	-439.61678768351265	-431.5148271752667	-423.55696045071244	-412.09664570756695	-401.7760117738474	-381.35863190630005	-368.75359143682437	-358.23007468850227	-353.9255854423143	-355.2455622232611	-348.7543140587059	-377.0051197909851	-464.72366584841046	-338.9596080530002	-1034.7460372921682	-5898.042700101404	-9572.22456464411
79000	-435.4623873770274	-426.90127193798537	-419.47394884742795	-407.5600299168502	-398.05881329776423	-376.41798439739097	-364.5487609300907	-354.7659491249131	-350.1375831422743	-350.6343045525481	-346.3033929632233	-380.19540405443024	-468.4844611551548	-335.32854436155424	-1059.23877626137	-5896.043236377825	-9639.471967068464
79000	-425.24871578618837	-416.79680904918354	-409.6020689057431	-396.6278434447504	-387.97365121741245	-366.1549393230614	-353.60005193687147	-344.297591625809	-339.9528750746306	-340.45344592182005	-335.9875567981827	-366.29384593779236	-453.08618357357517	-325.5981993198025	-1003.2735693694302	-5957.944497315637	-9613.987829461768
79000	-460.7414127961055	-452.799000425933	-445.4067859393991	-433.25616514123533	-423.616122966021	-402.2446203932402	-390.9645816189299	-381.3034369449322	-377.56080159562305	-376.1796640556025	-373.62325892094907	-413.10066725097084	-510.17221828349994	-360.6320591476471	-1170.5016929060978	-6138.0243329843925	-9887.961066134185
79000	-423.4848243509474	-414.5792030666976	-407.7435591997716	-395.57456030902574	-385.4373994665303	-364.168341329093	-352.4806756958741	-342.0119147332573	-338.44353857377513	-338.4177842084504	-334.43188146417447	-367.67635036128274	-458.09362471009547	-323.542788929769	-996.3720079260473	-5990.064071980902	-9749.728126268448
79000	-437.40754438486437	-429.1984587027662	-421.67739994191635	-409.64154731349606	-399.8053700550583	-378.6909954137673	-366.76432938413166	-355.6053576607803	-351.78225846566426	-353.0955862691769	-345.4322736443485	-374.7210134783731	-464.0960400038494	-337.86528310764584	-1033.0198699396324	-5845.378003897308	-9498.470146695336
79000	-470.40972930767526	-461.21193502889207	-454.8723629245845	-442.36011575153316	-432.40351179384527	-411.8359167173551	-400.10200571403453	-390.4208244332108	-385.9346222817646	-386.0665468265153	-382.24557020886056	-418.0105860051675	-520.1346132877021	-371.9640706759304	-1151.4001366348768	-6109.5271277144475	-9712.139469042264
79000	-464.2383423900796	-455.9242599548351	-447.89871886720965	-436.19426076498223	-427.29089445111146	-405.71610187000033	-394.5506638906943	-385.51833419254353	-381.63828054467706	-380.74569578902793	-378.5501774697167	-419.9766458818864	-539.2018597579037	-369.26857205073594	-1092.563663817652	-6031.60880998851	-9672.598162487042
79000	-441.803455558799	-432.2232755195739	-424.66814003332337	-412.6070292541708	-403.81080297382385	-382.3254961257714	-369.35858442177744	-360.090594867566	-357.62000804008125	-356.3334919809977	-352.850392655834	-389.01354489711065	-487.0650321456993	-344.0787239070797	-1043.9531434132425	-6001.87686060238	-9750.66438255859
79000	-459.17275011738667	-451.82688815611414	-444.32970006244415	-431.4301973917701	-422.9995913898508	-400.7832202501158	-389.80477677455633	-380.7039716449426	-377.9346175456158	-375.3680113280508	-374.7296246753872	-418.07867486661513	-523.2078648273365	-362.4486265301521	-1138.636059188785	-6247.340646722774	-9993.626277133142
79000	-451.4074472952058	-443.58136491141374	-436.26736363095705	-423.0912219315578	-413.6451162541679	-392.9955262034121	-380.69341694353767	-369.642235681181	-365.0193090953865	-366.8041176729329	-357.6800538653617	-383.37681979558386	-477.2392553970853	-353.6410283562141	-1002.1348091941626	-5718.60700463765	-9187.425586866431
79000	-438.959669783327	-430.165806490155	-422.9695206141009	-410.7138036509424	-401.3057492437925	-379.39741799126944	-367.27418902099186	-357.63348146303116	-353.55516043252425	-354.2616057217448	-348.24989823048446	-378.8509896675599	-473.1999811003999	-339.7993905647977	-1016.1778773373013	-5813.243270985569	-9518.239746833087
79000	-487.7218866179971	-479.2126211092679	-471.05405954231725	-460.1840752190035	-450.06951396626374	-429.45146109015116	-417.4102835779787	-408.0046157753882	-406.6990518057966	-402.9889610815731	-404.2355249142211	-449.7391371507351	-561.1323459411676	-388.8989912410425	-1240.553494164384	-6369.602319430566	-10219.148491423384
79000	-419.8965877327068	-411.66174098837945	-404.25582260559105	-392.0353862285194	-382.3981786888192	-361.15978109433433	-348.7581708080756	-338.030183238642	-333.32409052726547	-335.18707359065036	-327.59827819181265	-353.8668669603049	-443.2303367450595	-332.3230923230504	-949.8232514733235	-5607.547740967686	-9205.968609045613
79000	-428.7494677628482	-421.17582760680585	-414.0068355402778	-402.012562792292	-392.1909056754681	-370.4910095082462	-358.3441785894036	-348.5133983460406	-344.32786080882266	-344.85800362680123	-339.6298834417666	-372.80810753333304	-467.33891389569266	-331.3368318277646	-1008.8683105818262	-5918.965982237157	-9678.912540813772
79000	-404.5532756277892	-396.7764038790273	-389.47096359915946	-376.6665153087008	-366.91047280839376	-345.09518270413395	-334.00679534211787	-322.9245048969568	-319.08199209648876	-319.90124107145635	-314.47084331720947	-344.92981663449336	-427.32693909075545	-304.0105009342733	-958.3189197767324	-5816.7303385263485	-9551.007144772735
79000	-444.2134465689176	-435.52158290513944	-428.67780413152076	-415.85225723272333	-406.71181448141164	-385.02378571673023	-374.2143712918803	-365.4957548887163	-362.6020287931814	-359.4675249482272	-361.7791752411622	-409.9416076233911	-519.1769175617143	-345.24470513519674	-1120.2663477752499	-6528.993605088876	-10415.91642350289
79000	-418.61534081579913	-409.43266846533743	-402.417775816717	-390.79033223001886	-381.312914151557	-359.5907591456012	-347.0749970986683	-337.48193385425526	-332.9311743767918	-333.14933522297974	-328.50983284668206	-361.8136476493811	-460.78568295686426	-323.46474462504347	-975.979663113515	-5751.205993052793	-9532.057860772698
79000	-427.7348753629846	-418.3696013487941	-411.7195592047312	-399.53084704442745	-390.25604104679627	-368.2269653608949	-356.26499683265905	-346.36970338260573	-342.6024634949614	-343.73279405184127	-337.32601906458046	-369.4341224071245	-454.44349910706	-327.43947961688974	-1025.318254800582	-5978.215183725992	-9627.99717100564
79000	-443.8692881304958	-435.29909006879325	-427.85236813887644	-416.32565150212724	-406.9972254252451	-385.02626392758646	-373.77765655966016	-362.6005481942063	-359.02495612128973	-359.18682060032546	-354.2870275585557	-387.39859070567076	-490.97786433003273	-344.2476496452922	-1088.0124664315329	-5832.297645557508	-9545.235629120449
79000	-427.11196791862454	-418.5609498277751	-411.4406239998314	-399.2227769317567	-389.3177834163291	-367.9327020217033	-355.559714994155	-345.1287124876938	-340.79041029408233	-341.72416467659207	-335.4863332673924	-363.5794400822587	-444.9373878996751	-326.70468585035013	-1037.365969767052	-5800.378557836352	-9548.4611405001
79000	-424.63887427876654	-415.7946194226865	-409.2662020848382	-397.1276747235662	-387.0044146671787	-365.54220053185026	-354.11554926568857	-345.23045955592954	-342.9095361710101	-340.29551128085524	-340.7320238562948	-383.33203048953374	-476.57925795141165	-325.8737883851331	-1023.6347307640373	-6276.154809914521	-10150.070926380124
79000	-461.18231223167953	-452.3327097250356	-446.14363568259336	-433.43734241782545	-424.0589993074862	-402.60169434633514	-390.87218241573623	-381.2149241034069	-377.512636449743	-377.0591459503813	-372.8280315488435	-411.23047542240636	-515.9419458587272	-363.5170829911553	-1139.4785107594873	-5943.72597225058	-9627.56634141902
79000	-453.67848944260555	-445.532972789535	-438.8269826935884	-426.71419614852994	-416.48388343115	-394.96527605120843	-383.5966697293446	-373.12487177272277	-368.8473232672791	-370.4647500464289	-364.27628202638664	-395.961472871914	-490.32151042887523	-358.0840885358086	-1071.2057545897806	-5804.687914096263	-9364.00211821785
79000	-413.8753297251422	-404.5732786330788	-397.38491443127924	-385.0589852423043	-375.07151530431787	-354.17850438524044	-341.2454320792145	-330.04306013257116	-324.183886760009	-327.1580065094751	-316.09101576368863	-333.3405233831016	-407.6267341479608	-314.5691872330966	-898.8592504428568	-5426.866359655025	-8880.724596169495
79000	-451.7243392043928	-443.77807009863864	-436.3897503679639	-423.65034035059296	-414.87814737990277	-393.14350616624074	-381.82413812426313	-372.03689286936503	-368.69742970586236	-367.0476173736269	-365.1607094229677	-404.33212358760056	-510.1353039928403	-353.8414058691431	-1075.292028682664	-6230.968962803231	-10037.395911973375
79000	-423.3500667567729	-415.6045312299122	-408.61393493973156	-396.8160256941801	-385.5823672133707	-364.9924986418914	-352.8137054687137	-342.04530696484267	-337.9066327935987	-338.73700101254883	-332.45653666808954	-361.272984058125	-442.87841321870815	-323.99427658905466	-994.2564781162217	-5802.709377643687	-9486.13491328092
79000	-434.69307552467563	-425.84910905079073	-418.9998406307847	-406.29687558852197	-397.1671766554151	-375.23132161766733	-363.0881417764493	-353.8793792063909	-350.1835688155984	-349.68136388715783	-346.59771054591727	-381.8483484904482	-477.4295433823435	-334.9053353869536	-1046.9668815508153	-5969.391488464869	-9812.257786450125
79000	-414.2123598295715	-405.63285824689143	-398.390126567516	-385.9347633752384	-376.2228271556358	-354.90437370768524	-342.53760019377165	-332.3480397529027	-328.6821864572108	-329.2270510314572	-323.35457424906645	-351.93440877687425	-434.991864823985	-314.86681789344823	-909.9100226957064	-5826.807798315515	-9527.274522087553
79000	-418.3238021756036	-410.0038676910169	-403.0636003268599	-390.8559946713584	-381.0503046300098	-359.5610628053236	-347.3387417881313	-336.0063643912006	-332.32957663975526	-334.10724682505884	-327.03195897574125	-354.36050435121956	-430.6769423268461	-318.1251029297732	-952.8432213032911	-5792.8704579620535	-9520.237651872561
79000	-445.3307256121551	-436.710035040572	-429.82827441553144	-417.33136405416656	-407.30016731946296	-386.1212873786301	-374.84725939696057	-363.2939998345222	-360.2921497438667	-359.73397908576175	-355.4323484161716	-386.4984729774204	-472.46339723195155	-345.15085193829793	-1043.3231895623187	-6064.714916392749	-9698.668989677737
79000	-415.66182737349374	-407.2397536396566	-400.60078316229936	-387.813025380491	-378.2478918838178	-357.4480252663129	-344.66417617335264	-333.883554929586	-329.3351964698937	-331.32137981718256	-324.3126078016705	-351.03581664634015	-438.6071172798524	-316.7610711156949	-945.3376682517819	-5599.847670844893	-9189.278537941795
79000	-443.60673771550233	-435.4950950465053	-428.21381032684	-415.9566013076228	-406.43788078344085	-385.4894030591854	-374.35056089276975	-364.2868479456723	-361.31048644182346	-359.2831955798003	-359.6605719686162	-403.25635833502656	-505.6237672353432	-344.9788405155008	-1129.238343202502	-6338.136385163195	-10267.059233727812
79000	-474.53947134567613	-466.4775995735333	-459.16869237784175	-447.3837666212414	-437.85652232809144	-415.8133908618827	-405.10638239696493	-395.41789873424773	-392.34674472544486	-390.94444190676046	-389.22741785179994	-430.7457789750955	-535.6394756135828	-374.9139202753565	-1185.134326122001	-6127.7426593610535	-9859.130235608718
79000	-432.85772688769003	-424.5051926129364	-417.1705417598503	-405.6396625274132	-395.95401152599436	-374.2834090032157	-362.4790672650772	-353.21740088502065	-349.82067595258997	-348.9899557416254	-347.84197872420805	-388.02420075823767	-481.2723438148337	-334.10560763900656	-1046.7452233847937	-6145.275496560543	-10073.292152543478
79000	-447.72011660403444	-439.4519957745715	-431.5953758915509	-419.1770266436754	-409.4904085869326	-387.70454196025713	-376.54102617131883	-366.137521586698	-361.6852323667459	-362.1569512635991	-356.6234021224918	-387.1996558243356	-477.34625956058085	-347.78175943095556	-1063.7449298068411	-5883.726563417277	-9493.502229064861
79000	-433.74786941902124	-424.90810883008544	-417.7484796956151	-405.7577370119602	-396.41513892798287	-374.95161332541227	-363.26829699663614	-353.56015829149624	-350.3479084173764	-349.62728138264066	-346.6268529971073	-386.7816936341424	-482.162518987264	-333.2839193630352	-1095.6439512241743	-6026.5610386171375	-9937.668551249104
79000	-423.44928073051517	-415.0138956677163	-407.9579295364719	-395.87305901494574	-385.4860983378715	-364.4937243777709	-352.3979247524089	-341.8722660683377	-338.3759252574899	-338.6728721494339	-332.39299361981	-362.5954320288741	-451.0926040751899	-326.383378213899	-1016.1385660900622	-5702.356586109238	-9361.264471395754
79000	-436.7610930320223	-428.26718562709175	-420.93822961279346	-408.8669031640825	-399.1520552087411	-377.8460190771722	-366.10666517572537	-355.8084471734313	-352.80386988794965	-352.809908397938	-348.5822203335673	-382.56823987193445	-471.2717666121345	-339.16791611116446	-1046.5458190315874	-6032.125564782374	-9714.159005303754
79000	-410.8785128766425	-401.71275410561174	-394.84376364657015	-382.61994632853623	-372.6040885426605	-351.1328008453275	-339.0199225902323	-329.3089998647216	-325.5083171018247	-325.2980816046957	-320.5684394740906	-353.44435445154545	-439.05846745453056	-310.9897526122058	-983.513480856338	-5869.026455291941	-9642.995892376353
79000	-382.7206440834767	-374.3181760275961	-367.4679880298003	-354.8612247926777	-345.08725145192017	-323.08702072433067	-310.81986978148814	-300.1652998920365	-295.2756026106053	-297.1236231276462	-289.87364560732425	-311.2665840600098	-381.95847786834287	-282.92416118452473	-836.8587726042268	-5637.741614207696	-9398.139152392914
79000	-478.368819368635	-471.23728558212593	-462.8969902887845	-451.41164669171826	-441.84578254712517	-420.40266211761025	-408.53560414452926	-398.90896423386647	-395.06309276818655	-394.3625626162923	-392.22010044453856	-432.46189906216887	-541.8637996822391	-378.94618073019524	-1185.2612457439673	-6046.495696309623	-9840.363560665535
79000	-405.4735842284673	-397.2875719386155	-390.40168063654943	-378.27454122916856	-368.19775591739597	-346.71148428032063	-334.44039459564783	-324.9150904350667	-321.48166737318445	-320.42745080753787	-319.18461729335576	-353.41510938685605	-448.6194028161163	-307.3064044309493	-958.5786363464701	-6017.847281165108	-9912.15711712386
79000	-440.9612721504569	-432.9369956310152	-426.01847053110333	-413.32086523634916	-403.508052956078	-381.8568719356948	-369.83094023389503	-360.16003524067304	-355.9493789172777	-356.1751701915897	-350.85231685999537	-383.28938354610136	-470.57065582787396	-340.9859999209642	-1040.2740433948522	-5873.44586438509	-9616.315410888707
79000	-447.2933261126758	-438.11085551916005	-431.0511519110442	-419.4393299559532	-409.54388743446714	-388.6832128067842	-375.8234136887458	-365.7427699499895	-361.4926613708778	-362.72563552064344	-356.1757118072794	-384.8314841710209	-476.6450466997057	-350.1388186775212	-1037.7939138721542	-5684.28728553066	-9196.120512562129
79000	-415.9248640009495	-407.89319815271165	-400.347669375874	-388.1370978652968	-378.45479448835374	-356.9929176692469	-345.0995138659183	-333.94227110470035	-329.0512269596272	-330.86415900558677	-323.3221987106615	-349.08339013330664	-425.45391339712637	-317.30834226708953	-956.5688098065151	-5730.42120225513	-9341.164815074244
79000	-439.8567091721575	-431.28977990363114	-423.938011001618	-411.6810027276947	-402.79273715827514	-381.34513630337085	-369.4607132367137	-358.3414827874772	-354.8669793333897	-355.6359301392355	-349.4687579934176	-381.53623666399596	-473.4979853751982	-341.84381123959645	-1059.248328774803	-5763.390066167356	-9403.13591579403
79000	-452.93014337664056	-443.9609669066837	-436.52592517064994	-424.8629676706563	-414.79362385439623	-393.73302855076923	-381.4079154075741	-372.2720938523974	-367.9820760438355	-367.8097374654891	-363.2791520233159	-395.8572597006771	-494.33667583358664	-355.2142700636088	-1088.3661899445417	-5718.43209362051	-9334.17872861966
79000	-435.58084226323103	-426.6758869040618	-419.7087682369394	-407.329293589376	-397.85014286412047	-375.95866308595333	-365.16818063149793	-354.9116794572973	-351.1616874199958	-350.93859596663947	-347.8254791282427	-384.39062560313374	-482.30175494256497	-336.30507535127293	-1032.8615253876228	-6189.82447523776	-9889.833456049615
79000	-428.19344977749796	-420.5227425403845	-412.92438929004396	-400.84020383197276	-390.9494950221256	-369.32622453141647	-357.97420074687676	-347.82508100129735	-343.19631853970105	-344.11946950707403	-338.72364891587415	-372.2362652422708	-467.4326658110122	-330.0479655343867	-1015.0085029862306	-5835.17131215628	-9589.474946708526
79000	-463.8446828968425	-454.21736046161203	-446.4135352109634	-435.33500311712874	-425.3626372187525	-404.21219844740784	-392.6669413029626	-383.27399910695016	-378.51590724925546	-379.30948994264264	-374.8174605915911	-414.25436793393186	-524.8481319884262	-368.5838535929489	-1085.8520523840916	-6007.891714148417	-9571.340699859424
79000	-421.49733199071665	-412.8030701452384	-406.03255728948096	-393.59951888284513	-384.1700355333881	-362.1793836659493	-350.4159490918307	-340.141816923602	-336.4335663428833	-335.9478419359683	-332.20053517648785	-364.2552975112286	-448.3799233493352	-320.7041487228235	-1009.9780372248439	-5992.756927681441	-9754.433707584107
79000	-425.7836190107207	-417.7928877955774	-409.96926183867134	-397.85775792789127	-388.6364144148001	-366.84467296864955	-355.0368984867434	-345.17931184230855	-341.5129633038729	-341.19181053479485	-338.1968423120317	-374.2003916432592	-472.4356308243267	-330.2786603752888	-1023.5586406090058	-5997.699451397533	-9724.236075528215
79000	-422.5470929694693	-414.82189925683497	-407.6663941474397	-395.701524371559	-385.5684215680063	-364.63610859246774	-352.2891077736574	-341.46283651266253	-337.19755328721646	-338.72390385434704	-332.7023063590112	-362.91158670444486	-458.74600691161015	-325.23261250503543	-961.6659779943925	-5814.608976705934	-9526.570348444791
79000	-451.1574793918632	-442.7407079005269	-436.24708981345185	-423.84872845041446	-414.2817245531914	-392.86672370985553	-381.3222463613958	-371.769636987262	-368.26786081889924	-366.8917399392769	-367.0235589066021	-408.0549647820885	-506.14912931760097	-351.06311044683036	-1140.3837460039008	-6282.765254636723	-10064.628612567429
79000	-491.87646709579985	-483.5421619223625	-475.8679218132351	-464.1337851660056	-454.9409457033016	-433.19226518511033	-421.5692990248658	-413.40753081420394	-409.74276334769326	-407.2908750415097	-407.45655469922224	-453.83901665446365	-568.4910192466269	-392.35173444402886	-1255.727109349315	-6259.962178452687	-10058.113215259858
79000	-449.99495186033994	-442.5085746467265	-435.6068740125111	-423.549642276291	-413.42569570358995	-391.5504118947359	-380.3259229670116	-370.195701879594	-365.7420224411947	-366.4047720770219	-362.1291555682014	-395.9319498450308	-488.87632923803477	-350.539606947746	-1075.9734722994642	-6008.5179820895655	-9581.855679833852
79000	-415.9306548924599	-407.58773023740554	-400.68033970260063	-388.3058208981514	-378.829224886915	-356.6155485545668	-344.8368540558651	-334.4451385019346	-331.52871810534504	-331.63598702762954	-327.84462531260493	-364.06373974007107	-458.5133900521879	-317.4096617002489	-1012.3704758582752	-5927.766393725415	-9787.821705360542
79000	-441.9348088863756	-433.30348057589543	-426.0272457401912	-414.65030556155557	-404.33593337244446	-382.99066030358244	-371.07048562470436	-360.32556772235847	-356.52805538363054	-357.19085741708915	-351.46277978254363	-381.28825466082367	-471.5690542501855	-341.6813918728041	-1034.1226145633825	-5869.104011600038	-9481.30523525873
79000	-458.9138358102249	-450.4870948523278	-443.5197883286755	-431.8239731901457	-422.0209721129666	-400.3295502372267	-389.22823053982796	-378.45739044136906	-375.25532837650024	-374.70255920652454	-370.3689662516077	-407.92716513738935	-503.5248707188189	-360.7123519772343	-1137.8815080088182	-6030.441855037941	-9738.831426995119
79000	-399.47650215907225	-391.0801857528716	-384.54147107797183	-371.63393137574656	-361.242286914549	-340.17628827385505	-327.78438109459245	-316.94289918697785	-313.34743770991497	-313.8372342187286	-308.4032517871295	-334.86575212655765	-411.9047067543528	-298.2171213010231	-924.651683896791	-5922.7928772825	-9697.61919033636
79000	-438.90355624192455	-430.7745655445925	-422.8585005768131	-410.98216076816163	-401.7348408881372	-380.1160809641195	-367.72178155409364	-357.88404344079174	-353.422164555775	-353.62106917038585	-348.2928137787903	-380.4509428374414	-465.4603470841709	-338.5075145886978	-1037.6111144663116	-5923.120116294325	-9573.622571950315
79000	-421.5066439458131	-412.9046827002892	-405.9223971657984	-394.31797452115666	-384.89035180393773	-363.11690318055514	-351.8395061209769	-341.76162939653346	-338.05411243549645	-336.89292952364633	-334.7897550973335	-370.92349117997634	-473.89563941337104	-326.69848608196975	-994.3752196594958	-5862.201015749863	-9733.512830770913
79000	-449.9853898695807	-441.04807400879986	-434.1691374060835	-422.1832844045464	-412.41877284870003	-392.0132019444277	-380.08717623763226	-370.59444271749385	-367.2818349820146	-365.58170014690273	-363.7919109613759	-404.467746118733	-508.5515990272718	-352.46657229045184	-1087.9258881775222	-5900.903252135703	-9786.748672128984
79000	-406.04682659757054	-398.1406568462523	-390.4844084810591	-378.0682849157465	-368.46496868318656	-347.0130892577467	-334.534107831073	-324.42878095326904	-319.92114878273145	-320.8782169820652	-312.9456349013423	-338.27384734328285	-416.8002144067901	-306.4059224402592	-931.9598648214791	-5663.107189806798	-9369.666761842645
79000	-428.81625231684023	-420.69489070399965	-414.234650903082	-401.29897960661197	-391.9641213749659	-370.47198813740033	-358.45796688416596	-348.36627013868485	-343.83471104799963	-343.8486094978642	-338.5536508690443	-367.6608220568685	-457.6694736978665	-330.3090750681811	-1011.4604300309402	-5777.927201186999	-9454.157430398773
79000	-425.396849455797	-417.18251693667816	-409.98422693610945	-398.4697971905525	-388.3601983318532	-367.1080505784191	-355.04148331493633	-345.2699356577858	-341.2294638350942	-340.8315139956284	-338.43206380589834	-374.4246933119683	-468.4297498918795	-327.1043975422613	-1010.7928609030604	-6064.145672804364	-9842.170764946808
79000	-440.4171957598729	-431.921279450757	-425.1971113912103	-412.40342030259626	-402.85225925882327	-381.62648670987505	-369.8828526675166	-359.37584813810565	-354.8412064745617	-354.8297478505064	-350.0168461896412	-379.51327445797006	-469.78275958708707	-340.7331304431703	-1058.0456776584551	-5796.341122761298	-9425.708237455203
79000	-408.91382558195113	-399.8186037011154	-392.8248958642402	-380.9497689394191	-370.42880973762806	-349.55002004384215	-336.84282706570224	-326.5400802927718	-322.59691166942633	-323.6067627784291	-317.4892220945359	-345.0619551157493	-422.5611080460925	-308.4510578492385	-934.6149010639681	-5812.722346809237	-9634.529814514653
79000	-423.5881612250383	-414.7866357008792	-407.74895619488854	-395.03382145693354	-385.5456902598969	-364.34113792661975	-352.60290408614526	-342.0841519348855	-338.1416625439487	-337.4615561622658	-333.504326997493	-364.7450236279866	-463.29821758888426	-324.2667534917045	-1037.4566842565664	-5878.711993683089	-9610.620968986603
79000	-459.2721097535985	-451.8660545767159	-443.8503253465837	-431.908678276165	-422.65108010280045	-401.05543193322217	-388.6148252526061	-377.7017537437173	-374.5770034480781	-374.7355383332502	-368.7091813691039	-396.5942532651359	-488.474486436841	-362.94768448711716	-1076.1656344484602	-5732.137847996739	-9183.154963104202
79000	-435.06277488711584	-425.93527558307323	-419.05423687377896	-406.7968695466085	-397.5154109614909	-375.3552368495945	-364.4005165866052	-354.05049486413793	-350.0392541001984	-349.72419399059635	-345.9218592566063	-381.4396311158802	-476.3118132820972	-335.38822745845226	-1037.1738570036614	-5942.057221093492	-9737.928810032261
79000	-458.7966530091484	-450.44874708679976	-443.681788701362	-431.95818679304523	-421.83763170293383	-399.9703345710008	-388.77945786946947	-379.4064046808386	-375.47233564149616	-374.90683145049235	-373.47311248605166	-417.08400169341047	-518.0508473231242	-358.81853166404517	-1155.8672308582657	-6319.810675269556	-10054.29766634945
79000	-426.20028181498463	-417.7578013885709	-411.00799756304656	-398.9078987005821	-388.92154380433624	-367.0201410883154	-355.72348543700986	-344.58218798965976	-341.64113379454676	-340.76576136766204	-337.876608871721	-372.49352332372473	-460.31940086462066	-326.5196324905065	-1024.8915516967447	-6106.626314151384	-9867.354044188582
79000	-434.2027200626304	-424.86566296232763	-417.999938543058	-406.145513120096	-396.0548168252886	-374.61882059938023	-362.98915929354337	-352.3807251633594	-348.14654261603823	-349.334767479609	-342.12839548436665	-373.1412748792962	-473.6354480852019	-337.45903716235637	-1019.0974514431014	-5597.968826141493	-9144.376006682342
79000	-431.2773117544798	-423.2276658680374	-415.9841231879138	-403.786752076133	-394.20877974357836	-372.56067562413676	-360.8600260149195	-350.1259146491673	-346.4156161114399	-346.68053596798336	-341.2764372763858	-371.9213767674531	-464.53385590240396	-332.9848922950023	-1016.736399323818	-5644.127477279484	-9270.604552986802
79000	-396.62816183803307	-388.26804176895007	-381.33032570214203	-368.9196307714301	-358.4468051424736	-337.6004357130937	-325.081758348585	-313.69147016703204	-309.18440257242844	-311.6819759286557	-303.7191015256303	-327.71868464166624	-399.52150617038296	-296.5359835816898	-891.37927019364	-5731.612238261286	-9452.71187331986
79000	-418.4198376258473	-410.15023130319867	-402.5891773264729	-390.3960606560005	-379.9933900746434	-358.60261319728585	-347.0943325476819	-335.89992217846594	-331.6676080763394	-334.1445742591372	-325.574150157662	-352.75332793325396	-434.48478437970874	-319.4987456167253	-945.8471458906076	-5747.43489684673	-9346.700255973876
79000	-444.54534112802656	-436.4070836551282	-429.27891521944485	-417.4665396100403	-407.82786090134243	-385.52390351757117	-373.99512471210835	-364.15343130439237	-360.5995473429452	-359.8146994385025	-357.3359943532446	-393.7344552278694	-491.8864603449245	-346.27317171139913	-1087.3017105617278	-5976.945186523642	-9749.869738822295
79000	-435.78539200906005	-427.8157188688741	-420.59528167019624	-408.8461328430085	-398.8146636757582	-377.35454237210587	-366.5937107605644	-356.38587880533936	-353.81214237243336	-350.7773498075914	-352.77398572032797	-397.9798949969266	-502.694703056386	-338.7056598980575	-1087.491440074088	-6325.533357549326	-10348.206246324964
79000	-461.16325891864335	-453.1170017822758	-446.0475946580755	-434.0237960665336	-425.71784947799097	-402.46109212743636	-391.3843902674733	-381.9350931369024	-379.3936277404105	-377.67759452993147	-375.5596891967447	-418.7835887341968	-524.0274192305394	-366.42375767732295	-1137.2388847801653	-6064.952012923085	-9683.275953582202
79000	-416.6319353770404	-408.0444819405858	-401.1645239156731	-388.78749812102023	-379.3128364379106	-357.52564418314097	-345.93309109816136	-336.72967787512385	-333.6119143076057	-332.15494837789527	-331.9860314068187	-374.8107583721305	-467.66947497418266	-315.53189983738264	-1062.246194799098	-6315.6758039234555	-10233.724863397858
79000	-428.4238372332499	-420.29786093437576	-412.980026416366	-401.31503184779956	-391.2102190158115	-369.64798033642927	-357.9850773793022	-348.34798208707474	-344.2256397895326	-344.3815759961647	-340.9160358004544	-376.83831747822	-471.82483471308495	-329.86290006494977	-1014.6397416942423	-6286.9510104294695	-10128.89986831637
79000	-438.5296892363853	-429.89784723501435	-422.6410977561879	-410.705011294203	-400.420345768067	-379.0266345881746	-367.16380518437387	-356.58134345846435	-353.5083374499147	-353.0421191924479	-349.11033924443035	-382.5665981096056	-470.3307252824733	-337.64571279490303	-1065.0810836094415	-6027.61174748555	-9808.398798561204
79000	-416.61804348144545	-408.1188033487934	-400.49157028584517	-388.02106617816526	-377.93996057242805	-357.15509119011904	-344.6845385403845	-335.39577120271434	-330.1364611982887	-330.72427080514564	-325.2707409712006	-354.28741567828683	-436.51597610897807	-318.7834583709524	-964.5081879488818	-5657.08358626127	-9390.721902052856
79000	-418.0620605464971	-409.22931084646393	-402.0598534971304	-389.6168679128556	-380.49948181228723	-358.93135433888887	-346.8091593349736	-336.5029826821749	-332.47248223137956	-332.8178996688808	-328.52182573109684	-361.3590235189775	-449.2297876780843	-317.74915437872363	-998.2633679771883	-6016.3323311419435	-9810.280627041504
79000	-450.7069719882359	-442.90782406739163	-435.1303531235937	-423.06995874393044	-413.8700800777743	-392.0020106753453	-380.6027570446864	-371.2780183685595	-367.4010917391757	-366.1150420533261	-364.644930849682	-404.6472213763607	-512.576187256375	-354.8661885345117	-1076.7726207978787	-6167.0048188134315	-9783.587097473453
79000	-410.3982163193481	-401.68568965637684	-394.8182280265385	-382.56186657748253	-372.40570855177623	-350.92097319413654	-339.26551565566575	-329.1311904316392	-324.4599728061006	-326.1913679373909	-318.9233606923276	-347.5832538349254	-432.43136747850957	-310.91576501039265	-973.7161020108549	-5689.993182495657	-9436.595361199044
79000	-433.9682153346502	-425.2815679809394	-418.02553892252735	-406.3625857426506	-397.0732615812532	-374.79673524902483	-363.3826460841227	-352.417531046334	-348.679837893316	-348.1394518993283	-344.20231081345503	-377.94832521640734	-462.4597422425341	-333.5375861462258	-1040.6458692143315	-5997.75073913796	-9706.607583456685
79000	-363.74127556712216	-355.3689887921166	-348.16879932850185	-335.98805206895224	-326.07979594729846	-304.7306156605705	-291.6341041565312	-279.1596311259988	-274.30672544446145	-278.29404083732584	-264.7362625579187	-273.80551344854996	-328.25114301023086	-264.11680509151915	-711.2804307609722	-5103.310772021697	-8629.627083246845
79000	-442.65103721109426	-434.6657821298407	-427.57209874015047	-415.3089419848312	-404.84211662808275	-383.6292575809262	-372.16391323631547	-361.2511850122661	-357.9451647253884	-358.1607591875398	-352.3569403306675	-384.1524019070611	-469.75369556915354	-342.2578533946915	-1064.4026746766986	-5741.426094224518	-9425.3121709633
79000	-435.3226430233035	-425.6656806717669	-419.1091479725042	-407.07568162244013	-397.0492751307284	-375.0966269810056	-364.01039372147255	-353.41654834022705	-350.41472841009835	-348.76508609660624	-346.1935240766741	-381.84635792493475	-476.48315440624657	-335.73716222084744	-1056.807317433046	-6139.427021632856	-9956.293579969104
79000	-437.58055174506694	-429.43740368744886	-422.5902501284125	-411.02107605273216	-399.8666094923441	-379.3867178880146	-367.287830563459	-357.7513024335712	-354.2137594897464	-353.1977235269845	-351.5496958873814	-391.60376715744235	-498.71583736897577	-339.3341369265572	-1089.6273401849085	-5987.180588025031	-9866.235467783255
79000	-409.10828644477573	-400.4626984317978	-392.70396009818745	-381.171196390232	-371.1925570623985	-349.919001133311	-337.99220069672816	-327.31145933335546	-322.4279566124288	-323.59769686927996	-317.3273211566395	-341.68404497104274	-424.6466106970009	-311.57841006572545	-895.4918166143054	-5737.549167088122	-9369.945165135583
79000	-458.326742730917	-449.9013473672855	-443.12259198860164	-431.0490244339894	-421.01229812634665	-399.45493463728064	-387.9278002685622	-378.0173610829506	-373.8174933616585	-373.4180411185702	-369.23065517954336	-404.3929444111789	-495.7130107547022	-357.96836122700404	-1103.5704835957395	-6004.620891896409	-9663.473127979558
79000	-443.23813738644594	-434.4407334866626	-426.85373792581055	-415.63216796970926	-405.7867690921565	-383.4418690479921	-371.87063947252517	-362.6136634152992	-359.2624365175946	-358.7256237367725	-354.9409317429411	-388.311828349375	-491.1261337235142	-345.27153948492105	-1052.3646818578657	-5877.229237817688	-9568.404970849379
79000	-413.92780022928656	-405.20799832925786	-398.64426232421914	-386.2612671637081	-376.41695839969134	-355.3414518874795	-342.99480373315555	-333.0340343139003	-328.66148000766105	-328.6633236624778	-324.4202368458719	-356.3730789174232	-439.53161307225497	-314.2317373011499	-980.8784116146861	-6027.05978505282	-9786.864722617482
79000	-409.0503542128336	-400.43480222594025	-393.1451479039068	-381.0300518105838	-370.8055268899499	-349.51925327284897	-337.83993736441784	-327.9306114757164	-324.61071161348536	-324.03175634618134	-320.3543197818346	-357.5484385475112	-446.24526587831883	-311.0133942786728	-962.720303271529	-6165.786023410641	-9887.218509659433
79000	-438.56545845393754	-430.6063985249221	-423.1989583108364	-410.99657769437056	-401.4008660023953	-379.8395298947463	-368.3795184401676	-358.45939148341324	-354.37912403009096	-353.62249960239075	-349.87244530644955	-385.88208177161084	-487.81887487594435	-341.15460498329554	-1068.431577806118	-5971.931938804513	-9825.404652110283
79000	-439.31701631135854	-430.77784997612565	-423.6011029576401	-411.51975172079483	-401.4593179693868	-380.42758865100564	-368.86190486799376	-358.3128441414338	-355.0753102222352	-354.4432998243955	-353.8205016054954	-394.4139031723753	-493.56604637235733	-341.9361328996408	-1075.075722649662	-6191.748515420771	-10017.012138402106
79000	-438.15306070043755	-429.83087894242317	-422.43746200238576	-410.63138448068923	-401.08011734516407	-378.8244125455063	-367.0453944756777	-358.0135084283976	-353.0754464468738	-353.4604040139746	-349.403526891123	-380.8921885091121	-473.8963058100849	-339.1221245879341	-1029.0539852348531	-6061.386220400081	-9650.321824283583
79000	-431.7158742969829	-424.08778275883265	-416.19088310633134	-403.7200432294162	-394.572763970757	-373.7476687429092	-361.6005192643526	-351.2262094310988	-349.1980533606869	-346.4620141664118	-347.1685957509067	-386.17951154119845	-481.15570031964734	-332.3810917300725	-1074.736130117054	-6257.897248000964	-10210.375311078575
79000	-438.22771627921003	-429.7946011550231	-422.82551198556115	-410.32361840115493	-400.6969885346265	-379.893201405844	-367.99617745158343	-357.3929611623755	-353.0406067199421	-353.1186691266967	-348.9288890717102	-382.18492868924136	-476.6501364124658	-339.99614098525154	-1072.0058951063027	-5787.841212925606	-9501.45517952556
79000	-427.03178083506936	-418.2449530933007	-411.4525770442835	-399.109393586789	-389.22702096361803	-368.01990682094515	-356.22762926334343	-344.9756539139301	-341.1989113543337	-342.2220699307884	-336.30991649507325	-365.3402822704898	-453.53433280011126	-327.7013730120296	-1013.0939894661091	-5874.790760658473	-9553.052983835256
79000	-459.93358833510973	-450.38556130695724	-444.24467814939766	-432.53721452026764	-422.1301562374094	-401.24976144828815	-390.4977833575502	-379.9430943779253	-377.1795331659484	-374.7518000233508	-373.63151348122597	-414.6522177446341	-523.5783111691123	-361.92721393391554	-1123.0793450094193	-6093.299489627783	-9704.918167520504
79000	-476.3578966708136	-467.8151005785492	-460.67363824474177	-447.8373621067807	-438.62701868651897	-417.8340364116409	-406.08499177634974	-396.7438369089897	-393.9226812533054	-392.38674466200183	-390.4926461731666	-433.0878966834434	-546.7008422141712	-377.015673656754	-1195.571818124519	-6043.159141519147	-9841.895251985814
79000	-458.0444044579591	-449.35539660351867	-441.96712623741763	-429.9697855773451	-419.77403621966306	-398.9879017888983	-387.67888424367675	-376.6089600337215	-373.15286940564425	-373.5357317315138	-367.13869569164166	-398.5421810673296	-484.8535549725801	-356.9346268644097	-1072.5922287873163	-5883.257671522179	-9588.044303953286
79000	-463.4719745087889	-455.7392371555799	-448.36251349763114	-436.09688398207527	-426.6864979879575	-405.4115306958256	-394.2905482521521	-385.05759414431634	-381.2958435566113	-379.4091754952216	-376.97832564598286	-418.42004532095035	-534.0805324119567	-366.1428359253968	-1140.1900684305467	-6043.940548126965	-9762.79155691569
79000	-428.01603476122403	-420.10486829289476	-413.34543004455844	-400.71982525788417	-390.97371450023115	-369.4940899594694	-357.6146721203651	-347.74150952402664	-343.37606043361205	-343.985866747879	-339.8948443827796	-377.58678146262724	-466.6533981289623	-329.24632047211173	-1055.662825718148	-5935.3780657648595	-9807.557456501705
79000	-432.64976261291287	-424.7427203736783	-417.3313956040128	-405.2997878358253	-395.41304209562105	-373.7444353653092	-362.13333207062516	-352.9909415780499	-348.789179250053	-348.5308392379243	-344.8584718806961	-378.76758912924464	-473.97805016394545	-335.0612958046546	-1026.0241811360431	-5977.885376498238	-9806.491656292726
79000	-436.8206759436468	-427.6146743415497	-420.9198126481297	-408.88396960229875	-399.1874242883587	-378.1799553395944	-366.08180915500833	-355.97675339817437	-352.44526967077434	-352.0708630626351	-348.82571656683945	-384.8558310028282	-487.8565581079435	-338.5028928734561	-1074.660220764776	-6046.9611709699175	-9674.575842441449
79000	-499.1081873283833	-489.89913279096527	-483.3061440401901	-471.30023639846445	-462.3239161887245	-440.09309792446675	-428.81765679181495	-419.8580221132986	-416.002204157152	-415.22951145583664	-412.70462836166473	-456.20467178367215	-573.6179667404863	-400.7799369327785	-1234.5986441682212	-6070.83483969503	-9693.776130377712
79000	-425.7026124548826	-417.756129578952	-410.63505869507304	-399.0668657311261	-388.96377721248274	-366.9359727569128	-354.70452984886236	-345.86624585443894	-342.5396097445842	-341.71206411007256	-338.7041368962045	-377.6090846864014	-471.19189043251697	-330.20098294469284	-1024.7317857124413	-6110.545276024834	-9950.862035125458
79000	-412.19576805744146	-403.92255299090124	-396.73263623659005	-384.8719618231445	-375.54518187464606	-354.1594132716154	-342.65848409671975	-333.02266562169115	-329.41778077608836	-328.2099628674083	-327.0932973310423	-367.08837360389106	-464.45023074067683	-313.0919695343375	-1012.2792875121562	-6137.743188337342	-10043.295840864932
79000	-439.64190207781724	-430.9657905703099	-423.5531516759118	-411.9293796460388	-402.7582363268581	-379.86588232187245	-369.20960701263294	-359.0671028817668	-357.1472986634288	-355.1633774072087	-354.3786132402452	-393.5919835528844	-501.6335556988908	-341.9279716901996	-1064.5281346965937	-6100.057719220627	-9902.34344344646
79000	-430.61863874596753	-422.0914178734369	-414.9322074949237	-402.6871225856237	-393.41459401744356	-372.1958905119432	-359.1478713311267	-349.34236965525406	-344.49977052708755	-345.89038857653344	-338.54635799151015	-366.0785942147546	-448.0573530282951	-331.0051762318109	-1015.9651654542143	-5657.573337851813	-9205.342106866283
79000	-454.14990218849164	-446.25753266744545	-439.2561350942124	-426.8150744061197	-417.8891798222378	-395.2593908859678	-384.4791584407133	-374.66669422906216	-371.78362840002166	-370.3673504395593	-369.2684259942653	-409.76081553953264	-506.37325377796935	-354.9543213299342	-1111.474214150686	-6369.832387562172	-10106.785592856584
79000	-451.85445856398695	-443.1431158040454	-435.5403840898876	-424.2859565058867	-413.5941303294941	-392.9244369036537	-381.2894227319576	-369.89872935795074	-366.89703894790586	-367.2733689856776	-361.9443810503844	-395.25787902288437	-495.2973369402301	-355.3104122104278	-1065.8738789990393	-5787.767347787837	-9435.043501007205
79000	-443.6112444008132	-435.61733666581205	-427.6910967806967	-415.9108580156625	-406.23209768774984	-384.83413671609173	-373.6108685953413	-364.39201762790975	-359.91947145923945	-358.92553338038414	-358.05001933020304	-400.3709546233042	-505.23627702269454	-344.4293002342065	-1115.1267950038878	-6268.56349489798	-9972.467964655416
79000	-418.1523646098945	-409.39422050089786	-401.90272816652845	-390.26613975125554	-380.97382559493343	-358.58230915354966	-347.34601615287374	-337.7860736202709	-334.0121686096477	-333.4961662913233	-330.138074338981	-365.8828068926326	-462.7020007741252	-320.3216060502696	-1005.9793663212146	-6130.156102110329	-9893.106100741074
79000	-460.26941738792976	-453.65842900531544	-445.48517667435425	-433.68859418450927	-423.64515560986297	-402.370927122731	-391.45676627183184	-381.37676719748737	-377.0170239634945	-376.5020513875773	-372.3224081843794	-408.8555822713913	-517.5385600981799	-361.49034159674665	-1143.0710915415661	-6001.847940183461	-9710.418596792235
79000	-450.43621003302553	-442.0586901435807	-434.77758729501323	-422.39902024666856	-413.429389326445	-392.2692078787597	-380.7213435182759	-370.11944417445824	-366.83888172781184	-366.20949191624	-364.38638326139403	-401.49935759807653	-501.5948598445495	-352.39720915304326	-1132.4104804773372	-6281.943153438607	-9997.142129367068
79000	-480.5842202135834	-472.55474165338416	-464.80087288799297	-453.1046513107492	-443.66603044928104	-423.01943080562387	-411.49734175489385	-402.4556529809217	-400.1308223570672	-397.2204094413271	-398.9832278866848	-448.12051947530966	-570.1942752246075	-386.2314020181055	-1233.5536254843178	-6319.758783767784	-10165.262492834328
79000	-401.70675507661423	-393.42124989167974	-385.9548298725119	-374.14111219681797	-364.2920094735012	-342.71833375884586	-330.9554932178029	-320.2323982483312	-315.75939015105496	-316.6419776692677	-311.06376978724853	-339.46472928057676	-427.4721710214684	-302.30622425639166	-933.7055503292304	-5837.7476545958525	-9586.308798145295
79000	-451.6021530299571	-442.63104495894765	-436.0121255726128	-423.53395715691533	-414.02951091880436	-392.0383800306798	-380.40684403285667	-370.9074532965511	-368.18568293184427	-366.0451280875865	-365.7725636807485	-405.2700198184449	-500.6163302938906	-351.0441685073714	-1125.6774241086337	-6279.2495042788105	-10057.49708344128
79000	-425.8103166457485	-416.96752153461506	-409.86376659490696	-397.4731997235209	-387.7136023356722	-367.000399977003	-354.6593428766022	-342.9293781675705	-339.4271744191622	-340.5118715917439	-332.64621828482296	-357.2400105962365	-438.30239034844567	-325.1780894685233	-978.7018872039964	-5597.201764623366	-9215.346793543005
79000	-398.42133653185084	-389.8358414350854	-382.9998339438409	-370.44649792590576	-360.89986611171264	-339.4701128288865	-327.8601661621551	-317.077456974592	-312.7909849145469	-313.1605876776167	-307.4214579747991	-334.8070469559255	-416.5510507340148	-300.17621915084237	-898.4946019006032	-5671.615481647292	-9577.354285394751
79000	-447.9518220973221	-439.4045161242801	-431.84511992991037	-420.08202267375293	-409.67947288803515	-388.77473331022367	-377.1923328308049	-366.2651628397356	-362.99931101380304	-362.74133116068117	-358.86330269506277	-397.46960188424515	-496.1636396836444	-348.88736705801097	-1096.2713676997316	-6114.207459179271	-9920.439809996458
79000	-417.1981222069679	-409.248381310433	-401.8566994650841	-390.33087506906406	-379.63183014817866	-359.03961928762453	-346.48216684108615	-336.51532542742535	-332.55867824501064	-332.66977812886034	-328.4416152388726	-362.4827983580648	-449.86025168574304	-317.36001949134504	-997.4335869753282	-6039.840319676041	-9841.5359680939
79000	-415.15761031049993	-407.2101741929831	-399.6005070592392	-387.35501257832186	-377.9197521964561	-356.1496055166381	-343.92899049060424	-333.2313373873814	-328.450491555758	-330.27512811789677	-322.26954589879847	-345.7434313008466	-426.34884268855666	-317.0148538963193	-954.2897648737847	-5642.654042758258	-9299.017812844828
79000	-440.4140399349521	-432.18480447808577	-424.40593645690507	-412.44284106615316	-402.7929879289376	-382.0849918091364	-370.1887806510879	-360.73886311280927	-356.3310926686197	-356.115559436877	-352.02037044538207	-388.89361367197796	-487.6335902221743	-343.95791015652037	-1068.1555828989647	-5983.568764690036	-9676.84908744994
79000	-425.6947653925731	-417.01152166081624	-410.10035293845687	-398.1914304536672	-388.31233741349956	-366.58571423868193	-354.4680296446897	-344.75488363743017	-340.46828320220476	-340.17067543512513	-335.786995672397	-369.00204377905357	-455.41579454317883	-325.441854580217	-1018.8857465065187	-5964.332249478842	-9837.945445377667
79000	-497.8373367792631	-490.2283403335467	-482.86485036627306	-470.7169899715227	-461.3041542691741	-439.9297465714087	-429.18369020231324	-419.454606644178	-417.0740742906609	-414.63599414521644	-413.9557162938598	-461.04371325173537	-578.7388663454277	-400.7252094055659	-1261.312537594215	-6289.62631076906	-9968.884696389267
79000	-433.3674764323347	-424.741128818729	-417.07322379047713	-405.3309595485913	-396.02768704965797	-374.28457029491284	-362.9512856240343	-353.06444979042874	-350.1451910272962	-349.4559843041489	-345.819372839147	-379.92251772718197	-466.7627714823436	-336.22232450905454	-1007.3066605583988	-6001.718726418295	-9675.442413081631
79000	-437.5428898483258	-428.89954908867855	-421.89686836960806	-410.0532263393602	-400.0434814049109	-379.43865703414235	-368.2298584039152	-357.48833244567874	-353.7407269097443	-353.43618370263465	-350.43612662726025	-386.85945325338406	-483.1579964466832	-342.47634611564825	-1015.1505054057551	-6139.610799113792	-9890.157790377607
79000	-426.4467020153291	-417.20172301500753	-410.51801349647593	-398.6237538804852	-388.45701236514975	-366.93526271353585	-354.84136623770587	-344.56493565701044	-339.61666290538943	-340.9356976627718	-334.3949244842385	-362.4481870706974	-445.7335749618543	-329.4718959365054	-962.925514625038	-5770.741855906841	-9363.258397608075
79000	-419.12483096429185	-410.55074026932436	-403.4880415138861	-390.573286744857	-381.53700045997755	-359.4718178473018	-348.0733729397241	-337.9799268273193	-333.8337074291832	-334.0593239577852	-329.6579381120849	-361.7296637324758	-452.56131942658146	-320.0720378344318	-987.9451165823721	-5869.58819989356	-9531.804343477352
79000	-494.213034227535	-486.54032705010053	-479.9195309100082	-467.5744161871123	-457.15919109735086	-436.72173733344863	-425.2765392813712	-416.9169843559131	-414.9602720274211	-410.90011191976254	-415.07872629148045	-468.23228991408627	-592.9783672833847	-395.712105820349	-1286.57422066636	-6835.690979346094	-10642.533718386298
79000	-438.5257446038655	-430.77154965626863	-423.1522032177382	-410.860485008414	-400.93693019153744	-380.0047417922954	-367.6581653871363	-356.535928169737	-353.5062704544338	-353.6620309532589	-347.4183501582434	-373.0222012564535	-456.19889530266715	-340.268488386045	-990.3883071854436	-5726.603519575189	-9292.631438578182
79000	-427.1923974620633	-419.0292981441078	-412.1566189557787	-400.4548451418261	-390.33994192396966	-368.9701326686262	-356.92073678985605	-344.7160921125469	-340.8005226884864	-343.46362705050564	-333.5767813865409	-355.9333716876685	-443.57305087824795	-329.1949915843397	-966.511799369115	-5372.123835096734	-8908.726896546686
79000	-454.01490335609077	-445.6583332247715	-438.52720819563905	-426.0526854573061	-417.0444131947631	-395.89915302853785	-384.3742603780609	-374.9841010885871	-372.17922328521246	-370.5039779093758	-369.1744369750019	-411.3157377480438	-521.0878196502117	-355.97898484594646	-1101.7343299986144	-6187.380157281749	-10029.668497233417
79000	-442.94355827300126	-433.9214491022763	-426.9441747141224	-414.94311088167706	-405.3088660335985	-383.6020981541232	-372.76496260221177	-362.16921226622554	-359.19551077775327	-357.91388074403324	-356.2038365356101	-397.68137103749143	-508.2234401488686	-346.81306578600595	-1073.8695421763655	-6066.411930255251	-9788.635583229841
79000	-470.51464593435986	-461.57524264613244	-455.0411407466949	-443.10118323606207	-433.1510439007704	-411.3864864387173	-400.00807207525145	-391.14903016489075	-388.69246026773095	-385.9981966280363	-385.8965794406017	-429.4709633393286	-535.1058938919489	-372.6984375902183	-1175.3032500599527	-6136.5630047557715	-9910.331666492653
79000	-486.2854039588253	-478.32384455067654	-471.16225306476105	-458.56362884319617	-449.1986461332814	-427.90854874185874	-416.54501985638495	-407.2691426866136	-403.9529075023665	-402.36111272326275	-402.640218032819	-448.4791803214704	-566.4374780604174	-391.2816858192353	-1235.6239671561507	-6143.288099774594	-9837.98549622779
79000	-448.2907116882855	-440.0099727933259	-433.3770264649506	-420.72285017968284	-411.29023554308185	-389.67882589916337	-378.1172381898164	-367.99159970692443	-363.6907126109864	-364.0887245827353	-359.7549610045954	-390.9702169982245	-478.6224450672003	-350.02872548791333	-1037.9431759551692	-5951.374745607397	-9590.261104726356
79000	-444.93750105196483	-436.11039111772044	-429.45183522113865	-417.36860418992376	-406.8773538277491	-386.014770674367	-374.71904156625845	-365.14106662404953	-360.8916173769597	-360.49332292538753	-357.71420694158223	-395.40879004415865	-497.71458336240977	-346.76274157651466	-1073.8998228189294	-6112.018935899737	-9873.771457894434
79000	-400.7677137070901	-391.8679757772722	-384.9369008883744	-373.1089364332212	-363.2111157430886	-341.04118046934406	-329.38294899037544	-319.3701603260472	-315.3372638466631	-315.25542543050517	-312.1236486156544	-345.44744634617854	-439.62555588895805	-301.3334407949982	-930.7079192200706	-5974.375153138955	-9736.138036672224
79000	-383.9961149076297	-375.3614483469827	-368.38908717465534	-356.2288542080721	-345.9218655852401	-324.32646832487285	-312.1256624426787	-301.07064797674616	-296.62294382842794	-298.0899573976151	-290.2817838156557	-312.99900079102645	-388.13418464876787	-285.7203571937804	-863.6868291454672	-5637.480066853329	-9326.754197939894
79000	-454.87226893523507	-445.7880501787591	-439.3108334401351	-427.8056088949704	-417.7988771241156	-396.4144075282309	-384.04306826710075	-374.1354547524691	-370.7817185800881	-370.2395740763966	-363.9485055175704	-400.85182794925834	-498.4719939519781	-359.3271344391622	-1073.6973973280856	-5776.919504723878	-9422.544891549653
79000	-481.11502680554867	-473.6666681562083	-466.14537463236894	-454.24271701993143	-445.22332082238717	-423.58735826886283	-412.7960052645866	-403.6236731448521	-401.7461777350048	-397.4465447956649	-401.1732603811883	-454.75993843256106	-588.6082066408549	-387.37889331907894	-1256.619670783172	-6484.934943572271	-10299.613686762132
79000	-423.93193945162585	-415.69123866300487	-408.76648817032066	-396.43578862150343	-386.21504224158963	-364.972038421781	-353.52510473902095	-343.24796488401097	-338.8758483466132	-339.24753266903457	-334.4213569819084	-365.9752194987295	-455.6392482467398	-325.60943150911066	-978.402033655524	-5981.9604119920505	-9647.621169061029
79000	-424.709846247303	-416.1760546988749	-409.7156093229293	-397.2922610306107	-388.0072361627304	-366.3955792780751	-354.58230020091383	-345.0577238340998	-341.65826193331844	-340.422944927272	-336.9292821956886	-374.8329343644857	-480.4239685885014	-327.6141732982152	-985.494184782755	-6039.145713362715	-9778.646935589435
79000	-423.1039213965357	-415.482598678463	-407.7829377658342	-395.8299686474596	-386.7892210494529	-364.5012470373456	-352.44454241320335	-342.867662407705	-339.11618740033975	-338.2531966248205	-335.31995914016875	-371.2068701517465	-467.349774505259	-324.93665809090334	-1004.2782758902289	-6057.591200262638	-9792.74545483797
79000	-414.70168096376347	-405.71074648221787	-398.85114012552793	-386.3060177204252	-376.7365247438425	-355.0598755948705	-343.74814727058566	-333.53830775435364	-329.3414495800275	-329.5110945871152	-325.58034438874927	-359.04162475791424	-450.52262447117914	-315.42423181620876	-959.470196184736	-6189.436091543023	-9957.62386330022
79000	-417.63728801180883	-409.17923444436605	-401.3949463851696	-389.3320980999748	-379.69478160693274	-358.2305004834765	-346.7107178118307	-336.390279370725	-333.236618687561	-331.7192413924877	-329.37867236912876	-364.6215398603335	-457.41654988160025	-317.7325481317625	-1030.8736611994539	-6245.526074109996	-9996.053610612937
79000	-475.6181360707017	-466.5866944973486	-459.7591057576944	-446.9621562513968	-438.1096149951657	-416.65673208759466	-405.4685105122176	-396.4296291442695	-392.9993140104554	-390.7254967042348	-389.8232284072869	-433.377095935602	-542.5548047296504	-376.7181150705303	-1214.6662584113653	-6243.609599176138	-10008.368493653788
79000	-484.58917572087597	-475.6722460287817	-468.9485631348703	-456.2953589699853	-446.9957218620714	-425.73261491348336	-414.4472154618336	-403.9152848770717	-400.6231964917988	-400.08128970293643	-397.4237871391426	-435.2598738461372	-536.5286670517559	-385.35099716902965	-1179.3135303724323	-6037.5868065649	-9684.625384531559
79000	-404.237275157644	-395.8169520094949	-388.74473049007696	-376.65835131588994	-367.36461539938574	-345.52233327212855	-333.41462393567275	-323.0291693309753	-318.93500849602265	-318.96008942275427	-314.6516362349986	-346.4064659706263	-431.8240794922114	-305.3563137515681	-964.4542795766519	-5884.743048569069	-9630.634538435394
79000	-433.20995536341167	-424.67958425184634	-417.46118195701723	-405.1608151100853	-395.59243088738276	-374.40297995402403	-361.64277575951513	-350.7556390003511	-345.8314047939581	-348.21916792053156	-337.467309375284	-358.2865160077795	-438.7526413580459	-333.84709663863083	-994.5541727282064	-5419.1617219661875	-8890.310359121791
79000	-468.99585942027517	-459.61821329373333	-454.03861356645046	-441.14648466856977	-431.0607613539753	-409.6735366630635	-398.95237912025	-389.05814266421015	-387.5983859780283	-384.0175165258287	-386.71883476969685	-435.9341255442082	-556.5813872678558	-369.21119747828817	-1232.1589182136222	-6368.208591629751	-10224.10067749054
79000	-466.12936961766496	-458.1631833805888	-450.54918188253504	-439.02450763616673	-428.1687935668293	-407.63765874509795	-395.8453096840346	-384.9133148473411	-380.51688115372616	-381.4381307833455	-376.1775678105999	-407.6692119731489	-492.94574678914137	-365.6817575171443	-1107.1320894524972	-5911.889402500985	-9530.39121798827
79000	-459.6532355571354	-451.4318926959721	-444.2678535441343	-432.1113933685183	-422.1312283796994	-400.74568366398046	-389.6815553594684	-379.0611716374705	-375.7889653272936	-375.1126321660321	-372.60736586048785	-411.8334393017731	-519.3059456707828	-362.5251849014975	-1145.3053824200883	-5982.469060134136	-9691.238513160186
79000	-420.3298886667289	-412.01489105501764	-404.4817851912928	-393.1654477663524	-382.9935705557032	-361.2183805039477	-349.47424104297454	-339.3385002412226	-335.505727392453	-335.5675308730864	-331.4777339363546	-363.7881766219855	-452.7320421579962	-321.5193405460977	-967.558002756878	-5819.41334261721	-9507.10087563125
79000	-426.73634284796356	-418.7160102213943	-411.1774085053508	-399.20239866525276	-388.9456833259722	-367.6595422074622	-355.97008571646757	-345.7965112327817	-342.912876609701	-341.3751716414674	-338.48350581771035	-372.77649841674105	-468.33297860009355	-327.6161115753459	-1024.7909392583267	-6111.581362096915	-9829.167033414431
79000	-446.39292390766224	-437.9523328481279	-431.3964768118845	-418.47303975705813	-409.01847499394216	-387.4873833494975	-376.14268211408466	-365.6734444287635	-362.3668878353299	-361.8088230040623	-358.43310970805294	-396.37237648954874	-490.6964526420884	-348.72590929636704	-1080.3667003308356	-5959.623388022769	-9699.244765673262
79000	-436.588380494148	-428.33787167150507	-421.0547339451444	-409.11164303921225	-399.4649593098409	-377.4495901196325	-366.0155333003847	-355.7655266582957	-352.02247555555914	-352.50400376285126	-347.58896912526535	-381.20700148667777	-478.393149764873	-337.76646386046957	-1064.2550612030304	-5823.50022670661	-9574.250444119776
79000	-482.73703061165884	-475.03999406165366	-468.44393162393766	-455.9786951793709	-445.34147388501805	-425.01080163316874	-413.5854583195689	-405.6302994636701	-403.83643954058834	-399.09373945125037	-401.5017161044262	-454.4119021371459	-585.2416230048598	-386.6800490926689	-1257.6330205175466	-6395.55457091604	-10338.336551730932
79000	-432.8840761195993	-425.05809898398394	-417.55783198787987	-405.13439810673265	-396.1370287742032	-373.63497295239796	-362.541453117257	-352.5669717557859	-348.7545755171339	-347.7691004723347	-343.8657485108503	-377.19072736684785	-464.0372301806175	-335.65204245765705	-1024.9278559579557	-5904.387196250485	-9605.104332869198
79000	-440.27823605515823	-432.14532559899294	-425.0361696841837	-412.45117030628865	-403.59238784917716	-381.7667554243414	-370.02055320838	-359.65584976523127	-355.7487669694073	-356.1308011157095	-352.063442285408	-384.57266612998836	-481.889162774701	-341.68005658889194	-1060.8629114115581	-5951.833481304562	-9651.387277053638
79000	-453.7466098940779	-445.4428138928757	-438.3663123982952	-426.8785296766315	-417.3706293907784	-395.18228213307	-383.5246833636364	-373.95832224273374	-370.9190366938129	-369.28542464277376	-367.730861577264	-405.6263611150963	-502.1930186028989	-355.04516110541374	-1118.8032347896594	-6303.272418257838	-10035.554231296643
79000	-449.03396809881076	-440.87846393883825	-433.638934054819	-421.39473949191427	-411.9428863486953	-390.2338111114712	-379.5073416773334	-370.34493349871235	-366.18341367072316	-365.14347090769303	-364.864620863917	-409.21035064699925	-515.3986571973064	-355.231763522866	-1101.0926150698629	-6089.368173011566	-10023.690056372838
79000	-442.1928752035564	-433.51762567724336	-426.5650531963707	-413.88787939197766	-404.78110066277293	-383.6192876875608	-371.18244941798537	-359.3068956074292	-355.24117606492734	-357.3214730328579	-348.01848063291726	-373.47013783197343	-454.9787382792287	-342.1635093112754	-1029.1449132344471	-5575.128469213534	-9162.396182022054
79000	-456.7781069814476	-449.0000634121664	-441.766752161474	-429.6613378620507	-420.0698328367559	-399.05536555722983	-388.09333776980094	-378.6162421140786	-374.8285734202469	-373.60556298020794	-373.277804265964	-417.3243238301106	-533.8766383640891	-362.3735859583536	-1104.8322178521205	-6221.132885872444	-9972.097894181552
79000	-392.14644354959415	-383.7677926006689	-376.42317684297865	-363.6484968829674	-354.3006414860851	-333.07447559083363	-321.0415632563604	-309.40766335628854	-304.69385130522585	-306.8262833611244	-298.5710431645183	-320.7982884309115	-406.11829275097153	-296.9511892488158	-845.8032726886339	-5452.583391900652	-9013.804131428116
79000	-450.8973989868902	-442.05366238223087	-435.0067119926454	-421.54095317285316	-412.5410061687733	-391.2602038855286	-379.58536068872235	-369.65630329557825	-366.0766908488181	-365.39484711880937	-362.4391719456444	-396.9434333953104	-490.74006916126484	-349.95704704495216	-1062.9009545880588	-6141.3857201754345	-9779.786363115805
79000	-402.5928690521804	-394.11189382982366	-386.80161549423343	-374.21084919337545	-365.0806570382525	-343.25083016622955	-331.4087880092248	-321.68614980777704	-317.97650931126384	-317.4238395095641	-314.15523654407195	-347.3640479731008	-437.5325557651063	-305.0519963465127	-944.6189399573838	-5811.824519399725	-9600.510910018174
79000	-438.2745725725989	-430.16171399684833	-422.957911952806	-410.66466270301987	-400.34640788545425	-378.4979128354053	-366.7697534478178	-357.2670250184297	-354.2293619763674	-353.6155279869429	-350.17219695721684	-386.0256127361952	-483.8981457252121	-339.35169165810964	-1025.4091504480373	-6021.942664791096	-9942.152165025856
79000	-439.6833025701488	-432.2013002870222	-424.2133144746305	-411.83054148078054	-403.74889529841255	-382.07499109809214	-369.53499431844773	-359.7306920094751	-355.61817655271534	-354.69548031338064	-350.8123671372491	-385.3069056946018	-476.28191956452036	-341.91845454025065	-1067.600355156226	-5806.536875641038	-9458.96477536564
79000	-424.6031099109028	-415.7780806801297	-408.6878967272916	-396.2137903319219	-387.25210015228004	-366.04152864707595	-353.856189687778	-344.24693472226795	-340.1579600308828	-339.3768106557474	-336.2004218959639	-368.9188797775831	-460.58050309917365	-327.6163607562762	-997.5105375779589	-5911.654882077097	-9598.04634016368
79000	-452.9338475947515	-444.52887012015805	-437.06709998901516	-425.53038570527224	-416.0977586936225	-394.4454448886441	-383.23756676826827	-373.71259909089747	-370.8294342188547	-368.6544495690991	-369.2598338749126	-413.44282944152957	-520.6252292959905	-355.66038104840794	-1124.0408212943075	-6149.98132944388	-9922.678287994266
79000	-447.61771406802853	-439.0655986140507	-431.75229761163047	-419.48743257884894	-409.36860785178095	-388.09792509433333	-376.62270998082346	-367.75126886127885	-364.66216214614843	-362.7341399327009	-362.33294020934323	-403.2102872042945	-508.078199956703	-347.9872277125831	-1083.97097364048	-6254.259213192514	-9959.084434966846
79000	-440.2800451414935	-431.63619904437235	-424.13137577811045	-411.8526598039441	-402.9611072479604	-381.10554443764954	-370.1322028894621	-359.58703779834383	-356.1545268620288	-355.3229245899931	-351.7862946517178	-387.3478728512946	-489.26395676874023	-343.7509906168172	-1031.949077345283	-5856.744970994734	-9465.758596856847
79000	-438.07799896079325	-430.1241593490464	-423.7765789206355	-411.2432978302411	-401.726085105716	-379.7344811722101	-368.52131743232366	-359.2749752020462	-357.61933903558656	-353.7918222899308	-355.89500893621863	-404.68269948722485	-519.5002128383644	-341.2356989200114	-1107.5459411832055	-6149.614839899946	-10160.907569121124
79000	-435.0449857961218	-427.00363558043847	-420.20460264903085	-408.2661181149298	-398.4968488504413	-377.60489573314396	-365.1591536227597	-355.17197690725516	-350.7910486995693	-351.85344703373636	-345.966286737675	-379.14965846340635	-488.94077742064724	-340.78590439262564	-1032.5216363926215	-5781.528383558539	-9433.57472366025
79000	-450.6484474183641	-442.6297930102238	-435.7301657583502	-422.7654311172804	-412.90800939138853	-391.69178844082523	-380.4193082844329	-370.6637541863779	-367.4734527030489	-366.04063472523904	-363.7746723126748	-402.4383757490513	-504.46527075756745	-351.48263369502916	-1101.5004477272769	-6024.751874566353	-9785.028509232023
79000	-453.59866623923875	-444.6486801316989	-438.397711217686	-426.2434030492468	-416.4938894293017	-395.2393901487608	-383.7215466228891	-373.5309036069606	-370.61594736569157	-369.90414091153934	-367.8075876463638	-407.2993092953915	-506.3632104555833	-355.3153018938732	-1129.02199885562	-6024.714635045327	-9774.518981493218
79000	-478.22286842535266	-470.0932370769524	-462.6934879994786	-450.86745416425117	-440.6510789277201	-419.1799649193814	-409.00044186180696	-399.61394354439113	-396.67202648808683	-394.27595109448873	-393.36888407155084	-436.173932379757	-543.9784927406043	-380.88824237588943	-1165.784753233081	-6251.156966134685	-9911.148357768716
79000	-439.38612904070845	-430.93043512343735	-424.6016002858183	-411.7424558830819	-401.61648106185265	-381.1444210244265	-368.9219983723333	-359.37765437648375	-356.40071162085997	-354.738524424396	-354.20704657082825	-396.51966199433195	-495.05530650876676	-342.1286595334042	-1104.9464465824021	-6337.999891117879	-10166.153192230677
79000	-432.7184541792472	-424.2810924920173	-417.48869955340166	-404.68354657835073	-395.40705917566487	-373.94913287568926	-362.33481602199754	-352.56495638928294	-347.73923337695044	-348.4435110214726	-342.46773154362694	-370.98215157691186	-453.9924373438846	-337.03539016836595	-991.923690962606	-5870.614507447537	-9663.356351718556
79000	-428.45179539244384	-419.87198654469216	-412.18406197783605	-400.2631052387428	-390.76405169668385	-368.3628122168736	-356.4901469542775	-345.845504599718	-342.13990484751963	-343.0326669987123	-336.1569705765585	-364.1298893981786	-451.04099858108833	-330.9142463747583	-998.9298996554104	-5727.8606819944	-9361.928079431795
79000	-407.4692168599714	-399.0076602273787	-392.33618897335197	-380.17363225217355	-369.9796785253945	-348.6436700924254	-336.6103021744976	-324.4185777530502	-319.95905178593785	-322.6956922039205	-312.87091506135266	-332.40688418754604	-407.3909936156462	-308.9852273046016	-886.5818629483113	-5325.935502547846	-8963.743158451758
79000	-421.2697044254078	-413.13935083344404	-406.2734364484259	-393.79330643719356	-383.9587171421509	-363.09835347139904	-350.16930900552705	-339.7428364101872	-334.9955580723549	-337.33584313521516	-327.5006138768461	-353.8780100491571	-438.4476569189437	-324.617445920344	-963.85579637109	-5271.760895523058	-8905.426012370111
79000	-446.3320449742093	-437.4085417048104	-430.20117554621964	-417.81847282695526	-408.5975414402535	-387.61364219770496	-375.99361649784396	-365.7772644601295	-361.408936230495	-361.8385014244818	-358.5299393583509	-395.47295735664034	-494.91586445094094	-348.067700436577	-1048.6413708273358	-6028.630345036988	-9714.398979837682
79000	-421.9595323932684	-413.5250528431726	-406.85529224375847	-394.8643142005982	-385.4424791377199	-363.22942522181637	-351.0526625068621	-340.54829826146454	-336.5699602660613	-337.1583252500529	-331.2593455624772	-362.26492043264193	-447.1676173149747	-322.6230674546435	-1018.8161873144966	-5739.640981520225	-9434.382118670796
79000	-447.4463867222466	-439.51701254390616	-432.1046406492447	-419.7972062454402	-410.26096873419374	-388.36959378051256	-377.4029614502379	-366.4815683930705	-361.73465992439316	-362.7179095276834	-355.56280556105094	-384.2391377008887	-471.66903893196826	-348.26334686769263	-1041.1287874461934	-5810.436635965888	-9399.460080168075
79000	-436.973253212722	-428.5719585579097	-421.4435467413777	-408.99910858941666	-399.21443308055797	-377.5917215629033	-365.8453173837342	-356.22227989077504	-351.70835083910407	-352.2100136409956	-346.2654126393207	-378.90871980482194	-469.61427690196246	-338.6562533015941	-1048.5357850169798	-5806.87393255595	-9400.168262870367
79000	-408.41268193060023	-399.90355929609063	-392.9413117444445	-381.00295046701854	-371.07661517888045	-348.9893017568988	-337.81018179950325	-328.0370322957124	-324.72145179250595	-323.3599579288359	-320.932242672153	-356.82012725399153	-441.4204787993702	-309.0009737092753	-969.8480043575229	-6211.376001931926	-9982.897297211668
79000	-431.57033619992234	-424.1961163025779	-416.42991035392805	-404.4842540915671	-394.67842654232334	-373.4258734190216	-361.646661373003	-351.33964780093993	-346.53107718405283	-347.9206608013143	-341.6099567525343	-369.5414337746659	-465.958501687409	-334.27785239117793	-993.501708100226	-5782.077096055704	-9452.425152986925
79000	-437.1511891118343	-428.6794718322155	-421.85351167581695	-409.40627854038223	-400.82054633774993	-378.3502764625903	-366.5117605810195	-357.48267439710946	-354.0996429033983	-352.44238294860276	-352.4208097089507	-395.6406063671766	-490.58893192347176	-336.7614736438477	-1093.028190172293	-6254.423425172327	-10207.358749181392
79000	-449.5227421455675	-440.8722394395922	-433.70883024895755	-421.97633809219167	-411.74815980396227	-390.4345770809789	-378.90994861349446	-369.43034915406025	-365.433189043457	-364.69886816190353	-363.25185521256736	-402.8881350679291	-500.3335843862965	-349.3452604000623	-1129.1407253328407	-6262.809636158071	-10193.886320742378
79000	-438.4888942782126	-430.16134830116715	-423.4746316695545	-410.86442219538844	-401.15664344618807	-379.3394981227176	-368.11238038730124	-358.1879870658106	-353.7455801732754	-353.66528991276834	-349.2959778427767	-380.97047846465347	-468.3649740501692	-339.36800584218577	-1049.226168395285	-5886.792593590542	-9555.013180545191
79000	-444.567588109732	-436.56802287123435	-428.7842116671688	-417.9074561221562	-407.62630913736984	-386.75329552292567	-374.4981003341531	-364.57240581897634	-359.3966292711482	-360.84923328930176	-354.22644083183053	-384.77114402270144	-476.3954650953465	-346.13288141476835	-1064.2587967960492	-5534.73774141592	-9254.305254496441
79000	-439.5103711185436	-431.24784306199865	-423.62829475221116	-411.8609986232233	-402.0764792280315	-380.67993089704396	-368.94536355896224	-358.68682682176546	-355.67223366063484	-354.2910861538248	-353.25336361027627	-391.9909076010988	-489.9077429209725	-340.3070286446486	-1068.3777801504039	-6035.590094359329	-10004.315176986865
79000	-441.6945365329849	-433.4901321671313	-426.2722051146149	-413.6155071283147	-404.20674231695796	-383.2127428990542	-371.6529207798282	-361.97638181734936	-358.6509463596755	-357.1916050137205	-355.979091559994	-397.6183330469706	-502.15256466046793	-343.6824243587941	-1069.2309191424272	-6235.418818017725	-9983.564146507253
79000	-471.8993666071345	-462.87260772247345	-455.5687399993595	-443.87780587013594	-434.76638219819614	-413.74037993386185	-402.15523707784615	-391.6892516882923	-387.4569206908738	-388.31553270393465	-383.1463239817994	-421.4113491679766	-527.5524815885362	-373.6015436133393	-1151.0587017894368	-5850.20808379143	-9377.550283938826
79000	-460.3706340854182	-452.43235687846976	-444.85990471482836	-432.8271391405116	-422.9726591687888	-401.41340744093264	-389.8969626350859	-381.1586703529589	-378.4593877881244	-375.4894094571816	-376.601581265476	-420.29103034172533	-531.916309800165	-361.8374352150695	-1136.0140729409895	-6348.665077108197	-10107.7982166041
79000	-447.2732581202443	-438.9175757793142	-431.6534329770313	-419.5501806886044	-409.34191739657615	-388.2504644385334	-376.3186461784374	-366.6279279987865	-362.5874762603197	-362.41032466472603	-358.31552869861133	-392.0290382857957	-488.8358244221646	-348.269252239472	-1067.1947834095854	-5824.75742332054	-9565.60915015772
79000	-409.93460546127807	-401.1575181750635	-394.56864448236325	-382.1127987724608	-371.8193144805493	-351.0078337849093	-339.6607265192497	-327.92369677114374	-324.05964583839926	-324.62020590667146	-318.07449881683306	-345.0067058724465	-426.2577161246965	-311.5735238414284	-920.179976199524	-5660.724051655239	-9328.45497494756
79000	-440.4488625512283	-431.4460533651973	-424.50620824629226	-412.5052185553276	-403.0132070627601	-381.50959685731783	-369.8853373329332	-360.2491917410512	-356.4086781251992	-355.94845272977057	-353.39310472771643	-393.0722289370375	-493.2653780213873	-343.18749393698994	-1099.848925554125	-5955.420626273552	-9675.08790340846
79000	-469.81853198270136	-461.5625676943052	-453.9176132386437	-442.40274896339724	-432.4475982120603	-410.5840167959579	-399.65724385742845	-389.41553012589304	-385.4124629781229	-385.3175217424979	-380.297984082177	-412.4281403390252	-511.8332969426073	-371.0492773188933	-1112.671127965164	-5975.2732357611	-9483.730170477058
79000	-420.33808325086505	-412.2095797823007	-404.45360458699264	-392.3507400619902	-382.3133421341554	-361.54577593948716	-349.5213054212921	-337.96849833261996	-333.16362694478556	-335.4154422227914	-326.9524787577625	-348.6189365731864	-423.09198851617424	-320.49389074010395	-926.992935246171	-5452.228692117414	-9007.721699752425
79000	-430.9620511960503	-422.66804401124443	-415.10755451506355	-402.952826406701	-393.54034897251347	-371.3968659677893	-360.48245207441573	-351.240047370029	-349.11092890949686	-346.1755555890563	-346.85783567397436	-390.12851373485876	-487.7435618902672	-330.35767879788585	-1078.7180934260114	-6334.594509890355	-10329.072213911186
79000	-429.2888349542507	-421.03258051940213	-413.8843795511743	-401.48223436804915	-392.248200735713	-370.31568935497575	-358.67284214943874	-347.9923538372359	-343.63193253377966	-344.2219418020442	-338.8087702679185	-369.7475273511964	-453.4011316186157	-329.99852627625427	-1008.7908453894984	-5946.352694210335	-9620.082471604324
79000	-460.27510501441867	-452.2170834349569	-445.1678571404221	-433.20774148960913	-424.0362421583495	-401.6196138528591	-390.64415829426315	-381.42438372153106	-379.42682821863133	-376.5815887041203	-375.98706207445133	-419.459415128174	-527.5006689187128	-362.91250832494	-1182.825231948012	-6269.342695501246	-10136.197456875641
79000	-439.926398495498	-431.59442397536367	-424.5814437647627	-412.3902821653189	-402.0654461579698	-380.88817917253704	-369.2905605361447	-359.3438457446515	-355.4381042147692	-354.58734646141323	-351.0837389193236	-383.89106837490914	-481.0823458468175	-342.2678556083623	-1010.7692153174826	-6129.778474088793	-9839.307318955125
79000	-429.0220518731924	-421.89830880826395	-414.706062560302	-401.72072345393315	-392.4309686335396	-371.3301933376717	-358.910746652931	-349.91297446439677	-346.0550832636066	-345.2227719281477	-344.1878826064899	-384.4543565530155	-487.250351622295	-330.0945186473119	-1073.2961213145716	-5966.586023574939	-9822.658972909938
79000	-460.2000769932104	-451.3299558436275	-444.36632705138715	-431.59191720445904	-422.22059363555036	-401.64940584115175	-389.419141980089	-378.4852810596212	-374.69871129913935	-374.7698876527664	-369.000073520071	-401.42213069616895	-498.92812621720964	-361.3713780762029	-1135.05183762497	-5776.796285455148	-9410.053142505194
79000	-436.13396478924705	-427.4451255473663	-419.99692909136394	-408.05498862987463	-398.30977687541616	-376.33973935224793	-365.0388030397078	-354.88948200965154	-350.9710605973637	-350.2241611503054	-347.59447892662007	-382.5858262743743	-470.8515405494835	-335.43561259125215	-1070.0522285032841	-6229.408143555717	-10003.755444617456
79000	-425.0166684437454	-416.54420079490365	-409.7458954537372	-397.2551447503354	-387.5802772024973	-366.09453333237036	-354.3448513407679	-343.78567671720936	-340.23331714750196	-340.2366979460114	-335.3276143250334	-368.642363211795	-459.402168798228	-325.72451879660974	-1019.9210900404022	-5927.324685229259	-9598.48047621014
79000	-407.91004878750283	-399.49425312910796	-391.66934451861204	-379.7520018352112	-370.8201009739498	-348.73957793225975	-337.33952695056837	-327.1770097054906	-324.1333199944998	-323.9244767059591	-319.7905483237424	-356.88318940568803	-455.04655070167746	-310.3128869551357	-976.5179847481253	-5933.801745971311	-9827.66220603185
79000	-424.08490254591794	-414.8811478674071	-407.83839942482774	-396.35647209394665	-385.7983031141143	-364.47408481844406	-352.9632466126674	-342.5794258668234	-338.8043561077239	-338.7074623308839	-333.975151511096	-365.32750681160087	-450.24995005352565	-324.0534036212541	-1006.3706612595386	-5959.932470493171	-9577.822833204678
79000	-459.9254718065071	-450.877234097564	-443.4361913647335	-432.1622430654671	-422.5618113910705	-401.1462567460918	-389.6194832031789	-379.27270362073506	-376.22180194107665	-374.7559267426066	-372.0706278312556	-409.0524423620083	-513.206613152396	-362.2549295304891	-1104.1524588677069	-5972.646148794079	-9542.120770864476
79000	-431.13045282892614	-421.88154786322434	-415.79463330643756	-403.8296875117941	-393.8890197799147	-371.9572656033597	-360.72875680764224	-351.1917436228302	-348.1401826402639	-346.3148966145383	-345.9034325551299	-387.5577414025785	-492.5610895403744	-333.74958582929526	-1069.6262699324488	-6175.17565809951	-10000.924778621973
79000	-422.8734407974745	-414.4984867135934	-407.37768973694796	-395.36891301026117	-385.0448852627776	-363.37518409342465	-351.7310835656029	-341.612791549904	-337.9771288991685	-337.72913205842565	-332.79299310656813	-366.4655281894027	-453.12549902748316	-322.32440257556533	-1045.0947450755325	-5975.017965846502	-9852.691569983956
79000	-426.4143303202914	-417.9766510578856	-411.60057028136606	-398.99774126358045	-389.44665387470934	-367.34838632161313	-355.3960168797794	-345.1509309040268	-340.19796733663975	-341.3422695913761	-335.59100475690434	-365.35367036439015	-446.6176663075166	-326.1441727656213	-1008.6406938617306	-5880.921793217242	-9614.89752813712
79000	-412.59715432235686	-404.70593251113934	-396.89158107660495	-384.9726881164512	-374.7230753577597	-353.42748480293864	-342.1171230580787	-330.72849475120273	-325.69139649576255	-327.3156800211595	-320.5035655335963	-347.52495922953966	-434.42553161124073	-313.6357879478144	-947.8868879229665	-5673.709420037536	-9261.28421054545
79000	-443.77515638694354	-434.81448233229196	-427.5069209740689	-415.78625779749245	-405.7991917689481	-384.4262271901605	-372.71708738423456	-363.61066255912067	-360.6825143220591	-358.0575006213856	-357.8419478248089	-401.18566008478587	-505.33975063330587	-345.82771789086524	-1100.0537874868253	-6436.908488662909	-10296.933577682925
79000	-471.94938707684673	-463.9388735033341	-457.1161360329625	-444.132348857396	-434.7841950267937	-413.9350307803764	-401.4330662105388	-391.60134471852723	-388.3505925456115	-387.6227300469471	-383.2312680768487	-419.63673728515283	-518.239398352322	-374.5582566872875	-1122.7741663898266	-5974.206351572795	-9584.238332990495
79000	-458.685790028703	-450.4101008568578	-443.44639642934493	-431.62197063889175	-421.73345820472014	-399.9925465041581	-389.6815337073198	-379.18289974579307	-375.2852911747734	-374.97195599859555	-372.0735194228373	-409.0011939463615	-521.9818289846596	-361.512598130065	-1098.90436028239	-6131.672238230227	-9840.733593228866
79000	-441.2200449304257	-432.8216034970949	-426.0073443947244	-414.05634421081686	-404.2825311708143	-381.502137114635	-370.03214107050087	-360.46836162867595	-356.74744663077007	-356.256234005184	-353.8184961463598	-390.23188486477903	-482.5844506991941	-340.7391290276901	-1091.7765543255941	-6135.572093523344	-10010.353863786659
79000	-408.197917478982	-399.9756859909022	-392.4685094764922	-379.87893770882215	-369.5381800833366	-349.0691001112994	-337.6545642233239	-326.9631715280441	-322.90247463119005	-323.1081381269011	-317.92643124979105	-351.7919217577742	-440.7868385449985	-310.5172142783702	-957.019680143938	-5968.658581832865	-9711.97048760572
79000	-432.09556358580636	-423.63817423321063	-416.41018636162534	-404.30420828250146	-394.53025040862144	-372.54187795221304	-361.36218574027293	-350.8674928044308	-347.6034297060866	-347.1689864274486	-344.3788272524865	-378.71521064514116	-472.006744787559	-334.180587992334	-1013.6956269723723	-5883.360332005084	-9521.006960789711
79000	-454.19416587466657	-445.16257776702815	-437.8962173173821	-426.33937376652284	-416.25770855171123	-395.39574215365184	-383.63175898802393	-375.616041135448	-374.54931690200294	-369.0955397741884	-374.8101871923888	-429.52716325015984	-544.5805138117905	-355.0477356435477	-1169.4185815444127	-6773.829865640417	-10977.173146586752
79000	-416.01844557116004	-407.7105523225845	-400.80242103965617	-388.85898862262127	-378.9119327899706	-356.8184753730093	-344.8784989257648	-334.6503427046012	-330.98589070005374	-332.04208723278504	-326.11817242295126	-357.3144267122135	-445.28981301861444	-317.0653707525443	-982.9542110409492	-5808.086491862563	-9551.350058164784
79000	-438.16195232755433	-429.6621834095939	-422.8670875121032	-410.2981714823188	-400.7889542719653	-379.26169349930314	-367.7327034124267	-357.6569637933148	-354.4781301516338	-353.47190535073605	-350.74390026483144	-385.8896216153278	-483.9221813502075	-339.529887232467	-1067.1264002628043	-5954.91088278574	-9718.95177599286
79000	-425.0722616594307	-416.8699309846122	-410.2521750306718	-397.920267644952	-387.89848608793795	-366.9806047094097	-354.0145942837162	-344.5410001239117	-340.5220739434333	-340.8037824634141	-333.8737540213696	-363.60416862586914	-464.1700022219703	-329.35049609831907	-955.7418228764551	-5617.96586924069	-9188.631085228893
79000	-468.3302311777046	-459.8255467372528	-452.7831373522684	-440.6803971851523	-431.5919271965454	-409.7397702471066	-398.4755238269821	-388.88396209482437	-387.0828206443566	-384.04077012689714	-384.1831630257555	-429.3613106399578	-543.2431961326162	-368.8951121214968	-1203.94997121664	-6290.359857645297	-10083.826859052164
79000	-432.10557454032875	-422.9204027065473	-415.92900871004616	-403.4273053096564	-393.589634568922	-372.91502698111873	-360.72453502216507	-349.44568026728666	-344.620634191889	-346.54806634791004	-339.6084808813019	-364.92112468790333	-451.4658808663773	-331.8231875959457	-996.8015190808463	-5806.359977920416	-9339.184690618662
79000	-472.71315264413005	-464.09816427167624	-457.81267671457266	-445.092052423234	-436.0220728800389	-414.69043395066876	-403.4541710845556	-394.6719486300431	-393.1358204352595	-388.29392109961884	-391.91461597582617	-440.94974095791486	-556.7902585072907	-378.05571453654676	-1213.1805999827438	-6544.796490694961	-10344.58458395534
79000	-427.8296920313291	-418.99795472954935	-411.8691788558959	-398.99241701910967	-390.0369915566379	-368.7913252531183	-357.1596849831595	-345.9624954451279	-342.4425103965744	-342.376565912428	-337.83546095697716	-369.0140519284864	-468.42542471890664	-331.6937383733721	-994.4446617577036	-5820.160359304938	-9455.027624059627
79000	-428.87961161842424	-421.1508286569813	-413.3227372673685	-401.4250495590086	-391.8414162888273	-370.2552896863937	-358.3606713189733	-347.4961399917571	-342.76629073650616	-345.23352119474157	-336.38067839169594	-361.047097296989	-446.5521833361072	-329.6152275463379	-1011.4749549990092	-5618.109810223018	-9178.622641041711
79000	-464.828558042755	-456.1366095200558	-448.40227337785285	-436.9256008643206	-427.12376968845876	-405.9313431432116	-394.3056815566071	-385.7015054531302	-383.03701868342506	-379.7481328506096	-382.1432209414351	-430.1127099556277	-546.336870783341	-365.8488467596691	-1184.242821340837	-6200.113726687124	-10109.217005659833
79000	-451.4229883768916	-442.35433547965897	-434.9704675694226	-422.92215826990525	-413.1198832864238	-392.30877374647855	-380.06738756498686	-369.94026014590764	-365.3909569652526	-366.1096660475077	-360.0240497194614	-389.8989628069415	-483.3317214308638	-351.0170893258537	-1090.567143940957	-5749.712956574792	-9437.004494215102
79000	-407.54799299045106	-399.1987852098633	-391.99067730338317	-380.3166442870927	-370.94003897925074	-348.20140984858284	-336.87093171069	-326.73929633940406	-322.6210513427343	-322.6124577185535	-319.575921268732	-352.35756953929797	-441.4680106832968	-309.20739224492416	-968.1883788678879	-6070.598797440887	-9840.492105659696
79000	-437.1200620229071	-428.9083874936395	-421.81401068226984	-410.0906682449413	-400.00852654028546	-377.7148710502489	-367.4864878554307	-355.9815450845256	-353.05645609189645	-353.0280467331958	-347.4755963218388	-381.56273558449476	-478.8955886826063	-339.00780780074626	-1030.7332983988874	-5928.742202010513	-9498.87829405241
79000	-449.7036491886296	-441.2909934512874	-433.8933782749645	-422.2720048148475	-412.83069055553625	-391.76772381064006	-379.4628882766005	-369.03737868216007	-366.5227598752651	-364.93393749414105	-363.1442788508706	-401.4133339408287	-505.07107540601356	-351.54769323903946	-1113.5739421735786	-5978.392714045307	-9706.02135929847
79000	-394.5819803066799	-386.28504480218214	-379.2737271700361	-366.8275887776606	-357.28469305908936	-335.629129725555	-323.5308226327489	-312.724648424802	-308.43878351799293	-309.369042770321	-303.3650861322532	-329.6426321083573	-415.2622215639073	-296.75099698801006	-902.7416581300447	-5627.092901630543	-9299.903529117439
79000	-478.1761560739305	-469.7272204669231	-462.72404422044696	-450.66406261266604	-440.1952309115605	-420.4344181722658	-407.71624664770326	-396.8086134259046	-392.8208294279259	-393.81196149834506	-387.64123971459566	-419.002263756808	-525.3464227857454	-380.60287070610826	-1155.1938354168017	-5797.944805416994	-9309.89234468175
79000	-463.9629280314563	-456.6508797163725	-449.0412875647257	-437.1317942551925	-427.6329308166517	-406.1891160610642	-394.2197675095427	-385.7703450025076	-382.8435060464634	-380.91969140649775	-380.326121868417	-423.62974892182257	-533.3328149042424	-368.8320212960398	-1148.5997123766756	-6121.806610555037	-9848.054522078757
79000	-409.8772925944942	-401.43555629883105	-394.18307845820806	-382.1462057091643	-372.1330585034531	-350.99965666779894	-338.7600827474454	-328.8212955463578	-324.21392620924405	-324.41933434123945	-319.37167192668477	-350.14556199507524	-430.2813999047809	-311.38389690226904	-922.0033390303954	-5882.405265870503	-9588.465851760946
79000	-441.42044467326843	-432.9161108284879	-426.02068134358746	-413.85098521473196	-404.3560866565571	-383.13648140421594	-371.27439046360104	-361.98687857542706	-358.3320514014097	-357.98403841542336	-354.3023339716286	-393.4094465197052	-489.0600417426499	-346.3339417488963	-1056.9574984833941	-5970.114167886749	-9754.038272497188
79000	-440.51691086555667	-431.6447334920204	-424.8110918035366	-412.5044623831325	-402.6858441636025	-381.5896738020214	-369.15881387160505	-360.724123187071	-357.22247971318217	-355.9055206188622	-354.5376097409271	-392.606526157114	-498.5204622754248	-344.5630829231468	-1037.0642736426128	-6164.064902341925	-10014.85571175972
79000	-471.86703155407434	-463.7048140092463	-457.1157857842455	-445.410807148795	-435.71450344446635	-414.295888504499	-403.3662097245408	-393.8500061478185	-389.8688183682871	-387.9351789022588	-388.0935293282938	-431.05780409947437	-548.1479764429614	-376.5123090106766	-1174.3748956806407	-6114.393992400158	-9987.927526805672
79000	-453.0685584997475	-444.23103387807237	-437.1115937833559	-424.98497144326075	-415.74914837015797	-393.4737036891117	-382.4833668587026	-373.6433067170308	-370.92125439846444	-369.5894097874937	-368.6305364977925	-411.75103375758823	-523.3189488642917	-356.06232479366804	-1147.2512975424931	-6290.7432390806125	-10288.412092225597
79000	-407.57625943873825	-399.17986432959566	-391.5875909604262	-379.99069601003487	-370.08595225777606	-348.73892711430017	-336.2816872489645	-326.08984641776993	-322.8039189275938	-322.6606089730024	-319.20011372683723	-355.5801195763683	-448.1990889033992	-310.4353313282304	-977.9058686516566	-6031.01879781008	-9849.298530152346
79000	-431.0277641654637	-423.2219258532177	-415.70365607813216	-403.5549962686574	-394.26783702863577	-372.3455651901153	-360.2890781210889	-349.6644901317307	-344.7676377853132	-345.8292743608709	-339.24045571466957	-366.75651915183613	-447.098820348275	-332.41348716300723	-994.1327394519113	-5696.41752110548	-9341.024011548809
79000	-424.5611890083539	-415.9236962862557	-409.10115377373705	-396.7833125108141	-387.33452999296964	-365.86121685801913	-353.6548367331008	-344.1019494881439	-340.86098263356905	-340.38433969468616	-337.45316652660506	-376.56865981067676	-474.91368494931066	-326.63936474014224	-1047.7803378116441	-6039.443885085298	-9864.425963595506
79000	-424.4626814205947	-416.10312750543073	-408.6393119243082	-396.56499097630933	-385.9506372720055	-365.1059857595977	-353.38370130757914	-342.98519449795333	-338.9545293141763	-340.11446789269604	-333.720052586431	-365.2055675735713	-451.98464465985796	-325.0911363239469	-985.4498040899762	-5819.807978536206	-9564.62577217298
79000	-398.56864035904636	-390.3791303742041	-383.3952545565317	-371.0002828662464	-360.96390732571047	-339.81936615120196	-327.5974486267129	-317.0941877314064	-312.4913899904553	-313.86642984530886	-308.12021403451115	-338.20907644425466	-423.4821959256936	-298.68081242622134	-929.9122798293538	-5864.010941325416	-9768.779956637805
79000	-416.3884837069938	-407.95538120744123	-400.6017011113517	-389.1305296175302	-378.67501271714417	-357.178926571339	-345.4434664183491	-335.3607185607204	-331.76458719735825	-331.6713644722852	-328.3771562549138	-365.0951640076578	-458.2135957950735	-317.0766837811447	-1035.6462291548428	-6091.678095583479	-9889.581649904609
79000	-397.0155371058094	-388.7117033221668	-381.43670114883486	-368.7768467271238	-359.1476362433829	-337.5258916128357	-325.5602221379802	-314.92026064551493	-310.1898293941219	-311.31733173435964	-304.70053080480847	-331.2404960136283	-406.5303795746078	-296.17686763265374	-907.0259171240313	-5758.590144926716	-9441.97541656275
79000	-445.8922296672873	-438.25628167886003	-430.7385435949802	-419.05861761244876	-408.3082799084169	-387.0142533121633	-376.03759646959554	-364.8037606401802	-361.0781447052704	-361.20986812455817	-355.8061518155633	-389.73122593069945	-487.7400973138495	-349.60655220416095	-1068.698376286603	-5772.503038244017	-9563.37149349587
79000	-437.0744612633632	-429.26933204964257	-421.62193124236916	-409.3752707022529	-399.9706701992726	-377.88004760298907	-366.66027761120085	-355.9789464768781	-352.7055368859332	-352.9235744230121	-348.53256648060375	-382.9831228696639	-476.1063154293088	-338.55469953245574	-1037.8419542348734	-5882.462915724022	-9655.661253674467
79000	-427.27185751813687	-418.81437851999164	-411.23596850894484	-399.8542465403443	-389.6824406806111	-368.52838051970417	-356.6238550602561	-346.66928839818996	-344.1672914762972	-342.0184537188602	-341.36597270534475	-380.93875302517984	-485.90652943109893	-328.5759146560876	-1060.4138277695436	-6050.080847959764	-9850.598033484519
79000	-442.6604190212812	-433.4645352945774	-426.10069971894126	-413.2742481046221	-405.00367358789276	-382.9689593021877	-371.8126456165478	-361.92628520187344	-358.7031483690672	-357.26146152803216	-354.34589553810633	-392.5748012795998	-498.99886403344686	-344.148680785446	-1061.8894575097863	-6053.455846087724	-9659.629896564717
79000	-425.97066077372216	-417.34876600900697	-410.2559673263108	-398.40828911365827	-387.925063265063	-366.0355547522898	-354.7507594037271	-344.5272253118252	-341.0181542484477	-340.2785774203393	-337.91044518727307	-372.7457509454184	-458.6537731674992	-325.1828179653145	-1037.5170159615923	-6240.484392412986	-10098.99749980225
79000	-432.79641114794276	-424.0809397282719	-417.7579674273123	-405.57537338987186	-395.8893710660029	-373.7369667219287	-362.32754672716146	-354.0436154321898	-349.772980759585	-348.9343006941313	-347.45192167730664	-389.30453538948	-487.0759038380634	-333.82474065748806	-1072.1832203343663	-6093.564824732059	-10064.163115809795
79000	-446.5179485425288	-438.20419928147976	-430.7515391042968	-419.28457594395036	-410.3045252482713	-388.46814531629525	-376.4939483732641	-367.3555211879521	-364.1441483873613	-362.94203221285125	-359.74221743776474	-400.1568092655854	-506.5074983686268	-353.512765075066	-1106.706465952116	-5940.445467492272	-9774.022250546737
79000	-449.0052966445274	-440.4690473869149	-433.4951090050675	-421.2215289699325	-411.2406025087955	-390.01106939402575	-378.69509435801507	-367.36241566624903	-362.8770251991901	-364.69505133196805	-356.9601224237253	-385.0512544188776	-478.72031393031835	-351.9713895773536	-1040.413436506039	-5663.9488938679615	-9091.969531878853
79000	-439.08867368440565	-430.69198961856694	-423.85368948234833	-410.7967573493952	-401.87455671608586	-380.1399909319187	-368.4948229653569	-358.3527711299815	-354.6565759198374	-353.73299540892856	-349.8688698759703	-383.9036248115939	-480.1890297929909	-342.27025863982516	-1037.078316446512	-5947.883699961377	-9608.41825969501
79000	-417.99284631354755	-409.753005577505	-402.10050271000983	-390.5935213418986	-380.4268448598051	-359.0553082423861	-346.98691862618966	-337.1725964136821	-334.5654339216403	-332.26087807328196	-331.12000281539196	-367.73035459672184	-454.97929134965193	-317.9592574628232	-1019.3564009177401	-6103.80803872659	-9957.991615020954
79000	-446.52332216924145	-438.45345680070307	-430.4257914110621	-419.43618274767437	-409.9624729770116	-387.2458768503778	-376.5351709347996	-366.5835883820724	-362.3360692027719	-362.3412821941694	-356.78569629840695	-390.37324409224544	-487.0076797213047	-348.5565681548443	-1057.4381918732188	-5913.642329297986	-9598.079098061691
79000	-454.8650718138959	-446.38648765392577	-439.4103506118045	-427.0243360480803	-417.1808892943111	-396.0896368646677	-384.44308032246937	-373.7509396464326	-370.1475923570527	-370.5525088499781	-364.0564404280313	-398.3564068665261	-504.7679420226411	-359.28782981346967	-1039.2516290763415	-5853.653055213291	-9361.53123150098
79000	-458.3239896884677	-449.6199747163872	-442.71908005671725	-429.92339273899427	-421.00095325915396	-400.0727944232834	-388.34195465747814	-379.4991442805204	-375.955557603638	-374.3177520377565	-372.76766503610423	-418.16905712682444	-529.5806525654216	-362.82284331384824	-1124.7209212413309	-6041.905089522574	-9925.532468199506
79000	-435.3500071002875	-426.4476856780472	-419.1013082957833	-407.23917390338215	-397.58743723306964	-376.25399859725974	-364.7999766604871	-354.47346021999857	-350.19412606256765	-350.1107934497864	-345.7329401402999	-380.21966071129754	-473.8368470252072	-337.44689351520253	-1067.8556966905755	-5985.883246630016	-9650.625163543265
79000	-416.2127270353978	-407.4719473153763	-400.0218062947425	-388.3702399995292	-378.1456473381769	-357.1936462236301	-345.05246808557473	-333.55770021563774	-328.5044911834541	-331.16502245061776	-321.474120952051	-344.53622242465167	-429.9343230971323	-316.3980118026558	-917.4586286375879	-5526.790202704533	-8956.039179365322
79000	-430.5320302621828	-421.42398733851405	-414.72208173820997	-401.7942246437884	-392.6937498603957	-371.02225385018056	-358.9601447637485	-348.72677359952064	-343.87614270014143	-345.34756716226315	-337.4462062150644	-363.8578256414159	-445.9398464366245	-330.5894884395043	-971.3393496413612	-5768.728497350286	-9425.614687605152
79000	-406.85295505006513	-398.0612803515797	-391.5223288228813	-378.7618791954775	-369.1722943258847	-347.83848383682636	-335.8177286608092	-324.94497510248027	-320.0743078987214	-322.00572976937787	-312.5571819026297	-338.1048935198906	-419.9259464958304	-309.1693306855132	-917.5605566169407	-5508.829711169823	-9166.780693376068
79000	-406.7889175061171	-397.98512835869684	-390.0844890826456	-378.1520591074542	-369.14453053476274	-347.46666705780683	-335.1773203138238	-324.10208085772604	-319.6274712544169	-321.57059569873866	-314.4845508940233	-339.06162546403704	-416.2631050589402	-308.5161846802285	-907.0309563041744	-5659.397618440325	-9325.636626122718
79000	-404.84717508101664	-395.62914629034077	-388.9245647573542	-376.2884185960977	-366.8422693174649	-345.39027065168915	-333.7586867641717	-324.5192724313967	-321.3156815557644	-319.1654121323577	-319.36934657348746	-360.08915394484563	-455.832070829359	-306.08799317965355	-988.0690485239033	-6081.412363835773	-10091.491904753144
79000	-441.5458537498036	-432.8751812048569	-425.7334676585569	-413.0296840164327	-403.71816052071216	-382.1148890725356	-370.6872374389807	-359.4905261099536	-356.0698844939431	-356.1288436248363	-351.3710562921381	-382.707539201566	-469.5429447563746	-341.93187020889076	-1057.2574125464405	-5879.755597333187	-9550.860459101172
79000	-454.771769078401	-446.58870603981376	-438.68402911725633	-427.00713318703254	-417.89360240204974	-396.29696517014844	-383.7441969501812	-374.4162051122397	-371.20474963485174	-370.6152554345184	-368.35547581958537	-408.9749981265077	-519.811740698635	-356.50019695754156	-1113.4653306499977	-6014.081710310164	-9860.107492902554
79000	-424.11340798366524	-416.5165578279722	-409.3894525637915	-396.47088082808943	-387.9800624891556	-365.5512396490764	-354.34307766432846	-343.76168728276156	-340.986608053407	-339.6879593161075	-336.88400519253787	-372.2744410490354	-464.79674264940974	-327.44488069635935	-1002.7983321914567	-5899.4292764156135	-9695.946411153098
79000	-440.3667655548782	-431.33999700454325	-424.7694224814326	-412.830662641309	-403.333898027355	-381.7895716415864	-369.9626693714959	-360.9039999882912	-358.4886596866547	-355.54557921141907	-356.01940693500785	-402.645006797037	-513.1830494125101	-341.1051541891915	-1115.6410918883182	-6145.820112667486	-9986.197602341614
79000	-461.112547321198	-452.49484174480347	-445.3297800040538	-432.9762975446034	-423.8877722143231	-402.3695249373037	-390.4765115566082	-382.43503261693246	-379.83753257802204	-376.6122369053558	-378.4208053899849	-426.6716469642502	-537.9039074702008	-360.72247994051935	-1188.044618131068	-6365.556004457689	-10353.930667637756
79000	-421.2341410382227	-412.4738369458214	-405.4424216910549	-393.87985520899474	-383.82090144663727	-362.28871322683807	-350.26733731947274	-339.9919491410602	-334.4814813747223	-336.391273619044	-329.4990239289582	-357.23522322475475	-438.2150351102899	-320.7332113584592	-993.9860512128631	-5621.108190104599	-9321.958329637795
79000	-472.8280716779069	-463.5915571005836	-456.3519529355655	-444.5406772224861	-434.7707112494351	-413.17631396594714	-402.19771491788447	-392.4053893723288	-388.6372406148785	-386.970573955287	-384.73510964369746	-422.43673387204467	-519.1443611836114	-371.830587555268	-1193.1498104290881	-6012.3125399085775	-9636.087390278695
79000	-439.21134998529715	-430.91509233383135	-423.23053448633067	-411.7887254975532	-401.3495608961111	-380.3781886797214	-368.0467738633557	-357.93953196284866	-353.8510497430944	-354.15968460963416	-349.2049446786531	-381.7192310943616	-468.6092074377472	-339.10675239869585	-1047.3160608471514	-5839.967843490135	-9490.9428364335
79000	-398.3345024871179	-389.9502746284754	-382.47745193026395	-370.2749765935747	-360.8646664101793	-338.7845966956696	-326.9033376843829	-317.2066283622116	-312.95702483201086	-313.5752857453158	-308.7724927973914	-340.61484454249705	-429.84609979762035	-300.8244664180343	-914.1086305910414	-5702.195657935379	-9483.619049907998
79000	-422.619754729514	-414.4131870486107	-406.80709744513234	-395.4147160742958	-385.4755938633071	-364.0832587694173	-351.78207066288707	-341.6770908464843	-338.0491681687565	-337.9671731628116	-332.6182414339198	-366.19905202779256	-454.03061472797356	-322.92558671261	-999.602412983103	-5838.275909195333	-9510.33765922118
79000	-416.39302690722104	-408.57309846529125	-401.351023123747	-388.1731159317111	-379.2318098741321	-357.0695358372378	-345.6700243308091	-335.6012753945379	-332.22088213162345	-331.5420634380228	-327.9362175774229	-363.4833569678037	-454.8302131343438	-319.2059358591552	-981.3265704691947	-6040.668099118303	-9884.995367922578
79000	-459.27200286468906	-451.54603754158865	-444.1860388877089	-432.5364784714368	-422.4134182823	-401.6143821348118	-388.4735637436198	-378.94881582045934	-375.2073519935262	-376.16576124898734	-369.2167061958887	-399.7129470026775	-498.00031631937236	-361.85758645341673	-1071.9288201367388	-5633.2226161251565	-9115.38586354195
79000	-416.94468142164584	-408.6243944677504	-401.61910520540295	-389.3267364209413	-379.521142218951	-357.90247227339415	-345.8998841698392	-335.62209732276654	-331.46692501319876	-331.59499746824014	-326.84665562711564	-356.131889881442	-447.70694836842455	-317.47093709470647	-990.7184275678633	-5909.857304902763	-9565.42730675235
79000	-466.66427316398085	-458.4361261000366	-451.5107165559129	-439.531823319051	-429.64507999928327	-408.62555525155545	-397.2046863541772	-387.248612407229	-384.30535298220303	-382.6392736342104	-381.2809936175301	-420.9780935788985	-528.5131851506861	-369.5130561253881	-1144.5511293625175	-6126.892640496696	-9823.997626323011
79000	-420.91079521611533	-412.28266711898937	-405.4338694931898	-392.9222876677237	-383.19944551716674	-361.89680224712316	-349.64970511568816	-339.70619369603764	-336.13282949729785	-336.4119900436774	-330.68750243208314	-363.4012330133235	-454.106190488098	-322.7444744810052	-977.6670299326587	-6036.431034724339	-9756.921588128216
79000	-420.35684308528647	-412.2379806115809	-405.49815501289805	-393.0089828299989	-383.7001537006669	-361.2179370497343	-350.12959322799526	-339.4219729575965	-335.47730929187503	-335.905944221745	-329.8168858528521	-359.87219871022404	-447.494587656994	-322.22784851355027	-1003.4162231412619	-5822.695155800079	-9528.8551792452
79000	-423.4983054430162	-415.3781127961894	-408.0061750246495	-395.7498665379086	-386.35162469200276	-364.08424453887085	-352.4362862298688	-342.0400295545444	-338.155429471632	-339.25249732474657	-332.7766517483104	-360.8611384022969	-454.6943351740899	-325.51137156153436	-992.7452173259283	-5759.853875487169	-9405.152318608634
79000	-444.5799810308183	-437.03469140833414	-430.2926456045646	-417.34449959643746	-408.063914491185	-386.3551920837715	-374.43913323013186	-364.763482193659	-361.3797328890285	-361.2622205011784	-357.2371354665464	-394.6772095016505	-491.04442185966246	-349.8400416975283	-1053.5798409123925	-5859.25254276347	-9627.062123092765
79000	-408.69451946810125	-400.4262838944776	-393.8856380100743	-381.29938023172474	-371.7959506513379	-349.830515418848	-338.29545224105107	-329.55939798924226	-326.8725142269632	-323.89073450682224	-324.80807663889937	-366.80063088444115	-459.6314641066278	-309.0417697175502	-1033.1793708317098	-6381.9857656017775	-10324.599450364916
79000	-410.7945545831175	-402.3155948856792	-394.96092098854234	-382.5905107142074	-373.14452646351833	-350.7813269779155	-339.71044182308293	-329.2865882393202	-325.54982087653053	-325.2807412568132	-319.7175219229429	-354.0819934573828	-447.9273478689316	-313.4383577176779	-972.310239615683	-5758.217038132306	-9501.23446958572
79000	-430.40067091802194	-422.401377308742	-415.6589423585237	-402.6971491863437	-392.84772582261	-371.74814819040444	-359.35158204207636	-348.84733970883804	-344.1679416894634	-346.7471408897177	-339.22799062619634	-368.0437197190932	-457.3125436416932	-331.620555061502	-1006.0875487356539	-5809.990713627122	-9444.495820442564
79000	-419.4296528914996	-411.8588444404269	-404.0285990681247	-392.21087549473555	-382.6707291718095	-360.79154571457565	-349.24326148901	-339.02095442640035	-335.9251852252519	-335.22781908514753	-330.6317280290358	-364.40819560940827	-451.78509704242475	-320.4684633171379	-997.0922331684422	-5911.374030423415	-9718.801828248561
79000	-444.1354893060464	-436.0532991224408	-428.07478011291977	-416.29599584699656	-406.6983686530847	-385.05140575436894	-373.58410922692093	-363.91700676051744	-360.04916700778233	-359.7017401456566	-356.9164764941772	-396.5403285701737	-493.0178133530405	-345.0290051667474	-1108.069659030932	-6236.157542049811	-10062.71527018985
79000	-419.3550049535424	-410.5956587653683	-403.59093427783756	-391.283511143365	-381.5214810390372	-360.10540106472155	-347.7694277243602	-337.73309186308575	-332.24263424868303	-334.25282971371394	-326.1792321287753	-353.25293635886595	-444.83003991311284	-322.1385879358226	-929.4036985892723	-5651.405330003159	-9361.961431557058
79000	-401.8664470198418	-393.2077173434277	-386.02902914486987	-374.12043498757305	-364.10937685810154	-342.93312509207095	-330.9731759638686	-321.0433113982405	-317.0599316521949	-316.63353356436903	-311.9609641475852	-346.0158736992762	-438.17739212607245	-303.535118646062	-957.9542429664617	-5852.728267087017	-9704.978962431165
79000	-434.03839466837087	-425.8683245073403	-418.42445062458484	-406.6372549981902	-397.4596287971374	-375.25361332853186	-363.798138092861	-353.92520517377545	-350.2038951398601	-349.44701421348003	-346.3525389644195	-384.33416908279065	-485.0993980455045	-338.2544414935393	-1033.9618156403526	-6015.329971086454	-9818.748343690928
79000	-404.7116781629957	-396.47802636301253	-389.652828179642	-377.23441591144115	-367.9790587766596	-346.2271186392885	-333.673160088388	-323.1606462656465	-318.85823371116214	-320.0888428580502	-313.10682466157664	-339.054099495825	-421.36575989752873	-307.32094599876496	-901.3900803772689	-5641.6164784823	-9405.851366674236
79000	-416.71084610388397	-408.48540903081687	-402.41947896881317	-389.0655194509461	-379.3218778261372	-357.8929315984649	-346.2081307693732	-335.37201611558737	-332.3887856774494	-332.062733998186	-327.84771976842563	-362.38293135732465	-447.2281567322471	-316.73296887189974	-1009.5499950921279	-6066.114901282221	-9812.914601127057
79000	-408.1639188981437	-398.667598239715	-391.58478292092076	-379.4293863343339	-369.5369453396851	-348.4429992724354	-336.253759089561	-324.0720891923038	-319.3928724930211	-322.5429122221094	-310.8469495056081	-330.8959750643652	-404.1228633326311	-308.74755610421283	-874.5563698336282	-5507.536774798288	-8956.898911182803
79000	-422.9408887227767	-414.3446259005856	-407.89437205227233	-394.74771537960396	-385.213383337617	-364.1200911086762	-351.7511129370661	-341.0739509356817	-337.0135064306613	-337.59190447362124	-331.61284118817633	-359.8086912043264	-447.6317132118361	-323.0274915652647	-983.1592053406248	-5790.561299992765	-9495.881116058865
79000	-454.65148739610936	-446.3372178742967	-439.6510200427053	-426.7639107714648	-417.9380943103631	-395.93440452630483	-384.1305519454732	-373.67594087869475	-369.7309151483566	-370.381256879276	-365.1237709925208	-398.04420279794755	-488.3732420464031	-355.73851291574823	-1070.0611883543459	-6007.737408100688	-9512.98231872159
79000	-422.6640553289648	-414.84017254444905	-407.5334105632988	-395.51952727266416	-385.69025011657016	-364.1116133362502	-352.8872585600685	-342.43271562345484	-338.69268165345403	-338.34564556840365	-335.0401659916797	-368.9585185272296	-457.6661205998341	-323.7855524218497	-1018.6049518148292	-5897.5650143151715	-9728.235564308487
79000	-458.4603666792026	-449.45689401785995	-443.02593505904673	-429.76652796151643	-420.9575642069963	-399.6293583751166	-389.3059860907598	-380.570612841821	-377.2568309498221	-373.6414653128343	-377.46682768665545	-427.06232836407816	-552.7648986043588	-364.02766265598626	-1163.9309996943232	-6313.827155654298	-10189.936312863942
79000	-493.1505566510855	-484.4639382655617	-477.51283463060173	-465.1276653542611	-454.8321716968137	-434.01580868759663	-423.14535765747627	-414.4941645826707	-411.18591326551666	-408.4002104016989	-407.9246061197081	-455.0534506655298	-573.694711955016	-394.48980923234296	-1247.8987930523183	-6485.008386324152	-10219.62871186708
79000	-438.22529821570987	-429.3725178205521	-422.15299189559545	-410.10948323878404	-400.9972922452331	-379.51885872695357	-367.8861482325713	-358.3293162042091	-354.97845263819863	-353.32408400937635	-352.4277854347753	-392.7839132848998	-488.74647467119945	-338.69660375977554	-1103.1161126379625	-6279.4893360209235	-10150.08336475858
79000	-411.0119633434597	-401.9269568591633	-395.29734306488837	-382.8100456067374	-373.7433527003187	-351.90205818357884	-340.32638055313697	-329.436163678082	-324.7303657791343	-325.3745820085627	-318.73180838555083	-348.1260584910665	-429.1088395000754	-310.9282267341282	-980.6975749864301	-5843.515484163531	-9532.013950075094
79000	-429.0337306868547	-420.0688449371925	-413.5319701700549	-401.0335993206428	-390.9346499664342	-369.67296014481616	-357.188523507999	-347.04450945700773	-341.79383107421796	-343.47029219561745	-336.28122838873315	-363.98139983714356	-454.9684665838243	-330.78229569025694	-981.9820608975231	-5767.536994542688	-9487.031543798208
79000	-433.45208037900034	-425.19540802493646	-417.6972150445195	-405.94523149849294	-395.97878649034567	-374.51288069977386	-362.1946828202665	-352.4171760230015	-347.5114091762923	-348.7700206331275	-342.8297497448319	-373.3470451013727	-465.13489815994996	-336.92612580310737	-1018.1303522986387	-5812.096924777475	-9522.35231845137
79000	-436.4152715479258	-427.94701109815816	-420.7918440192381	-408.6824673816026	-399.6350576784633	-377.8962160435366	-366.42451758906833	-357.2530567657494	-355.10891253262537	-352.1354468335259	-354.5281361565604	-405.46334055568104	-510.13989156531045	-337.276663024699	-1150.7915200549087	-6550.095498714862	-10665.318656830925
79000	-427.24909307147203	-419.12198212365945	-411.75760772959785	-399.5820695869521	-390.4532835113318	-368.56603960407733	-357.3894075820717	-347.98906082964675	-344.38856643411333	-343.47314801841713	-341.8012658377024	-384.13561604177477	-488.58814726458456	-329.9064260918146	-1077.5521101099287	-6166.290972821999	-10091.610773460481
79000	-416.1831064783155	-408.47474620443853	-401.07035639010866	-389.6869525374625	-379.2790480344175	-357.8228656215397	-346.4530439206265	-336.4028936592709	-332.3268823882397	-331.95559277927305	-328.1327539223523	-362.93821926294373	-452.98197667884676	-318.54471693600476	-972.0139820622232	-6064.356437166928	-9887.707265210973
79000	-430.6484573201611	-422.4186437904314	-414.89316900314356	-403.31228698634493	-393.1931837813853	-371.6870519801064	-359.3678385629109	-349.4512201625966	-344.6658714205669	-345.9283889188586	-339.91143856490925	-369.9506385294774	-453.63354542919853	-330.206188484329	-1011.1549519366952	-5838.754920797488	-9506.99124467397
79000	-454.39532087648416	-446.68718663756187	-439.1055092587117	-427.6342281335318	-417.04835525150474	-395.59177643720307	-385.11312751660495	-375.2235661934595	-372.46892627817266	-369.96428970281926	-370.05015018394164	-411.3881032300331	-516.1796010580408	-356.6518618452516	-1105.538033231319	-6232.021707913645	-10124.046577042407
79000	-441.3468648170616	-433.00543475814976	-425.9695312161804	-413.5797149296309	-404.2380423278923	-383.073738618569	-370.90128198245435	-361.60308104292636	-358.53876752966005	-357.9393652177909	-354.5355069884453	-393.19092293642177	-495.5990575537301	-346.25041342608165	-1065.4537901955252	-6012.677654446513	-9784.820951695372
79000	-447.432889345144	-439.0812711613981	-431.77841881770365	-419.78351483275014	-410.4006402107072	-388.82444027531477	-376.6865792621964	-365.3750242184422	-361.12539248975366	-362.7087493236891	-355.27773870550874	-382.5507738374161	-468.1664535742003	-347.2481874602809	-1064.1335631996544	-5576.537193548469	-9161.972591813821
79000	-446.97891098247135	-438.3052470139848	-430.94714298043	-419.19587783116197	-410.34105216091353	-388.24729547470764	-376.99790969344065	-366.86510143082774	-364.3883926967878	-362.49482476997593	-360.40570755353536	-403.14121128557366	-502.20611243172084	-347.54779651293296	-1088.7037301294795	-6187.001365727222	-9940.228989923262
79000	-397.4413063008455	-388.40724356503387	-381.4036825542685	-369.575747400634	-359.20657066022676	-338.055521889327	-325.25250199419077	-315.0111871548732	-310.97527322215717	-312.0145908425481	-304.8831105831054	-331.9244672051184	-407.5882760583148	-297.58817213844725	-912.4024670203246	-5754.802376279157	-9398.1976097789
79000	-411.7605095044059	-403.4037420292255	-396.7640628067647	-384.43527650775764	-374.755911522621	-352.433083471749	-341.45199166865467	-332.2568683289214	-328.99908293902655	-326.9932607308354	-328.0290276399511	-370.7849337784249	-468.72735558103204	-312.9009338880574	-1005.5011090314498	-6194.792765034989	-10244.947897177834
79000	-469.18541165880123	-461.03904506407963	-453.78663117689877	-441.817727817384	-432.49854625350633	-410.92818728952716	-399.1914489237956	-389.62574686561305	-386.9907731175105	-385.21681768726046	-384.9009953023025	-427.2668601882779	-531.2917307394555	-371.17701563334447	-1157.6340696927832	-6091.073695129662	-9808.20636830699
79000	-429.0036322396289	-420.77374533153255	-414.01693289849646	-401.5742183646465	-391.87637329429145	-370.3795940583323	-359.0085283244466	-348.11184124178715	-344.6793152478534	-344.77236278191907	-339.7809766731016	-375.1260590028409	-468.63609300665956	-335.85367596658176	-1024.7995911769594	-6011.923930280414	-9703.154749048406
79000	-425.05955707369753	-416.3352433200581	-409.3947890469454	-397.50140884936695	-387.79792527889026	-365.90584617908274	-354.15041809799476	-343.5560350032232	-339.67910637084236	-340.34744543788554	-335.05450202698347	-368.1480700098989	-453.559790871781	-324.4335291872059	-1040.5725915127132	-6033.098341566761	-9699.174413350254
79000	-439.11726547565985	-429.77597601657476	-422.941045043103	-410.73861345975786	-401.0188754863831	-379.4310361434073	-368.0689633510484	-357.5965603094539	-353.62618922893887	-354.1277332025388	-350.0426063567566	-384.6574024071181	-480.8929493303887	-338.51425518940647	-1070.4296090489756	-6105.163539584803	-9772.366076427777
79000	-454.74587023689963	-446.61564585991704	-439.4165371204845	-428.30719541678184	-418.7646432881414	-396.74521038187106	-385.725764411641	-377.2246047620094	-373.9764497581564	-371.5143730166891	-373.248141034178	-420.56318470773687	-530.9738058443138	-356.92396352344497	-1161.9174490684782	-6219.389161401099	-10036.122742969033
79000	-434.9554287127845	-426.50919454311594	-419.63434371237184	-407.73576649199686	-397.68912466672595	-376.05316498685863	-365.0987443789152	-355.5253381589416	-352.48851142418306	-350.26476118535294	-349.66773212917116	-390.23675244530426	-485.67237560452344	-338.3896042553304	-1073.551773408006	-6178.41318790953	-10016.635567652884
79000	-401.48958385613116	-393.18453342120114	-385.81459878211894	-374.4159856702636	-364.0050635742796	-342.4541186731411	-330.4001611730334	-319.7471238223635	-315.9975740400392	-316.31633081460444	-310.4603975094912	-339.5842481015056	-419.1046510875017	-301.87558826627014	-922.2672277264033	-5865.923188220603	-9607.880950149724
79000	-439.99206833480025	-431.15053825990964	-423.9293634186649	-411.69254309089365	-402.3620881224991	-380.78979025394256	-369.24168183168854	-359.1941431651034	-355.58818951834405	-354.94514281557736	-352.1500783898815	-390.38588574349006	-489.21581038932607	-340.998676025529	-1052.7159899501507	-6068.785403211868	-9784.638920235071
79000	-448.9336930310497	-439.6889145416465	-432.95196942694594	-420.7136058581506	-410.9550389736545	-389.2987684719672	-378.3759111304286	-369.50638116346596	-366.9280874462378	-363.9631399301208	-364.7557555666579	-411.89006830493014	-520.3306453323466	-349.09734608519204	-1126.0889595413503	-6564.434679023753	-10455.967091596383
79000	-441.40829570745365	-432.83931200164164	-425.69262808116554	-414.3540520897799	-403.80155269971374	-382.6730368988399	-371.88361849764027	-360.8814868628373	-356.32766931091936	-357.15617616638724	-349.7164578663493	-379.42776987014946	-479.86903586591836	-348.45507466919423	-985.0474954718935	-5427.117196228506	-8964.672457549119
79000	-438.6081445197698	-430.3179795886857	-422.68638360286747	-410.8537757565513	-401.38076621405963	-379.6301305891238	-368.0786932930105	-358.4304106347047	-353.98852763950913	-353.19659336141183	-351.61863596745917	-391.05191954353535	-496.012963407998	-340.9012836974906	-1085.4828920135863	-6277.759400456007	-10160.470430757403
79000	-465.20490545108424	-456.299246570234	-449.5939321826393	-437.81701639924154	-427.7539075784406	-406.8404487856512	-394.88708075320693	-385.30359575266465	-382.8339961451724	-381.07044268937705	-379.14038020653635	-420.34167359447724	-523.2036612246401	-364.8897908567762	-1179.0646330958373	-6188.380786733108	-10058.257689390717
79000	-447.47688907379944	-438.76037663661725	-431.92726986260897	-420.19934531934814	-410.9837632851367	-388.0810216443872	-377.33009683479116	-367.8760314764596	-364.8069291848055	-363.0014032362097	-360.09178012670156	-398.64633044779634	-507.80168998763725	-355.13347196387053	-1062.4607631178376	-6183.761987554251	-9973.847359098085
79000	-448.0435542632018	-438.4489764306645	-432.0214330546847	-420.16865979259944	-410.1536410346988	-389.06536398928995	-376.8373527483038	-368.90774610114823	-365.9461993053292	-362.91053877705707	-363.19021073330657	-408.0565885003838	-511.8275464006999	-348.6806409785836	-1127.809532087102	-6202.473519518012	-10069.148513090337
79000	-405.3285280158033	-396.66411578638036	-389.968123534948	-377.4436410387857	-367.99357681370003	-346.0240506208533	-334.4282546881682	-324.19130715395943	-319.99084676347263	-319.9138345888729	-315.6174018743498	-346.90434494434066	-429.1004050377269	-305.0771521650863	-966.5907909854118	-6127.922494181349	-9863.107984134364
79000	-417.19399617868885	-408.00850557562995	-401.5231688693056	-389.268841700866	-379.7164722498055	-358.3906240253998	-345.89293943677205	-336.1569860807459	-331.72231527960923	-332.1730983949228	-327.9176877640261	-361.47109419897896	-450.660471363447	-319.6620354872687	-998.3598499538616	-5823.624327399313	-9565.920542353068
79000	-446.4607390261416	-438.4324471824853	-431.5192971005711	-418.6288262351894	-408.77983137617485	-387.10846423550913	-374.97798185659343	-364.5714917765553	-360.8578243801848	-361.72966199777056	-356.5948347355601	-387.97211240266637	-483.18526612014784	-348.4499011138116	-1069.868436039515	-6072.102723258398	-9882.442552869643
79000	-448.2411220318373	-438.73978445136584	-432.1677566455242	-420.2599325086492	-409.8217722083973	-388.9288850179655	-377.0687404228704	-366.2894011279952	-363.0768627960579	-362.75181720987894	-359.3488635610305	-393.3330171603004	-495.4069366683354	-349.5855908577601	-1073.7593456278944	-5993.549520797727	-9579.35368047815
79000	-449.24232171679114	-440.7338492491289	-432.6698548051499	-421.48809188657697	-411.23023622962336	-390.2833147031214	-378.256407604542	-368.1260719081624	-363.97754958184265	-364.23704955054467	-359.88867279281476	-393.36545321418066	-485.8801626405301	-350.7892287531255	-1077.3949186832995	-5970.242287448591	-9573.515649202902
79000	-439.8774398016084	-431.83075211651396	-424.5403828536724	-413.17779787081236	-403.597535927076	-380.5644275210832	-370.1332782106279	-360.7037721862061	-355.7603321390175	-355.6986435923763	-353.6439920590443	-390.58967400344784	-495.09940690248567	-342.3628712886178	-1065.916736976778	-5948.1761781633095	-9702.818945514624
79000	-450.47078914932183	-441.5047103898864	-434.7816891603572	-422.48401946713955	-412.3709516226007	-390.5957936426268	-380.05643556518834	-370.64459533561654	-367.6398314706956	-365.9552211627396	-364.610890370097	-407.2445728744695	-511.0322849519665	-353.39708920508264	-1111.3618199656146	-5946.186976963024	-9799.669298270877
79000	-430.18775092561003	-422.23780487926365	-415.0430584415199	-403.27268711995737	-393.1693764234361	-371.2953557686991	-360.096662961897	-349.420821640486	-345.07488958284074	-345.97546146898304	-339.6698933082453	-372.27257731143294	-467.02630525875634	-332.0669520330191	-1016.5829450585536	-5795.874104553269	-9552.149141674887
79000	-434.33273068214424	-425.744485283204	-419.02838959588274	-406.48689689523485	-396.85829607454815	-375.34296657278026	-363.15654087260253	-353.54269713218594	-349.77494150105235	-350.1669366697098	-345.8350119922626	-379.0419369040321	-471.01916916593774	-334.8250316639092	-1056.5617258666773	-6027.031270164905	-9757.842739550735
79000	-452.197309726287	-444.04383147782715	-437.467963902427	-425.1671496606689	-415.2656077015204	-394.0698823843185	-383.2054150453153	-373.20773445149797	-369.7043727336587	-368.41928868854677	-366.62327385506705	-404.20570340906863	-509.23019559369595	-355.96729196917545	-1089.7823464674923	-5949.512598327687	-9731.324026885513
79000	-405.55883921554835	-396.6995732542644	-389.15333070678577	-377.1880500211357	-367.26646724857085	-345.7073723740262	-333.6689171547811	-323.10392004318686	-318.8301262439773	-319.8131822672158	-313.381023606478	-341.1649351967251	-417.5177792847031	-304.6608953513106	-929.5641508043718	-5810.594330640102	-9592.381253826785
79000	-429.28449092059935	-421.0848777300389	-413.7115879619817	-402.40320862278236	-391.8595737103122	-370.32923196985155	-358.6900139514554	-348.97798256777645	-345.4378366512407	-344.6844723726718	-342.0783353037638	-379.09393270676463	-476.63863193742986	-330.36816523966803	-1047.5989916390884	-6081.167915372469	-9835.292845398584
79000	-470.8495184163279	-462.6454196912524	-455.3375937851786	-444.3436942044319	-433.86539833457215	-412.23865607517814	-400.9075521845985	-391.0299974604984	-388.29398093781634	-387.5362314132152	-383.2802084738731	-419.6472183552944	-534.4591104895655	-376.69680665280276	-1120.204303336379	-5931.737969432933	-9476.182456128898
79000	-443.85611290346856	-436.1196069065384	-428.8572235081859	-416.27331028561684	-406.78246575854126	-384.89088374418384	-374.18575085859635	-364.48295807375723	-360.85992619376407	-359.06308169014636	-360.0049748543622	-402.0482318712032	-503.88126642069625	-344.8751692674687	-1103.9628646754877	-6346.631303227323	-10218.573925109
79000	-445.1455171725685	-436.39874203781375	-430.26179215241524	-417.78277061654285	-408.57462556609244	-386.1236977720489	-375.4459891078772	-364.5965805984381	-360.831400682073	-360.9860588355154	-354.982795334939	-388.69449728502957	-489.13961936743925	-351.2579611667844	-1059.0740377873824	-5789.1516965020455	-9418.657395251452
79000	-423.8668832196301	-416.3969875428048	-408.9714212237213	-396.5725630536499	-387.20823408826084	-365.96070760614947	-353.1357380058712	-342.5529802395056	-337.5208978474933	-339.18413607622165	-331.61025904523433	-356.3421624677619	-441.43794467820754	-324.4693022385477	-978.8233945089116	-5622.154164541623	-9364.966224827614
79000	-414.05187074185346	-405.264801443587	-397.8143429327702	-385.77428204782416	-376.91785236360494	-354.6105960105225	-342.755623648717	-332.52253116764183	-327.70980107758317	-328.23439080368644	-322.3249013165126	-349.45868009400846	-435.2089393150661	-315.5103134629229	-927.4971090229179	-5698.435712172132	-9420.899063715735
79000	-424.8759331557648	-415.893077687697	-409.25375335430505	-397.1448584252713	-387.15834097789394	-365.87942785505885	-354.0920559876489	-343.61406387456566	-339.5776802852162	-339.7791900389626	-335.9174442275646	-368.1074964658537	-459.91555180996096	-325.70899358185363	-1002.6754146699128	-5954.185325182853	-9614.650764792665
79000	-448.59531477887793	-440.1791396636874	-433.3167912150681	-421.02614985169805	-410.21392813761565	-389.89412224625806	-377.5373993777926	-366.3958439815014	-361.4017572936918	-363.89390304190846	-354.45900888400814	-379.0770414553776	-457.7690428720345	-351.01061259801986	-986.0713464299093	-5680.5743344597295	-9140.892971103596
79000	-437.4910734147399	-429.09034328383797	-422.191560776098	-410.75184316209436	-400.18889686975115	-378.3703794410397	-367.1413175200329	-356.61143823034456	-354.0262051125283	-352.4370254903294	-350.20833920916516	-388.7842187972424	-482.1330316886361	-337.6802511633052	-1055.3173485779325	-6067.3388510137465	-9887.249934982077
79000	-420.7335572888027	-412.2490882665329	-404.93832870387695	-392.4474817107405	-383.1050132208171	-361.80091613472206	-349.9893189421748	-339.5309184179658	-335.2552827937221	-335.82392783082753	-330.02166114407225	-361.573766021928	-441.9240393460959	-319.96250055948207	-1016.4286986547938	-5943.057902225759	-9734.28056679346
79000	-519.9111646749658	-511.05214793622366	-503.92772789252564	-492.38003251379916	-482.82162523955304	-462.27846515307	-450.1788714439959	-443.8206523280796	-440.9684362626053	-437.059017408657	-440.3838708140012	-493.79711227860867	-637.5599909175545	-431.2504813168421	-1294.325850980325	-6305.533833142307	-10017.676960310126
79000	-423.4344216144358	-414.9243329133262	-408.31117791889136	-396.5119992842715	-386.76695452344507	-364.73072026913036	-353.2648317348044	-343.11306836837707	-340.47374672539706	-338.8112697022414	-338.620547974659	-379.4086831805715	-476.79585460295135	-326.77605263461874	-1032.2895985525681	-6229.4949288559865	-9948.736325857531
79000	-435.24528196963547	-427.0205659114652	-419.4633394850419	-407.54695932478717	-397.4471232533579	-375.9074615812497	-365.0557857426086	-355.3837995659685	-351.2650064991191	-350.2407344422343	-349.6638272907707	-390.07600722983915	-488.8462150716969	-337.0280257664992	-1045.5595618736047	-6287.998123640977	-10008.740323871056
79000	-400.09880584698436	-391.5671930505443	-384.75538427252576	-372.74079897756576	-362.04273060516385	-341.1168462410797	-328.9887570123877	-318.48897608288235	-314.4505909983178	-314.97452187046446	-309.0809326120764	-336.7528090274723	-426.60676366108646	-301.5695753410874	-917.8367102888064	-5809.307257112315	-9566.944277014814
79000	-440.9050060170133	-432.39807389268486	-425.24160591455706	-413.11963904779736	-404.0123448972403	-382.66421838244617	-370.4395750936623	-359.61553802241616	-357.1413638148078	-356.4452112275761	-352.9271578042532	-385.8994910300037	-491.203712515604	-348.4241888962376	-1005.5985107258514	-5854.195405780161	-9522.002386102598
79000	-443.807163696029	-434.64598765826884	-427.6874087145073	-415.91157220339005	-406.2918697150273	-384.0981832250978	-372.4618472002389	-363.7617824028236	-360.77685996116907	-358.95580073969444	-356.81891472896314	-394.37030017508727	-486.6815353103343	-343.5005981154301	-1090.5102686627752	-6236.109945152782	-10004.118796079094
79000	-471.7765632257423	-463.5899505500188	-456.79944811267643	-444.247334854937	-435.5571116422253	-413.34144401997173	-402.1324956131422	-392.24186015791247	-389.30230325431825	-387.8648806506332	-387.2572484485842	-429.57333494240623	-542.1114703428215	-375.2970116529652	-1178.9901072134637	-6286.952276804707	-9980.924531011013
79000	-451.23573656925953	-443.59861927879325	-436.39042359924616	-424.5571422885695	-414.6887979615684	-393.88245328550784	-381.46490914781464	-371.57787039382896	-367.8441381109667	-367.42638603810974	-363.980885698372	-401.53665668685954	-502.74935057080546	-353.2452599552675	-1102.461407147436	-5989.808286440474	-9723.397859370472
79000	-429.8292576655628	-421.4707286978926	-414.0195118578121	-402.77618051742513	-392.2728151658627	-371.09763930459906	-359.949504828197	-349.28342986641655	-346.3261423501331	-345.05587541853106	-343.05375048181605	-379.82088766911846	-474.3295892101545	-332.21727852890217	-1005.6116237092119	-5954.537147132606	-9710.815027094337
79000	-464.42595983298435	-455.230719935921	-449.22109079805097	-436.3890529332393	-426.34647897006056	-404.8989539746294	-394.03741721344267	-385.7813452493779	-381.94696807593965	-380.7206910037086	-380.0881212435809	-422.52138059291826	-533.7416849618725	-365.6202075997638	-1149.8648522579795	-6146.564707750128	-10053.440591419812
79000	-424.822500464365	-416.10153873343415	-409.4526241195202	-396.8290813758242	-387.5423765446929	-365.6167610814954	-353.50695044720226	-343.5880263159424	-340.38399807658965	-339.95022108984386	-336.70642438321	-370.1305173002111	-458.608183802444	-327.430240771731	-958.4642773074744	-6102.238898884267	-9855.261802473893
79000	-431.558563798942	-423.33376933294085	-415.3948253798331	-403.7239636818832	-393.78934039998643	-372.80038610957985	-360.6298894807626	-350.5311198785328	-346.64051884618453	-346.63569627435834	-342.6289492540854	-375.29054849025755	-467.34886789293506	-332.49765660701684	-1052.6501590234625	-6101.469796572828	-9818.49866001996
79000	-425.95138212059396	-416.87481443555436	-409.99720961688666	-397.25535265414476	-387.61810758938867	-366.33790807558415	-353.67034065752006	-342.34198142064275	-337.3020463836276	-339.63751806797245	-330.0094121001641	-349.6072561584864	-425.3281613932605	-325.43852528436656	-972.3392489247534	-5497.387734081521	-8988.933453348207
79000	-400.0842258578615	-391.5647755654452	-384.2489376668021	-372.0415855494376	-362.80577812086534	-340.5077734153755	-328.2347884911657	-317.9461797079335	-313.9777119660947	-315.43326115328296	-307.62850717796766	-332.8689235202137	-415.1525251603862	-301.7928614382076	-902.9394489906299	-5551.544874273648	-9411.521037587683
79000	-448.59148969825793	-440.440341920522	-433.4577202421421	-421.99023329206716	-411.98581930526757	-390.23707429717035	-379.15166459057167	-370.4692344112312	-367.83842836202274	-364.36245032440087	-366.30163925723673	-414.41280708613925	-523.7438859612752	-351.1125551715225	-1138.9543306960065	-6269.447172865296	-10203.01161066036
79000	-435.79331097875365	-426.59950962121434	-420.5741427495623	-407.7367019721423	-398.1749823292188	-376.66403147728346	-365.6117439620811	-355.45226971603614	-351.4374367765635	-350.8099189726716	-347.24379381144223	-382.4407581220854	-474.4370419114855	-337.62600075093366	-1054.3293657061304	-6075.632621181607	-9757.299695241347
79000	-496.30884816209095	-488.1048996497818	-481.31472350074574	-469.967663500668	-460.1054063524255	-438.6275411217623	-427.16482208278217	-419.8411502634558	-417.558628282489	-413.1256676029321	-416.2443332782831	-470.3049782409234	-599.1127729965383	-398.6378889522923	-1321.1407565523873	-6533.826885256849	-10381.719430870957
79000	-443.5616106135611	-435.39055905635445	-428.51581882063437	-416.392362675567	-405.344322293213	-384.46298303669727	-372.8536784440885	-363.1805321270053	-360.88322087828243	-359.16315359916075	-356.3824109014428	-394.3983235374961	-490.2105473476582	-344.4591112727998	-1099.1306780298153	-5931.205320539873	-9596.288067873536
79000	-416.3705687059062	-407.7100855609243	-400.5385343572971	-388.45515234977825	-378.5206932719822	-356.586994901859	-345.15073604162603	-333.42724586217753	-329.88868582754156	-331.2429258688573	-323.95504775546567	-352.61844297897005	-435.9735527372284	-316.1280165874709	-953.1542294104667	-5637.532408204331	-9300.727160331164
79000	-455.27878158466297	-446.3741375644168	-439.9733431607761	-427.265063673197	-418.1734490437927	-396.2582219922101	-384.60390983094754	-374.69015750377054	-371.4185763207963	-371.33913923332693	-367.4539198531211	-404.71336340943213	-509.58530489719357	-357.3039897983819	-1105.7070604405585	-5992.870400907658	-9763.050525142155
79000	-451.8532465592827	-443.2148902238178	-435.92735649644516	-424.30041478963676	-415.0948873985273	-392.82839225302536	-382.392148807429	-373.41931508734035	-371.4028353411115	-367.05838042085026	-369.96220838849405	-417.3129046337147	-544.9204332624739	-357.36454778354044	-1137.893561699168	-6132.07591150526	-9983.804380559855
79000	-462.1065514285465	-454.28748781810475	-446.6479506862317	-434.84643945474295	-425.23110103961767	-403.73838078431265	-392.5499289661346	-382.87708914033874	-379.59098557710183	-378.0063116639954	-376.2042700816763	-418.62752463051334	-523.2488488920181	-364.21416238680905	-1157.1207557946193	-6179.419347063571	-9864.098263402268
79000	-455.3897525283832	-446.8036051457832	-439.7950982881677	-427.1516613072487	-418.26554578458894	-396.42730457325814	-384.8249107058052	-376.5161693625195	-374.1157928777288	-370.88355842543353	-372.04423261113834	-417.5028043776682	-529.3022993066471	-359.2121893535371	-1162.2236908209068	-6427.433550839589	-10295.34615853152
79000	-437.68405689148386	-430.0720359513249	-422.4524305470648	-411.1692686735487	-400.98143675280465	-379.59580736887335	-368.1121965860688	-358.4424073232335	-355.32688362950427	-353.2342853376794	-351.8220737896055	-392.43922974477664	-491.92569182576506	-340.1728880595842	-1074.0979009199295	-6042.174212918481	-9858.37835095365
79000	-434.23601895688444	-426.17175589746506	-418.9743860908457	-406.5067102168306	-397.02048455239	-375.95975952396725	-363.5466324760579	-353.74190610798416	-349.7875402180928	-349.97763279519427	-344.9177789322968	-378.78181989339953	-489.12189014580696	-335.13647180669915	-1047.6303160248897	-5724.776851681472	-9499.212037119943
79000	-445.9105280050489	-436.6957940243699	-430.08478884229254	-417.97851095722706	-408.77905075742177	-386.713042187461	-375.55273656570955	-366.3039911625481	-363.52886178387723	-360.70434566776964	-362.1633623219332	-408.12849967865196	-519.508187175974	-346.496975911734	-1142.7033381540646	-6471.416717671651	-10395.943830852162
79000	-445.1072448498817	-436.7042926330114	-429.7600000860352	-417.0254675107484	-408.1016925827528	-385.58412014567494	-374.0350360673974	-363.75560755521406	-359.7955240268335	-359.9720033544857	-354.3109624397685	-384.67712015862077	-472.9943584194831	-344.8138984369967	-1033.8223157692933	-5976.727307545318	-9688.782299390816
79000	-436.090763583257	-426.93098382614323	-419.78127483542966	-407.60685098013437	-397.6791942977634	-376.69655240795663	-365.20053325729197	-355.63569353937913	-352.54396222616026	-351.33197832950805	-349.8124000077493	-393.0427993762667	-495.17612953373265	-338.797631737119	-1096.2303450631427	-5977.967671681622	-9871.203886731957
79000	-466.23650168426536	-458.1190257685486	-451.0736145730345	-439.5632700288072	-428.9902873838437	-407.115362484451	-396.0276894239518	-386.3704106953156	-383.88884911499525	-381.9038089529088	-380.8799237821594	-421.66199807942706	-519.7059520903645	-366.7379075740767	-1148.4975010876983	-6164.389158124159	-9918.605255769127
79000	-415.3849060537004	-407.28844731363654	-399.506754555157	-387.3019384278135	-377.4956871868368	-356.03150604708463	-344.51700688972664	-333.3576672330904	-329.5434280249832	-330.1104495768768	-324.46292736552385	-355.33356067610026	-438.4378859082187	-315.8469760831323	-985.2534743757195	-5962.046496404859	-9669.413390186353
79000	-406.89732585961434	-398.4826524317812	-390.79369029168373	-378.6359258488559	-369.2092990177135	-347.09196458196925	-335.2513433490831	-324.9274347098498	-320.40691709378	-322.5630699050607	-314.0297545974654	-341.35599220081065	-423.37355709212045	-308.64927378070206	-922.8118144828089	-5357.337146993826	-9028.808871800285
79000	-452.08712038470156	-443.39598461238984	-435.6390228778661	-423.794275262538	-413.96926984030534	-393.265444924132	-381.4880852520241	-371.15052224471043	-367.173861050982	-367.0094456298337	-362.966113003471	-398.24932164164835	-499.81535914549846	-352.10736241386945	-1101.9928647293393	-6015.667234648942	-9615.623977253268
79000	-428.74168326930885	-420.53030783140593	-413.2455072156634	-400.8957996572186	-391.3847898745554	-370.134959326519	-358.1574636347682	-348.8789672174384	-344.4465705619138	-344.37677038549225	-342.8426050164492	-380.13298624023554	-473.38030202285915	-329.87785628592	-1042.2398932891729	-6041.59293067563	-9950.85796171864
79000	-419.91192891900516	-411.2469166855816	-404.19349778399254	-391.8762129879781	-382.91313058149666	-360.5020115064766	-349.17649004929194	-339.44305231812433	-336.7755870564996	-334.9051235530904	-334.09717914494047	-375.88343952651866	-482.91539858953894	-324.33788116854333	-1038.0613588343124	-6193.310110626899	-10173.519895438458
79000	-441.2282357188776	-433.1132822771395	-425.98073656769515	-413.4183778223485	-403.8084730011475	-382.08680358548395	-370.86762785245566	-360.95503120570834	-357.1671892462845	-356.25565209976577	-354.89482351972913	-393.9335222643228	-488.51111834104023	-341.29979833734274	-1118.0315179882648	-6244.7706501358325	-10054.760615676796
79000	-436.57117585263444	-427.06225702879726	-419.8661935366168	-408.0292542128773	-398.61763939594	-376.2977552722059	-365.11238178409906	-355.55566417936274	-352.29772086719754	-350.55137704594773	-348.4626303432287	-387.2275649561837	-485.0055557922393	-336.1902793650243	-1064.121323792163	-6152.635010609217	-9943.271024398273
79000	-454.49731014695243	-446.2020326829055	-438.69161461334994	-425.7530960771727	-416.99975117236835	-395.39399049435804	-384.59353322362557	-374.07332972388497	-370.46532721779573	-369.6536911482288	-367.1897014724109	-404.6245667557688	-501.07542399409766	-357.71430813738203	-1104.0278524678351	-6098.680140707296	-9807.237480177799
79000	-400.7301485532077	-391.75172478997297	-384.69757030949455	-372.7030164961749	-363.09173189174425	-341.1290591140884	-329.3313586855232	-319.20986158448943	-314.5898434048152	-315.0908625377249	-310.0499594666746	-339.6106459045795	-424.71624862990217	-300.81669082226824	-932.831989313083	-6006.408045508598	-9650.58467526645
79000	-387.4927892474677	-379.1537107828225	-371.94579311938077	-359.4285594837404	-349.38596128739124	-328.006356674243	-315.45094583038497	-304.9805007567031	-299.7621744183677	-301.9768572982619	-293.443869396595	-316.74965850817273	-385.4606629819638	-287.2864044559883	-876.0048588185308	-5618.616938930747	-9354.61001250683
79000	-410.26276692666994	-402.30213189742176	-395.20280720079637	-383.1320720205573	-372.7232675821288	-351.4511411405012	-339.6750307340256	-330.0057767681783	-325.84083682361535	-325.48708702072764	-322.39916796152653	-356.6462374763372	-455.9911232109874	-312.30398810491243	-966.7365126168319	-6012.624608101752	-9825.725621380983
79000	-445.49103995960746	-437.3669915706434	-429.82473867196785	-417.62251394916916	-408.5877869893129	-386.7618286054404	-376.04333345836636	-366.4150960236804	-363.762298313842	-361.7314640980308	-361.6620827478835	-406.46342125653894	-514.6052684499003	-347.60312660672906	-1120.4295435940967	-6318.227628992062	-10268.429107759172
79000	-454.4679186151783	-446.2156179329269	-439.78891484985496	-427.42788891220926	-417.84428919180823	-396.1022315548841	-384.70418446170646	-373.77137731704835	-370.64450521402455	-370.24947602878024	-367.1115461788258	-403.9027998963101	-503.77110679669926	-354.26864770975465	-1105.5366259346522	-6055.2143474371405	-9745.295437764402
79000	-446.1645488999072	-437.19859165773096	-429.93794349466776	-418.6888299971454	-408.4840508851214	-386.52962684964155	-375.4419132652201	-366.96912903346197	-363.76844933196054	-361.3790068594438	-361.45370842576546	-405.1099019888314	-503.99772255128397	-346.1606174428569	-1100.4040995665246	-6466.243660547177	-10319.044963739725
79000	-426.41048466657196	-418.0168146548276	-411.4805872836965	-398.83023165870964	-389.3456830907253	-368.3139378272425	-356.2939240557597	-346.28496245815853	-342.965005817101	-342.29812235216906	-338.78780777231447	-373.43557836897963	-465.1951230913852	-329.42429861961745	-1000.1670867584571	-5865.61439450597	-9608.492369936526
79000	-419.4563666524426	-410.47694906564465	-403.22522813970414	-391.8104134616708	-381.94121320487153	-360.164674454258	-348.87295898404255	-338.94693546537815	-336.2054478927632	-334.3299277104529	-332.8496022355714	-371.34318043057687	-467.1181552181957	-319.5320225875972	-1017.5431246814888	-6134.218013723422	-10003.858091704258
79000	-387.57456819966296	-379.9384505940659	-371.8809338476438	-359.7578568914423	-350.72326219909905	-328.84258420575065	-316.1063795148783	-305.21682059737697	-300.95855403207173	-303.1208356508574	-294.0977819045429	-316.89341843545634	-389.2338427365651	-289.8941279606082	-843.4655427734986	-5525.536412408032	-9152.611950089738
79000	-427.0550858899513	-418.51735983238314	-411.64776545253375	-399.1514367376758	-389.12845664804695	-367.59311713051864	-355.8967317272464	-346.1768377903425	-342.62630641714674	-341.7122029349792	-337.9806401479738	-373.5903802180075	-475.92771352766493	-328.63268510908796	-1011.8730253274427	-5855.1322784737695	-9639.036609305555
79000	-467.2109113854897	-459.919059258405	-452.26726031828144	-440.8625550572784	-430.9177828409164	-408.6344330385336	-398.2127922120409	-389.0120016948282	-386.04468513276515	-383.638831913645	-385.1341385964902	-432.1297095396822	-544.8274560265709	-372.00422873205144	-1174.9004740597625	-6431.209226707568	-10234.158548228186
79000	-485.05503800413027	-477.4420477540408	-470.1596892112886	-458.10547002342423	-448.93131616824473	-427.6845558708034	-416.36453074923304	-408.3481564925907	-405.10302563906066	-401.6361517459427	-403.82007228652014	-453.42944168130833	-585.5357293493358	-389.7081156401174	-1221.817111826975	-6259.230950663845	-10177.530901699332
79000	-406.46218799438634	-397.5576085733706	-391.19854458043363	-378.8646299517766	-369.5729123343544	-347.6064984851035	-336.34782134268914	-325.7088531733002	-323.32815203438355	-321.9065637450304	-320.7146123985143	-357.2216990044396	-463.1983364027062	-310.50149097292217	-986.4506656309001	-6040.99618007365	-9905.09715713476
79000	-429.1028606234411	-420.8738255239817	-412.7011837240669	-401.76079266336853	-391.8644597126482	-370.6313767991464	-359.1703537672318	-349.6435933906115	-345.7895404099748	-344.6068508939418	-343.0425958945468	-383.1871544838231	-483.3442724764397	-332.5686807127358	-1030.951292025823	-6189.551561583631	-10017.376044488024
79000	-434.38473161367506	-426.11798527365505	-418.44047296882894	-406.42739264640556	-396.8887228793708	-374.3083770475626	-362.5053490934413	-353.17522981952504	-349.1654221274089	-348.9560163900231	-343.65851639738815	-371.754248272048	-457.01186279863805	-334.21857731634435	-1018.4687646674455	-5723.488621346767	-9360.770677399709
79000	-402.85373194871465	-394.5113451156066	-387.3584138580455	-375.27208893641387	-365.1389131650696	-343.69005020295293	-331.41216069821553	-320.73269213727514	-316.9814396122802	-317.70627178362247	-311.53217957215406	-338.5707041253961	-417.8377603656669	-303.07301808259285	-916.9292067880897	-5920.028225558298	-9713.811946358703
79000	-401.7566110994066	-393.8080076944441	-386.1772927899221	-374.09758287360194	-364.37413629030476	-342.87841078419495	-330.9119944328944	-320.66811791950244	-316.86187309363766	-316.49493912520387	-312.02286537847726	-344.04216907276503	-424.3019768042172	-300.972862263974	-989.7274003401265	-5990.5676152875685	-9800.56975878591
79000	-434.7667646708659	-426.5182150958113	-419.4062927751867	-407.0794281381227	-397.5548836787486	-375.78555223876526	-364.0577409620324	-354.5122548447562	-349.85045782756924	-350.33707823042784	-347.1767306446052	-385.53035035283403	-484.51137165017576	-335.66002567394116	-1028.103244939788	-6108.550071342481	-9918.710151143747
79000	-396.606605573491	-388.5002540615845	-381.3035016993235	-369.08037711002	-359.51455249707107	-338.10551686808867	-326.20226799020327	-316.1355400114912	-312.3253392606849	-311.63374116195024	-309.2981890549951	-344.2933244653866	-443.81348964953725	-299.245551558364	-928.8137545716298	-5979.732235402	-9907.170344068365
79000	-434.78540388717323	-425.33440798550237	-419.2777252901987	-406.8598546228792	-396.62900805145364	-375.6114538494875	-364.01167138279385	-353.48344803922214	-350.67527048712446	-349.5506637176872	-345.8080604575883	-380.4280325294741	-484.1058145607002	-336.8851751269264	-1017.0896773377714	-6117.567554743901	-9715.879699974346
79000	-422.35799165237233	-415.1184290401214	-407.65117248012024	-394.6821018636606	-385.475273812601	-363.68061876371587	-351.94354224747	-340.97283111050393	-336.4106549895617	-338.3084953437741	-330.0997274326747	-356.3607748714324	-437.65716494170954	-324.6818429829398	-928.2454620989575	-5772.897016297204	-9442.214080092612
79000	-438.9398690111092	-430.8736010071965	-423.0320768306303	-411.48298130831154	-401.1141202570448	-380.06247821585515	-367.46860798569594	-357.2182289572609	-353.6000185242814	-353.13439454202233	-347.4348199110851	-376.17922796162173	-463.77286900056714	-339.43865229888405	-1011.5147977851967	-5761.7275510784	-9477.908663437773
79000	-464.0544199501948	-455.5887026572357	-448.6423269578523	-436.6956890702253	-427.39866543101596	-405.46741863566535	-393.3895079800337	-384.5761123146755	-381.9448049738951	-379.8405914125963	-377.7247876526899	-420.92964413177873	-532.6756390342719	-365.7363773531577	-1152.6576576682944	-6083.997673173244	-9840.971269398662
79000	-467.8405165043446	-459.3242442175397	-452.3103307904557	-440.4789060705448	-430.2297863806879	-409.5512368198119	-397.1200442327201	-387.4649926350737	-384.1018978827016	-383.2579272477995	-379.27473071776564	-413.6936146949604	-512.4299818556768	-369.64606965798146	-1137.0423019590603	-5940.028323284567	-9633.189892245879
79000	-475.6322513726507	-466.9094943153361	-460.29601733320914	-448.1870895540575	-437.92720026911684	-416.4262810699438	-405.4845242109875	-395.8054997127267	-392.81733009831703	-391.23558730932194	-390.93202212364343	-436.0564233360336	-546.1969422992211	-376.4392685131538	-1162.3452425670225	-6364.269492956859	-10040.888502339612
79000	-390.32868592373063	-382.5793971543016	-374.9303669397379	-362.2188236574892	-352.90565384264175	-331.0351184387555	-319.17974983627244	-307.7886224825481	-303.25626908402654	-304.94031232261284	-297.31177480027935	-321.3732107520421	-396.370682267455	-291.5133099261553	-879.8159000933769	-5661.88349370579	-9331.152973163787
79000	-435.67802330815545	-427.6075307004472	-420.87856367688386	-409.1000828656265	-398.98587814520806	-376.5700290910325	-365.50605633948703	-356.4220151780537	-354.10665671618386	-351.0154574193143	-352.6336148690072	-394.0637611706181	-493.83256080864203	-338.2945297899451	-1053.5912013760574	-6301.264338876159	-10129.755470916953
79000	-402.7149317232499	-394.5162783623999	-387.25257996001045	-375.2505937697739	-365.3824664269995	-343.5096768701995	-331.7520859135214	-321.31922192619425	-317.691888130297	-317.7823260972232	-311.7760538242049	-341.86313002997446	-429.341740533586	-307.6221606387118	-902.0556308909307	-5634.56131197569	-9350.384531149182
79000	-442.84005108108107	-434.25741725266073	-426.7965891515011	-414.5105990961862	-405.35338251163734	-383.1354262616547	-371.5645623269075	-361.77766209044614	-358.88658808342313	-357.0098999384843	-354.68497977464165	-391.8500222947255	-486.48128643453816	-342.3695985629367	-1105.4689057643516	-6073.811971671152	-9834.643884410923
79000	-425.1776996562122	-416.42135886452337	-409.6217699657481	-397.23391927159673	-387.7349981568412	-365.86881440994	-354.77506880626584	-344.4721508700871	-341.85149400204506	-340.4384806105275	-336.8090328115283	-373.1644141565193	-474.74755400447856	-328.149156588037	-1030.3552946600169	-6051.84671842679	-9779.051054128116
79000	-445.06935941472585	-436.7077607342157	-429.0588518567583	-417.8627934945396	-408.36610000054964	-386.6756721952807	-374.8439228078771	-364.6064184437103	-360.38719710029	-359.7415798381776	-356.6637241353335	-391.0501562624255	-488.9845769032525	-349.1730696108852	-1081.1495485281403	-5826.020254750328	-9420.543342551593
79000	-441.7814145720815	-433.0437128165747	-426.17323943830326	-414.12026817425124	-404.53077309583387	-382.16117224973124	-370.4189369414436	-359.5226593504191	-355.05553824336226	-356.9214979818212	-347.2196133548356	-372.2650306386409	-456.1477393085452	-342.16117886007555	-1022.7860731380853	-5530.90482706245	-8925.429946932947
79000	-406.1707346183695	-397.23166364949634	-389.91927172769994	-377.46267917144576	-368.11678009068476	-346.47683371716863	-334.61229514933376	-324.6618650900811	-320.5505323817883	-320.1347317723961	-315.7880497699525	-347.3576235055434	-429.6218274775956	-305.37908720087955	-946.829800497675	-5896.584819038422	-9618.783991969265
79000	-405.5041005539464	-396.72717408405344	-390.04717690232843	-377.75932167331086	-367.94483684163464	-346.66367397776446	-334.2502102756659	-324.74767577683735	-320.48701378528654	-319.96398197689837	-316.52701560747835	-350.31054546093907	-444.87377106067487	-305.2778672545517	-960.8786342243666	-6065.69222921853	-9888.170200032991
79000	-458.19205155852467	-449.82896057834023	-442.4961354459603	-430.5431850363657	-420.5341464015079	-398.86054930619736	-387.8446416094066	-377.76571991896964	-375.4272826321718	-372.59544569572364	-372.39616736037954	-412.49391567182573	-511.3914755786683	-358.7146108817691	-1122.2057915807297	-6541.373800944001	-10341.62394339269
79000	-424.6813726647739	-415.9241562422927	-408.99081373570056	-397.36958710486954	-386.9811122401046	-365.80356768911173	-353.47035699504846	-343.52642495779327	-339.3731204674127	-339.1224846296482	-335.2979720885403	-365.6118800064189	-452.32115077689616	-328.3579177953037	-993.2419674861734	-5735.258580415961	-9414.843670952318
79000	-432.56462698000064	-423.7259077183639	-417.82328206724884	-405.0123449238065	-395.2507045552363	-373.87631707488424	-361.8939492354981	-351.9402624875488	-349.07395293919683	-347.76309342925356	-346.0858379978282	-385.2696901633867	-480.71943904238856	-332.81679997142555	-1069.4099651737981	-6084.111661056109	-9899.329786807406
79000	-408.2298291878903	-400.0294142715065	-393.11518604790575	-380.212204940805	-370.877024191221	-349.30779581943665	-337.6456964842895	-326.9567763774078	-322.4585599144953	-323.5008714145162	-317.1023032605787	-347.5633915026653	-430.4004260816752	-308.41931836573286	-936.0886720173115	-6022.045662124717	-9784.187446748883
79000	-435.72973005908585	-426.0341745843922	-420.2846315813701	-407.83812515367083	-397.90602065984325	-376.6910333910696	-364.8601262838296	-355.9833142321184	-350.8340441300593	-351.0885225586366	-346.2207912985008	-379.73805695538124	-478.78368040316775	-338.9036966083292	-1025.7404058211584	-5651.644722701487	-9309.322752053944
79000	-445.99430107131786	-437.48586505417495	-430.01634187187216	-417.91385406295285	-407.6861510940119	-386.9699694162041	-374.6459051147569	-365.19164790176006	-361.69718877463856	-360.5615630197635	-357.5429754816387	-392.58639201454207	-486.68522582988516	-345.27192649909426	-1077.918753721826	-5926.440190160756	-9746.745770400204
79000	-453.4213480321489	-444.55831411834725	-437.93229887814715	-425.12904352412045	-416.1850093839315	-393.9826228033826	-382.4317448280199	-373.4575413757522	-369.87564179254224	-368.4959783447601	-364.5369911075955	-403.57821920594455	-506.9864697042505	-355.3022734711422	-1111.402399435969	-5940.152147789419	-9654.591324759005
79000	-421.84061050833924	-413.3413924361494	-405.80069294128856	-393.82351700917195	-384.2352892910794	-362.8831642570589	-350.37047326088117	-339.65581423935834	-335.70649895422446	-336.3734018963904	-330.15643755247834	-358.0449993691094	-438.57269303399653	-320.7828743753221	-1014.9035379674976	-5908.480422489065	-9481.305914854762
79000	-496.2890802885444	-487.5789360047161	-481.4715749300953	-469.2392408238942	-458.6115981642448	-437.97213737522685	-427.2709854723488	-417.2030858996259	-415.2047796621908	-413.37009094002093	-411.9984713187968	-458.37551411289604	-578.8835217982695	-397.40949234388876	-1278.9473461820342	-6295.043621101158	-10006.434801114481
79000	-426.5965187343493	-417.80637328660595	-410.6568090737033	-398.6341171687095	-388.8706887857579	-367.9941750357136	-355.96433925235965	-345.7811959475013	-341.3114640166015	-341.85500925898697	-336.4974736537386	-366.0856922375515	-455.5745820025927	-328.4288808093523	-1022.4746936723986	-5719.254337452007	-9469.51712653752
79000	-422.5411879714849	-414.4480903451187	-407.0741882402718	-395.1531538002307	-385.3810295842469	-363.4351964470034	-351.78121930147574	-342.3914816473891	-338.23533011914446	-337.6248457525234	-334.15489140535084	-369.94390953729027	-468.4965972658264	-323.2728750773637	-1018.889358480416	-5865.033358043567	-9792.593822189845
79000	-422.0753155749046	-413.57596554300096	-406.7053061823713	-394.6939467173188	-384.4157149365165	-362.95467755400847	-351.3410152698376	-340.9971701377916	-337.1993570858704	-337.361991998122	-332.3992597240676	-364.9370486940141	-459.41223235711084	-322.63654717962874	-1018.8422876379897	-5978.163809152296	-9716.410311171909
79000	-437.61261854643186	-430.0874689795541	-422.7239392474941	-410.4306017436222	-400.7129690479234	-379.51932695948756	-366.6295659249309	-356.73376691899756	-353.45120781897316	-353.34155909975647	-348.8830640746893	-382.3703187984599	-474.91438107874677	-338.6444016001375	-1068.8905677455487	-6006.975199315681	-9753.955178422466
79000	-439.8301536318623	-432.1982413719612	-424.7383560548321	-412.2045891424136	-403.2083732935239	-381.06685762646794	-369.82595894550167	-359.41210640540055	-356.15656946259094	-355.2075689115858	-353.1363459365749	-391.73696583788154	-497.7653308572888	-340.0384784152532	-1123.8247939309765	-5939.468658504587	-9780.043966832036
79000	-433.9989092978085	-426.13699865384024	-418.82208959886765	-407.29219009531425	-395.7301216411849	-375.7270134246406	-363.67195633889634	-353.7911567816688	-349.2528658784215	-349.79219660145395	-345.4628140277893	-378.69770693143744	-478.7504328101678	-336.166479220593	-1024.8591612182736	-5679.359209485517	-9374.392218778636
79000	-493.3663124332217	-484.75201149591857	-477.85299894502504	-466.15279460841714	-456.3458310498065	-435.05532316017684	-422.8685139131553	-414.0744661371325	-411.8074840016003	-409.2169313124089	-408.7112335386421	-454.3717429026347	-568.8962337991935	-394.8078225607626	-1231.832605747483	-6235.731123666267	-9994.729270833866
79000	-417.96415220195	-409.1250608413516	-401.60735230418953	-389.97219923481146	-379.8405464769339	-358.44666097808283	-346.0735322441195	-335.25315687786014	-331.05577015188925	-332.3435626291442	-324.1084417372017	-348.8560037830886	-435.01024876258475	-317.9505161588465	-962.2440866375972	-5539.2302770654715	-9180.916882938996
79000	-435.06764447377105	-427.0050467247044	-419.8124138623811	-407.52779303286184	-397.7556915683335	-376.1585512147427	-364.47406003282225	-355.079052468896	-351.12565341714225	-350.4200685792513	-346.5436866435104	-381.2459703283046	-471.41275596947264	-335.37666249059924	-1054.1767065209087	-5931.401900297155	-9710.39986163447
79000	-446.2601100137426	-437.9413192051054	-430.46920978668885	-418.38412140696823	-408.6641157407473	-387.73737464613004	-375.9303319636358	-366.62497251016833	-364.46747943352074	-361.35925016920925	-363.0157724755645	-407.3031625690233	-512.2119397089488	-356.19283754184266	-1091.622379657865	-6445.766597981424	-10277.104507716029
79000	-440.42100779139275	-432.33643733174114	-425.1284272847068	-412.82690978167614	-403.19143011162623	-381.57959085311666	-370.10577153945866	-360.84373685279286	-356.95759233317403	-355.99304076289195	-353.8547777729667	-391.13611378813965	-493.04912922880953	-342.4502367571242	-1070.1251807454637	-6072.94313072866	-9774.964571408862
79000	-468.21454875598556	-459.8441431086702	-452.24162019646957	-440.90554801039536	-430.9594185994802	-409.26640701785493	-397.5546074025793	-387.51697305395794	-384.9577791782817	-383.530556527155	-381.3561919989491	-421.1555736275991	-518.4969711105964	-368.7588948267877	-1198.0186416006916	-6419.478194737912	-10253.44094008339
79000	-433.17073754860087	-424.5821774534016	-417.60679484649046	-404.8379493550078	-396.3775212283342	-374.0802204158096	-362.7572034474368	-352.0548695817619	-347.66557021224816	-348.9235385900461	-343.108357148093	-376.80790707152113	-465.0164580722093	-332.7319923880491	-1070.2682755931992	-5784.909775854054	-9541.464764977867
79000	-427.97628334155286	-419.1842587006304	-411.93569353168806	-399.6924668175874	-390.53258223816454	-368.168993909573	-357.3675955706146	-346.4115857375134	-342.6424778181358	-343.0052450594993	-338.7656130398455	-373.04077494719354	-465.1914540904099	-327.28406838104223	-1067.3733980824168	-5996.745696652491	-9760.421404836925
79000	-430.3588173170375	-421.7540162316616	-414.4400677224896	-402.5503957259331	-392.81382895329966	-371.4370916582442	-358.7848973692901	-348.1641389377918	-344.19425851817397	-345.06371350410984	-336.61126677220426	-361.0804394079189	-445.5173992393897	-331.50040566872804	-1029.234828704879	-5581.146643481247	-9110.960023596053
79000	-456.8910964501086	-447.96936512001287	-441.2189461796989	-429.64240933186863	-419.34348948545517	-397.98961532088964	-386.28410283112026	-378.19803614494225	-376.0164670518917	-372.91630623785574	-374.1408449889563	-422.3601022758499	-527.4157525450432	-356.03115765023017	-1197.8633018307596	-6545.772495402032	-10613.741278766427
79000	-418.17929333494925	-409.0258977163577	-402.14430411266784	-389.9809616979845	-380.09858006413526	-358.55423006055054	-346.24661353353423	-335.9251462181061	-331.23142741014385	-332.24797830088556	-326.90974408916185	-356.5214285752877	-444.62046995603487	-319.3934896955845	-963.384839283613	-5862.517906572302	-9457.662400967545
79000	-438.64440722823264	-429.3031686687319	-422.72105610364616	-410.1784153951485	-400.8440968322823	-379.3060980093739	-367.4241126799908	-357.8860468048242	-354.0640748308583	-353.59258177070905	-350.94067079442794	-387.24442198229946	-484.3780397924729	-339.3782531352818	-1058.9422926327945	-6169.857469571342	-9966.995072295938
79000	-453.92119696938124	-446.0290896643166	-438.63512061322245	-427.00897739087395	-416.8898690265893	-396.20067851340724	-384.5631472414754	-374.73248327555575	-370.4766970724844	-370.49974381960646	-366.44077555026774	-401.517620455258	-500.21241979063774	-356.43362644221367	-1099.9617088429175	-5772.930923313458	-9482.358356362365
79000	-432.110310516456	-423.7487669585949	-416.8442823492309	-404.5155355377358	-394.59745114811665	-373.26778337177376	-361.5595386586362	-352.70480436238785	-349.34484455532527	-347.86013054207194	-346.49921230691035	-385.0948893072603	-487.2291760555504	-334.2580075406972	-1021.5441899325077	-6084.23304681844	-9934.82007075809
79000	-460.899098865621	-452.80981332012277	-445.57145841183916	-433.1064248535846	-423.91329149088347	-402.77641414646916	-391.4361217098161	-381.56549471931436	-378.39887145273474	-376.788253237742	-374.4506976937069	-416.56332472799545	-519.5607476933682	-362.2617334140193	-1151.0171910732104	-6040.582267074665	-9846.055741574359
79000	-424.40457487682033	-415.77396135302706	-408.61813240072394	-396.2076009312618	-386.23202219191063	-364.974437578593	-353.0577324484132	-343.5933036501452	-339.19037841576295	-339.0849159601229	-334.1412397999326	-366.05740014298493	-457.11826849709246	-325.4860612417134	-1001.1370181904382	-5900.547960799518	-9541.623609954555
79000	-474.8677993389493	-467.3609339615806	-459.55251009571083	-447.31269211137567	-438.0472402254475	-417.15900600583626	-406.30944135958066	-396.47398274285496	-394.29372613619023	-390.44581659534185	-392.3277875739601	-440.4349316918457	-561.4434376738711	-376.90588281965495	-1227.2419661484853	-6369.6957221356215	-10208.477727039528
79000	-426.90489900505344	-417.4208085273746	-411.20912127523235	-398.51906357635926	-389.2065844733111	-367.4160192063462	-355.5383064500598	-346.83798548210683	-342.52778040756436	-341.51170331671494	-338.82706986829606	-374.9362435307249	-466.0732878732117	-325.98680407036215	-1049.567198950165	-6089.221693290923	-9839.786674453784
79000	-485.70234545305044	-477.8903044042525	-470.28790921944295	-458.2296782707306	-448.637222347738	-427.1568076789291	-416.3833008498421	-407.1387215766714	-403.2357884225844	-401.41821669825305	-401.1049796527845	-446.7640631991922	-563.5754078793111	-388.31409897807544	-1238.9950142426997	-6227.709783511367	-9860.683572187445
79000	-449.618281479041	-441.0017157610698	-433.7669995864466	-421.75217858159647	-412.5601232751068	-390.6267316916633	-378.427672090176	-368.2993921858167	-365.34530571358897	-365.20915659733987	-361.0174917757408	-396.4596405608543	-495.9651691416915	-351.29870175562445	-1104.2496671088584	-5937.118851133703	-9786.010500687089
79000	-422.5735377336972	-414.35195103908615	-407.39310626994114	-394.8261438777365	-385.2482666698894	-363.8648445162067	-351.71264608354795	-341.91728844263406	-337.43464209357785	-337.6969093606643	-332.38606629352654	-366.00067119547566	-448.17750458310667	-323.23543773294534	-1016.9011914217823	-5870.066037510035	-9722.475800678774
79000	-450.6088690147991	-442.9562688511681	-435.3622624849789	-424.365578743118	-414.2009169368285	-392.33020610577177	-380.90810990619093	-371.5395327276385	-369.20445782222515	-366.7914218885961	-366.33536295425654	-409.8725236966533	-526.3008470783523	-351.36235684049433	-1160.8633106918612	-6164.377749726361	-10078.75310860694
79000	-422.06073259174394	-414.04362431343054	-406.7711126407616	-394.0413575815289	-384.53672666031486	-363.1345416688162	-351.20095705910427	-342.1063090918477	-338.42165969155405	-336.8747624249429	-335.8235619551028	-374.31491099170637	-472.03357021181205	-322.62893236546086	-1023.3677682925032	-6303.413818017415	-10148.37525634389
79000	-433.9185413425611	-425.7021437457663	-418.0106741298137	-405.7380027328652	-396.69855592310086	-375.1656179128215	-362.6584601777214	-352.547252532231	-347.2827429970843	-348.9850403834088	-342.31544398432914	-370.3944920374717	-459.45813053556543	-333.791199123089	-1005.067279096165	-5795.107333736911	-9355.47945976395
79000	-444.6642128145257	-435.57111543079236	-428.1318371933382	-417.2846541278815	-407.21710906370856	-386.1359365513077	-373.42994071580097	-363.4011025985112	-359.8337811894257	-359.1471785474046	-353.86487067740285	-384.09177148964187	-475.25661419952087	-346.44538847783315	-1031.9346914087976	-5772.796565550527	-9379.350282044736
79000	-445.41196064060637	-436.2551364732464	-428.7174573320195	-417.5954280995328	-407.25730890033446	-385.8120951263843	-374.8626033990177	-364.1350932533196	-359.26646244240357	-360.36882484764953	-355.76023955106086	-389.5641048929298	-488.4094466186979	-348.06444445624953	-1037.9332428909984	-6068.825595447083	-9686.39895204526
79000	-454.36713777305397	-446.65287386504747	-439.7922571226325	-426.677007712286	-417.4943549151979	-395.8402817481948	-384.0804480712902	-374.91914722630315	-371.3517452526846	-370.25337219589096	-368.9602570114593	-408.96660191963457	-510.58724637720815	-357.20393689035615	-1131.4152566724829	-6013.732640232317	-9793.448819671974
79000	-424.961314453963	-416.87363548129383	-409.34113675558746	-397.58466001175714	-387.6572118332893	-365.793755730864	-354.3473072976012	-343.54988816185414	-339.4856863093053	-339.4370522681748	-335.7721192328469	-366.7107774755935	-451.11597504711597	-324.70042158857393	-991.8176903396228	-6106.984363945053	-9760.404833006942
79000	-453.2167468519635	-444.77362842959	-438.0459714342722	-425.7822728957474	-416.2300227676739	-394.9983993023245	-383.04229345439336	-374.19922461962824	-371.3425143273337	-369.0845129622753	-368.9816609872136	-412.7581717755271	-513.2928445154009	-354.1995557525552	-1129.3012281938622	-6478.238507175884	-10302.545567085937
79000	-464.47239485718666	-455.92232136732565	-448.7912192775396	-437.06751537937726	-427.00122608694215	-405.63798744677626	-393.9242722654261	-384.806747821846	-382.1428937088976	-380.1468684191131	-380.2937316489173	-422.78312638693836	-529.9668812373333	-364.6981372471025	-1172.620691101087	-6470.762915283829	-10373.809285502146
79000	-438.8851344580923	-430.1919164199541	-423.92801334775214	-411.57932657203344	-402.80893568085014	-380.2111611327336	-368.9618663457272	-360.2762552853409	-355.8083022052183	-354.6955920760374	-352.8974788107304	-394.10682553804673	-493.4179913607244	-340.20971978470146	-1087.6866579979169	-6268.879012741401	-10076.041917120594
79000	-486.79160895479856	-478.69006799559236	-471.6269056947571	-459.1607093259573	-450.3632584552843	-427.85140589318985	-417.6391723304773	-408.9103784324708	-405.7444593878773	-402.74574261227804	-405.0639592588193	-453.7039766464687	-564.6844651060102	-385.8123366520408	-1264.2039838947644	-6503.069801546586	-10381.504991940526
79000	-460.0578181738947	-451.3535048951565	-444.874438639032	-431.94202768031516	-423.07583437655074	-401.0516550268408	-389.8324802075284	-380.83695364492644	-378.019216052606	-375.33473894483024	-375.22955989412867	-417.1189429148108	-532.808141777772	-363.2443503807634	-1130.6891585278868	-6265.976543590701	-9999.764255358745
79000	-427.61472521579265	-419.3108831782302	-412.9399406321434	-400.6485650659131	-390.84484795302205	-368.61166509659097	-357.0980010444581	-348.418193474408	-345.2253374674683	-343.33522429686155	-340.99889775497405	-378.026369774607	-474.53895279460244	-329.0571336947815	-1034.1873170750005	-6074.489618009904	-9971.752428009557
79000	-417.6323730414327	-409.0472450680744	-401.42256665933957	-389.2573733904301	-379.1989633220339	-358.3218400962657	-345.7793847105653	-335.6602396661178	-330.4102861628586	-332.5233559288868	-324.47028242348057	-350.3732087107974	-429.6287461444371	-316.9846390326451	-928.3970012303325	-5715.885915254706	-9354.805879046276
79000	-460.6986090638488	-452.80822639913595	-445.09396273587237	-433.09778528100173	-423.25924462497454	-401.9958633768933	-389.4511447594582	-378.85423278173977	-375.2659098678922	-376.04440868394266	-369.01204287724084	-398.6098024817226	-488.4739402909952	-362.5682852854945	-1055.3697381854106	-5824.466907080393	-9367.204706495608
79000	-436.9718480205991	-429.32979255573906	-421.86434013366426	-409.5206478470916	-399.939809499684	-378.6509525565134	-366.96887871334906	-355.55052046907986	-351.96541103964495	-352.61785926802514	-346.886960464145	-377.2880851388847	-463.4997937400974	-338.12830404212053	-1024.4642552315804	-5763.440801217543	-9407.060888542905
79000	-440.06917425848127	-430.99406482059106	-424.6904354449876	-412.99578251271066	-402.7931777634186	-381.5878867128094	-369.99612589595245	-361.1282061791068	-357.415490130061	-356.0424363887767	-355.6739898722569	-399.32047405329484	-502.10363769504795	-341.93708302262496	-1106.9558340959686	-6261.638199159679	-10095.332200506664
79000	-468.95030255979253	-459.9396922783793	-452.8647218649639	-441.1323931725965	-431.8006457909582	-409.66307162510213	-398.48149430068685	-389.29269464392695	-386.7794647719497	-384.0984041480808	-383.433768662455	-429.1656777209395	-536.9668125634437	-368.8313861709906	-1205.0886093754107	-6275.036931589753	-10025.465079537371
79000	-419.46041453306157	-410.35267323059475	-403.86013332055364	-391.4545725360348	-381.7186553268701	-360.0731389096458	-348.48702395744255	-338.7879940818066	-335.851764037299	-333.7637001165375	-332.64746690314274	-371.0571881372195	-467.19494438681625	-320.5467146107344	-1023.772202506523	-6034.594749732361	-9941.363449438539
79000	-400.4249096935026	-392.3806561578956	-384.6624791369505	-373.0300688485755	-363.35186080363826	-341.382295940658	-329.4501618412745	-320.1969620827539	-317.84793407727966	-315.50431132359336	-315.95692432949045	-357.39733982848094	-456.19783711526424	-300.88163247043605	-970.9694989445481	-6330.785931524366	-10383.148775210748
79000	-460.97415157128097	-452.3238466291033	-445.2221153295291	-433.99284063867026	-424.1151688809976	-401.9607267898828	-390.5542611844193	-381.10050395133356	-376.48778925723565	-377.47931050509214	-371.927570985985	-404.65150650771386	-500.462769501253	-363.63335037891386	-1118.8927555531352	-5846.368110000393	-9458.612948335272
79000	-433.66334326597377	-425.57909522612067	-418.5752857316384	-405.67234606184525	-397.02214846935505	-375.1199190927471	-363.64957582991866	-353.35582135216873	-349.7211712964979	-348.86400820618553	-345.1917955750495	-379.585767842807	-468.3132901081071	-334.5446211994372	-1046.4536701865325	-6030.994686620915	-9704.565947471285
79000	-487.45238177470816	-479.2540754460829	-472.2893052894163	-460.39229847581714	-451.059986114217	-429.4696079409322	-417.55659987289454	-408.7631661130858	-405.9332717506961	-402.69212912010744	-404.13698288933625	-451.0181836399317	-560.3571857511791	-388.86674209175555	-1263.6219079778944	-6608.051686140926	-10322.808023488753
79000	-516.0665759812971	-507.07806727429335	-499.99784454224897	-488.2797356000052	-479.43619390646245	-457.30559894955763	-447.4102088600324	-437.1942793156346	-434.028103049774	-432.2019678034917	-432.821205722597	-480.0559158930702	-602.969350852157	-420.43262788849853	-1339.5461860129224	-6228.159063274529	-9949.22825174496
79000	-439.2839801611404	-431.1587713864384	-423.41407010135146	-412.20797369896263	-401.9816634480688	-380.73114495161064	-368.88003133204444	-358.9265242439923	-355.4869450078523	-354.1616257956364	-351.7180810905664	-386.8884371211087	-479.94805749547214	-339.73839229943724	-1074.87649274478	-6114.255663348567	-9830.514979861191
79000	-444.94885968003854	-436.84618489447485	-429.6331269400128	-417.53782662221283	-407.1787248466138	-386.3739282268621	-375.11830561531406	-365.24933872237256	-360.85320526013214	-361.2661102557768	-355.96051189675524	-390.07781494299473	-502.4412757135564	-352.9974714302174	-998.8302056307856	-5936.466245671813	-9483.776311174937
79000	-455.58858494442455	-446.4349250444764	-439.5634767487807	-427.14281750286045	-418.01309036804525	-396.6385620300636	-385.0922272883507	-375.49072050845155	-372.64028993850087	-370.11988505543906	-368.19891941365495	-407.34488365997413	-508.0676547640074	-354.77353987540863	-1165.157743022557	-6041.407711270305	-9781.96738958696
79000	-446.9683114314426	-438.93725462690605	-432.06622571418785	-419.61459222838255	-409.27603134609114	-388.27902336751174	-376.90749496766415	-366.3953453242677	-362.57287569055785	-361.4717187607174	-358.90303104355564	-394.31821266422287	-494.7544239161594	-348.38962925528386	-1104.4078090658188	-5999.368862953262	-9853.209918317665
79000	-464.4672761341695	-456.1515516918514	-449.1126812537105	-437.3250260008847	-427.264419109623	-405.9035892060402	-393.67424174362367	-384.54211764545306	-380.5204336516769	-379.6449350424946	-377.3406709234772	-414.2935583354	-511.3960205883891	-365.07356064020087	-1102.2632321697133	-6191.63357060132	-9795.381310947461
79000	-426.1268987515253	-418.0566666900893	-411.6030107985882	-399.11963383349166	-389.0767168386778	-367.4842239190144	-355.91746536064863	-345.8464512312204	-342.3501529284869	-341.5910229473538	-337.76731400359375	-371.69496243915603	-462.5036031677779	-327.94809498391965	-1008.1248560614218	-6107.155701705023	-9930.075069520683
79000	-435.9527416388787	-426.21448460466667	-419.2773863368744	-407.805034188479	-398.2693841475649	-375.5789900552868	-364.43387819476106	-353.54196909387304	-349.27328082643567	-351.24269107801416	-344.0814452057312	-376.9203215085778	-470.59453299018475	-338.8334072219141	-995.0248661511813	-5744.976140681214	-9334.16676980556
79000	-483.0298661029705	-475.00991684352107	-467.97508873716623	-456.077079897319	-446.5448134524098	-424.5465869934334	-413.67989746364464	-404.9271022384715	-403.24073731766435	-398.74863659944674	-401.32171691509075	-451.68597911736373	-571.0100018127144	-385.1276627104177	-1233.929737265783	-6463.280961386971	-10170.911117809006
79000	-436.68435964400607	-428.5914087633003	-420.8231621773352	-409.27691721203155	-399.11687748606977	-377.72004691437076	-366.1609366051136	-355.04322277558117	-351.0518467001105	-351.7316091570498	-347.19190451994575	-379.4427960885495	-468.75072535278207	-337.00304934384707	-1030.0875491178808	-5824.437020032208	-9508.169176623958
79000	-408.50180065985757	-399.29679855673606	-392.38815593007376	-380.00641758216125	-370.16529553496986	-348.6111893538492	-336.5927949464778	-326.2454811251912	-321.75887075651394	-322.3722407723832	-317.3393234752615	-347.04241598653533	-430.2269381202611	-309.0177967456586	-935.4863259768432	-5735.292200875061	-9498.629239889733
79000	-401.2436046636741	-392.9042857211346	-385.6357785169727	-374.179092793902	-363.62509416967697	-342.8042697461701	-329.70738304658363	-318.35835310480985	-314.5135484269875	-316.14001396206174	-308.37940684230153	-332.6358139258829	-411.4250426501048	-302.3801325352266	-907.7866677276947	-5704.588338425426	-9367.712554087824
79000	-408.58155847891805	-400.8862443965763	-393.4113540398134	-381.42440106082415	-371.6945178609616	-350.36958560545565	-337.70275899817483	-327.35357979194777	-323.0264774791397	-324.2123153801993	-318.1432663161817	-345.300150691352	-429.87909225363205	-310.34802817704195	-941.134019999705	-5667.087456012384	-9426.17534250439
79000	-445.4947405220526	-436.7951709022709	-430.0962183423058	-418.5252725345115	-407.8937889684069	-386.83228849906624	-375.3843405344611	-365.83301968916976	-362.11529248581377	-360.64733878155363	-357.9335943346163	-394.7754900581487	-498.78448574265	-347.03426224254997	-1090.7147824148442	-6119.913878574698	-9958.387207906379
79000	-408.1069382327671	-398.69909409266205	-392.1562843909964	-380.3146445203157	-370.8983037641499	-349.257445647577	-337.5398314629732	-326.7018924046361	-322.7361086513872	-323.26651867382776	-317.96683273607664	-348.9748495970434	-436.9359182876994	-310.9763013305556	-934.3375698539895	-5784.415725980082	-9416.126266630254
79000	-422.6795329414501	-415.2488136524879	-407.60102555643215	-395.6825902065759	-385.98971264132376	-364.7124005270683	-353.12217247796656	-342.2178374476665	-338.88785738165524	-338.6826057964448	-334.54131828547736	-367.30508136601213	-461.8259466810338	-324.7697950712524	-977.3822824057386	-5873.719097315543	-9549.201461349048
79000	-452.304043646085	-444.7799777053254	-436.86089575535783	-424.8725376265256	-415.28310497913594	-393.99257787712963	-382.05836942409377	-370.91511254412717	-367.9713498249747	-368.0350457315903	-363.4349651148687	-396.3403817247482	-489.24773404737016	-354.1437759249762	-1039.8960505139735	-5800.38577853824	-9392.382655172387
79000	-383.9703138350781	-375.3163337770864	-368.1744981893484	-355.5920903525332	-346.06759225536086	-324.38016603928503	-312.1876406068765	-301.5220859762756	-297.71190350167075	-298.58645627548293	-292.0074099452305	-320.54625178600486	-397.2625507274619	-284.41582192621297	-881.7716364786445	-5759.418429337661	-9560.078000384496
79000	-441.6733584810227	-433.6905727083462	-426.7266708218986	-414.72079031561964	-405.02625040084445	-383.21565447031	-371.80783029207083	-363.40869247838606	-360.2413383564085	-357.8883785720795	-359.33160198485234	-404.8162080522348	-508.5661421408571	-345.8789059892104	-1081.181500945404	-6366.615360684003	-10325.62935973881
79000	-452.9823290393681	-444.6967156856348	-437.1659874509899	-425.53812699606067	-415.917879336368	-393.5654586389486	-382.4781462840678	-373.4933629451436	-370.5168478940742	-368.6526550818814	-367.33091090817857	-407.0478316710368	-511.7691946311107	-354.50301158932496	-1104.2458890153955	-6091.334820808309	-9881.095893160784
79000	-434.7003472902467	-426.49442980026146	-418.76477573385745	-406.6685543333423	-396.6008133557966	-375.58310280006737	-363.24418155036244	-353.19474853289665	-349.3181709539786	-349.7784349594809	-345.1546802543969	-376.56766549953	-466.7037160326974	-335.6322401781685	-1025.0951773653896	-5786.945350361154	-9579.631853521401
79000	-439.6121556525834	-430.66967471768737	-424.29494433342705	-411.355614056223	-402.38554111689115	-380.9071105147191	-369.2967608903308	-358.95941680023265	-356.61310822711215	-354.71843230894007	-353.0399170197251	-391.5217214936171	-498.07857981849094	-342.0700630571156	-1075.826081346433	-6134.40857926079	-9831.070486574561
79000	-412.02091496345076	-403.83581210258353	-396.3365011821331	-384.38322402035647	-374.2053402119743	-352.59341571610145	-340.79866949451474	-330.51747937308846	-326.5209506021613	-326.5966229070751	-322.00280912484624	-352.4662724951247	-432.1494880564713	-311.8005477466361	-945.685419094822	-5925.519868180306	-9674.372551903205
79000	-417.0810492574091	-408.1296884270963	-401.4629480520678	-389.07718327960083	-379.1442087744503	-358.04929726994897	-345.2032184996019	-335.41545565096794	-331.1558754369644	-331.5157808636536	-325.54889192172016	-354.8797669983964	-446.0201951071906	-317.26128876967573	-993.9917399776618	-5832.10429597503	-9489.72093934486
79000	-445.7533497530231	-437.12409661736245	-429.5496021828888	-417.5981142112089	-407.8341412676608	-386.9758762291699	-374.24249534459085	-363.9701752956171	-358.05790649402985	-360.90923980864426	-351.90863819078737	-376.2883581753569	-462.5116749073009	-348.955259870892	-1032.7978106644878	-5458.841403975996	-8949.269594004747
79000	-412.18590516375684	-403.1744335408005	-396.4980965929008	-384.4131134893627	-374.8332167672693	-352.93900090539665	-341.1266963221404	-330.4427691629676	-327.7304723430352	-327.2059868913606	-322.95944234087773	-357.20488529144836	-449.12678012298835	-313.69642886063747	-971.5062684860236	-5867.216015165105	-9764.892210357903
79000	-417.71901721623885	-409.41026244994254	-402.2195505025364	-390.398152955353	-380.7836978679664	-358.80934435547545	-346.5406922791528	-335.87175088011753	-331.26595850706144	-333.6671521805891	-326.27262616482943	-353.2451788357674	-432.98123925383715	-318.26417700895587	-990.4406789155339	-5644.595304890955	-9348.658894564102
79000	-415.88498985587086	-407.42187140699184	-400.4932260486873	-388.57058662079476	-378.6626105663044	-356.9181874206073	-344.9168497033511	-334.1854355630874	-330.516663214652	-330.91347940961754	-325.3044821351671	-357.00111456694725	-447.9128082005609	-317.4305752773553	-981.5491901062447	-5836.275818440202	-9504.881200839258
79000	-409.6593130965947	-401.61633967926707	-394.05745324984133	-381.7800921977181	-371.8911801811779	-350.28678370841425	-338.7728425498426	-328.64476208209675	-325.0414715850859	-324.4883127358972	-320.90932297098726	-353.5019424915048	-436.0111950837318	-309.79027902220236	-968.0926502115142	-6031.438890808702	-9882.80583772793
79000	-450.305774520619	-441.7018281788405	-434.92135468611724	-422.9381132734567	-413.33090092174	-391.7369156648243	-380.2115053356708	-370.04413733832905	-366.2315146700168	-365.4401287010279	-361.43805362883427	-399.1214638814781	-497.3515322798291	-351.57658674520536	-1080.4411111694217	-6166.767937815035	-9918.008723448773
79000	-443.31578846107715	-435.2391510624002	-427.31434475696625	-415.0621395985862	-405.9888420866882	-384.4749995253655	-372.2197524606076	-361.8070371972115	-357.83361639984827	-359.35159407554414	-351.98636403492384	-381.28103438512204	-481.8193151346142	-346.46310256459776	-1025.4475464230009	-5492.5830732583745	-9098.708816518583
79000	-435.5676891754874	-426.20298005472574	-419.4591891652131	-407.83664297732685	-397.5993373918902	-376.38730393470973	-365.674020686268	-354.96957377444596	-351.2966838065867	-350.96191631189305	-348.9574373839422	-387.5890825185366	-489.7323987848235	-339.61114052152476	-1061.8732536421805	-6073.531496788266	-9934.473336202396
79000	-416.432587847039	-408.24980460550097	-401.4695170311663	-388.7258856225685	-379.52819350542177	-358.0148804595802	-345.4625623558616	-334.70551352429845	-331.12277784540106	-331.3880011682317	-325.6982097558221	-354.5027045617939	-438.9742017642359	-317.97526164298716	-973.8937209264682	-5751.576236588583	-9559.559476363906
79000	-437.09267273860434	-428.03339068875636	-421.6228505711387	-409.48067273542506	-400.1560503011965	-378.13943058346234	-367.24745982477873	-358.52591437513695	-355.2448257308534	-352.51926302604255	-354.39042628411255	-401.20698942217956	-519.996174116442	-340.17549331624576	-1072.8206720863045	-6189.072774908749	-10235.649301276482
79000	-434.29262796785116	-425.82514202378417	-418.6892877066935	-406.98987240426345	-397.18764906676154	-375.5508717726262	-363.32303664553217	-353.2095486675814	-349.5375102571642	-349.83353082039065	-345.21651741298757	-379.41973229045743	-471.67099989539867	-335.45422733670847	-1044.5828517360808	-5862.726075855103	-9573.455978644828
79000	-404.7556920347105	-395.52322265708113	-388.5427280178789	-376.49003651363296	-366.577620167118	-344.6055103978889	-332.9170028405849	-322.6916759257001	-318.8304623973207	-319.1432195284485	-314.4728203494538	-345.44634366153633	-425.6112832915808	-304.55841328581073	-924.8156427465227	-5942.056314956259	-9751.63449374685
79000	-419.15839043754124	-410.947943344608	-403.2263722281602	-391.4152793237107	-381.80478479559497	-360.4668026241643	-348.29541222174214	-337.67410421274894	-333.23050208014905	-334.2510374244845	-328.06447832627117	-356.94768114167823	-441.0770457050317	-319.9023120800578	-982.9750424419022	-5784.977670617594	-9542.654176661694
79000	-457.6964543388918	-449.20979614396987	-442.442820195833	-430.9665399813355	-420.52422695140007	-399.1348095788732	-387.76102061537154	-376.9966900157306	-374.69111216396146	-373.72314183177195	-370.34015733986155	-409.1884093141276	-514.9111892167301	-360.6383704115785	-1104.1084481228152	-6115.631328922737	-9815.471964527671
79000	-463.91835917410395	-455.1630262971316	-448.3118310718963	-436.18789337507894	-426.23402896642546	-405.39999012484697	-393.9478183165922	-384.3025570022776	-380.3302913520786	-379.7626884121842	-376.33138839962805	-417.421072958979	-522.8242660226846	-367.58423102886695	-1159.798704650497	-5841.586860191388	-9547.655025636708
79000	-408.7735178897717	-399.85929569901367	-392.97403845957496	-380.82053757787446	-370.6945600152879	-349.2310475209342	-337.330228214823	-326.8107625205601	-322.71391501868055	-322.70804518656854	-316.0285827204566	-343.09414700393137	-421.32140149001737	-308.57579710967303	-955.5996566394784	-5657.541001982292	-9295.773709859068
79000	-435.2487587680282	-427.26298822473666	-419.2007750387241	-407.8050205655686	-397.60606187483967	-376.31352068296326	-364.5929021951939	-354.9099266169027	-351.71047029913234	-351.3516124912496	-347.3515884613932	-385.0372572008896	-479.19845238587766	-334.97911309242	-1087.0490911510674	-6000.21846785124	-9768.23755498549
79000	-424.732299861933	-416.1804485417695	-408.5497828527364	-397.0395836662075	-387.30942225728245	-366.26318335979704	-353.9535180050314	-343.4818662568714	-339.4456652048899	-339.8118874553244	-334.63590507897084	-366.27784122154725	-459.41686619543316	-325.27485999274865	-989.3603148674598	-5846.253231532495	-9680.505428997341
79000	-423.001348088349	-413.99306164516946	-407.70253634658303	-395.2924710344024	-385.4062878247274	-363.64709965937226	-351.89849376683196	-342.4352947610718	-338.4500108362627	-338.61104195763664	-332.3632917454915	-365.666254744188	-453.4322232487524	-322.9379874588839	-1015.3368687253063	-5838.769889194212	-9503.3172720684
79000	-432.979325455232	-424.52498460049344	-416.7544050550675	-404.54317387960225	-394.5043285614139	-374.0232611225241	-361.4722551101756	-350.920623706641	-346.30659710369605	-347.29246896518595	-341.23088852116365	-370.87033898918514	-457.73675509368377	-333.3305168315372	-990.654473523862	-5739.248120547333	-9368.499664675719
79000	-424.9632517219034	-417.2284782611306	-409.52949755384105	-397.7067612965228	-388.1020314104116	-366.6166558788021	-354.54138269549577	-345.2073146735514	-341.4173423005986	-340.6620491269732	-338.18227787917294	-374.97415379598885	-471.6205834999732	-328.04284800211093	-1017.3596266623897	-5931.3552629024025	-9768.920704731841
79000	-446.9609214067317	-438.38791285690576	-431.4149528835948	-418.7605758814142	-409.8058306878064	-387.7854843736837	-376.4928711312377	-366.6339676944212	-363.44397288095337	-361.8995612477964	-359.8471379605552	-396.4618410727703	-503.6201402637046	-350.73472519277954	-1087.2310035564014	-5999.349490124706	-9813.56529066524
79000	-441.50868675309147	-432.74121413916157	-425.83414135424704	-414.06909196964614	-404.06449475831135	-382.6919751318792	-371.50349248811244	-361.1097367470547	-358.0261011971432	-356.84766974984484	-353.9695692303594	-390.58885006739416	-485.88245287990685	-342.5851122613492	-1066.8576966667883	-6025.248060039461	-9728.124325044211
79000	-472.84026233872066	-464.5343890095031	-456.9058964123687	-445.34223123404377	-434.86805618067655	-413.8627924810757	-402.8385555253746	-392.3802769034533	-388.33117816736535	-388.4101893587894	-383.46441269841205	-417.318859372213	-517.2593179668371	-372.7345128059782	-1139.1228290808024	-6126.683347531142	-9549.0484259284
79000	-447.8504665483941	-438.97727200822334	-432.4663512283184	-420.1004793295656	-410.03158002845	-389.04251226531056	-377.0677193720194	-367.15455003276423	-362.95846956977437	-362.72490560996545	-359.4354393180397	-394.4964981640093	-484.5395296945343	-347.8958020085099	-1103.0180368415574	-5934.3239329314065	-9719.356911174847
79000	-429.18473305511367	-421.2278079359763	-414.4894419122381	-402.4171355402798	-391.80074801933296	-370.00856501479393	-357.9847525508826	-347.58226962848727	-343.9413549309029	-345.07406345136906	-338.56213592074636	-368.68386633322393	-457.22789556498344	-330.24507954384177	-1009.3814514883994	-5972.716957563296	-9693.566152430327
79000	-456.03046892137627	-447.6863916915172	-440.21147586714443	-428.35837181819295	-417.85104447461777	-396.6875987843533	-386.3036769587881	-376.2972415299505	-373.0762538690956	-371.0689808927908	-370.1524743372425	-412.71102836455975	-530.6624133624111	-357.5976129090564	-1123.2570322143538	-6184.775221771566	-9995.560824409804
79000	-405.99725813394275	-397.8943201093464	-390.6933183904353	-378.07078844581883	-367.99701066696707	-347.12645105152086	-334.23654262418296	-322.9626927788715	-317.24498243660105	-321.5596730249905	-308.7350230416217	-325.0628319143789	-393.66256935039655	-306.5762635717779	-885.4936078805658	-5217.380987482036	-8702.252294866339
79000	-449.5889801624256	-441.26604986064376	-433.7446883392585	-421.8009354546185	-412.8002162276343	-390.96048456755386	-379.55113034605984	-369.473142263035	-365.45975484799453	-365.2902113890148	-359.9481640022661	-394.0323716393134	-500.4758778545655	-352.6297736490428	-1093.2162084722042	-5904.726366677453	-9540.71350058916
79000	-435.02543331854156	-426.5296719109843	-419.70136888569374	-407.3798845598808	-398.6286921899015	-376.74966181547444	-364.11264209308496	-354.52291592549085	-350.55624194870455	-350.4153330731608	-345.7412127805451	-378.89992637546953	-466.23026290774703	-335.19362958944214	-1024.7831101557108	-5916.058660934219	-9632.243131395726
79000	-446.02630372719676	-437.88505872079975	-430.6838203883328	-418.9143138418781	-408.49256857312696	-387.64540220112605	-375.3649899434219	-365.99840217231804	-363.1954651394118	-361.72165861265694	-359.54570516063626	-399.40999660031895	-494.16234828525126	-346.8898788609104	-1096.7970303868858	-6172.758146462743	-9991.645028059596
79000	-445.5827079779178	-437.38314897579784	-430.56772636474415	-418.34891120496934	-408.59103941883984	-386.6113981163411	-375.5270342347261	-366.1127992215975	-364.3814206269633	-361.27336527694746	-362.0156520828457	-406.9906745465888	-517.5902053799556	-351.83206980253163	-1102.2143327394328	-6408.2449942748235	-10285.560395125498
79000	-448.47785345095787	-439.5728991126069	-431.9384483315967	-420.38397200760653	-411.27389439927936	-389.2137290974722	-377.3643624669325	-367.6141242692517	-364.44697164498723	-362.7416637502518	-359.2057747599687	-397.1902426260438	-490.5522018642266	-346.9300960204258	-1131.3509168638752	-5973.8992503709915	-9671.422686812737
79000	-437.41837388977154	-429.18218296742623	-421.33180559253	-410.0539251870931	-399.7776111874241	-378.2731806856228	-366.4775200546971	-356.902761517307	-352.9005932006379	-352.92308519455224	-349.7161008440941	-387.00976573428864	-482.09217383042716	-337.7235548993049	-1049.8744475500248	-6201.0729288534085	-10017.177714044492
79000	-399.27246373740417	-390.9637927059572	-384.0023231206905	-371.2355605275269	-361.46751013289577	-339.4714399190344	-327.43201892714785	-315.3161683924063	-310.26208048852095	-313.73122277547895	-302.38949537269457	-319.3345488951532	-382.8288794693955	-298.4481053967797	-858.9563533704352	-5341.2644688324945	-8918.849746071832
79000	-401.57104758076514	-393.2512452687765	-386.13725598124444	-373.4580235417827	-364.0351930279064	-342.3016922052876	-330.695073281441	-320.2218066077662	-315.6462470148225	-316.8405437878399	-311.5629380483304	-342.013223004603	-424.88259975821813	-302.44350031777014	-928.7560344524202	-5890.845545437968	-9633.987440610017
79000	-410.1163825130259	-401.24978832004984	-394.55651203403346	-381.20422921522686	-372.01747755000775	-350.84374149912514	-338.91562298289983	-329.1087340408554	-325.0470090614023	-324.7973274554133	-320.5597041529481	-352.90153744170254	-446.052953892876	-311.35806373253945	-956.381871612267	-5787.09261638088	-9477.911341663908
79000	-462.7140880857619	-454.4870586333459	-446.9012875872916	-434.13637767663715	-425.1692229245073	-403.2387086624028	-392.0291076074129	-382.2673657102528	-378.2895668903062	-378.0862312876446	-374.2687401193728	-410.38463886524835	-506.81994718735893	-364.2780745688135	-1084.273472042524	-6094.279087828676	-9752.481759737071
79000	-431.5371332427308	-422.54295910031925	-415.2118296030122	-403.4262292358437	-393.71881611519177	-372.0728756096149	-360.29792812337286	-349.7835058315751	-345.552445113362	-346.8354439377206	-339.81069413980094	-370.0737399083401	-458.8150093054869	-331.8445863403862	-1006.4536590836158	-5581.947966795819	-9347.721400740535
79000	-467.9648655650673	-459.35122520385977	-452.26588199740985	-440.6418370059241	-431.16703043149965	-409.1800847777185	-397.99075296730297	-390.15731998332706	-386.85081042128525	-383.8102055449586	-386.75267601841676	-438.8294724361937	-570.2142634632584	-369.601240781479	-1183.3958117281886	-6263.281536599548	-10100.781190482294
79000	-438.85443947108666	-430.2436637264851	-423.8227122373988	-410.9303329406183	-401.57502709788696	-380.23502354552943	-369.15258426188274	-358.63712295226185	-355.42792275255493	-354.08398537509646	-351.42306287194054	-387.69468874313804	-478.15383459367683	-340.9928814324914	-1064.9661545046115	-6099.196443227079	-9824.552085305884
79000	-429.5068096472262	-420.9735325590024	-414.2371626179416	-402.29002292167365	-392.32781869409314	-371.23387454229317	-359.0758131471199	-349.58820858658675	-345.37027569706436	-345.1183772384028	-341.63812521478053	-376.45270483275743	-475.69992032910557	-331.86286358172543	-1014.1668629041944	-5874.706679371414	-9682.7629452214
79000	-420.84181100175596	-412.1990068192779	-405.548467286101	-392.8325863949967	-382.92893688230174	-361.952925775602	-349.21825506863564	-337.6697711568942	-332.8765753461536	-335.59831398999165	-326.60819084329944	-349.6845206320452	-423.8006740385399	-320.0973816005736	-947.2789503405186	-5786.850388656104	-9337.08439635936
79000	-425.64933149823696	-416.96171932467985	-409.2549224824358	-398.07772754192877	-387.8914045958038	-366.15836938607924	-353.810502471426	-344.41232977532263	-340.73470226020544	-340.1837883057889	-336.048492673406	-371.23102773769017	-464.1683041689706	-325.5849722855868	-1031.8110146393508	-5859.363292580291	-9648.247569576919
79000	-429.2307807140476	-420.04899489894774	-412.46978235278215	-400.586005085991	-391.69607026422415	-369.2837731912832	-357.88723881940797	-349.07803230791546	-345.7376247565665	-343.80766288533425	-342.3571891862391	-382.0890384097778	-483.82918973743983	-329.1343440155719	-1090.0753080017882	-6135.377068392509	-10092.49529191911
79000	-417.9131289399673	-409.21959286968286	-402.44220280630765	-390.2103761827991	-380.3421716760926	-358.79805208700077	-347.16173962747064	-337.6315560513373	-334.4087262927371	-333.09111297722455	-329.41776285720175	-363.26240493417794	-457.61381761711874	-318.8589827065836	-985.202053623998	-5914.872123136754	-9635.5793753674
79000	-468.81535903793	-460.9036129531695	-453.76700275583624	-442.3819677683766	-432.89572391806877	-410.9585193789237	-400.351070941244	-391.406671686412	-387.2440124850283	-385.28383987335604	-383.98552274570585	-427.1403826091338	-542.807393934921	-373.36559857994627	-1169.9364471708348	-6023.5720217745065	-9752.848689395752
79000	-471.33775135418716	-463.29487244079087	-455.4467494649584	-443.93824319453245	-435.00549590900107	-413.2541999725534	-402.3006588678182	-392.3968223188855	-389.84871341834986	-387.6408571252874	-387.65105831659304	-432.4276602558332	-540.0095069534266	-373.12658332779074	-1227.9069821406852	-6258.833938608897	-9978.814821658649
79000	-436.6144486585543	-427.86489310980227	-421.2079619393074	-409.6804566587441	-399.011609770308	-378.0270791698637	-366.39114625965794	-356.8526081268274	-353.11689842696774	-352.0725030980796	-349.98501629206055	-389.80220768445565	-484.0145736072763	-336.816052767662	-1100.3974738789493	-6122.555606150738	-9898.857215301538
79000	-404.0244682426279	-395.7863965141293	-388.459099989093	-375.562871770597	-367.1458901242179	-345.2812619625001	-332.72529661224837	-322.98299640050607	-318.68476056106897	-318.89422391534833	-313.86351644728313	-346.0071615121746	-432.28818655179947	-304.1004112804562	-955.0593674689961	-5956.613323341895	-9701.619447473737
79000	-402.4998636060706	-394.41004557868206	-387.0177071795454	-375.1326636535656	-365.4567736846752	-343.82063259813367	-331.7648264666551	-321.6294860636247	-318.30712704428794	-317.4736441110043	-314.437654136312	-349.2819953551371	-441.7647463479352	-304.27861191168773	-961.6359238161323	-5929.103975082848	-9781.644863244095
79000	-446.93925476074685	-438.2648696097817	-431.38483647231527	-419.7171063236716	-409.7121000354916	-388.0254771946758	-376.63273254380675	-366.52757093632835	-362.78563714195946	-362.3256811671342	-359.81872072544724	-398.3339639838428	-505.0523276850782	-347.08591852799253	-1093.6688568804234	-6198.265938669751	-9918.848887114555
79000	-417.27573925900884	-409.34585018101353	-402.3479980594324	-390.11127553877725	-379.48911942902396	-359.39123012365246	-346.8654470484611	-335.9575547819728	-332.70823660754127	-332.65735711243167	-328.8444343946742	-362.5951430429821	-455.0813554281967	-322.4438623417173	-971.0669158698487	-5869.973721240077	-9655.32861877543
79000	-437.436867400892	-429.19311043543144	-421.52672120005496	-410.0389067608759	-400.5811343938459	-379.21904847324424	-367.16125066687255	-358.27583797560004	-353.6933419601658	-353.07167657322333	-351.4205814001956	-389.4805022331168	-488.682163588454	-339.8781794948711	-1088.8457703191668	-6107.862090197518	-9840.644445703261
79000	-425.8371753043507	-417.49315284526773	-410.8795451008214	-398.18673224210977	-388.70649895725467	-367.36692933314976	-355.4182543351463	-345.1771288422812	-340.33259603206096	-341.53218724354554	-334.5537094925717	-365.93817374220583	-462.8271465485165	-338.1749251925065	-972.7070792055605	-5788.366874571038	-9397.846742724141
79000	-451.2991708762195	-443.19675599480627	-435.845476154231	-423.6549297719879	-414.07989850299555	-392.90705768052703	-381.17647984921996	-371.4737920403371	-368.11817521533345	-366.2350687028025	-364.9770347886485	-405.638598987045	-506.2664046633367	-353.480852777869	-1131.239361646016	-6097.796720294471	-9934.245258284824
79000	-463.8051042198154	-454.93854706887873	-448.337293996469	-436.81899436811796	-427.1172566774093	-405.0114730712361	-394.4158621028587	-385.25060821844835	-383.22100443373586	-379.33928298263857	-381.01653055836414	-429.70060131404165	-542.9496644041674	-364.7479623211937	-1209.7703485142679	-6432.563933322849	-10300.288293489531
79000	-410.54031893888873	-402.21003431771425	-394.5303291163979	-382.8700074053754	-372.2353780461594	-351.1831833226807	-339.62273849103246	-329.21008229414167	-324.6347709675697	-325.149916021752	-320.2301310867155	-353.28097040270717	-439.5510045190929	-311.2140242256297	-959.0730092432465	-6029.269242974474	-9766.435916167165
79000	-406.1853792686129	-398.0344042342595	-390.52830364395044	-378.8136705120322	-368.0571069111395	-347.8776849646275	-334.8410059380436	-324.58294719780736	-321.5471170101993	-320.46674349354026	-314.80841237033724	-345.8462857392878	-433.5656385412812	-310.0775753619444	-917.3147618335626	-5778.969799601387	-9447.226919758561
79000	-413.6419683073665	-404.77894019765756	-398.0223104462477	-386.02783121519724	-376.251900180246	-354.20242442664915	-342.0548771933742	-331.63883483814783	-328.3688396468342	-328.4782526433832	-323.59624459832503	-353.0903067584666	-435.75737384066474	-313.8166851120675	-949.7794421365311	-5741.663034175549	-9406.697340265131
79000	-422.5935690393167	-414.3230206130849	-406.9939052308428	-394.8745384498784	-384.9472728037534	-363.73302764308215	-350.99481940394065	-340.14992773014404	-335.89044694129893	-337.1942954580498	-329.9157330588858	-355.88470968919705	-441.6417104346802	-322.20077969239804	-943.2156178454267	-5676.885538755019	-9244.118867754547
79000	-445.73400341092537	-436.8013314931143	-429.9434191454504	-417.54308253299064	-407.42873789912454	-385.91226597137984	-375.34359869546455	-364.68819599475813	-361.06907304433395	-360.9822072590151	-357.86706736055834	-394.35940197801443	-496.2883556000197	-346.6237086578377	-1076.9619183018463	-6146.496367745063	-9833.611886715715
79000	-443.0766033829252	-434.76904250181553	-427.426575167983	-415.60643082654576	-405.7252388180419	-383.53450998376303	-372.88537191887343	-362.9778967669215	-359.6191673276483	-357.95132738350435	-353.4649267778948	-389.814444548026	-483.65400229887064	-344.15410609072933	-1068.4115724466037	-5860.31481418163	-9581.921519173193
79000	-426.5862366902545	-418.24486830115643	-411.34795058512515	-399.3395369727218	-389.3803615289516	-367.4816232607395	-356.21680390802493	-347.3979533128746	-344.2389821180948	-342.3123135315437	-342.6268641638038	-387.230660118983	-482.9155748337803	-327.328711937278	-1039.368025086563	-6312.870027078807	-10129.395549362604
79000	-458.7563434320783	-450.5905445726191	-443.6276437714852	-430.6664108429667	-421.98913834601757	-400.94482480004933	-388.87676236953666	-380.367398853551	-375.8017601212816	-374.2958397249818	-374.3718598854004	-418.19043547061665	-538.6338362613353	-363.7353507157543	-1115.3033149611263	-6297.547284411781	-10125.296185311072
79000	-415.19335629854413	-406.45057872671293	-399.0718624725311	-387.0938373290211	-377.037765299005	-355.58986465241355	-343.60831974006845	-331.9842386970006	-327.24839700747094	-329.19160767191977	-321.26226037199297	-345.76102165150013	-422.7555489167559	-314.9589140577694	-935.1818479046234	-5662.229594755399	-9310.973433910907
79000	-461.83796170882323	-453.79068379562113	-446.74474280757664	-434.6956748345093	-425.63606389886587	-403.5868963537115	-392.6685502121314	-383.3792102291255	-381.0018713087706	-378.49437969539287	-378.123667862237	-423.7951784691586	-533.5145107297507	-364.2282983589826	-1153.2535576563846	-6202.008303300688	-9904.452029450427
79000	-458.776906659345	-450.21939133641354	-442.64423618796224	-430.3394056939245	-420.7708977367238	-399.7872300881933	-388.14793303961176	-378.10947817906043	-373.93169095362884	-373.2902485196927	-371.14517179947336	-408.0730530593257	-506.5968798210763	-357.7595991128866	-1150.811491743501	-6157.041736269865	-9820.021391327335
79000	-422.0069967409348	-413.42189003777384	-406.18892065453673	-393.74129756035256	-384.08622161761616	-362.6053346642459	-350.58139529290406	-340.94080402961487	-337.5036890304301	-336.7201763973175	-334.4110489923673	-371.12665478515163	-462.765074940099	-323.3927192885711	-1018.2499590131428	-6299.782454575447	-10121.85556181635
79000	-457.16816084123053	-448.9300752229182	-442.37358248668016	-429.6383041725568	-420.65055961139973	-398.0160397592133	-387.67711601847736	-378.6365986251347	-375.00931685666075	-373.2193446329554	-371.6917382262166	-415.2006533502915	-526.790437630622	-361.0447973987771	-1141.4417139699265	-6047.168847851813	-9807.794230624464
79000	-489.0757120297299	-480.5222626648461	-473.2375343668886	-461.45872581121967	-451.46287426795664	-430.99148903622137	-419.0653404048828	-409.0326056109892	-404.93854731374563	-404.95069373050256	-400.3835758989153	-436.0107260365547	-551.8896659120404	-390.7744063745388	-1159.8454116533458	-5804.14534551113	-9336.285756440187
79000	-449.52575791420446	-440.4337227702725	-433.9240715084464	-421.0945727277757	-411.48657626145086	-390.63016954444697	-379.04862867294804	-370.19525000718073	-365.22723047203846	-365.2132943919353	-360.8155542463722	-399.73109544528046	-511.88888289842566	-353.952295587857	-1078.5897418411496	-5932.192699490567	-9620.242334715413
79000	-404.2345128905309	-396.16512107715516	-388.70318012843694	-375.7026374124654	-366.8121584834557	-345.05761757261763	-333.3003588277199	-322.9543886462866	-318.11989489636954	-319.9713073446064	-312.0404503185818	-337.0326024874926	-428.38189016089945	-306.9499754379226	-927.7602495816143	-5728.883253396062	-9367.697883547826
79000	-440.5105432428147	-432.0603837070049	-423.9409486273342	-412.929323238788	-402.49726091074564	-381.08786196572913	-369.28149056585994	-359.9049845650236	-355.73524209074515	-355.27194738625167	-351.3732031818042	-386.8570602215336	-480.1077166803683	-342.6621152835544	-1031.4162074673304	-6039.20346123071	-9676.414889643152
79000	-435.90878896577965	-427.4409030521912	-420.46760115346996	-408.44794870137207	-398.65884115093445	-377.1043637948506	-365.9710917021798	-355.8990796222355	-353.1580868655021	-351.3907815431896	-351.0624296142474	-392.7064989341593	-490.51952688311826	-336.25025236579614	-1099.8345681887522	-6300.380588730211	-10183.472064028932
79000	-455.4763435822549	-447.2166187994594	-439.65973111038426	-427.97791428428786	-417.42653087191195	-397.48344561704596	-385.07512036787784	-373.80027033263906	-369.94263420549333	-370.66278060339545	-363.16618590703763	-389.00417210696634	-479.2986457565664	-357.1425111099075	-1048.2620248340577	-5592.856586722513	-9035.301809346365
79000	-436.2307289585111	-428.01927329910353	-420.60124978969867	-408.939478234293	-398.4799016497243	-377.6074079303742	-365.31321554798484	-356.26035404353695	-352.01891768761817	-350.6953601875012	-347.0992134288979	-382.32681017046394	-472.8925744826316	-336.05651218202735	-1064.1367523960662	-5967.891912860744	-9694.526783352952
79000	-458.368315597752	-449.88220872596753	-442.69243103377227	-430.3634009516528	-420.86447790967856	-398.88914846515166	-388.8332611625882	-380.3850214328975	-377.07166029281626	-374.63214441663024	-376.64730780210215	-426.97819021024327	-549.3748327914963	-361.38787223548417	-1166.30962739535	-6215.378153045688	-10125.53819684169
79000	-462.80149850760336	-453.7708373257068	-447.51660605514786	-436.0224213166251	-425.2073851806766	-403.55263439509366	-392.49254572763755	-383.24095790215756	-380.6092890281731	-378.6162081647251	-378.76798932624365	-422.9260145654287	-528.3310694769176	-363.41093036142934	-1184.6982730355378	-6169.625225733123	-10062.201164452637
79000	-453.4523970214649	-444.8932417083872	-436.90057445741917	-425.7587442089109	-415.7193141709438	-394.29210602955243	-382.94196056987136	-372.9669528660018	-370.5015956859641	-369.1563567860579	-367.26674844372906	-407.71041035413396	-511.7955202266617	-366.02804934549414	-1103.6466033155016	-5963.569427377683	-9635.391818913571
79000	-467.0869521646917	-458.61838819342853	-451.15443950909133	-439.53253438907143	-430.0233832719668	-407.94392192125923	-396.9162344872684	-387.9675790960254	-384.4934757590965	-382.84824496693085	-382.4844468090403	-428.11108931460717	-541.382928280224	-368.05035089989684	-1162.0248746764926	-6167.933493399104	-10078.439343210459
79000	-419.1523479171732	-411.12819070113505	-404.36073700109324	-391.8129014711392	-381.90320093752257	-361.1512489766451	-348.3474149929317	-337.8064827804137	-333.06549437647493	-334.3375692317473	-327.884293800727	-355.0683087995133	-432.91321632099715	-319.2808417081996	-972.0918240752998	-5835.663418590859	-9496.119065253586
79000	-424.2412184953125	-415.06407253507956	-408.9200239401093	-395.44710039707115	-385.90303721313035	-364.86761273578156	-352.7052842603156	-342.5861414411247	-338.2330235883619	-338.6899871112259	-334.1469925516556	-364.828871644534	-452.82346484634473	-324.3126054857662	-1003.9346176214831	-5918.25201658091	-9665.16672367051
79000	-468.85060162805854	-460.40491364968494	-453.23659288488267	-441.2842082519246	-430.71237829626943	-409.28424283827326	-399.30361911736446	-388.07340850721687	-385.8222967655844	-384.529773196897	-381.91846029012396	-422.6885730161518	-519.6537168491129	-371.65520720175317	-1120.3329439740307	-6033.166776265275	-9658.936600225197
79000	-455.46537456625	-446.7978947035759	-439.2783030194676	-427.45437842980584	-418.0497509318535	-396.8619328563268	-385.0315991836725	-375.1162926439446	-371.11719899662677	-370.53883459078736	-366.95381789753407	-404.3232448519519	-501.00763445762925	-354.9123015050849	-1120.8642992939374	-6058.430660065094	-9696.056074185193
79000	-404.7001384869981	-396.08047487950364	-388.58234074630565	-376.87321693022	-367.0199242974028	-344.65316585527984	-334.5521144911366	-325.0175218604049	-321.67139313087176	-319.7577434091986	-319.25491215445425	-360.99591809860743	-463.8215035796768	-306.0255383051494	-997.3416014531044	-6157.8893278889955	-10086.290470822118
79000	-461.5667680187525	-452.64126823607194	-445.0655194245233	-433.7747581450284	-423.8281241675131	-402.4879582404799	-390.79583278869876	-380.0117861079073	-375.3812753509812	-377.03819057039055	-370.17792081862626	-398.63910605491475	-484.37709053846504	-362.9550470034978	-1075.2726072627613	-5786.740444166356	-9306.518466409303
79000	-420.45720579897755	-411.2941386973603	-404.55495338313	-392.7284510239126	-382.3051802198806	-360.9914492793453	-349.53540885738227	-339.28812034456644	-335.4643854870055	-335.75559264803456	-332.7154347598079	-368.3947952954992	-466.61942658818737	-321.2337546614974	-1011.8912704658044	-5995.909769274715	-9814.05833890118
79000	-454.9958230761077	-445.7311030773489	-438.4251914383655	-426.7161847514483	-417.04140381729536	-395.9145680808625	-384.1320663249157	-374.85289808270585	-370.4234805748669	-370.33289656319135	-366.06839495985395	-402.6412246367826	-502.56341196110117	-356.34581005067474	-1076.286256889735	-5928.169975608099	-9551.052082864382
79000	-423.05956651944945	-414.38990554796897	-407.3256788172013	-395.81388988189246	-385.831300926929	-364.2106774389204	-352.54254571876334	-341.43963313952554	-337.13139932137625	-338.81150762187315	-331.69596174866274	-357.25892285465585	-449.42192141240116	-327.5852855360009	-925.9768036526435	-5564.768944951442	-9179.000909186925
79000	-431.9244524577682	-423.73628472973854	-416.52930939131346	-404.18796422786295	-394.78735540990016	-372.81060961933554	-361.29254620943897	-351.46538169335133	-348.5588112511068	-347.19215696296703	-343.7907881296927	-381.65681349295323	-472.69429256849634	-331.7454684136066	-1048.509859798783	-6060.756119599261	-9781.310247556288
79000	-451.85568364837985	-442.7358349212165	-436.27932783056866	-423.6630829132654	-414.5105217178212	-393.3538219579431	-381.1883092298588	-371.2699593310794	-367.4578212482419	-366.94368744817024	-364.30482753573943	-400.40385496514955	-501.3403233603869	-352.69612930646076	-1089.274878667251	-5901.241743189194	-9575.802628078634
79000	-374.35936160753596	-365.92521609616136	-358.99624698114343	-346.1069126873458	-336.4398332609462	-315.01122767353377	-302.563808925202	-292.09196160068126	-287.0743448901311	-288.73795441701867	-281.64375314652335	-306.26654773444756	-373.74786271337246	-274.0119181560277	-846.0362601080237	-5846.083035396149	-9647.992030662128
79000	-436.7113450631818	-428.0260812125128	-421.2380553129652	-409.51234771212773	-399.4514231024985	-377.6920213622461	-366.3445986359882	-356.6493728477334	-352.75015014882734	-352.28508820768315	-349.20245955726995	-385.289172774157	-490.6480435961348	-341.2208524992567	-1060.6043908247148	-5920.220360085738	-9590.529116880634
79000	-427.91858304229385	-420.05751706314885	-412.7520812922267	-401.4114425110706	-390.76056603009914	-369.81780659832555	-358.1372920214728	-347.7580985524349	-343.5365527551145	-343.7678703288156	-338.6758072846101	-371.6064574392045	-466.23637112742915	-329.37066587374505	-1020.4778117660288	-5969.466522873023	-9649.577360382982
79000	-397.71542226517937	-388.7028633170709	-382.2758383972911	-369.8034523482121	-359.427023582328	-338.44270008226385	-326.32896455313283	-315.7433830811014	-311.1773821876624	-312.18527183287665	-306.31338554841113	-334.4904909054219	-414.7709077526635	-297.8034055482209	-960.8114057371959	-5743.791968876756	-9446.161955679268
79000	-454.6600752084466	-446.27048475474044	-439.37259576771345	-427.67952860834623	-417.8304463297578	-396.64848752759275	-384.91825434977574	-375.4198740867227	-370.95993246405783	-370.40468154052496	-367.77441354853437	-405.9647460389501	-507.0531045164682	-356.27797341401197	-1117.1982860306018	-5920.034004314457	-9681.222440604293
79000	-441.44171550375864	-433.7284067949942	-426.01834781518	-414.3844452577956	-404.6569163205286	-382.6496409979273	-371.39196227530465	-361.40244594346325	-357.2940173982687	-356.9248076830616	-352.2711120356341	-385.84888963371725	-481.08211816695353	-344.469989300036	-1078.226316686139	-5916.002812459944	-9578.848925112165
79000	-445.9141271410397	-438.1989176019322	-430.7562776165366	-418.5482596612228	-408.19645585756473	-386.9957684427504	-375.423737568402	-365.9663378100287	-363.1315759959862	-361.7339237896621	-358.57244546576914	-395.9741546873124	-491.18887174969274	-345.30126437766023	-1120.34470172723	-5978.637382856078	-9681.904014979322
79000	-489.72007285271263	-481.5535742842906	-473.76451404872597	-462.1671546116585	-451.8338196076735	-430.90004992585045	-419.7672503663415	-410.87322548807765	-407.53354529845285	-405.50372655034977	-403.83193853822013	-449.70098852583357	-562.6675374927648	-391.1564764310082	-1233.5791500325392	-6156.051385384623	-9928.602239105066
79000	-438.0764400038435	-428.9878755716813	-422.17687467545494	-409.9021552715217	-400.25862443722514	-379.0038465320139	-367.0753507450658	-357.30477631507966	-353.0018394219114	-352.5373184930374	-348.44136030693574	-381.69722405360267	-476.4237349707385	-340.5285115799188	-1042.3005665183357	-5974.521738307027	-9626.163107445878
79000	-424.59498671077915	-416.90348780666017	-409.6451380643744	-397.60107033623626	-388.10991130213773	-366.40262732983547	-354.2158513519715	-344.3941773099868	-340.4508707225864	-340.1429222527687	-337.0359406949494	-373.11121752319565	-470.4862472505119	-327.13033038382235	-1003.6887207296675	-6024.558120123817	-9862.390290527814
79000	-426.43879170547433	-418.04643298456585	-410.6696822588157	-398.6046166609369	-389.09054357057994	-367.16972216516126	-355.76546801702915	-346.0914717033485	-343.23406445221764	-340.89999595647464	-339.08280412878213	-376.2891587647957	-480.877476554532	-327.762881080079	-1005.3449054735935	-6133.9993627432805	-9936.808380602353
79000	-413.86654387500846	-405.15760757992956	-398.642793978661	-386.1925431270745	-375.7495597251557	-354.3637951047567	-342.2278443899703	-331.2222629983414	-326.8773991726448	-328.789573812284	-319.80027137453555	-342.1592923466088	-415.24030897727584	-313.5002175190352	-922.5952913946338	-5631.011609968684	-9226.68756866863
79000	-467.286027659004	-458.694844024258	-450.888329480873	-439.19745863881553	-429.68711144561985	-408.39635261921	-396.9276401334145	-388.1592809023132	-384.8506250722132	-383.17368574962535	-382.721534537971	-427.2418306672763	-554.158720281379	-375.20221585966084	-1127.5259672825782	-5918.045278475676	-9680.715143490224
79000	-406.5730232002764	-398.88818278651416	-391.98390183190355	-379.14082097351286	-369.2594831380444	-347.7863009321566	-335.305943441244	-324.8720114617457	-319.7029906990348	-321.8192376789193	-313.93339758476594	-338.61101541079404	-416.9947533443222	-308.2743082163348	-913.6938067865353	-5561.208521215955	-9141.245384204436
79000	-422.29987621075753	-413.9334649655243	-406.67421230302267	-393.79820560988037	-384.43711783379257	-363.0393404447861	-350.7131367448497	-340.29812557179935	-336.7453908911514	-337.37054174268013	-331.9513474796478	-361.922372709058	-442.7539271708768	-322.20358098644925	-979.8249443189142	-5946.346600984785	-9664.940073428934
79000	-453.84794057746075	-445.2330601759704	-437.4103691305855	-425.51398916370056	-416.23953897314743	-395.445332851529	-383.79970419404253	-373.44695560856803	-370.83053162197103	-369.4157614647096	-367.5713783041812	-408.17813022273714	-508.05649420352694	-355.5475740352293	-1138.2534625898525	-6141.550760370723	-9988.760655459602
79000	-427.451312907359	-419.49946766563517	-412.0446650536541	-399.97162793859604	-389.8425577342564	-368.7223984121814	-357.0945115821144	-346.69855708490303	-342.63005582878264	-342.5597528685707	-338.83219596316496	-372.3761056759669	-467.8591926167495	-327.84496397688633	-1040.6394806908506	-5879.903383077222	-9779.570454612864
79000	-440.20867197343523	-431.79687241946016	-425.5401384786323	-413.2255085017589	-403.0400635559446	-381.747792159897	-370.00136439919737	-361.68712043560294	-357.62684299847103	-355.6849543462321	-356.38873772236417	-399.923922376265	-507.3265251352652	-341.97419446848744	-1111.4889043111757	-6290.469123183165	-10284.994347818214
79000	-426.61363153614127	-417.61688275482993	-410.5647967750926	-398.1025303302607	-389.49286203566476	-367.1850306048988	-355.5505666280025	-346.0893202696775	-342.81085273250704	-341.1248544078754	-340.7271691708504	-379.67463726846916	-478.27507127793695	-327.3263180716755	-1038.1917085559521	-6356.955603287218	-10151.211850536492
79000	-399.5677526032013	-390.9196673118075	-383.9638334458078	-372.21531568354203	-362.1003407877701	-340.55285673767463	-328.3331906848807	-318.56053340619366	-314.53326269660795	-314.1717380172568	-310.5513861602828	-341.815553502314	-419.918927172675	-301.0716004562193	-934.8660205286703	-5958.518375064651	-9694.892654934702
79000	-449.64334903934343	-441.829583917497	-435.09663528219136	-422.119865027958	-412.41875511709793	-391.52303399127436	-379.3354406653334	-368.36298557990017	-363.42153683898397	-365.3139797330861	-358.3269498249473	-385.19232430491854	-477.35073934809697	-352.97913651879134	-1041.2732676402532	-5708.053227312487	-9231.847070066051
79000	-452.94339452196414	-444.5363630168758	-437.02255720505065	-425.3822386485674	-415.7756289341412	-394.4999041245554	-382.5036161963931	-372.3876294449138	-368.88212014393343	-368.56743397949407	-365.11573284902613	-401.5249468233931	-502.52758360172584	-354.389208449176	-1085.5533139012116	-6071.525658079432	-9637.165631779795
79000	-498.4884735296152	-490.5937173614256	-483.23073653743023	-471.8085423921916	-461.55328380956297	-440.8762670903584	-430.19864981534647	-421.9938561098885	-419.57092385711906	-415.18262969751686	-419.92157616192486	-481.7906381765605	-607.2750852945776	-412.0386214213708	-1292.4482332042633	-6485.505720824971	-10334.263011055751
79000	-401.01406742698344	-392.73805975430224	-385.6155012597076	-373.22521889689483	-363.4746422595161	-342.27476391809876	-329.5206405942359	-319.07828358017355	-314.7836412299537	-315.77886957545	-308.6219042029549	-332.84965692216105	-408.36910510484967	-302.4891142464138	-899.5780471149312	-5572.495815140166	-9243.634427132976
79000	-421.9652353061201	-413.42630718304713	-406.76288331898974	-394.69596583816053	-384.9387458981496	-363.8497671443069	-352.0310822283747	-340.69404365822396	-336.354141819553	-338.00863935295365	-330.6511416448406	-358.43261610923844	-454.4515915337661	-323.75067946149375	-991.3137940897858	-5528.181342561096	-9122.858556923235
79000	-396.7104989881862	-387.934769117585	-380.96059605734746	-368.78055452084993	-358.4216440399056	-337.45882856806236	-325.27990147379995	-315.7060158413774	-311.0328270479981	-310.89673883547454	-306.6720017838384	-338.2791203370244	-423.08305435069116	-297.2128581224239	-933.4458762775187	-5946.784957970744	-9621.155336038559
79000	-447.3042923860299	-438.88146377208665	-430.88853015482533	-419.3435328969083	-409.332297118666	-388.4031147619857	-375.89415628974876	-365.54697074926133	-360.92688776040194	-362.39479800865223	-354.9950401921894	-384.8980710062872	-469.19128162713747	-345.9108231445964	-1079.1673693028142	-5693.991858463583	-9424.517872473281
79000	-403.62743298794345	-394.97655348153665	-388.46231168090577	-376.83440223343814	-366.38605675978005	-345.4791352374774	-333.44606561039507	-322.55354158884074	-317.9898797836234	-319.25639363907413	-311.5955931728647	-339.577564595101	-427.34871746186246	-306.3953023658338	-923.7684319955973	-5651.843904392499	-9332.580132055815
79000	-424.74313729809063	-416.2846943228195	-408.978870016013	-397.0410961971645	-387.1425909056305	-365.31735990091744	-354.02295904343697	-344.10452830896156	-340.08890050498206	-339.5918464395151	-335.953937478475	-372.46113469099043	-459.8247051060859	-325.2563082867026	-1030.2848798524421	-6178.376040020519	-9948.745169126581
79000	-398.4356371023282	-390.06754765247314	-383.07624131927224	-370.1542726238466	-360.9069645503821	-339.2824814805017	-327.0398728785803	-315.4016711405069	-310.38383441291745	-312.91738786508904	-303.0487370502144	-322.8105356618621	-398.6841868708767	-297.7793831505369	-893.2918301513894	-5377.913399106541	-9004.2074348805
79000	-431.1845834278817	-422.0993021913659	-414.98128281344174	-403.6715046498374	-393.65494075185336	-372.2041224635855	-360.7093070184655	-350.80233499731656	-347.4959730319129	-346.5213159726967	-345.53417174652435	-385.74733854043046	-490.0701072068843	-334.23912240123065	-1042.514402334414	-6238.509384224738	-10061.9422183541
79000	-445.2015870288258	-436.6044786762697	-429.41644595768986	-417.8742593975867	-407.7372299574162	-385.73406448327023	-375.1614300569675	-365.6523350881996	-361.61838358623953	-360.7094689241787	-358.912709498639	-399.61273362817695	-501.57735691332704	-346.81336665198324	-1102.0559478979906	-6127.785642284615	-9884.608336675003
79000	-454.7975701299553	-446.7899655484009	-440.13123098628733	-427.0212337343976	-417.22869237823784	-396.9683349277808	-384.52506181823856	-373.6348612545259	-369.2696949033661	-370.6952753695602	-362.45721637597154	-391.737865112305	-483.88979914528375	-356.9964882502152	-1070.058562874619	-5740.271568731407	-9195.101793351925
79000	-469.38507505304557	-460.5312723826594	-453.55118718963985	-441.65628725326826	-431.6439687479232	-410.6783967997743	-399.36468508578724	-389.11041652787344	-386.0700337729757	-384.6629585632791	-381.1487155116516	-418.05567936426047	-515.1050046520534	-369.612096289536	-1129.524498846868	-6045.006716140436	-9778.19610451673
79000	-442.8820928777295	-434.47566081898566	-427.10577781218154	-415.79745721676056	-406.0111462260129	-384.10043692828623	-373.2348882676537	-363.5440150281293	-358.83960998104646	-358.716306287906	-355.1580286154668	-389.4207110120656	-488.87524784040755	-348.3248006506329	-1024.2516234507711	-6003.89929192173	-9833.462430488094
79000	-406.53662722468357	-398.44322394781625	-391.0603341644334	-379.10689063133555	-369.8106885098299	-348.1086521129589	-335.6073369424674	-325.45270881519247	-321.4951190557765	-321.3960299514982	-317.70606223847864	-347.6795445880095	-434.27521488046506	-307.9295016008825	-944.7447293469037	-5763.874081393592	-9580.661796080969
79000	-396.1816303025203	-387.91834639741825	-380.6802399066191	-368.65516055053286	-358.8780255132514	-337.5098214429416	-324.8129124623518	-313.43668584221655	-308.266506723441	-310.88461824113716	-301.060842691061	-319.403448009173	-385.52728592643604	-296.63723860862507	-889.0623945865356	-5383.179980469978	-8999.648147243557
79000	-441.91139434183316	-433.9352301980264	-426.8570221557978	-414.1006981746459	-404.3193843014885	-383.56850569203476	-371.3308737663447	-361.7417831205288	-358.6297779516846	-357.94438422185414	-354.9808624894124	-392.3705837796149	-485.24568251819954	-342.154526986831	-1070.275510051177	-6070.455947103269	-9860.182526529636
79000	-411.94313470397645	-403.9605934251771	-396.26883661617086	-383.81728897378514	-374.2969661867433	-352.9276611696534	-340.61604144771286	-329.83015580521857	-326.047962299787	-326.6214165349744	-320.45974754051866	-346.95804147521767	-425.65851327696504	-312.57873424972144	-925.288754897542	-5884.826185455131	-9495.542306252424
79000	-445.86004860112945	-437.1288493674039	-430.3656007835786	-418.91482331315365	-408.36954981851653	-386.9639937765568	-375.5481019758558	-364.8957849463306	-361.7471260704043	-361.71084553143106	-357.94527772062827	-394.6190925765103	-500.0624291110331	-346.16291718780946	-1088.4313135850866	-6123.317678829679	-9785.598037052408
79000	-441.6093617577889	-433.2799407039553	-426.3285969810942	-413.89988584488094	-404.7444992662092	-383.4868793823878	-371.8557117746728	-361.80188985035016	-359.25059122781806	-357.2861800625824	-356.0525561286365	-396.2129358525488	-502.56960543120067	-343.77237947161535	-1076.9612212777226	-6225.044221581743	-10109.921313579032
79000	-465.1753671180544	-455.6345381556787	-448.9715089580496	-437.29122573305153	-427.61202841519116	-405.6949215475837	-395.31181199351505	-386.2170932378967	-383.6956059259716	-380.7362860178789	-382.86956734274514	-434.3749344026775	-557.6126666360854	-367.87995216553855	-1174.6683531305387	-6213.702673234506	-10115.049772446355
79000	-436.5890917589129	-427.4833135543243	-420.9202096789973	-409.07592542714997	-400.0889397239195	-377.99359386730686	-366.8946493640269	-358.1843918336417	-354.8787585749961	-352.2990353593188	-353.30523510404674	-402.6671551467744	-512.186784113542	-339.1498250580785	-1106.2752793159816	-6381.658982737733	-10266.805553311664
79000	-432.68007536280186	-424.87114594248146	-417.9402234541316	-406.35372166137415	-396.03212145179265	-374.13077909483474	-362.6459272885352	-353.0804078675049	-350.0847048509591	-348.652992106068	-347.66249352082303	-388.5784398525027	-489.47330829772267	-336.0367699230234	-1076.646817805542	-6049.608221401738	-10040.928928204446
79000	-408.7497800593309	-400.507074142539	-393.2198917766589	-381.1968904184979	-370.92234672358916	-349.5518890901589	-337.3150129095316	-326.83597205543225	-321.722827423307	-323.5969755350748	-316.0361248125806	-340.5677239202808	-421.0679196155248	-309.8709698953364	-907.0431528664802	-5631.8205826793655	-9191.2230318489
79000	-436.94145477458727	-429.24039113119426	-421.0005162327122	-409.4113746456869	-399.4063741027057	-378.3404818358308	-366.6250687261706	-356.0450939698893	-351.58300674257833	-352.86085907683895	-346.59397710892586	-378.26552631602425	-464.38765051515406	-338.6456313859413	-1019.664790849768	-5815.639285442717	-9543.037638525231
79000	-420.6057060132546	-411.75995596689984	-404.77120919599696	-392.6168360604313	-383.1193859858676	-360.9370201742814	-349.3285927537152	-340.4238794306372	-337.668836303472	-335.80215969759035	-334.2693236113021	-376.89236352223503	-479.7485335802589	-322.7668241448531	-1033.7686118564145	-6155.8476472969605	-10027.718053659924
79000	-448.12085877947214	-439.5563803599429	-432.3385648056607	-420.54145974924484	-410.862575565129	-389.4172488408771	-377.484425917396	-368.28115235525087	-365.06858892286976	-363.6665751149472	-361.5621860088239	-399.87318030354294	-501.28712873095753	-348.4496160581474	-1097.379308281817	-6119.810672234458	-9922.75005069456
79000	-454.64299596170474	-446.99047305876456	-439.2247858696425	-427.45337304145437	-417.8448575101072	-396.9564953191981	-384.7923278133483	-375.5791661885819	-372.09987199622657	-371.0083176639333	-368.76673549020984	-408.2210677202737	-516.9121598344448	-360.096864131639	-1113.3552169730967	-6048.661152546388	-9917.996323081665
79000	-466.57418640221323	-458.52306811524534	-451.1550109184661	-439.3675639186765	-429.10093483182163	-407.2515563172835	-395.61804948825255	-386.4805866381963	-382.7382313660244	-381.7580410853599	-379.6940880734975	-420.56204966529054	-527.2690027325888	-367.5097999865534	-1190.394736688722	-6062.581878397645	-9843.535352182158
79000	-424.69152859673716	-416.7272861546227	-409.58161326364456	-397.08420657654426	-387.95086497648475	-366.2122248144421	-354.62049985161985	-344.98490314376374	-340.63076262052493	-340.5636822165097	-337.6762808190041	-372.9488903535169	-460.3203326238941	-326.52820726676396	-1014.9385797360462	-5912.842984168673	-9713.37364318226
79000	-464.2706558485348	-456.0357770579712	-449.30312981423	-437.3454579926562	-427.53526376857087	-405.50694711575085	-394.75426697395926	-385.1793169536199	-381.9808202946028	-380.0835569328581	-380.053036823874	-422.72268385136596	-525.2028134657319	-366.7941958556042	-1165.6774067606855	-6146.647157485369	-9944.448687320266
79000	-450.3023163740181	-441.1585955178822	-434.35586595289755	-421.8990435572996	-412.6278152647567	-390.955628616027	-379.21374690637924	-369.34098851101845	-365.9762501994379	-365.2852477100433	-362.75397735801084	-401.32738985981297	-502.0529156600346	-349.7251690708385	-1111.3664665950112	-6299.628958885236	-10073.4863425279
79000	-427.81535036343143	-419.160043169573	-411.86770607346403	-399.12805702137734	-389.8115891610976	-367.6757412563618	-356.0681625709915	-346.0329373424763	-342.59133982655163	-342.74809041800233	-338.23150875190606	-370.2934862807589	-460.11324500881125	-328.6702425178794	-1006.6089712946932	-5972.8622924947185	-9591.434563114984
79000	-418.72697805425264	-410.38450942817246	-403.0686499322392	-391.2617204202877	-381.35161964002447	-359.82636842424074	-348.0399911425014	-337.22527957612	-332.8821230203414	-334.07408678687756	-326.4753464679926	-353.50523993716894	-439.08826473642165	-320.65051768481607	-950.6760642138532	-5689.549391435313	-9289.11466672318
79000	-410.30301123977847	-402.8256257666243	-395.48629538828953	-383.2285604994729	-373.3686126266823	-351.96420265392345	-339.69611373252656	-328.11389429815205	-323.4299625222056	-325.96702608835926	-317.236827228732	-339.61772230512355	-417.2313498045929	-310.9896508711187	-919.5990057005964	-5425.119249606493	-9150.021402055629
79000	-448.5619259211299	-438.6461272386581	-432.0193069419668	-420.4309121461596	-410.86583924770275	-388.7647833687824	-377.2943565732325	-367.2381026282512	-362.87120870931636	-363.27602156851856	-358.23627282464423	-391.8024901992848	-488.18815508461597	-349.23682270918323	-1092.860899029684	-5871.8985983150005	-9556.973787178411
79000	-479.1709946767095	-469.9769292161667	-463.3970447678278	-450.61901112557575	-441.601716818445	-420.1832053047425	-409.3354852044308	-400.8565575015097	-398.85906942674364	-394.08428626255784	-398.2339234695915	-448.94405452244837	-566.1089445539168	-382.502012100581	-1201.2986137984112	-6456.108211423764	-10225.52967374953
79000	-399.1097089305922	-390.5786537612233	-383.36052656512226	-371.67262867629495	-361.24268378645274	-339.3068566142587	-327.54627597867164	-316.99773227174825	-313.3422000315134	-314.0179245638064	-309.18831236718114	-338.5486506135925	-419.5047589862062	-298.0582879886732	-952.2407563028382	-5958.8163307763	-9817.076403083169
79000	-423.24619281039594	-414.264936533395	-407.3483469823488	-394.93623988048455	-386.40358525224195	-364.0325198004683	-352.0903189297647	-342.3607648596451	-338.653392703331	-338.3538680140222	-335.01121132933474	-370.78717036729955	-467.351036559492	-324.00833562031966	-1001.7138728753209	-6014.633456822426	-9720.573550020405
79000	-413.5642907067135	-405.09665898771846	-397.76512227308245	-385.7254797166868	-376.0296092545924	-354.5919954074039	-341.75545149631176	-331.8934966534487	-326.92879238086925	-328.91581183943975	-320.9126140709631	-345.1634489921169	-428.62947801153007	-314.7102417505205	-934.9981121891557	-5832.464948439824	-9420.95965874509
79000	-431.8851487379207	-424.0905724195951	-416.61840135915435	-404.6652070251814	-394.3859360019551	-373.14621932827737	-361.3246816131438	-350.89067778416796	-346.2536454244704	-347.20789482829485	-340.0963818866282	-367.10309852687857	-457.14306079306033	-333.08936886787825	-998.4767584764583	-5715.913269095521	-9405.890794369998
79000	-455.3102683738039	-446.51356962747457	-439.4302377849513	-427.6953289396388	-417.6266198581758	-395.5486914843783	-384.7812536998405	-375.8014274589793	-372.81551813889314	-370.24420682152044	-370.3849941996411	-416.04754825912545	-518.4560743519003	-355.10983887306753	-1167.815912885605	-6448.894124924546	-10178.039283415841
79000	-451.8538155557728	-443.59291336852027	-437.075630561536	-424.72672623659685	-414.15334773454157	-394.0472116321294	-382.13118456991504	-371.5566708124156	-368.67525877446866	-368.1683237622339	-365.3533962523134	-402.7367661879198	-501.5996709232892	-355.3167640650216	-1110.5999391087507	-6071.240271970104	-9770.402985709845
79000	-476.6713990375022	-468.6406747850122	-461.7457788968882	-450.3656239320957	-440.38872880095516	-418.7487129071235	-407.64475520995785	-398.0640621058906	-395.14265546068384	-392.4279384793426	-392.9303024775538	-439.4117662804393	-552.7239269818318	-379.54425184227364	-1210.7084214470242	-6378.605409610219	-10071.308175817
79000	-466.43911863758865	-458.32567397561587	-450.8002271919691	-439.33168899954865	-429.04559021499773	-407.90356406030423	-396.79854229628484	-387.1335116296915	-383.74236310699507	-382.14436776198164	-381.3040400511653	-422.8039921805077	-536.2834917194676	-372.73228551193847	-1174.80931173545	-6104.004280035748	-9822.511147078505
79000	-435.72616018694447	-427.1608590176905	-420.68050665215964	-408.41402295433636	-398.9874494470433	-376.9195329311489	-366.116711392368	-355.3252087430335	-350.706906446776	-351.0798643269104	-347.71846281095236	-380.6704571999367	-479.0237984930301	-341.145307833218	-1008.5068173253383	-5901.527668159937	-9702.321699489676
79000	-451.77957703822176	-441.26294933018136	-435.8206022928085	-424.3096159286878	-413.7733108983779	-391.95053822348274	-381.05852337172945	-370.6675774495242	-366.5758614575513	-366.298446976026	-362.45630566421596	-397.0865399680535	-518.7160341350938	-356.28136925215944	-1058.6627592856962	-5862.670563992881	-9475.301905553279
79000	-430.733549220738	-422.3418321968818	-414.6246122247714	-403.06142558359534	-392.9029199383914	-372.09128441904363	-360.01150362188133	-348.7543143832303	-344.41166677638006	-346.5636419746616	-337.574024136601	-360.9848082883356	-454.13146252282723	-335.0153236139872	-950.1412037201094	-5604.344548751396	-8974.886590362876
79000	-434.71806696648565	-426.6106802977489	-418.8637312997644	-406.8891874074594	-397.37858691886623	-375.3651429881587	-364.18966436747763	-354.38610923820283	-350.6037196517776	-350.14280467087315	-344.87065145471047	-380.2563265072071	-486.9521887766663	-337.0839433339186	-1065.174639992344	-5782.376336032443	-9475.087700254333
79000	-461.88295426998957	-453.3677543478224	-446.06668881310617	-434.1466938972003	-425.4687090937373	-403.23669482872776	-392.32564680000377	-382.8286486340377	-380.319258243241	-378.3595091677986	-376.99527796817085	-421.9742408462285	-532.3530516454823	-365.45066472175006	-1153.5624406531253	-6155.87255889744	-9941.91465025874
79000	-404.58411133652885	-396.3883790629648	-388.5780964618057	-376.56989196707787	-366.6511540853357	-345.16980516965253	-333.00558950870544	-321.3876184797756	-317.07421763978016	-319.06926917964245	-311.8293226595127	-336.6791707295739	-409.34140472444625	-304.35649358447773	-928.9593534972313	-5757.731317942724	-9645.674250398904
79000	-447.59399229593345	-438.8936838115251	-431.84094706076536	-420.180021131565	-410.67350972728167	-388.96691538194096	-377.4576355953304	-366.34566398356134	-362.98152645084326	-363.13800884274684	-357.90784156754205	-390.5490210221322	-491.3992747095903	-349.4644834653563	-1080.404914090785	-5926.882892789923	-9549.91817680669
79000	-454.0648428287351	-445.5983897924544	-438.71261740959875	-426.59497756356495	-416.82248408908123	-395.2327090024014	-383.3305566925169	-375.71699184675896	-371.5404314261078	-369.2498284562832	-369.0567969393632	-411.53410379843586	-514.6798722713049	-354.1484127823013	-1128.347215886541	-6161.8941189706275	-9980.78526790996
79000	-386.0772986651653	-377.39086402387454	-369.98904726546476	-357.50350972405147	-347.9367633775567	-326.45773428859366	-313.96917627319004	-303.0550767381127	-298.5934102786337	-300.41533473686985	-291.8543867472694	-314.16915475212994	-395.6568144390558	-286.6126280479332	-845.9941372089262	-5567.872833962354	-9278.920520994543
79000	-423.518485000365	-415.02530185266346	-407.2434548646159	-396.4618344154462	-386.07694971637284	-364.65457816552623	-352.2995937940488	-341.5491091730455	-336.79907222382815	-338.97228414913485	-331.71944613395937	-359.75471827245815	-445.8913541929159	-325.4933881219942	-940.8177467425216	-5602.490326868821	-9221.193668520611
79000	-444.4506330563374	-435.9610933389156	-428.5952320323541	-416.44476767224353	-406.98128709365227	-385.0784155444228	-373.74236114226176	-362.04984522838635	-357.6662173653209	-359.64516138191607	-352.06818898086624	-382.9160138230417	-471.6771104101269	-347.51943613132875	-1045.8706556226327	-5737.41856210763	-9266.473878458879
79000	-428.9696046550902	-420.7844283226876	-413.8451325281373	-400.8007719986431	-391.17124930036016	-370.1270891258262	-357.54409805547243	-347.00094014433074	-342.2824659641585	-343.53413778647547	-336.57755351804343	-365.45976202589156	-452.62932234745773	-329.50833391981814	-972.6073365131898	-5701.531428550182	-9399.084851754122
79000	-438.7391579489608	-430.46714052312586	-423.4976628271915	-411.2633086675861	-401.3528847171448	-379.4965927886718	-368.2910095342877	-358.76500560227527	-355.984275114123	-353.89671535967875	-353.0144109112234	-392.95344120659405	-488.0964093682691	-339.98242877556885	-1062.1759315009908	-6222.360351685618	-10077.542955842295
79000	-432.26985215337714	-424.23595511339994	-416.8942197882523	-404.3509594737078	-394.48147388248725	-373.0581205477467	-360.25507219170646	-350.1236148081432	-344.33638044553675	-347.10285697558567	-338.69574154107664	-362.45253813981674	-438.509872178271	-331.9228883353063	-991.3221066108669	-5685.441256021957	-9298.41118480882
79000	-407.1562952553641	-398.3337253321077	-391.1267912687735	-378.7389635043779	-368.62281866115256	-348.1356307503913	-335.59120075323483	-324.91600377162905	-320.46087893588856	-321.1544574721798	-315.6640934848077	-344.32460282096616	-426.14563133952265	-307.9231316678454	-936.3262004382188	-5788.122516667735	-9433.92844642132
79000	-423.24205696117195	-414.50002300978576	-407.50967190041075	-395.48696357741255	-385.038559228234	-364.0772622888827	-352.1125572927885	-341.8918218701325	-337.8540632617656	-337.42714948969393	-332.99047667045744	-364.7426917644159	-452.46713126106823	-323.57504359275384	-995.0579445231373	-5814.5423047267395	-9569.377340861416
79000	-425.54843961267375	-416.48956181870676	-409.54782165936473	-397.4183607436644	-387.3105601052938	-366.43455197225876	-353.6743141045916	-342.86594101795845	-338.580084438647	-339.62305393687365	-334.0514809957078	-362.7018431235506	-442.7732205642125	-324.99057666107876	-983.3604723011501	-5880.356794054135	-9754.94514205983
79000	-416.19810151230314	-407.9835970063596	-401.31969310849973	-388.86650581858305	-378.96399472623665	-357.29494753978986	-346.0255446355979	-334.9556119939512	-330.8291242559826	-331.4922630718821	-326.5429704269138	-357.0304568016607	-439.5804985707254	-316.2380220335459	-1006.6457445657776	-5959.582466760582	-9759.16468698717
79000	-427.77407047190195	-418.94236961668696	-411.700318722742	-399.89747217401134	-390.3372472397131	-369.13847405144884	-356.17379311211545	-345.5877975409298	-341.8183571118093	-342.49112706912643	-335.6600104189927	-359.39304888868986	-450.12934103004307	-329.13924918167766	-940.6359416278626	-5627.7917935820615	-9275.565156745657
79000	-420.70665945598057	-412.44823660372225	-404.60442557284574	-392.3996564830517	-383.1417446229761	-360.9873552213989	-350.3991141339635	-339.95070134138507	-336.7138399105807	-336.9235404419128	-332.9425011848772	-370.2694993671246	-467.9876064439196	-322.34069111661324	-1010.9275970257788	-5937.327599581578	-9995.896562772752
79000	-415.82022693649077	-407.2774081336047	-400.1997555022037	-388.336306302886	-378.32556215857545	-356.7438672598069	-344.66187840775063	-335.15325243660055	-332.1684966444444	-331.296596809235	-328.41437697509195	-365.033466611128	-459.93743338677416	-317.1757208917211	-1010.4619314333796	-6096.1006647638005	-9940.662139964086
79000	-423.37828973259406	-414.30804310081254	-407.5324350648968	-395.1758136047414	-385.94188598253567	-364.21206808381413	-352.17315617693845	-343.120660743997	-340.2946539702811	-338.40117645302723	-338.1866006275429	-381.2985417371443	-478.4024854274133	-323.6219874999747	-1060.2612677548198	-6316.134829581031	-10176.619023730325
79000	-456.98993758553985	-449.14264702783834	-442.12524449472977	-429.20465248314497	-419.8762556842012	-398.63778959015286	-386.86726786871645	-377.1268004246185	-374.4110368940537	-373.14455962478524	-370.6745499193218	-410.77951496129026	-520.0914659448787	-361.1007675091719	-1114.6538725081557	-6042.741105177945	-9786.898998532506
79000	-430.89079404162607	-422.9124017427591	-415.701666765076	-404.2135226448346	-394.00414022744	-371.96178414219827	-360.02119686759943	-350.0761197157095	-346.4790869078398	-346.24007343960983	-341.61288595688063	-377.1123003291083	-466.4434560835697	-331.2218769131451	-1044.7267419647658	-5911.176216473279	-9772.23782671761
79000	-478.1756336443503	-468.57284822892933	-461.40631080448264	-451.1161308998335	-439.78186099650685	-418.8122795975114	-408.20014159226383	-398.9990485931626	-396.7294405219951	-392.975983561886	-394.8910812358214	-447.8333076147699	-566.1779490997119	-379.0872680520459	-1246.986136290366	-6387.5709418635215	-10327.9624570903
79000	-418.25528503692635	-409.8078818024953	-402.3879692560866	-390.0519936094514	-380.42193875529017	-359.3362794585613	-347.12979382834203	-336.52568317417774	-331.9771384284346	-332.2580038320434	-326.7680726905313	-355.2780630913489	-437.76917377810497	-319.16652212262795	-982.4552224675609	-5757.176834789206	-9412.91202599765
79000	-430.61279426981355	-422.7751129670743	-415.44493616302617	-402.97892588874265	-393.8955392796099	-372.5043533786911	-360.2700631192084	-349.9910192637839	-346.26580940290256	-346.3264192609622	-340.86399978709716	-373.42674640835764	-477.031103478041	-335.46054247302754	-1013.7831773987202	-5758.322919526939	-9506.868354558197
79000	-413.3355331367359	-403.8927153083092	-397.597453801483	-384.65103075697186	-375.23250191934693	-354.138656617427	-341.3236833735154	-330.1985032538417	-324.96238134010093	-327.4216192282433	-317.936677347998	-338.5748316335522	-419.56905035526023	-314.0067279904658	-890.8638539713921	-5450.317804676218	-8998.20976592727
79000	-438.09741541043354	-429.6802683275382	-422.26306730584946	-410.6436491250082	-401.2249138914241	-379.1437362505935	-367.52654875494807	-357.3996544375708	-352.9332568819262	-352.8753071255483	-346.98180402266996	-377.05842198024374	-470.8665101902453	-341.383975565105	-1007.1881282391079	-5918.021895093877	-9469.761419320612
79000	-412.5926890898942	-403.7860377487222	-396.51106745529245	-383.5887739078237	-374.06946089717275	-353.0470254122645	-341.5892276948969	-330.1156334879676	-325.5423327777758	-327.2924867602956	-319.4913661567762	-343.49743823074556	-426.97999654663164	-312.7382600936528	-938.8611133534716	-5652.593963743978	-9210.68690534316
79000	-430.33459492577106	-421.03959959600957	-414.33670820041124	-401.78010211777337	-392.8818875741795	-370.68884431775535	-359.57965298825735	-349.8450712461072	-346.2546397468576	-345.0306594645117	-343.41551123865764	-382.26289439625555	-474.9462044145218	-329.64044393121236	-1054.4553333955228	-6263.175221874436	-10136.925628993205
79000	-435.06167631214	-426.59039824619475	-419.72693720750675	-408.07077996063435	-398.2474175454382	-377.4518699804644	-365.77522965560496	-355.39107450218387	-351.6494859684842	-350.4605816225377	-348.1464096955036	-383.54526321650127	-485.7015683286763	-337.5301531850313	-1042.0620609190232	-6024.973191808734	-9739.779748877125
79000	-411.6684459119867	-402.96390289316344	-396.0536039415113	-383.98655091653904	-373.6793765217312	-352.3928439960945	-341.73843943347384	-330.8595493676996	-326.657043710281	-326.1479888361501	-322.54608051048007	-356.6838267933403	-445.13229794760093	-311.9417094863617	-1002.5889847084335	-5916.772214106668	-9739.567195986912
79000	-441.5689922632243	-433.4583745280006	-426.48344441706666	-414.49356704839477	-404.631146548386	-383.11579799913835	-371.87555971511557	-362.0802167665841	-358.7988074256603	-358.0005126945636	-355.90769554030294	-396.0768407051317	-498.1239377344639	-341.38778026213834	-1085.7146280606685	-6170.685776826756	-9994.719689370522
79000	-460.1893296863644	-451.88697275607973	-444.2579330285601	-431.85557354995797	-422.73230998450526	-402.15978193656724	-390.09855509057144	-380.6741721956622	-377.64972163472675	-375.83436158975326	-375.7298640441067	-416.46149125454394	-525.0738303585176	-364.47196464064166	-1092.5502545031557	-6128.421360353717	-9867.57050544116
79000	-428.4296467626309	-420.5287434883371	-413.4916427836259	-401.4206539637536	-391.1894034877007	-369.215628506313	-358.16495731380303	-347.45317924287616	-343.77952034503977	-344.05390098013044	-338.9202071222775	-370.06733583070394	-452.4980729086575	-328.17478275088934	-1032.306698822595	-6008.864513679478	-9757.543922152738
79000	-430.40494442353366	-422.2252058032426	-415.48695798521186	-403.12585671657166	-393.4599533582052	-371.6189910475752	-360.7166347747654	-351.5419614125683	-349.51374278065106	-346.8572423177842	-349.2693722933436	-396.0202402204074	-509.2581315291894	-335.00182525863175	-1088.4218256080546	-6299.774352699229	-10349.994091498813
79000	-458.9996435058006	-450.93324268787313	-443.3586813896714	-431.9663695367485	-422.36587567950795	-401.00934241149173	-389.9040361692695	-379.738230834814	-376.75963068853946	-375.9259943658414	-373.16874068619416	-412.01213416217195	-521.3188931640874	-362.8307674062681	-1122.8031855112242	-6014.85419104005	-9697.16056231002
79000	-440.1694683208228	-432.14129373046933	-424.74192832027546	-412.21661628826905	-403.99554285700196	-381.41808402110496	-369.78969481834685	-359.9184756896978	-356.97589756792036	-355.6301098480283	-352.5712029706669	-391.67099443745303	-488.82953521037024	-341.1311606680325	-1100.5165126888255	-6089.824711575654	-9894.872433876515
79000	-400.9009379468923	-392.14846593357134	-385.09133292442226	-373.26205167726266	-363.24552318279075	-341.5972351682176	-329.4991363565754	-319.4535603702402	-314.2963285186122	-315.43267630671534	-309.10597873499563	-335.0857365926965	-418.68347230405254	-303.3969202308445	-909.0259581268405	-5629.97512640116	-9265.79162696312
79000	-465.317894345947	-456.3732546830992	-449.73599601969823	-438.41515429736387	-427.6713463192364	-407.4896268949019	-396.2579277340123	-386.04995910860794	-382.875721171997	-381.49856643960095	-380.6654949694412	-421.73770042162266	-535.5251147939342	-370.0261309427694	-1155.7005904205237	-6075.454928090013	-9745.069097506159
79000	-426.5362079244521	-418.5387700977915	-410.62773204411593	-397.76960439689753	-389.11475920823244	-367.49470660944553	-356.22238998153347	-345.6013518155199	-341.99264368426856	-341.7898866197577	-337.26257798390253	-371.5939460692637	-465.54530860805994	-328.4047077327876	-1017.2254130536845	-5934.524101146069	-9552.652761540252
79000	-486.2727942436151	-477.4275501451644	-471.2490574147601	-459.0851860337581	-449.5656026016538	-427.8489121277081	-417.513087603783	-408.1691838120188	-405.3284485615011	-401.8622833010785	-405.2167844975622	-452.4173682311918	-572.2413331496863	-388.8641898497924	-1226.9387704691942	-6297.537167340211	-10139.717902862287
79000	-428.3401513352102	-419.70796463110196	-412.4439698392859	-400.59312817479804	-390.3419584527262	-369.28296248881463	-357.26822113611763	-346.78504197135805	-342.80507048230527	-342.8043414406714	-337.8073202868961	-370.0885409256205	-455.65397226671166	-327.4151916958839	-1001.235752237161	-5825.15033937379	-9627.619593119633
79000	-423.97441083978185	-415.0691593495822	-407.2621672810016	-396.06094753109824	-385.87232454474264	-365.0055880734698	-353.40209582514944	-342.78641745525823	-339.8790928831027	-338.61081374157686	-336.05557544816594	-372.55996090626013	-464.664627343204	-327.3437503980865	-1015.1007903389286	-6013.688235343295	-9778.637350731182
79000	-454.7207860512175	-447.24311875127796	-439.3199221280889	-426.66933118324346	-417.5381091584097	-396.1868830868813	-385.21696604955235	-375.25943875578054	-372.54790285317836	-370.62091332139744	-369.67157299241245	-412.6197577670572	-515.3424020133637	-354.9238397910051	-1177.6939418164854	-6257.959313700026	-10079.22837930099
79000	-431.9957813082341	-423.60171104765215	-415.4820158741085	-404.064535486723	-394.49103133433556	-372.9997668473521	-361.4541081153845	-352.15115728809855	-348.6334173574229	-347.23861616202163	-345.0235749445974	-384.8316748572248	-481.9038531693151	-337.79602754562524	-1031.1113079738745	-6114.082338328641	-9863.500441363161
79000	-515.454077600432	-506.5542921118233	-499.85744176536906	-488.5964014879063	-479.07660632429463	-457.38711357443964	-446.5702932014609	-437.16096243355025	-432.82267359143697	-432.4567111481245	-429.31628843823216	-474.0133709425986	-603.0476591362678	-427.27042153717673	-1272.7857322141408	-6038.203465067355	-9734.179144609743
79000	-409.2789793792357	-400.89783459952116	-394.073937919759	-381.34864059993674	-372.180670190151	-350.2762658328094	-339.0246545720404	-328.21296844188726	-324.6641898043009	-324.1452456002903	-320.5934914405565	-353.61417021659895	-439.4494799448216	-314.0263981338775	-962.7698688915495	-5857.185148021086	-9602.332775689367
79000	-387.8056254862697	-379.54661281326605	-372.5902054502116	-360.01664481599937	-350.2706352209477	-328.2671734895501	-316.17636550433696	-305.4122638178381	-300.18082921526786	-302.6278123456315	-294.8076461724801	-316.1928980142498	-384.40501858387984	-288.26126927002883	-851.4691499457997	-5733.716132463949	-9364.032921508187
79000	-421.19587948999407	-413.107053715952	-406.0591068420844	-393.89530367131147	-384.22540737970985	-362.126295051283	-351.2533725583094	-340.1513771259759	-337.52275807286117	-336.57635696542553	-332.56799419946174	-368.5194832294146	-464.14647404065926	-323.82145764481004	-996.1291216674912	-5934.155068844789	-9750.9108200423
79000	-426.5574487444695	-417.9302648637543	-410.00575554360415	-398.44653686226195	-388.6793108090107	-367.33905108751065	-355.2892615389353	-345.0737214683404	-341.6204728108328	-340.94041159354555	-337.5348619763981	-372.8421791769029	-460.71075186709544	-325.9190254635622	-1059.1052190088103	-6065.283937915132	-9918.824819375614
79000	-445.8084765222901	-437.9883382464988	-429.8522337585012	-418.3309511650407	-408.57050998599743	-386.67529209289535	-375.16649134446686	-365.0684847896502	-361.7846361897871	-361.28430265579306	-358.22420114030166	-394.11305300493854	-492.0070188644819	-346.6262312582013	-1109.9067049901792	-6007.851228667083	-9800.219705696258
79000	-399.4488513377939	-390.63253534526206	-383.5243229383056	-371.50583526036905	-361.88735025862763	-340.2386506627307	-328.70280831403943	-318.50149446154893	-314.41384139850476	-314.24617940635784	-310.0180225611211	-340.96256170157426	-432.9844008202429	-301.84911209569674	-926.3846471437679	-5918.766158676866	-9734.88170421933
79000	-432.2508630498681	-423.47716792435773	-416.41328296900355	-404.30117079291324	-394.1171495253061	-373.4609579077088	-361.7686594228767	-351.8329179361898	-348.11940205790074	-348.32278708841653	-344.7454400359317	-381.80858318305985	-474.51267308871707	-332.7548174723452	-1049.3330978534632	-6133.752726594386	-9910.175843564573
79000	-406.34627395504623	-398.3020125526466	-390.7526579671283	-378.4260903436392	-368.89411471590734	-347.3747683713261	-335.59896584415475	-325.36892281467567	-322.16847286436376	-321.38400471931203	-317.21323357732757	-350.9499026667961	-441.2188951346497	-308.47396260744813	-962.5925586419319	-5942.16365586495	-9694.859897813365
79000	-431.1469322910198	-422.8845540835194	-416.3010330191426	-403.32581325941874	-394.38811214574787	-372.227716739497	-361.9344231256104	-351.84978551767347	-348.35330569311213	-346.7408044857652	-345.8029543904931	-386.203082697461	-495.8265805759096	-333.7943010765826	-1077.450938609779	-6123.191492742248	-9967.48274997304
79000	-448.2352602373381	-439.4604231085501	-432.73530770944586	-420.79946814951245	-410.3623275373049	-388.85298786044046	-378.0097125143705	-367.812026024072	-364.1698618309149	-363.11446288582874	-360.23099996968483	-397.3391646449655	-506.77952465621746	-350.53007144432064	-1073.8641487603415	-5958.913704503813	-9647.46175709643
79000	-428.11421698601185	-419.96914373552886	-412.89138699266863	-401.12769338419173	-391.15060170366104	-369.83802081331106	-357.36998497081487	-348.4604452431467	-345.7715109828343	-343.8014780759487	-343.3481016770848	-385.38935790218846	-485.65630944636047	-328.42486264490856	-1080.0971302627781	-6207.252548402057	-10099.531992754008
79000	-435.88723114363137	-427.75688432745454	-420.8976665365996	-408.3257015088526	-398.89060648477624	-377.21271934274046	-364.8955934284466	-355.5879097292804	-350.65212201858947	-351.06787583449267	-345.84248782589333	-377.6509425683939	-470.4383811693045	-338.2030017724931	-1021.9263174681834	-5788.653416526923	-9590.98185326664
79000	-434.7430353270524	-425.9702036431678	-418.91846127285834	-407.72801686550224	-397.9777987538909	-376.18265759369166	-364.62778364472626	-355.94397796273614	-352.6526581387283	-350.5364212323722	-351.7163731379822	-398.3968471012181	-512.3586036594614	-336.5938191480652	-1077.540547484672	-6245.709091283352	-10180.19170680575
79000	-388.5467270796304	-380.093097723603	-372.87793800542505	-360.37313956598837	-350.9936331958312	-329.1706312588164	-317.1371748451701	-306.12290914753004	-301.8398986155477	-303.3781935420304	-295.2217282892186	-319.89860947437637	-398.8443810281229	-289.2056329528362	-880.2128193359777	-5578.603916052129	-9105.185613617514
79000	-423.02117263218344	-414.7287403069961	-407.7054165713236	-395.11900904279594	-385.6787261710074	-364.45852956700094	-352.4786479076402	-342.49340940735686	-338.1506355007424	-337.95853188400906	-333.58760574532687	-366.6644993852197	-463.3955729207525	-324.4269130640687	-996.2095299393023	-6067.256873298814	-9851.974242846345
79000	-428.41453535841225	-419.32149853551124	-412.8395710493657	-400.22850245510983	-390.76043886620636	-369.1947418797762	-356.93008210032554	-346.8509419224957	-343.52644779089803	-342.8078623195091	-338.01484358617284	-369.56860760271326	-451.6531304716717	-327.9971232063837	-1001.6147852980067	-6041.16470322566	-9682.215703846661
79000	-429.257536705566	-420.1187090154825	-412.88433988039225	-401.18279465419334	-391.8066823844696	-370.1610763105891	-358.1567180720761	-348.2829844241746	-344.4922473839038	-343.4580763297303	-339.9782523518119	-375.938255948518	-473.2775990863769	-333.23846723097	-1034.7359894870565	-5978.270590454787	-9655.60367546221
79000	-396.78923887434166	-388.80727741985675	-381.6106082027797	-369.0994491480011	-358.97237300607884	-337.65381619675986	-325.1762195288669	-314.59368467827693	-309.811934320063	-311.5636527217016	-304.1836781458201	-330.2045141920525	-405.24183028284295	-296.1152100460975	-912.8602477277166	-5522.746967759693	-9412.881246592735
79000	-453.39705454930316	-444.1789158374444	-437.35499068765176	-425.96421481279253	-415.5773515433001	-394.2502542268469	-383.24684244260686	-372.7041453461043	-368.8134965607457	-367.85830088393686	-365.99549019265584	-403.4101667923491	-505.511261702138	-352.63199160436534	-1129.3215564229513	-6079.960310655622	-9882.594716705817
79000	-414.10360986453037	-405.6932962100476	-398.45740227889047	-386.92924704881545	-376.2906288516969	-354.95129381154027	-343.32063728650417	-332.8846640408075	-328.7000461132535	-329.529086592354	-324.38678286941536	-354.7497262080138	-442.0125046819852	-315.64708988005685	-953.9644231992041	-5827.884246991541	-9566.774819772396
79000	-425.02886408349434	-416.1878750813967	-408.98931737110746	-396.80892407833676	-387.2424977495413	-365.639697587573	-353.68221497752006	-341.92976084981103	-337.93622087543963	-339.80048673392565	-331.4486989418032	-356.61945530985474	-435.80092012921364	-325.6718833712979	-948.8889105573616	-5585.44721713661	-9271.086647492688
79000	-414.90485680999205	-406.3478545221715	-399.2191638877924	-386.7200681793199	-377.99205681766614	-356.182632132615	-343.6135284757895	-333.41143399096245	-329.27738503587415	-330.3217915226263	-322.89564247424545	-352.15803695604296	-442.6138467024522	-318.245975013788	-920.1564175695518	-5814.349101730177	-9415.675758992436
79000	-408.47835672641855	-400.4089432876169	-392.75278458799363	-380.8618981626661	-370.6953667059261	-349.57284325902646	-337.56716214659775	-325.75995562936873	-321.29931699212773	-322.83377069639494	-314.4040931743092	-335.6452737592679	-408.3603097740224	-308.84935298836393	-908.3890279614113	-5565.3163635584815	-9163.537203388998
79000	-457.6137397168763	-448.56575809061275	-441.78415800841293	-430.2061707974681	-420.58037333882544	-398.8857783431748	-387.7250627367495	-377.96762470965643	-374.9609687788188	-373.89911384365723	-370.7935254975222	-409.91522085547996	-521.8017957597867	-363.2083026664339	-1102.447324744741	-5986.453896704001	-9520.000037767451
79000	-446.36580834494583	-438.1321889279484	-430.63371104442484	-418.2313605806829	-409.0274544765173	-387.4522230887015	-376.3850371025278	-365.4966659698154	-361.7320335007304	-361.5450453505251	-357.872575403456	-393.54092115223585	-494.103768681352	-347.65580346742564	-1072.6246954049154	-5936.553238905086	-9677.439041890791
79000	-386.1322499415293	-377.8902546656125	-371.1677082551443	-358.56722110078124	-349.08287329473296	-327.4377559320475	-314.7821244317415	-305.17327317382797	-300.6368589111096	-301.38778447760745	-295.83266056492187	-325.1270278175773	-405.56235065159024	-290.9882285853905	-887.2309302112681	-5900.132276209193	-9659.325053071836
79000	-435.32724586571896	-426.14290292491904	-419.66665663804014	-407.3200664001798	-398.4771621312366	-376.3325445865865	-364.7256440452357	-354.23322437668276	-350.98793284208733	-350.0616840173718	-347.4597054015317	-382.1600401104166	-477.0168705097085	-337.73141055913555	-1034.3082495524977	-5875.431763219794	-9672.644235427038
79000	-437.0193539995854	-427.955060650802	-421.40844438706796	-409.29488892253755	-398.7199913853725	-377.37790489581613	-365.9298266584831	-354.82594585560355	-351.4019649930173	-351.7715886961538	-345.73507733868473	-376.41250641479417	-462.83369199653737	-337.97896750759065	-1008.6854585405739	-5894.659729489034	-9395.6516581603
79000	-443.2623669860414	-435.2601651774412	-427.6516164715302	-415.71037702939	-406.31220812885437	-384.05304075133176	-372.63356539871285	-363.4984069501937	-360.2065993906743	-358.81526281203656	-358.0504773939472	-400.3778319047743	-499.14778119441115	-343.4172789834439	-1111.7268417948542	-6129.434358553059	-10098.013356117943
79000	-440.51467442177193	-431.815021485549	-424.6568690269626	-411.8444368825741	-403.5747432737036	-381.6232327094211	-369.80283090106957	-359.6096114723958	-356.3793296980251	-355.39589618611643	-351.1596854645843	-386.7548023583647	-483.1435785129597	-340.77803721361124	-1063.9203224756218	-5976.135397439869	-9728.71827168351
79000	-439.7186951788586	-431.902688922573	-424.6055812634591	-412.0967801232573	-402.4987777758166	-381.29252514265926	-369.6961324985893	-360.76725636930996	-358.0117935727884	-354.58095827438336	-354.8882533273325	-399.4116506163457	-503.1433720774426	-340.81121433648866	-1104.9681403510654	-6245.662257593384	-10097.609574685339
79000	-426.709864551487	-418.70613061179887	-411.26588324566893	-399.7265433127925	-389.39482876788463	-368.10483329612686	-356.371839911693	-345.54346987959286	-341.41514925928203	-342.62815320858135	-336.9485274688168	-369.1867956755554	-453.56533668470286	-329.28816733164797	-990.0283203592675	-6056.269705635039	-9797.720391925412
79000	-429.5077688402072	-421.11916321560614	-414.38020970813665	-401.71674016492204	-393.0437477795415	-370.8591966309208	-359.40545868454353	-349.2470975441288	-346.5057295194633	-344.9172474436428	-343.2278010120308	-380.94103628840446	-486.8866382561443	-330.3363041254417	-1076.6385710089423	-6094.927294591021	-10001.19483977354
79000	-432.51273153264424	-423.7311796237848	-416.15512744180245	-404.3271778001273	-395.17658851584656	-373.1063096681132	-361.7471827093167	-351.0941319968851	-347.21778475829916	-347.35542043373	-342.8493498006312	-374.0753215419187	-468.72913669698653	-333.1780447664223	-1043.6134938688024	-5800.793129660385	-9617.628763413531
79000	-402.5823899852151	-393.53007811583456	-386.46652754589167	-373.9848738661083	-364.25506531929426	-343.0883026313162	-331.3248147816284	-321.01086065083825	-316.6690289135187	-317.4871949305853	-312.8913254618748	-341.60887295427625	-428.60710435642454	-302.7815372305194	-938.0536410194942	-5879.893948532147	-9698.225032017484
79000	-425.37534635411345	-417.3561931521717	-409.4847463393948	-397.3095398295302	-388.06638534522966	-365.9987515503325	-354.37563042912234	-344.22659669382114	-340.91859341168197	-340.36728145672606	-336.2345746685017	-369.36686814045464	-457.9036598982753	-326.237064121664	-989.2498450364214	-5893.628527956072	-9648.96687329589
79000	-431.2698115628169	-424.21008913070045	-416.53754739148195	-404.494896824041	-394.6148481771991	-372.93954074832385	-360.62509126208425	-350.81778715821446	-347.2973559238052	-347.2051132785839	-342.1750122041899	-376.02676191790994	-468.35236987801886	-332.9548966456764	-1047.589297018635	-5851.484804011763	-9533.65704313864
79000	-419.19222863855833	-410.1102436225403	-403.27421190629576	-390.9771712712824	-381.7246678438811	-360.5147269835182	-347.6939846816698	-336.6741883229111	-333.0088239818698	-334.097258408213	-325.8936880763216	-350.8138712835385	-440.8212078382148	-323.53333503058275	-939.2087504831738	-5501.1924085375995	-9068.509814734065
79000	-443.8665069670445	-434.8235030590639	-428.9309964064176	-416.3510527240845	-406.16777590190605	-384.338088806645	-373.17950959106776	-363.34840698617484	-359.6321990419332	-359.51159968101814	-354.867015685099	-389.3434915908399	-483.93755862920136	-345.5864815683906	-1074.4560461032042	-5865.849454323407	-9535.132598757178
79000	-414.6395346012759	-405.2174964388924	-398.7053584840657	-386.93253853535793	-376.32429630623864	-355.0014276650241	-343.73219621106216	-333.0918694458822	-329.6339805706387	-329.16450020090866	-325.16674066305	-359.8618640944992	-450.35427136033746	-315.00075965085836	-991.6979915551019	-5991.789132948157	-9751.285244362982
79000	-427.02570158836613	-418.46675182944267	-411.2362284681903	-398.74862275543614	-388.7843961476069	-367.05753870102933	-354.9306898889502	-344.23366795739287	-339.39736033088377	-341.1661953424729	-333.4545830623391	-356.78041794675386	-429.1572317067974	-325.658601431364	-959.045746877906	-5647.839539367579	-9354.067961754427
79000	-478.54164387107085	-469.85052941575617	-463.0029844762326	-451.246343052203	-441.5844855317522	-419.5852806216981	-409.1962657550841	-400.487021871659	-397.230876978171	-395.5533219047758	-394.92354131513866	-444.75917604981055	-578.0672132463171	-383.81434264783655	-1204.1246041364911	-5951.535256488871	-9671.132554737032
79000	-405.1458334263616	-397.0011591586519	-388.92217322358323	-377.0763913886925	-367.1842339774037	-345.9450844511526	-333.7808175610731	-323.97225156391636	-319.8142588590679	-319.8716578181745	-315.3272657608003	-346.1641963979656	-432.91861000565865	-306.0186037465013	-945.6931056007261	-5938.65047929755	-9697.331363062409
79000	-467.40724116494715	-458.9387334979098	-451.7599632852114	-440.1853279909966	-430.7947991972271	-408.8217174168474	-398.36677543776307	-388.9933627258036	-385.7710719674148	-383.4527483445512	-383.7440747795635	-432.92791228945094	-544.3934628760973	-370.518540327768	-1209.2723283639139	-6251.5859245253305	-10064.188704360746
79000	-439.54205049794274	-431.3427307644124	-423.7173477626225	-412.22611872050584	-403.03513414307935	-381.10606646887595	-369.35326969604296	-359.5144017411417	-356.12447977435437	-355.1475682596661	-351.421913469969	-386.62469238589176	-478.5445262699131	-341.08737206635834	-1051.123336922524	-5811.592819099333	-9559.20488293578
79000	-443.52775299076194	-434.7120806013808	-428.9785644885613	-416.2182740788676	-406.5578706271016	-385.0568728392011	-372.994280147118	-363.85622517277966	-360.1718684045503	-358.4416191135211	-357.24877940760433	-396.0109115439749	-503.50031316628554	-345.36608577985044	-1081.9894668544803	-6208.59939094181	-10001.865746253277
79000	-434.9170836836656	-425.87408449808873	-419.48272183160185	-407.2035579998725	-397.5661657121839	-376.1910421366974	-364.29731469343005	-355.03740396498836	-351.8632475254413	-350.01804892190177	-348.0998631641413	-388.5548303040296	-481.5956330387064	-335.72794838740236	-1080.5065831217119	-6253.604101481699	-9999.323687598522
79000	-446.1977637287774	-438.33316531996786	-431.00868600820553	-418.5045596650659	-408.77292300703033	-387.70603870844366	-375.27682791437604	-365.2344024647697	-361.2410987336887	-361.35371108487186	-358.00615186105676	-391.59490950209045	-479.8821723131258	-345.95343254269983	-1091.2611422987686	-6037.114890024896	-9759.37633217346
79000	-463.72640518992006	-454.75643545524804	-447.59433854009836	-435.68606385004387	-426.994179998921	-404.16873534767984	-393.42876875889084	-383.51247520126486	-380.8993836355461	-378.4433525470204	-378.02067332086096	-420.3558470382365	-539.0156171778704	-368.4420677263778	-1139.0354477407507	-5927.127332803313	-9639.740845549366
79000	-404.69404860223136	-395.5493313068048	-389.05745623147703	-376.1663898051461	-366.22481283529294	-344.8356964943457	-333.74377826791266	-322.96562718385263	-319.65405543502	-319.33814377076857	-314.45957905024704	-348.17501165273467	-432.8629601914517	-308.85910762200655	-940.2965429262974	-5949.455755814152	-9700.702265176446
79000	-401.11721745156626	-392.9258659912274	-385.2961345861548	-373.2767014143476	-363.2069896111049	-342.0621956257752	-330.13658862929327	-319.17922861303214	-315.5506139613148	-315.8701202059931	-310.723844979277	-340.269753078563	-428.0990632772938	-302.4348961219195	-918.9856181013383	-5827.942395504597	-9592.320790970534
79000	-431.35537921243804	-423.1936178614094	-415.4964524579619	-403.8600563710105	-393.52116970172256	-372.1867803944498	-360.6417193225986	-349.8764997697886	-346.27661333403336	-345.8886695987663	-341.5938043430682	-372.1548772268222	-465.7599822452791	-333.0297896971569	-1010.4102056215203	-5892.076633310834	-9462.511767136082
79000	-446.20661080073506	-437.3787618892672	-430.47889451628413	-418.5359522711941	-409.70786179464193	-387.4796385538636	-375.852602973381	-366.7148541918053	-363.68550813885963	-361.86911293482933	-360.4377632341721	-401.41703585953445	-504.6239606988201	-349.36097065490475	-1071.3969983904594	-6141.278718189065	-9907.241527059063
79000	-412.56730061035705	-403.7350360955298	-396.4372887637797	-384.5933072668388	-375.42122147129083	-352.88086992179984	-341.1473028341959	-330.712373385296	-325.6272563745795	-327.4215986422837	-320.91289890314704	-348.9349072596502	-437.95167715913317	-314.2976735924633	-942.1851826693302	-5763.756666140401	-9467.25226761487
79000	-431.2100252133607	-422.34446213966197	-416.0570334769282	-403.71230186966613	-394.5058455888918	-372.3481858847806	-361.04508994726456	-350.32637799306275	-347.44162475720407	-346.34445153800357	-343.24733638575856	-376.3692986464307	-472.13626179721865	-332.7457978697826	-1030.1149985453292	-5845.168638445481	-9514.78876145175
79000	-434.92612424631164	-425.82005757729115	-418.8842266708693	-407.4022154580332	-397.65058616753987	-376.0573418504458	-363.8712766142047	-353.35636778144266	-350.1687011319284	-350.301999602272	-347.0326516335142	-383.5337244956756	-473.39999884131583	-334.8860403052367	-1085.3843156828875	-6044.468713774221	-9943.719811354178
79000	-456.03863120163385	-448.11771779631385	-440.49779959338576	-429.1330000471288	-419.2797638704504	-397.06275090214643	-386.10724213634956	-375.11452618820044	-371.9800866913441	-371.77365851304603	-365.6888380963465	-397.34328565893065	-495.5908736702384	-359.2293424736576	-1070.3824748544228	-5683.94238385004	-9206.00231222373
79000	-437.80338072875475	-429.29440550674644	-422.4557813274968	-409.9143036752986	-399.54964099419635	-378.781284099917	-366.8565354180272	-357.34429034107484	-351.76742339682056	-353.7688266051985	-348.09329709252063	-375.27154956649207	-467.9725379491967	-343.53383673213773	-1008.7607598886095	-5813.919551335685	-9356.856138862995
79000	-451.9751224183775	-443.46313735226397	-436.6465168781843	-424.84369344741435	-414.78726804140854	-392.8653411882049	-382.1630089920971	-372.41950278867574	-368.46517739256865	-366.66056606571385	-366.37954295942257	-409.90338496017	-514.4066998026808	-352.45044075455047	-1163.7793289108347	-6228.110994957939	-10012.413869245805
79000	-441.7392571342947	-433.34810905158514	-426.37972435073124	-413.4912155713856	-404.6144440647106	-383.0796088034946	-372.12373417771306	-361.90444992249365	-357.9775612434545	-357.60209757122755	-354.0902193757149	-389.23560085139417	-496.02047928358826	-346.8430094548301	-1053.394152475439	-5904.137064689205	-9674.907484125064
79000	-439.1850395418381	-431.2884501026442	-423.37643643510006	-411.2993118795008	-401.4524978943508	-380.137846545391	-368.4031144251465	-357.7602871382387	-354.1309836017017	-354.0299421531891	-350.45038932003644	-385.70013302217706	-480.8949103985532	-338.6373409093565	-1087.8706624928195	-5988.407083866392	-9822.038474376177
79000	-430.9568714785007	-422.34720687879593	-415.06257420565186	-403.12735202733995	-393.3230395878958	-371.6892981505799	-360.06396274722755	-350.52048344840506	-345.994939802454	-346.2234507692208	-342.68377973777956	-381.75041659344083	-486.7284228418442	-331.98909636295696	-1065.7367857413844	-5919.878024916298	-9828.545222508848
79000	-474.16487238420865	-465.43053083435916	-458.1807676050576	-446.24670779596283	-437.00023263271277	-415.3021624100411	-404.16540539107297	-394.6287306006883	-390.54528512100035	-389.67923642418987	-387.83009260209195	-429.4185929519811	-533.4140123181471	-375.8877666874769	-1158.5562118201256	-5965.758438581605	-9650.112973023583
79000	-413.4874632451919	-404.91995574728975	-397.3383873118402	-385.86987093450693	-375.68580638883697	-354.5975558913715	-342.3384614665911	-331.45277573672325	-326.02973997375665	-328.1409629662339	-319.53467433086666	-343.29652697874195	-429.0409088512738	-314.629391918954	-926.6444074653552	-5825.489785973347	-9373.909712633127
79000	-426.09078111819196	-416.9324541202954	-410.1316929079024	-398.5423962316679	-388.36177960570603	-366.4714438952128	-354.8588578798166	-345.1739407853591	-342.48739521308653	-341.0396902207381	-339.9884410343973	-380.8410420921246	-474.32540230420966	-325.3827134584717	-1071.010406554126	-6288.708356715883	-10150.482730061982
79000	-408.6574076747081	-400.7214521767881	-393.4959812720295	-380.63626972768236	-371.35955397617687	-349.8860031926565	-337.431861084471	-326.3519853742525	-322.7566625301789	-323.49117281525463	-316.5131132624079	-341.3786282983159	-419.0726134152702	-308.92685990956295	-943.3152035515102	-5683.463556825594	-9345.81703088967
79000	-435.2492174250325	-427.01481977047433	-420.3286354002716	-407.76281771376034	-398.0390329715136	-376.41371044727117	-364.43201177904547	-354.4777403359471	-349.5604907107975	-350.8792612475214	-344.0130877654184	-375.917769494952	-463.19175936220853	-336.5624043971458	-1016.8292126656762	-5646.481372224881	-9383.680345085239
79000	-451.19702279079206	-442.8601364445222	-435.48197500421446	-423.50771637821833	-414.21281891074364	-392.240827030766	-381.6330063074046	-371.49732908127424	-368.6101649642144	-366.6408042515682	-364.08664610282995	-404.2743651163768	-508.0554631194156	-353.51226486790557	-1070.5374853156738	-6136.924160439468	-9988.916175235658
79000	-426.1550140545854	-417.7339022018885	-410.5725987623766	-398.75640601596217	-388.76692969868265	-367.13793883034657	-355.6917080347741	-346.1484441171654	-342.3261999386973	-341.1057822168679	-339.9050082053102	-377.0668062070729	-479.4987903002928	-328.85596401605267	-1029.7458891674087	-6050.74293607789	-9868.796462824283
79000	-446.23740205805836	-437.3865503651341	-429.94930070736956	-418.5642324258549	-408.16272117434403	-386.4499577766427	-374.64577704769704	-365.6188448250036	-362.3646494885479	-361.38856552470105	-358.8005336372496	-396.51555548620894	-491.52890182989256	-345.6924716795544	-1079.573279940169	-5933.19645386085	-9642.65267659253
79000	-404.5118130791007	-395.4143655347843	-388.7231480423148	-376.77010421078376	-366.36188600783896	-345.11548293961897	-332.96093322614246	-321.89271264176205	-317.5915118857985	-319.53641936015265	-310.2041275144399	-333.0432991670587	-410.6454271360496	-306.59601708313426	-898.6882859415097	-5471.133140530214	-9064.42086515236
79000	-422.75077555858985	-413.94800147412735	-407.0244453111613	-395.0305547644592	-384.7531742173075	-363.7603947409023	-352.18532782961523	-341.4367537279481	-336.77729295892493	-338.0545640188125	-332.48325716344647	-364.7949593497933	-459.59697594753584	-325.17218053315185	-994.346010980186	-5678.325506365554	-9376.356127201147
79000	-428.36736611983343	-420.0079996903656	-413.416129469955	-401.8277712333893	-391.0399058467907	-369.6265502452214	-358.1908825553459	-348.34455273200274	-344.34515649122636	-343.7769487950366	-341.33216834028997	-374.69614880581037	-474.16365524125615	-333.59557440897896	-1007.7550354402857	-6184.989235272334	-9919.144057312
79000	-409.1378350551836	-400.40894204380135	-393.1948105778071	-381.4271317675847	-371.6087807070645	-349.6337927265218	-338.1334107512379	-327.58724798736824	-324.2491018775371	-323.8960383707956	-319.48807339593486	-350.0660914391868	-433.82675607358124	-309.25105211354844	-966.8299981523974	-5873.513697640533	-9618.25564956837
79000	-427.36939984329973	-418.9511012365386	-412.10513036627214	-400.0459448802176	-389.51726239895305	-368.86932007539275	-356.3262756315598	-346.4767471235632	-342.00859868239945	-342.50394416378873	-336.0700850980118	-364.444980478462	-451.5446711309977	-328.8656007944864	-969.6156747255923	-5877.399169591433	-9484.823601808965
79000	-412.15520640211355	-403.9072434188612	-396.2430756366704	-384.14774874919146	-374.6612507932593	-352.85442574958944	-341.4612288425966	-332.2062000563773	-327.86356160763773	-327.11970202152656	-325.2835846603044	-362.2829287643128	-457.5529061580725	-314.1712085834557	-961.5917018019152	-6103.96355827093	-9996.425111664676
79000	-417.6953829187378	-409.6074849498776	-402.0816897040141	-390.8251437106244	-380.20251437365863	-358.42808895284264	-347.2579574489325	-337.4805930480526	-333.39971309526425	-334.0370306363853	-329.17311842033956	-361.23956418839	-446.90406966701113	-319.2156935192611	-975.471690630724	-5964.516479591906	-9663.004752357156
79000	-434.46310348541823	-425.44314471136784	-419.31990841254566	-407.18522046828457	-397.6283379874118	-375.90220482942954	-363.48114769563705	-354.56302055458485	-350.95802751827614	-349.7570066889883	-348.4397712991685	-386.8223899997024	-485.1409000871451	-335.35798703618616	-1069.627629654197	-5988.563552315131	-9948.772856462589
79000	-447.33754058517826	-437.912977613766	-431.2342926066182	-418.7066376114907	-408.88937453860484	-387.95049181617475	-375.64728888522654	-365.4272111410383	-362.0422975970789	-361.8104820490357	-358.9250192984881	-393.5490548715998	-492.74998772376193	-346.46381133421335	-1097.8535367186034	-6234.004730571779	-9972.200292901574
79000	-449.0668407172516	-440.14854079972145	-432.7794645650209	-421.22263424214805	-412.11012659801753	-390.32046822931505	-378.9130336783466	-369.6180439746452	-366.2337905055778	-364.29210371900365	-362.02313760567074	-403.5050930195394	-507.6677823525669	-349.4716109962608	-1117.6145337249357	-6054.880465181863	-9833.250067611934
79000	-454.0599217255672	-446.051795777567	-438.9142295141391	-427.541480302125	-416.80726093065186	-396.44694109326673	-384.8356058684414	-375.5187528297297	-372.7392374688532	-369.85047499574745	-370.83351828934343	-417.0662643635102	-528.2907817514712	-354.6330738600956	-1151.839843074049	-6398.326108755115	-10151.351893798346
79000	-412.22032912506756	-402.4671607034183	-395.68575087565654	-383.6333982710694	-373.84613536659	-352.01231605804446	-340.6714091991206	-330.53874537593526	-326.80557048013173	-326.64986008324576	-322.65464457526076	-355.5487528787579	-443.40650131521767	-312.2719786435401	-976.0166692437708	-5851.52255648998	-9568.989817485372
79000	-440.0924453147663	-430.3178281812531	-424.57527083035205	-412.0257747059155	-402.495999550106	-382.27794206521554	-369.80366998520736	-359.1625151845867	-356.1505050532664	-355.50031176078227	-352.5698362909	-390.5506978941824	-502.07805643927315	-344.7774083342199	-1040.9758650762299	-5928.634812227428	-9565.797906780112
79000	-445.31087109188826	-438.285242607731	-429.86284367363083	-419.0290103819533	-408.97907122024225	-386.8991007558444	-376.01462078378495	-366.3720889385684	-363.4868573563162	-361.2115506886349	-359.6112763998312	-399.0144218163109	-507.55522689595045	-348.5046086798089	-1089.4054544529856	-6013.40077706606	-9757.17235317523
79000	-417.3358368104909	-409.81832049944927	-402.4569738690224	-390.13899230434606	-380.5235329218202	-358.88365936661285	-346.7038645565349	-335.9912615426759	-331.8778113300129	-333.2183827097019	-326.3599913697832	-355.2641822771764	-444.4471751219994	-319.95189595762406	-965.7947967863867	-5745.823920517696	-9532.79825640175
79000	-474.70076454203223	-466.128338206135	-459.1892829463721	-446.357989910534	-436.6146193960488	-414.86176788948933	-403.74602723367246	-393.86555052305397	-390.45638892475773	-389.6943745995257	-386.21684232963486	-423.50137454577845	-518.8386387742232	-372.81199800042174	-1190.1578156972748	-6114.422085263637	-9712.181856961932
79000	-426.130866565823	-416.8747697522711	-410.4779850906926	-398.89447870621984	-389.0114790830503	-367.4789411731796	-355.92449977595146	-344.2349023552026	-341.30382641678966	-341.35722670300646	-335.55179817301456	-366.7965838492892	-456.54401425383037	-328.53098935113485	-1046.7997329935445	-5799.1686669409655	-9431.385876137945
79000	-440.9908676933958	-432.8874433009175	-425.1866942612357	-413.21098298217817	-404.0046043426949	-382.64603460997813	-370.28174146904166	-360.2180731293803	-355.39283887143614	-355.97621671656617	-349.4851941873246	-376.68589400882587	-461.7924594402879	-340.72363609614223	-1020.52131112034	-5795.285956849435	-9332.822793644247
79000	-456.29921994951997	-446.60646844476236	-440.7347493716373	-427.95983947829006	-418.03265688289895	-397.05462694254095	-385.68518744044127	-376.1039501128314	-372.4018407114209	-371.54793417943534	-368.9786093259406	-407.9591922228421	-516.4807410909011	-359.306898094123	-1109.8512165265608	-5871.202334145694	-9501.38220861617
79000	-396.6134415991732	-388.5025811490105	-382.05999946428443	-369.43738964705767	-359.5514338767254	-337.8370449949314	-325.8808348150836	-316.0837611075092	-311.94879250577367	-312.5150918843731	-308.22482352785414	-340.50984019285636	-428.6383739741179	-299.01594107096577	-941.5314780682345	-5929.175380314278	-9794.92767200822
79000	-451.6773147520032	-443.66512569655094	-435.7167846676546	-424.6860977406718	-414.393356089835	-393.21390538742696	-381.8431377440316	-371.701891566643	-368.7367458189527	-366.6042736610859	-365.78269010613303	-405.65728043501827	-502.70758587975496	-351.78735567498484	-1103.2859083409248	-6218.448199418746	-10054.45742652636
79000	-419.42552843360596	-410.68383147740997	-403.6465679525043	-392.0364138167598	-382.1982405878294	-359.9276596675224	-348.44878694210416	-339.07392370083056	-335.29868582553723	-335.17439982804484	-331.6693548177622	-368.4168219086328	-459.4559525632054	-319.5106357812208	-1042.9228971184766	-6186.657345582682	-9990.41317274326
79000	-417.7911963190831	-409.33384899413926	-401.692298574389	-389.91878369358346	-379.7270303190162	-358.44347170029465	-346.21191237618757	-335.12869159424156	-330.57749594698976	-332.85989490269236	-324.19804030339935	-349.2978341508331	-428.2186966539814	-317.99252186367124	-948.3075985904914	-5542.099981974522	-9143.34205854815
79000	-422.97122897445536	-414.9722629203399	-407.7029037509705	-395.6502580702529	-385.395858020942	-364.30896945154853	-352.1904317076081	-342.02406145683864	-337.6191335032447	-338.1444616360102	-333.3646953766715	-365.56968962451805	-449.8490555979367	-322.8265942156155	-996.129135670142	-5951.30793756814	-9561.003109463738
79000	-397.40490577683823	-389.3899217987746	-382.4874323081695	-370.2787134838569	-359.95626941732723	-338.33765468761123	-325.8898484294112	-315.3596563262947	-310.9698352061251	-312.4123133022403	-305.7805537738627	-332.761314427109	-408.94523879018624	-297.6597656928734	-926.5434136680725	-5807.800911231093	-9624.659113316591
79000	-402.45557522783224	-394.0192548330829	-386.6121961301083	-374.58954128602227	-364.68199139921535	-343.2724545606513	-330.87022657152244	-320.317711823136	-315.9368099325318	-316.93279330684186	-310.5532982822047	-337.1808427334911	-411.9556352616478	-301.86259888344887	-936.0387512796419	-5830.185838612599	-9647.541690860266
79000	-450.3935059214887	-442.16819539356567	-434.0319597228017	-422.6493200583792	-413.2214001265957	-391.4547575819521	-380.06645199727416	-370.4086396052505	-365.9615688733092	-366.3278151533381	-362.73289184930013	-396.7757568182117	-507.18505910374165	-353.50535562664083	-1082.0588688115588	-5922.672630065246	-9689.631006591053
79000	-435.7589710213617	-427.0656832723792	-419.8119898706082	-408.60472663779035	-397.9503222032247	-377.2661948726718	-365.2321446086644	-354.3114570549113	-349.0687346325416	-351.3205196363984	-342.7193697813007	-368.65545598814793	-467.22696067583337	-340.33032151163434	-988.6514441764353	-5464.084348487524	-9047.055113458644
79000	-440.8271464508865	-432.2851687300696	-426.1692337450849	-414.0282329042325	-403.10296189988753	-382.07304702819624	-370.42799717011764	-360.41163979646313	-356.52154702880813	-356.1675327753184	-353.3775971210079	-388.7121259970325	-489.7855077124771	-344.1402187238812	-1061.839972186372	-6049.139168423161	-9839.160581037655
79000	-464.18134013334407	-456.4689110512962	-448.729612659114	-436.69216499118147	-427.5411017485901	-405.9727074081454	-394.1363927897959	-385.30854574918203	-382.69556213855395	-380.49307107022713	-380.2694628954422	-422.93992349669855	-531.0236814806309	-365.4636517831899	-1152.4539353981284	-6209.734910592417	-10011.582462637447
79000	-428.9256100958005	-420.13225590956273	-412.59813664687516	-401.0091173519513	-391.1445522920131	-368.98791114936586	-357.62978066956606	-348.1353849458956	-344.6505729146983	-343.8216444956483	-341.02957242506056	-378.7936133393112	-470.0028623042936	-329.23187614203556	-1032.407036408768	-6085.2303774660795	-9970.346102085867
79000	-432.4997978534076	-424.9351843277168	-417.273321172596	-406.0807062913592	-395.19755811723513	-373.2199637046766	-362.2965747834806	-353.09993594412435	-348.39278945894785	-347.80535020547825	-343.52654169543194	-378.34831995717684	-483.15122823263926	-336.32519434597714	-1007.8313297814965	-5930.722162937594	-9733.44304826301
79000	-406.5361050396037	-398.43012463910014	-390.92834849670356	-379.81771827333023	-369.7345637198541	-348.30940679304274	-336.5057953404394	-326.7138750235881	-322.964737111598	-323.1730317525915	-319.63735998176656	-359.41879525667247	-446.5639393212753	-312.7153263766253	-968.196641045801	-6035.45970473198	-9895.121531342253
79000	-400.0285375459987	-391.38783767562654	-384.7477721312369	-371.9866429772683	-363.0902545882986	-341.09544238087506	-328.58592066478934	-319.0898815175458	-315.4365059373416	-314.7132596576052	-311.37284711773793	-344.1912974447323	-431.52157927255513	-301.2972327268349	-935.0385069245895	-6063.81000971457	-9806.264221732168
79000	-450.6426487193731	-441.993360942435	-435.45756945469617	-423.4753880239799	-413.7464429712616	-391.30423072393137	-380.30324823209344	-371.75491880911267	-368.4940036976834	-365.7644566060414	-366.8201002910937	-411.50459948703883	-514.4625666598237	-350.6156009797865	-1126.634496970789	-6333.890384771061	-10211.82763750679
79000	-463.53620590332804	-456.4281708636499	-448.59770399450684	-436.79333840943593	-426.8898757372268	-405.0346618729398	-394.19964937914614	-384.74090848800967	-381.34120319862865	-379.07117323841766	-378.98203556589317	-423.71395046769516	-530.5163837561604	-364.4081590447932	-1181.7688362049198	-6411.041766397328	-10262.824181943039
79000	-390.61817926270487	-381.93239609966594	-374.40443505404204	-362.2559135139942	-352.1951936742319	-331.18083438287925	-318.74589140175027	-308.24050201933954	-303.54737728767793	-305.23841379523014	-296.7275352180987	-319.58604803363846	-391.50617324927003	-290.46196958426026	-874.1957580141384	-5556.621521922532	-9312.663243795323
79000	-442.4517144203799	-434.7451395746731	-427.373556606557	-416.35936405671237	-405.38142998552286	-384.0583194900523	-372.39315126596506	-363.39341115897753	-360.4464875852608	-358.22213907350016	-359.7347665939141	-403.095784384547	-513.9972855471464	-343.3661619088858	-1118.1454118629497	-6330.849681593763	-10389.88181956113
79000	-404.0363703522705	-395.5010537185143	-388.0217264250893	-375.75193470118234	-366.36021994442467	-344.4701976921692	-332.8398709688642	-322.1609293552467	-318.55767104758036	-318.5373657827779	-314.56294070278943	-345.2652313903955	-429.87123009813916	-304.10007392554206	-941.501626847064	-5637.418651745731	-9402.730975521477
79000	-443.6749976212807	-434.09498224370367	-426.70411336648345	-415.6855277927343	-405.5291664479345	-384.3177148800681	-372.80173618665714	-364.5456584110518	-362.3082670779527	-358.6561102890114	-361.48230467373514	-410.29296263193197	-519.3183868452219	-349.53342181840503	-1097.1701229611608	-6302.470454287627	-10199.65505551572
79000	-451.39314790642493	-443.4449574805544	-436.26512595053856	-424.960741624742	-414.93800412663364	-393.02042730674185	-382.2414230205762	-371.84330311533176	-368.25411207332934	-367.5069320935556	-365.34137947148025	-405.44512075361763	-507.007597965257	-354.64496748768596	-1096.726533635647	-6138.530353072315	-9888.776977706753
79000	-450.36209859757184	-441.93533005314015	-435.6218290967269	-423.3387542105189	-413.4831200241327	-392.69294519441263	-379.3856393652263	-370.2182690883176	-365.91607404535694	-365.998017717146	-362.18186491615353	-395.25526681767946	-485.5224623915028	-349.76466746949257	-1109.9723381061156	-5894.1477395796965	-9479.05425742308
79000	-424.228380638106	-416.722944726766	-409.2226757880333	-396.52415062479815	-387.2200764053034	-365.93848351891586	-353.85383949714884	-343.2175131646884	-339.1269807442679	-340.73122137279614	-333.74991799376363	-362.4073349280592	-449.4092866706125	-327.03923205410507	-976.8075295817157	-5741.767068062692	-9383.55586989246
79000	-456.2609431204252	-447.69659992181994	-439.68157493608265	-428.4855906978021	-418.5828749321699	-396.20796565807103	-385.87811873159296	-376.99920594969996	-373.868406094524	-371.12557197538064	-371.7319325227983	-419.949402658689	-540.0891367407118	-363.4159231129592	-1118.2281991310897	-6153.473134215786	-9958.338449814171
79000	-469.06659649343385	-460.71302094935453	-453.48274049038963	-442.8302845998535	-433.06401196155525	-410.830380942745	-399.6391559305818	-391.173314833588	-387.3907812921611	-384.99055819071856	-386.07038229306835	-433.1439927514858	-547.7264348781348	-371.07178888718346	-1198.3135387599207	-6299.4616539195795	-10226.849420230923
79000	-422.65707106723187	-413.8961057418768	-407.05246180448006	-394.70568029181777	-384.59402997894966	-363.61197988972646	-351.430813296745	-339.7062888873477	-335.8152121283004	-337.22378278279473	-329.28079018408886	-354.3206598751337	-430.67926222673367	-324.3405964480107	-946.2997031352326	-5520.251629655345	-9225.903102796847
79000	-420.7364318777134	-412.3096641335451	-404.26186033940456	-392.72012748157726	-382.4840924353761	-361.4965881612324	-349.3810005466059	-339.2756678022475	-334.5110360166929	-336.0913572686866	-329.5579470933831	-359.4555681129072	-448.4629862539539	-322.1331510653659	-962.7065620798402	-5612.098552167663	-9340.000783936826
79000	-486.90899278723356	-478.3911422785445	-471.1549261227863	-459.45289602596904	-449.5691911460808	-428.18326189788775	-417.76184752302026	-408.0554555500252	-405.0197197721129	-403.3362525115106	-404.04875426092735	-448.6251799353863	-562.0721700235265	-389.5619452757001	-1236.7652448881886	-6323.205746702147	-10172.440880124617
79000	-468.2919415354202	-459.16817660175417	-452.0995686938276	-440.2784058302801	-430.42456684212624	-409.2690465825301	-397.20514020362856	-387.998100050103	-384.04436045001023	-383.7671550868371	-380.6798125448377	-417.5836461411471	-521.6715625755284	-369.8685089610635	-1104.6261843859425	-5919.170116032865	-9766.557331691809
79000	-444.16244126080807	-436.43720751511023	-428.81349292614965	-417.45036307469786	-407.4934993280552	-385.8383868558139	-374.111326373217	-365.80175043889125	-363.4625970004531	-360.1031761178181	-361.86121197363497	-409.3864196381636	-525.6678850988692	-347.2577371384942	-1132.936070826722	-6337.879385264949	-10276.062131840845
79000	-415.5247210838343	-406.9756113061855	-399.2086438079528	-387.2140508038891	-377.84025935662885	-356.36864669953445	-344.2471718655247	-334.12016505673887	-329.3965078331276	-330.2187558607978	-323.42859325006424	-349.88523587520615	-430.28417307656395	-315.7359151654866	-940.912316502807	-5753.780581575888	-9345.230864726143
79000	-449.08137330271484	-440.28537516846563	-433.6049169100241	-421.20034475295074	-411.1441340239702	-390.80418523044386	-378.8069873519085	-369.0381534653832	-364.2716816256557	-365.4707241247943	-359.82975880710353	-394.92274290619235	-484.1004542143425	-350.0728898216076	-1076.2444526571398	-5877.896664257288	-9547.088198156143
79000	-470.13572039444597	-462.48215731945453	-455.1638855330097	-443.53335362708196	-433.6802952251299	-412.43652345015187	-401.0137706628695	-391.7654364213011	-387.5136203597415	-386.803724276529	-384.0666958274921	-424.84502639495406	-541.6952293588085	-376.3941082922367	-1142.2657669997134	-5983.847366477157	-9627.416029353337
79000	-465.4940905875093	-456.95634053789894	-450.4998351074143	-438.4137877439608	-427.7236464776526	-406.5698513795542	-395.7821073762739	-386.7510718458475	-383.58860299478306	-381.284993210856	-381.8709364486815	-426.9747805235506	-541.4344442330492	-370.34428451922145	-1153.5933641083047	-6208.641700092974	-9991.372714384697
79000	-443.2072528274937	-434.7495422293214	-427.3956800455256	-415.4687916459187	-405.6823588164099	-384.7877810105059	-373.77917961045375	-363.1820825674768	-360.4280075644942	-359.3180764793565	-357.0433449726998	-395.0180497103668	-502.82790666876383	-346.82734642936686	-1096.1700741629754	-6132.660465010956	-9836.69499599258
79000	-463.8253695597823	-454.9416158178535	-447.6180730638894	-435.24095373601176	-425.76602458128417	-404.8925955423051	-393.94124945411653	-384.777177784126	-382.4278274564568	-378.84337912735396	-382.0349255439164	-432.15131752575985	-548.321117795795	-365.14854454562817	-1201.0691616144866	-6510.021152901716	-10496.61278266947
79000	-393.9400569501355	-385.1407524887721	-378.7263771563715	-365.64725290729245	-356.4050809762277	-334.95523195693295	-322.40470778648927	-311.99814730094965	-307.5156879042142	-308.29077673941674	-302.6135011668685	-328.3453410695848	-403.00888340419743	-294.38279682643196	-884.9339467176044	-5581.443538468174	-9255.932573272623
79000	-462.3854780725401	-453.3611909664239	-445.8876155885784	-434.1621952616464	-424.7257715133893	-403.48978578571666	-391.37245762815866	-382.0162188676208	-379.4747997360228	-377.42986884917906	-377.80945810128276	-418.6211830061885	-517.7083932948077	-361.48972311206535	-1158.6160568164887	-6445.933399544736	-10219.706899430694
79000	-436.757414418904	-429.08392959416625	-420.73940942949565	-409.2816479167526	-399.3278363939407	-378.09479406754946	-366.501321124467	-356.585530264255	-353.34726056984675	-352.54964822193955	-348.07413131997083	-381.6984740425385	-473.7090097384491	-340.4661984322173	-1017.832946616095	-5845.205360654208	-9496.190045402684
79000	-490.7686500084892	-483.35265310980475	-475.1414430936763	-464.19028223304304	-454.7778422402413	-432.96765086405605	-421.74817508029565	-413.69739357388585	-410.8062657624819	-407.3985702207661	-408.8820758983485	-461.8456527422489	-591.9613157467998	-392.9599927327912	-1264.5762012782072	-6348.999182430259	-10239.21210067143
79000	-441.1795963441386	-432.35626635889486	-426.2811885453727	-413.1880768828537	-403.97992335507246	-382.46325529933443	-371.34885351127264	-360.6619804727437	-356.79054757874593	-356.77036166367935	-352.97845050733895	-388.76185267330965	-502.0078692695611	-342.4279449833857	-1032.9707057204268	-6026.232384069618	-9810.595508693987
79000	-450.68038501249026	-442.7287518772161	-434.8504273890324	-423.759632701623	-413.9444899225978	-392.53046070967196	-380.5283094643842	-371.8572096144704	-368.1513186305114	-366.8616901941508	-365.86103290880624	-407.9003497669592	-519.7979859995082	-353.5924044118879	-1107.9537983328787	-6075.248598262297	-9938.820276621267
79000	-433.9203752837369	-425.81459816850787	-418.99305522840046	-407.10929270979284	-396.9988673889999	-375.3705784285372	-364.0649881189508	-354.66799870893965	-351.60338042131565	-349.61602118307786	-347.36129307536976	-386.8999137509532	-489.8248427572326	-335.3523993618045	-1054.7017593876092	-6014.018752686369	-9901.102486762113
79000	-414.54806202888665	-405.9108637104083	-398.96109906127055	-386.78993868097143	-376.28289766526814	-355.4968640190702	-342.9773831384497	-332.18347993322806	-327.51911342747786	-329.13410563103383	-321.5531990167891	-345.3577052343834	-423.7726607944688	-314.4157018651594	-960.7267949794311	-5623.512075278832	-9263.838242930384
79000	-421.0123612693706	-412.34850663656385	-405.0417890765944	-392.53876748716095	-383.51336981157687	-361.4776920291182	-349.91937840227473	-340.1149798484276	-336.26267673036693	-335.77308075080055	-333.674283189278	-369.9396250135026	-460.2039976176785	-320.0359757475744	-1036.4219853264874	-6171.186991305073	-10066.448216140292
79000	-443.85954184021824	-435.94568378400317	-428.5011823307415	-416.536116284479	-407.80379824231716	-385.3319045140426	-374.18418406665376	-365.662002701846	-362.28726312810096	-359.7399535530165	-359.8784421262794	-405.32746983116704	-505.85268006067145	-345.0792991752789	-1120.5629688559677	-6109.321898395443	-10029.619403953986
79000	-430.3013174929778	-421.0368061988946	-414.62033950880954	-402.3873854276245	-392.7837260376381	-370.97659164061497	-359.56831752614613	-350.002506234795	-346.9897416837298	-345.35464941485736	-345.53514781192933	-386.870210310127	-489.40088250744316	-332.5629124793485	-1081.6676776866339	-6222.766154054332	-10169.189660708114
79000	-425.1190042316324	-416.69657339909435	-409.28126167285205	-397.34225337145824	-387.2259330145757	-366.09984700786015	-354.44418812811824	-344.4677892801349	-340.56237666808903	-339.8777778186744	-337.14697324803336	-371.162393805755	-466.89247945190516	-325.5279891022454	-1025.6524795166579	-5875.078830074097	-9679.701204660581
79000	-468.26430216536653	-459.75969623710085	-451.94733145702133	-441.5176166483842	-431.0675782419973	-409.69793709030864	-398.4423574715653	-389.2636965967912	-385.22405302206164	-384.1634778382372	-382.3648753287301	-422.7781269548202	-535.9293360108945	-371.0589628313426	-1159.5627596328059	-6210.794585121654	-9899.40179205732
79000	-430.6130307177912	-422.17055124019544	-415.2429662553449	-403.0282312091148	-393.51091883232135	-372.3946290547	-360.79899594553547	-350.29352192873296	-346.5355020708643	-346.58017486469754	-343.1145787284905	-379.1553560273829	-476.8390612907253	-333.28849669342185	-1019.604519716845	-5912.813912409219	-9687.136235537828
79000	-438.3784424171365	-429.7536474794449	-422.90528513268833	-410.8529979382979	-401.07415967419956	-379.4788308922473	-367.88361583900684	-357.64022344291965	-354.34060360014615	-353.2349248500187	-349.6866030935692	-381.48182170194	-479.02600508268245	-343.66928660589645	-1042.5310651969344	-5790.177841232466	-9472.783777622255
79000	-451.92261603147995	-443.2076528339418	-435.7722849450693	-424.11196518184215	-414.59731843932155	-393.2120630902437	-381.7632578910444	-372.3486610442782	-368.81935805427514	-366.0378676257798	-366.10717816030336	-406.3430401997809	-522.2366729844526	-354.9240090713592	-1124.5038842568417	-5877.998314930246	-9658.531874568014
79000	-424.298772331298	-416.1118744890768	-408.42569353119103	-397.0529220439265	-386.48214175306356	-365.5374581931956	-353.7036143395873	-343.30208223695536	-340.15968283315055	-339.0783247148462	-335.89947894764356	-370.1307817305396	-465.6389807867276	-325.0126571047632	-1012.3938545714335	-5930.686752092528	-9676.211245601075
79000	-493.2947961358955	-484.9552996173632	-477.9036819827509	-466.55945774146085	-456.64314368725877	-434.942152245344	-425.56214547580873	-416.9794301090917	-415.10603804624577	-410.1868339929718	-413.09981211788863	-469.9630852289026	-595.7876892131414	-396.71927774688004	-1283.4338813928377	-6603.055925710334	-10481.079141523276
79000	-414.52432356514186	-406.5869872921312	-399.3475287080486	-387.3936560366611	-377.16083809691094	-355.64999471761274	-343.4788592169635	-333.24970258355967	-329.9525074934876	-330.01571539454204	-324.3265937109092	-354.3173157690902	-438.77042476610245	-315.7282367828107	-963.4753365121234	-5912.918003106013	-9600.90444072219
79000	-449.36485430193875	-441.1168384208935	-434.14283525946865	-421.51911668975515	-411.94909265449144	-390.51133127776	-378.25382201614275	-368.7731115435174	-365.3949232224861	-365.02504202339026	-359.7674441516254	-394.6307919965567	-490.4284011294124	-351.8486626853514	-1076.0867573611995	-5977.585267626588	-9803.05309835568
79000	-452.93397877699164	-444.11815195150376	-437.14825152095256	-425.19366912389796	-415.64277685111665	-393.7930251274802	-382.0727383794564	-373.3215643141571	-371.0582746481405	-368.08344478563913	-367.8675229412112	-413.161230811795	-513.360803482746	-354.8624920404256	-1145.3600701864123	-6249.47241746506	-9992.375709121055
79000	-449.9968314722149	-441.2325127080436	-435.1047438379854	-423.09799566113475	-413.0701124497787	-391.69186903642003	-380.85949816403473	-371.2795937584895	-368.25358762461326	-366.4796784929584	-365.1773824611639	-407.8066140989391	-527.3109040853498	-353.44534326891056	-1112.716714462755	-6098.354611528671	-9878.164165892986
79000	-400.7741182654713	-392.34431556492945	-385.17678121347245	-373.09586112056184	-362.7125065402184	-341.8144432146803	-329.38946876276526	-318.7141859364556	-315.0359744704723	-315.44397823449714	-309.04028802755414	-336.34551516913234	-422.19763291667925	-301.19481251955534	-919.664851563622	-5771.123553497818	-9429.513757447283
79000	-464.98871442334854	-456.74750881587374	-449.03883860994	-437.5637299355617	-427.882874772843	-406.2075074428493	-395.07215817506204	-384.81928686508843	-382.13443103274477	-380.6542634933487	-379.0801148567483	-419.0780905534572	-526.2167619230968	-366.40865746753195	-1167.351671593548	-6240.4866952924385	-9950.14155966407
79000	-471.0630137955158	-461.18396082958867	-455.2048611828474	-443.0761848372341	-433.9890153906722	-412.0655958237139	-400.8702191026683	-392.53965642232083	-388.6931187197265	-387.0212780367329	-386.8364010968325	-434.08940784989153	-551.0809752391065	-373.0763342763305	-1202.8804612339222	-6205.593047978428	-9980.752892048213
79000	-411.0770784538457	-401.92721322669763	-395.0911256726885	-382.75261660924946	-372.5842522076851	-350.99295861246287	-339.16092334603405	-328.64801952859455	-324.3673833787525	-325.5793426199664	-318.9114178381625	-348.09614885799306	-432.5863412218163	-310.2297947302375	-970.0706876909984	-5770.290192766945	-9432.627356227058
79000	-432.2860909525058	-423.2469539200289	-416.8470735976844	-404.5043096855161	-395.0693480407629	-373.0300574332877	-361.7483369617312	-351.8928974790997	-348.4217215337673	-347.445647866102	-344.93129915937453	-382.66963683655496	-477.75911714685776	-332.6627396679106	-1064.369496142787	-6116.759806639795	-9888.694813111093
79000	-440.90991464452986	-433.1044726295078	-425.70727916779975	-413.7311338751091	-404.42882918078925	-382.7575759754857	-370.8952717528829	-361.792407727143	-359.179540668858	-357.17257478332	-356.82309665236613	-398.7789576200016	-508.0863997264976	-344.10205485445533	-1117.070707392013	-6141.099955614101	-10074.253942609257
79000	-438.07339925335873	-429.09680501027475	-422.30249834013415	-409.9201660297325	-400.2572508960898	-379.441334031007	-367.1363457361504	-357.2288318484047	-352.61072333563607	-353.75123156237566	-347.7444404327437	-378.47656096479227	-467.0315701890718	-338.9188580122189	-1008.3292585321484	-5684.469368454829	-9540.419918374166
79000	-432.32569013222167	-423.0812498649499	-416.28963485071296	-404.09147721640124	-395.0411671979141	-373.11867202739586	-362.4538374302203	-351.52185004263237	-348.01680549419933	-347.4074580051078	-345.11905215219537	-380.6744548232621	-478.931275356858	-337.08011708729504	-1020.0259905915664	-5700.203130712661	-9467.348142206525
79000	-428.7185774394615	-420.5766340289668	-413.29348577832667	-401.13122845095245	-391.6059429405103	-370.1960330560222	-357.3121350916995	-347.8593351408959	-343.61781539774677	-344.1140036079279	-339.24833378217056	-369.9090261175753	-466.4226228646257	-330.4644410410524	-1000.6402408401873	-5856.438090640705	-9564.92368615889
79000	-447.22965332262993	-439.16103455129183	-430.90565006519233	-419.99701491529333	-409.904821484025	-388.90425334074405	-376.90000329730435	-367.0785489794129	-363.70348009086337	-363.42091316963433	-359.96543954833186	-397.4572904517818	-499.24182883657176	-351.12402988123455	-1070.9172484103387	-6054.646686318373	-9718.103113341356
79000	-410.2757618829694	-401.53966676382515	-394.5245551610971	-382.27846869827033	-372.78722455120203	-350.9284954740683	-339.2472528949522	-328.7988995315259	-324.6084098604349	-324.9260117496127	-319.2652705715183	-347.69772119147393	-426.93872888032513	-310.4440640125576	-972.6077245538562	-5849.72292236809	-9469.191973516734
79000	-420.9981241340237	-412.5702314677083	-405.1824568492522	-392.97649510160534	-382.92988443711744	-361.8339091274736	-349.35330356130646	-338.7889973608708	-334.4854066269885	-335.7202455631107	-328.06895724299557	-354.6287861883364	-437.6374907410016	-322.5236086373921	-945.0173745431513	-5737.344231574887	-9276.110981060356
79000	-431.67078891758786	-423.31288013352645	-416.8782439590328	-404.15538118576274	-394.79979241736	-372.94085252326283	-362.1587547158053	-352.62774269538477	-349.6483647032957	-347.3556599769616	-347.00809793454556	-388.20138753048866	-492.6857840405313	-334.46636918778034	-1060.3331063831397	-6171.5366119830305	-10032.2111073046
79000	-460.5867416609277	-452.41543750855925	-445.492666956395	-433.87155685319124	-423.34076199018665	-402.91014994318414	-391.4574917588016	-382.11404016926497	-377.6533733326969	-376.9591140851525	-375.2401058099363	-414.9950236857035	-535.334782574928	-365.3147534916492	-1133.4798857816274	-5857.663300113643	-9660.637154155873
79000	-442.90340285682123	-434.93704015939767	-427.5415832828466	-415.2366397612792	-405.6319150539244	-383.97302870889763	-373.0826496460988	-363.4003349041337	-359.7075209624379	-358.4210855593432	-356.73926262274284	-397.38727168060524	-509.13592965543785	-344.9102948833293	-1063.4731752515042	-6190.051439966606	-9889.878058039323
79000	-430.8638557470031	-422.59158246959186	-415.50237433982244	-403.353215457003	-393.4245058066281	-371.52776006580274	-360.96834317612905	-351.3134519608972	-348.2536173010906	-346.1659720883636	-345.3772020600834	-384.6470222490162	-481.2766058810498	-331.0975154358922	-1068.8719170776778	-6168.862724070825	-10050.713670698366
79000	-448.1667899818493	-439.6913818804961	-432.48106282072916	-420.45800943721883	-410.3457211816193	-389.4706461109626	-377.7656837003	-368.3338907552014	-366.76996692098146	-363.06012051326064	-365.5358758910761	-412.5013939230714	-514.4457101628566	-347.1191321684336	-1158.979168883263	-6541.0272739342345	-10379.708287733703
79000	-416.0684245885796	-407.5877323165701	-400.4276165842818	-387.54813611090924	-378.1092751425685	-356.41464042818683	-344.61472971649863	-333.7693733489374	-330.15046707747155	-330.8723337422344	-324.14641421920254	-353.13709709501853	-437.6701296783365	-316.11928323568014	-949.1709024618855	-5835.510306638483	-9496.654853825816
79000	-418.82919400013384	-410.6558797787988	-403.09440574607885	-391.39083887123184	-381.2849978280915	-359.59167213213647	-348.87031752376896	-337.5693264074196	-334.37527669782503	-334.3378402963101	-330.1601749664664	-363.7599627882528	-451.6979447550173	-319.83659522480076	-1033.5933569123456	-6021.8803130538145	-9707.173444447939
79000	-426.94268299067625	-418.8014643643455	-412.05066109452304	-400.073119200919	-390.48538107458245	-368.62774417342143	-356.4580453950388	-347.52334753585916	-344.59131746403216	-342.93541626317125	-341.8950800616003	-382.8451349863379	-490.72278045458603	-332.487895292254	-1012.6909284749522	-6289.77058290102	-10127.50642855229
79000	-420.45469385321593	-412.49575606214125	-404.81388267077415	-392.83331125329835	-382.9913177480955	-361.65534921811997	-349.1253239717253	-338.612295037082	-333.95601385435873	-335.7369032477151	-328.15538096122	-354.5757251776859	-432.91133161753527	-320.07805803749284	-986.4479741525902	-5751.460783598451	-9418.446287610863
79000	-430.30742135514527	-422.0606263598493	-415.1328397611864	-402.18339925805196	-393.31393379533233	-371.63983586310036	-359.5961269408501	-349.79314053478817	-344.0392695817065	-345.5034039013152	-338.73878795182685	-365.77214782344424	-453.53560188104547	-334.8680674065545	-984.9520020758995	-5647.533872707592	-9214.06682506864
79000	-421.5971755746047	-413.5774254768544	-405.9290904598874	-394.25099074649836	-384.4352427071176	-362.95109429280535	-350.4247342270434	-339.2398061800284	-335.3911493618807	-336.8792432596283	-330.3365821782894	-358.73956852734153	-446.1733718999586	-322.20843355278265	-976.5671379279061	-5784.9137298771875	-9431.36543405313
79000	-437.6514372728584	-428.7577795630947	-422.3090243752319	-409.4623112376503	-400.2398993546911	-378.92333818649365	-367.2452184126385	-357.9605270320712	-353.3350877642647	-352.13521952359	-350.24126242603097	-388.6565187944321	-488.0050256741078	-338.0876411885429	-1086.8280827251924	-5947.039961539126	-9675.474832677914
79000	-436.38004194578565	-428.0684868022637	-421.5763247759432	-408.9340725453393	-399.29849957248695	-377.6879959978467	-365.8677105777963	-355.35827612780093	-350.16202939739685	-352.7073793330669	-343.9479643770631	-370.79682303196125	-457.51916608350217	-338.59137760126544	-1008.2627805113939	-5555.536585193218	-9121.586961166413
79000	-467.6796169437516	-458.81763207434216	-452.4395929181107	-440.3103738154514	-430.7497463198015	-409.2948317377531	-397.771577382973	-388.8180741469611	-384.429427548709	-382.93998618732746	-382.431160360829	-424.96558711377816	-535.2749646281269	-370.19009341522184	-1177.4015836872593	-6069.9483211188535	-9866.64283769467
79000	-431.7896901995671	-423.0860537284827	-415.612530016574	-403.81565575881757	-394.5950582962502	-372.79754717069426	-361.3973676668357	-351.7551395165296	-347.55606160013303	-347.0268217967641	-343.21617688337375	-376.8112594257508	-482.8769893714005	-337.80683005845515	-1004.0985005643662	-5779.588876453955	-9494.115536428582
79000	-453.36765667332656	-444.1784001542371	-437.65992059020203	-424.91389276873747	-415.2084905576289	-394.19138848622606	-381.8728195808616	-371.953942758598	-368.2203180848367	-368.181760767484	-363.00619303027355	-397.1846489224181	-490.7889299974872	-353.7839806926559	-1065.5959036714062	-5850.6846477865165	-9370.57927383338
79000	-397.9621529264097	-389.2675762449778	-381.9782798915508	-370.42932497415006	-360.7202962566871	-339.0024467365988	-326.80080888140037	-315.9250644118046	-310.9645813555358	-312.8223618469999	-305.3597939366155	-331.40938730551363	-416.18766606927966	-299.8362153947695	-867.3295263770656	-5739.5860179286965	-9567.124344258547
79000	-397.3822656353829	-388.95914624173787	-381.90590092622546	-369.6321336684573	-359.76100607605537	-338.22021534942786	-325.92861175114354	-315.0266090231674	-311.18945168634104	-311.95563467950336	-306.06244475568553	-332.50915304999995	-415.88859596032376	-297.3287213677018	-918.2599264018551	-5657.788534943931	-9513.963999201895
79000	-441.9177478202069	-432.793772895705	-425.7342645409645	-413.8172332814638	-403.95345579847935	-382.5892736306622	-371.1999497522207	-360.645230872025	-357.0618335332424	-356.57808083906616	-352.36374260707703	-386.5547247523097	-483.627496474163	-342.1931996141506	-1065.3474917465555	-6046.299726308924	-9747.40451448356
79000	-448.96823845436455	-441.075725507423	-433.6469310625076	-421.85746848257725	-411.79723287006095	-390.1485949427358	-378.2505293967333	-368.66998932394193	-364.59446362381584	-364.79468586286845	-360.33430680233874	-395.75681858452594	-494.54697452071963	-350.15110013612855	-1098.9961519714968	-6038.138483385308	-9730.99161661088
79000	-447.48311641959964	-438.7837774552975	-431.51933191778966	-419.6370051413239	-409.99613680677385	-388.35090007017726	-377.61073116829806	-367.1261818609029	-363.47660961567084	-363.00459832029327	-358.62945370000483	-394.3707738406211	-501.4337750978787	-348.4294839915434	-1080.5249579003007	-5913.6623268048725	-9634.675134378678
79000	-429.67677893155167	-420.9158052526768	-414.36124399309557	-402.29193254668905	-392.02227987339313	-370.28050185101546	-358.68678060867813	-348.7269418546721	-345.58488021498096	-344.56507548941016	-342.95203201862046	-379.9889230151142	-471.4099897411931	-330.7663502233923	-1062.6121493974222	-6102.555615114786	-9962.950083145113
79000	-458.9195774205726	-449.4280410720804	-442.2555145727653	-430.1978527323929	-421.251843620554	-398.97049986272015	-389.1824074728573	-379.08838587783276	-376.35440187273184	-373.5393455553881	-372.94439264932277	-415.5734222534406	-524.4454905314896	-362.6024463909746	-1113.247217609793	-6184.261390381985	-9984.50322646632
79000	-468.29264202796037	-458.8827555744762	-452.11014042369965	-440.30981080900347	-430.0055554073904	-409.525798828854	-397.5618856660266	-386.97333190114415	-383.6504717914566	-383.53229433939276	-378.32230579374885	-414.74824913067624	-515.6945606302877	-369.59325660054225	-1132.2641798718566	-5844.216123668943	-9454.37852892683
79000	-462.9155884014459	-454.4954812066698	-447.40780996104235	-435.75350857566184	-426.2128587028873	-403.4379406855513	-392.86448309170606	-383.01774401218523	-379.4715681427272	-377.95341166723983	-375.64639003202143	-413.65376507436685	-509.51789167643034	-363.24789185460133	-1142.9183930075133	-6137.870111339366	-9706.287469081637
79000	-434.270086572074	-425.7675912162505	-418.42537171730993	-406.5977273074302	-396.81569577788594	-375.16040811219295	-362.97326324132433	-352.16051408640527	-347.39795228678406	-349.5891013425766	-342.2031262805006	-367.98125769839106	-449.4299404372071	-335.0732828206151	-1011.3684051225185	-5711.454797162373	-9309.845040758344
79000	-441.2609994035217	-432.19807837783	-424.9529927675747	-413.0819367894802	-402.90306750011047	-381.94043074206013	-369.28049856211425	-359.60225550617326	-356.977795722656	-355.2467751822387	-352.72290995316155	-387.1179981073054	-475.8455369207455	-341.42605478239113	-1051.6497554416449	-6087.4728910746335	-9847.50068089577
79000	-445.20752509492746	-436.8498210695362	-430.2157822731477	-417.830990311455	-407.51734770417943	-386.2220750068963	-374.92103587178224	-364.791954302266	-361.0936557587434	-360.3743048699243	-356.28958919258093	-389.31918519476267	-496.4411123434702	-346.84532996924315	-1090.241545152359	-5791.789615170798	-9452.31397035146
79000	-433.07211915905174	-424.9617479771553	-418.374015893602	-406.03199290696955	-395.9051210694668	-374.7903328164583	-362.88660289720286	-352.0961540454463	-348.1589350686285	-348.47370751300264	-343.532537346986	-376.355772279556	-466.49064450335345	-335.015588290371	-1009.1367072272304	-5740.36201168621	-9407.262897047567
79000	-434.8410978741061	-426.24977545932626	-418.1490804325943	-406.60682487964664	-396.879315175743	-375.0233907784012	-363.896732797873	-355.6398731478657	-351.621436634793	-349.471389567473	-349.7563230112319	-392.00041158798786	-502.9358152533251	-336.49671014654785	-1077.098862715832	-6205.3642348086605	-10235.273153316855
79000	-460.8820922512858	-453.35615237218104	-445.9464808398349	-434.14030613749117	-424.5929052494391	-402.1763427740582	-391.64191074680133	-382.00800729243304	-377.8323927982698	-377.21860238257943	-374.3159345113541	-411.11844787365504	-512.5169505291288	-363.9802284287442	-1132.4329733608945	-6040.471301968453	-9699.5693109007
79000	-418.1607103984842	-409.5961840417958	-402.7364434280723	-389.88377351277416	-379.5607938305481	-358.1584908450039	-345.9645327606082	-335.1954604374913	-329.238371543362	-332.4820713371559	-323.02343551008204	-344.12651704703717	-413.980829527806	-326.01484415768687	-931.3435802339484	-5451.965551334679	-9014.157834978008
79000	-415.1459098117194	-406.14405032706134	-398.99778928743325	-386.5219870119713	-376.4684070864656	-355.6724283783077	-342.8857708344111	-331.5016399907265	-326.4398945404792	-329.31772090758716	-318.54594026484835	-337.4857930234097	-406.20903010941396	-314.07160795364615	-891.6706825716686	-5522.01391315226	-9083.345461247145
79000	-472.08997723837945	-463.44700637917816	-456.7919570937484	-444.2370814020236	-434.37647421519375	-413.1167258405521	-402.14292018267116	-393.32217073393895	-390.2850032464576	-387.56570515098235	-387.95772051518753	-434.5351514678088	-551.4106013560211	-375.73615331024797	-1184.7088500519787	-6266.13597156741	-10142.190419246912
79000	-438.80281215688683	-430.1478828227121	-424.76336669617484	-410.9275677976832	-401.597259063333	-380.5199593585526	-368.47056236353103	-357.9363597155458	-354.0263177393551	-354.6855363574023	-349.5195476499182	-382.45588991130387	-472.9304880705849	-339.05882892951473	-1058.4193675177153	-5885.033348393222	-9511.38049201942
79000	-428.99734097591073	-420.73064858347294	-412.23162196618836	-401.41584293576875	-391.10859229500875	-369.656298616413	-357.5254429038942	-346.2375777123051	-341.95642594828263	-343.55957375722966	-335.5375912011271	-358.08767385379565	-433.3349847152398	-329.24085409395826	-958.8186253431847	-5619.403889162936	-9165.775067341052
79000	-395.76978011957993	-387.5796695519857	-380.0770483230121	-367.3771451665258	-357.6040774764218	-336.2201925719901	-323.6369544515508	-312.65543493088035	-307.7911369808456	-310.5716143694846	-301.21187226379516	-321.7632045872022	-402.5466276388036	-298.47993195134234	-865.0277741851527	-5532.7336714536295	-9207.30186039434
79000	-412.5919667204252	-404.1768403294148	-396.23966718332264	-384.38597328717435	-374.4197172582417	-353.5288125651641	-342.0029651981784	-331.6732351721039	-328.0226485329714	-327.5811134242769	-323.36210993119386	-358.5318822903818	-449.06073840825206	-317.00670517730197	-974.9954402487957	-5953.221466701212	-9737.950690830297
79000	-402.5982068805091	-394.2511098588067	-386.8929005223501	-374.5520846187794	-364.3730933266606	-343.454809127416	-330.5664492863539	-319.2807116853423	-314.0959733896878	-316.94028424416337	-306.392986145129	-325.53797449313004	-394.3459401549047	-301.5773542376397	-907.0963680173155	-5502.005879551716	-9114.277335475927
79000	-437.0208898329748	-428.23813755865535	-421.4607079577898	-409.2886278098166	-398.89727949629895	-377.88102319007544	-365.77678133721776	-355.09947984883667	-350.0488202839439	-351.27087846753983	-344.2149740357545	-371.453559126646	-451.3130280259635	-335.9939194344365	-1010.8465284665807	-5625.4660317495045	-9218.63084204599
79000	-402.20874448729074	-393.21866416049113	-386.303737013849	-374.12535159002437	-363.5937370329289	-342.54834240435673	-330.77780410304666	-319.7302322672733	-315.6645261420405	-316.65978849082137	-309.80192731885455	-334.74184857223577	-408.52715523611465	-303.82925589660124	-896.2961828596034	-5746.277145535765	-9247.50954344635
79000	-397.86179151403917	-388.979543304172	-381.53407405473894	-368.2794418494241	-359.28530599114464	-337.92062324661515	-325.5877727273351	-316.35112694106755	-311.50833752039665	-311.743792886657	-306.08000497743626	-335.0144159583349	-417.59076609162315	-299.34917396861584	-909.1260089825719	-5689.348859999398	-9507.311907631853
79000	-444.641647357303	-435.8593445059547	-428.26313745224815	-416.87530803377535	-407.5599706384958	-385.31578293256143	-375.2307432847206	-365.55074113215335	-363.22505534334437	-360.83019834677935	-361.3666050719136	-407.9356061557533	-528.1532461737745	-349.21433514653967	-1115.274825263102	-6148.545415523918	-10035.268901288033
79000	-441.04349792119535	-432.46683602379255	-425.86193809922435	-413.1655928926191	-403.89592377931496	-381.4162064522245	-370.3996815905288	-361.3174407780419	-357.67209701843404	-356.31204668922516	-355.0923873815561	-397.44143004968714	-497.77551594004996	-340.62038466646203	-1138.5551211420934	-6222.546771630982	-10055.900825576186
79000	-448.42279508710493	-440.13236998442846	-432.245254709329	-420.81237375207104	-410.9618402538242	-389.4877473304876	-377.6844344690476	-367.96622586550166	-365.25456014891046	-363.98488818498856	-360.8635825461042	-400.95522234355224	-503.01736446483875	-348.22424346455614	-1110.357462795378	-5965.127387503592	-9922.774047547984
79000	-433.8844688276236	-425.8641312578974	-418.14120631898874	-406.1186643905422	-396.8823012321378	-375.18057348084494	-363.46909632633617	-352.7994452567015	-348.35687799216294	-349.26471973462037	-342.7478838898322	-371.5153010432967	-456.4232642743049	-334.1722991545597	-1044.991335436962	-5779.791611971292	-9444.981540933337
79000	-426.77426693456124	-418.23805799668463	-410.84301563501316	-398.32663969992416	-388.6543404685356	-367.4518984082434	-355.70349925125817	-346.3895460532358	-341.8733817648664	-341.838236295003	-337.4212303945427	-369.7454482043981	-463.55469133804684	-330.5442241189471	-1002.9861170192554	-5947.93936228004	-9635.653659524447
79000	-426.3400809964833	-418.10144832955876	-411.4594779880728	-398.79279489936414	-389.44796850082355	-368.1054011748737	-356.2227446497243	-345.51125548150543	-341.7303385140323	-342.6915331226356	-336.02673793916074	-364.1599895581485	-454.314909796612	-330.31313724027103	-999.9679202914836	-5752.963658595466	-9404.83178815715
79000	-448.24167105000214	-439.7756966143193	-432.55300291513566	-420.20057773828944	-410.2563652258006	-388.9952148398988	-377.4594138535418	-368.13493559108434	-363.79685331266245	-363.88656545259164	-361.70354741363104	-406.3805496586029	-509.2362805465292	-353.51004059584125	-1086.0463951001211	-6020.451002748926	-9793.251904648338
79000	-418.69527315323	-409.13810564717875	-402.5891003946262	-390.60682835923296	-381.4897627126262	-359.35121681534196	-347.3487800440379	-338.6546869950765	-335.86576801343756	-334.0586664562796	-332.6915313746977	-373.92514936682704	-483.1562667723546	-319.83585842453226	-1012.7140518605979	-6175.7790124037465	-10040.76927743817
79000	-438.1146467142722	-429.17340764231204	-422.0139824862761	-410.18386696263406	-400.8466533447274	-378.6525385319495	-367.1736513527533	-357.51773364103667	-354.51075385208566	-353.65089204100894	-351.4646002193082	-391.40035577407235	-492.95698977157474	-338.0933876089914	-1077.1443693344968	-5986.841392873126	-9986.22015044905
79000	-433.4876427814572	-426.3558782188382	-418.33833637436027	-406.36003132333735	-396.48408940446984	-375.806476144391	-363.87560614848275	-354.921057362387	-351.71375762395706	-349.2147308492527	-348.26379394556307	-390.668764141819	-497.99791627120726	-337.92459863600953	-1062.1014812507165	-6085.070852981122	-9924.628306231265
79000	-408.68923264605473	-399.9052934171156	-394.1149965389363	-381.0740051397087	-371.30047111124577	-349.8957881384813	-338.2846413570324	-327.1828976074547	-323.29686414443074	-324.1188998103788	-316.2603693628677	-342.710351121407	-422.7145588898497	-316.0343820287802	-899.9217235486209	-5435.486798367642	-9035.478347691827
79000	-400.7306381790402	-391.75771366179214	-384.46597833580637	-372.3777261697777	-362.36570588731763	-341.19822371364893	-328.92846167425256	-317.9502733944986	-313.46185409838796	-314.9366836427568	-308.2131383822344	-333.9844189499916	-408.15972565598685	-300.88451910538487	-895.3339595832899	-5659.619890785345	-9291.084945045599
79000	-464.5870247935773	-455.9398793556538	-449.7739162722783	-437.5406293660577	-427.0764820654535	-405.6671593977478	-394.13700413836517	-384.43131596211146	-380.71741356679985	-380.02099617747444	-377.1146519604805	-414.17609447592775	-511.8063906310673	-365.6643207107357	-1128.4752819893272	-6053.278115748594	-9714.791401295217
79000	-438.14855138136903	-430.20873341835187	-422.58162640479014	-410.6619566934636	-401.4966499283808	-379.43608701941514	-367.98597358756166	-358.1563723951614	-355.9393845943401	-353.71658510211387	-352.55933829851386	-392.0940336300722	-493.09079435416004	-339.4538379239341	-1057.4994769608218	-6241.6173149032265	-9987.858333615797
79000	-426.71203330772636	-418.3896733416869	-411.4264139113456	-399.2599768572753	-389.1730167164161	-368.1403821046554	-356.9845783033944	-345.7356075876734	-340.3387692387176	-342.3935999216369	-333.02523254313917	-358.26032150085933	-448.21769384530336	-331.06259435575646	-973.1696949619027	-5341.620249042259	-9017.276589511806
79000	-425.7443309137575	-416.0545603440926	-409.6231646559723	-397.54656528467183	-387.58791502693407	-366.1092049854471	-354.0331506696737	-343.8031563540289	-340.07844552117723	-339.94003474120115	-336.07282162450235	-368.9918798826985	-463.51847809701957	-327.1720127361941	-1017.02554837226	-5872.632410924821	-9654.072424325168
79000	-417.9484457430267	-408.9744609411636	-402.4383784934203	-390.27649763778106	-380.2259319885017	-358.2560078658969	-347.1513909012635	-336.1213075847614	-332.143023058163	-332.88155812653974	-326.98780058518366	-357.3000099813995	-438.6933741186742	-318.02797592100984	-981.7543987690767	-5847.329928292886	-9573.852894441085
79000	-432.0281802045313	-424.71277006607943	-417.5846972936542	-405.20529255053214	-395.341940195669	-373.6141278507163	-361.8626388850482	-352.53866946968213	-349.5520201276403	-347.87268787465325	-346.54446164537285	-385.72967375060995	-479.1667038480072	-332.36562798687214	-1104.0729676746928	-6143.119700183708	-10002.638760225345
79000	-443.8275861598167	-435.44980003063944	-428.4195349597824	-416.3036762977241	-405.94251110509964	-384.49981531024366	-373.557245447974	-363.9538121258736	-360.1176980905269	-359.47300878405804	-356.6087807664249	-397.73650765022455	-492.9558240504561	-345.2789575043446	-1085.6296210358228	-6093.522077793293	-9896.030057311595
79000	-433.66002558315114	-425.07958782928307	-418.5268671642014	-405.62179521294445	-396.883239335277	-374.90186299784466	-362.5929350038885	-352.8545097875752	-347.2810553633926	-349.5443273827143	-341.72398081719626	-370.5044517293062	-452.30152384210277	-334.55733004532976	-1026.3737300019993	-5661.601918459788	-9278.403815389274
79000	-439.4643798831041	-431.62316461026904	-424.7298748748388	-412.70900750904104	-402.9859474805361	-381.4119489729971	-370.26694463979953	-359.89159480067445	-357.1538320526474	-355.33844327597353	-355.5503782336132	-397.85194173659636	-503.54907906464507	-340.7772432153353	-1105.4797653175901	-6191.8783681472205	-10182.551837036965
79000	-438.8057838541578	-430.26619377404705	-423.19269180690713	-410.7582630450703	-400.8842944019762	-379.74569469886836	-368.2413077781631	-358.73804088625326	-355.8414814122736	-353.9740936836584	-353.5516479557022	-398.2796858901862	-500.11369264386565	-339.01157838818415	-1088.9442430538597	-6368.584837218881	-10325.183615779273
79000	-428.15704359129006	-418.957162319766	-412.237148093998	-400.6867907324098	-391.4205983156444	-369.03415173570784	-358.02761142796817	-348.6130847882232	-344.220056467509	-343.2969336326753	-341.5825519802302	-380.5819728212152	-486.53815341206206	-329.5730473932377	-1058.5722870151105	-6080.43204820178	-9953.080318335886
79000	-442.67560040145656	-435.2332042287516	-427.8018651306583	-415.1131322671953	-405.74125324727027	-385.066096236916	-372.57702298120927	-362.075306862352	-359.01102943078564	-358.6331002577635	-354.5167318367633	-388.9995401561662	-495.06852808211727	-345.6078062455572	-1028.792562668804	-5822.657210994321	-9625.875070677268
79000	-412.85827190779935	-404.2546874759716	-396.6198314213902	-384.86260130035225	-374.92409685931733	-353.0300573684513	-341.36003000372	-329.95587300198406	-325.72535780744784	-327.03747357343656	-319.66162877091153	-344.5880893166954	-424.55832791616064	-312.76772833545755	-952.8489245950129	-5535.42378617297	-9119.130810925704
79000	-432.0951356346454	-424.65056020412436	-416.5890612441852	-404.9057724805973	-395.11976691707076	-373.0199041421503	-362.1873841903738	-351.75612627210734	-348.4002787050845	-348.78273164093014	-344.8505284040676	-377.43973458554245	-481.76704791071154	-335.9247124243785	-1009.948634833975	-5723.269218434264	-9371.942527239291
79000	-443.8485253055771	-435.60505723330937	-428.02443829557745	-416.1682579419653	-406.6539943797387	-384.6765611975859	-373.80756195514505	-363.77032878774827	-360.5815727834193	-358.8967148882777	-358.23492926778664	-399.80023569561286	-506.0258963456155	-345.882057081357	-1097.0160246869764	-6194.2714455961595	-10002.590501046961
79000	-444.31743381006197	-435.5187456756042	-428.45806593258663	-415.81954136048853	-406.66764844002	-385.37789429024707	-373.42573385488623	-362.5387345259424	-359.2249532576563	-359.2248504373142	-354.44922034604843	-386.73684121254496	-476.2481535408296	-345.69652397364973	-1045.6062878694281	-6032.0562670843765	-9781.338733601398
79000	-432.5874267795969	-423.34266350155906	-417.10935836684536	-403.7897385438531	-394.24680407479343	-373.9006865109574	-361.0046671985382	-351.37334849146885	-347.18507782850503	-347.04234386698784	-343.0699182454442	-377.5614726514508	-471.5832979289635	-333.3025327556271	-1032.5867455594139	-5875.673354651204	-9550.367595114598
79000	-420.331694104993	-411.45651107222204	-404.4449728905403	-393.15214254710804	-382.9070106240979	-361.17980535834386	-349.44210438190174	-339.77941008126936	-335.76692739788973	-335.28636945025244	-333.5099578781382	-370.86986966494567	-462.6623202526188	-321.2535561438646	-983.0945487839286	-6168.064328331191	-9989.089900948631
79000	-461.65306132965173	-453.49170818872767	-446.74235625469754	-433.9404635593413	-424.78183226175753	-403.2275896129513	-391.75131563493943	-381.44209781245274	-375.92749243768077	-378.1658080580192	-370.2406441674365	-398.9507293441385	-495.7735787430155	-365.7540445228355	-1071.7740613374644	-5701.889794437847	-9328.490852861702
79000	-412.6553833136626	-405.1372003248957	-397.80642576975816	-386.40228761132323	-375.93966993363614	-354.14934961814004	-342.386391652698	-332.2487495103853	-327.5903222677227	-328.86445369502496	-322.7047162133949	-352.9106665301304	-441.4446281095208	-314.4309448596176	-980.1211253735858	-5713.101103687446	-9516.146400769014
79000	-433.16770266878154	-424.9858052962434	-417.90588083109964	-405.62144328571924	-396.29145051965236	-374.5938467681867	-362.22893974220443	-351.69188733736536	-347.6646050794098	-348.1144223647301	-342.5810237872337	-372.10592118607667	-457.4823493014844	-333.5889205144082	-1036.8152144203568	-5832.733271220967	-9583.634233074226
79000	-461.6296011010209	-453.5618886259959	-446.90068019427287	-434.8518255912595	-425.09977020057875	-404.024110999101	-392.96319366458243	-384.1386585031529	-380.92904192314757	-377.83437010728153	-378.9979551427345	-426.87119134677977	-546.2343592621172	-366.7443387642167	-1167.0681898044447	-6271.495252907285	-10190.509255942921
79000	-452.63190157377613	-443.5799133817261	-436.44840621001146	-424.4631444691702	-415.5635330434337	-393.64174319026256	-381.89757859537576	-371.8549509153188	-367.58075731709897	-367.6706710463828	-364.26852242539735	-400.418847549138	-503.2926269472184	-356.1592009135333	-1074.3489786186267	-5960.185042141967	-9618.44940759541
79000	-466.2245998746461	-458.0041296131911	-451.92229371748095	-439.11939784383867	-429.37886994631333	-408.2132396435074	-397.37832107339864	-387.788547281751	-383.0705094193222	-382.88007035433435	-380.14998179125246	-419.1685442702603	-533.2325270313313	-372.99067614581344	-1161.18034590067	-5848.89026115558	-9588.110374684982
79000	-474.02226770651595	-465.7562113411351	-457.797481924318	-446.2792968112552	-436.97758275379005	-415.5195624309093	-403.9370277094088	-393.54632325957243	-389.6004116903842	-389.8720775046357	-383.32836283183934	-416.3136911215181	-523.2993735616942	-377.4847260505851	-1115.1966067250783	-5595.255463426865	-9172.616688810522
79000	-444.2518910939186	-436.3638737120224	-429.5760844266401	-416.7009321481346	-406.62198229112624	-385.7290350161149	-373.89994882494983	-364.0568726415128	-360.48897706203235	-359.84326196422353	-355.31909495150234	-389.8939482169606	-476.4249832907958	-349.5530038795725	-1029.244160398382	-5859.072777487689	-9404.561835264005
79000	-432.6066710295331	-424.2261081298682	-417.4881859806798	-404.71810798184356	-394.7122942347437	-373.4471808241816	-361.6721920791084	-350.57772118151235	-346.9873707558168	-346.9245844632775	-342.2980136756146	-373.5875504644418	-459.77907954401377	-332.26140377124904	-1037.8047273528591	-5927.3785092113285	-9602.89696252093
79000	-424.39306028240827	-416.3570669679284	-408.6220134387076	-397.18229733569706	-386.7153127643412	-365.1081707529088	-353.66209072216776	-343.51277666065266	-339.2610935377414	-339.2026682533286	-333.99795162319435	-365.87044466891155	-458.4842161089305	-326.95647118956873	-954.0046915209036	-5914.138068765278	-9641.29296727781
79000	-429.3289736157175	-421.01514780997195	-414.02910574020694	-401.9412012957474	-392.30584392836465	-370.1522363567392	-359.2411262599901	-349.4706351311627	-345.8886290876598	-345.1673353333159	-342.5560953795051	-380.88615941318415	-484.93117385546094	-335.09122194088366	-1043.9252226289138	-6151.412104649622	-9975.527244309664
79000	-410.7330305230531	-402.81036671873306	-395.0745421460197	-383.2324756398042	-373.92796753223183	-351.67237656964596	-339.5866234216377	-329.2318928568028	-325.5162074293044	-324.9851669876724	-319.5534496876019	-348.57517288023274	-429.21343576162593	-312.0950102421561	-957.8966621013168	-5896.774791449033	-9574.49936398175
79000	-417.9022086163217	-409.80213681488885	-402.62406261214045	-390.2366091021978	-380.68251656705127	-359.15852337010386	-347.13141322712255	-336.8662053058793	-332.6793246460621	-333.60724570020096	-327.9772249201339	-359.1057410046999	-453.794792052562	-320.68864219333483	-1015.0561003219376	-5774.894408220229	-9509.792771673672
79000	-458.81199738525777	-450.23776222552755	-443.7571897765877	-431.8279680027621	-422.0075018910068	-400.27885015543046	-388.92431629666106	-379.1124034872243	-375.8941795180467	-374.80264582621743	-373.1146917879754	-416.5385531512832	-516.1368168956517	-360.70094178243613	-1170.5102405981986	-6060.714135071245	-9892.13209445122
79000	-389.87591547437887	-382.10975649331516	-374.6502649647725	-362.80850734946205	-351.90960813356145	-331.0027487859889	-318.6262643850177	-308.044712025363	-303.25794252581704	-304.53757171679297	-297.4588212741112	-321.1339979577749	-394.54840476050805	-293.94139448694136	-889.4982224858934	-5632.06110159193	-9302.085176833449
79000	-481.65264934390706	-472.9667123613287	-466.5696961142707	-454.6600028160175	-445.4680749737303	-422.80563527464017	-412.52514964737094	-403.37068701942655	-400.8686531492501	-397.8348590734546	-399.93209165276494	-448.32495061168225	-565.665328532919	-384.7983715475665	-1219.596560352985	-6419.149095146579	-10189.872497037433
79000	-411.941332743398	-403.4583827607144	-396.39240242523175	-383.9342894685334	-375.1980828907078	-352.9959321474732	-341.2182816778968	-331.66106076000165	-328.1079302684406	-327.4459714355418	-323.2197787558691	-356.2773112182142	-459.4078788678034	-317.90648609163895	-974.67836322535	-5970.531338903859	-9732.318046072342
79000	-446.8749050848548	-437.9916668577656	-430.6384098158023	-418.7202644012559	-408.97261032268636	-387.1266372653073	-375.3008799114809	-365.27230784151084	-362.01128935864836	-361.97865940220476	-357.32968903434016	-393.208242747977	-489.578892532466	-347.4741810094773	-1064.0785601135776	-5886.37655206226	-9643.473570857328
79000	-455.6320755648347	-446.7920151737458	-439.68368246554616	-427.5193059114804	-417.996096563193	-396.67285632871847	-385.1477689127118	-376.86986356330175	-373.92964072548335	-370.79406623467395	-372.05514459620787	-417.0371330080405	-534.6077305393737	-359.509954536653	-1143.4670052617878	-6286.112787001185	-10052.218185347618
79000	-437.2215964407256	-428.14748359941245	-421.5842433446889	-409.3086999943906	-400.401322203966	-378.00905740414527	-366.6609707241489	-357.2705571311101	-353.6175701488833	-352.22249790276487	-350.89344847330625	-390.4190808397073	-483.03190850182125	-338.93507297714433	-1050.096487007907	-6201.064966964046	-9901.963106451207
79000	-446.30676746567536	-437.67998969371234	-430.5852770104403	-418.5041626755592	-408.6002005741323	-387.40738546240317	-376.3470032397246	-366.80591229516926	-363.8970624343203	-362.63141791364137	-360.80035392490294	-401.4999351408876	-503.3054841324278	-349.83504434830195	-1095.5471095012742	-5884.399386516973	-9675.475631859892
79000	-432.9827112312902	-424.1264487336902	-416.84165955759437	-404.8167229249202	-395.94717124762053	-373.0915488939049	-361.15113766017765	-352.40639247011245	-349.5913398824128	-347.2942489752609	-346.06931295932833	-385.9477048687	-482.79195638521963	-333.24820454295144	-1069.6816823213107	-6150.360427676671	-9976.152034455881
79000	-433.5075642707671	-425.2175607610448	-418.07953834551455	-405.960815253899	-395.909512077441	-374.9625160106224	-362.8386078351961	-352.83901912854043	-349.3676677185146	-349.1321704832134	-345.75653497858707	-380.18109097481545	-481.76048323724496	-334.4948661816784	-1055.2066814165335	-6015.608020413847	-9741.42180971808
79000	-455.80676846545396	-447.7068555854293	-440.09102472509534	-428.7696783868156	-418.4714809303596	-397.06154911348193	-386.332971131483	-376.80858574667144	-375.11315684171444	-371.2374702844473	-374.72559327329117	-423.40863543915736	-549.6498830849376	-357.91575737296796	-1148.0844727626588	-6399.636441883645	-10369.999845545763
79000	-467.2959571984955	-458.0218424057801	-450.84488520685096	-438.9336533729364	-429.6448999644081	-408.89841430250164	-396.0867589060204	-386.81937599828876	-382.8576051101543	-382.05951511561045	-381.0228329547559	-422.56549829428445	-531.0787637183612	-369.6944978384017	-1138.1114852212222	-6149.320861202778	-9731.962631823008
79000	-426.98241642102477	-418.95001021088245	-411.3244780046811	-399.6139090452707	-389.8484903635663	-368.0117692836746	-356.5151641405788	-346.0826992720715	-343.0693281178248	-343.0317559392664	-339.8090588871043	-376.68413968812496	-466.5544767037495	-327.314053386863	-1037.5937738752384	-6019.018267972516	-9808.470395467966
79000	-460.17688672980745	-451.8418520397061	-444.6200819826028	-433.46560402561215	-423.0187862098722	-401.2449868125834	-389.53428098960194	-380.6451228160777	-377.72670299026055	-375.59331608081976	-374.81272706683137	-416.79542382360745	-522.3550621817856	-360.8059042481756	-1169.8606475715335	-6135.386079931083	-9879.256091786317
79000	-455.11191813244403	-445.38956135436024	-438.78071691329575	-426.7471682696456	-417.3428272790852	-395.2312071444558	-385.37563768395813	-374.57583748805666	-372.22792435674995	-370.40628189815146	-368.8480552563536	-410.40190562939296	-515.8351868747728	-357.13920243173203	-1123.845289977959	-6056.639476933976	-9829.869956336855
79000	-428.27920845810496	-419.15879689733435	-412.3123413165569	-400.71956758039573	-390.6823948242709	-369.0219083447736	-357.4961058450445	-347.97491014216496	-345.00707518529344	-343.411372679968	-339.94428574925433	-378.3349532910405	-475.831071213684	-329.76121194732366	-1035.1588947938565	-6003.422843202828	-9878.294998686975
79000	-453.8372284456236	-445.41298135593735	-438.2899679995434	-425.9286925331377	-416.7942686924356	-395.24706934906885	-383.0943631410551	-372.74522112249707	-369.82353959684286	-369.4064065535407	-364.1896424032234	-397.33450478626617	-497.11028926146963	-357.18429317196325	-1070.3345394267528	-5701.958784626812	-9381.027560894441
79000	-411.1704485496913	-402.71826460728363	-396.14737265038633	-383.13613238697235	-373.4436478372153	-351.9368386441783	-339.5024147262406	-328.2072640713869	-324.071546153267	-326.14657705116093	-317.0872004366293	-336.94521278448053	-406.20512847612554	-310.8634717163075	-914.6724215712823	-5618.877247012615	-9183.490165275594
79000	-442.71327091856733	-434.6361284143018	-427.17038981311686	-415.03038512448234	-405.73007574395234	-384.0582373066563	-372.71627314176953	-362.2023839196195	-358.69463504850165	-358.0856455756156	-354.87791460220416	-391.14928735867375	-484.2944593195668	-343.79050294605656	-1055.5593853624666	-5961.200048344661	-9677.805208653566
79000	-429.2429902763786	-420.208777275692	-413.2413129843615	-401.23156466148635	-391.30545822355685	-370.8767260451442	-358.04323061722454	-348.4352146538049	-343.72875301040114	-343.7447561812223	-340.1432928366492	-375.82148594295666	-469.0719615930649	-335.2826174887919	-1016.8639298127381	-5838.955176053022	-9532.398565149213
79000	-434.64825739999407	-426.05955244680297	-419.1827303736457	-407.5538228830284	-397.59252606599546	-376.05798516064567	-364.1701853424565	-354.4998716707104	-350.89220532487263	-350.43943916199527	-348.04918159410107	-384.05019941770865	-479.0122993268354	-336.12367683016384	-1047.4602016751005	-5986.488024190305	-9735.120874488503
79000	-425.3641485224356	-416.2556352792012	-409.0545831272321	-397.41471987123373	-387.46353736492415	-365.868937221814	-353.7488426213472	-343.2379875970677	-339.4984545980209	-339.2664161851566	-334.24286004859516	-365.40184504531373	-450.7248655174074	-324.39446558116356	-996.9214972192491	-5864.467553128216	-9630.004353218446
79000	-416.70939645833516	-408.4162475896401	-400.7391493211849	-388.72747677523387	-379.5025552980186	-356.9091711366395	-345.38962041910463	-335.14185170617435	-331.37181016778874	-331.2568229319376	-327.26970264031587	-359.58711031884843	-449.8849902241057	-316.5199282741593	-972.1755252631706	-5830.801978909701	-9576.65719294613
79000	-452.38925574619464	-444.4416532771095	-437.5253554332475	-424.87735150025253	-415.4326601302005	-393.94708380434	-383.20678806251277	-372.49001531039767	-369.61127171914853	-368.18548522660063	-366.3728665487414	-403.48842723858525	-502.5297316491396	-354.33919419843943	-1099.2425318569667	-6120.803693868579	-9660.995379125518
79000	-445.7874509367425	-438.0243167277167	-430.750499463846	-419.29327795152074	-409.5181341071485	-387.5388907249662	-376.1870522765205	-365.7462619617604	-362.35905990912806	-361.5077930079018	-358.831152124635	-393.7046336275581	-495.86155580799755	-348.56560172751153	-1111.386969113141	-5987.986550278926	-9655.486647673208
79000	-455.3983424283542	-446.46173415210865	-439.7639310732911	-427.7288917530951	-418.56254549618035	-396.943027197681	-385.91671685855545	-376.3054166984553	-372.9637606903324	-371.60386459395414	-369.87670969848944	-411.1901612813498	-509.8710222835213	-358.0077599065781	-1133.6018300154622	-6041.5912247522165	-9784.530008512216
79000	-466.06629910277	-457.1114783084146	-450.0831135615676	-438.7188472457847	-428.2041269530738	-407.36715078618744	-394.9990455627541	-386.7399049795111	-384.4482173441511	-381.4182367768588	-382.7018301748467	-429.4305211168046	-539.94319360907	-366.85677021677816	-1162.649842369765	-6428.599714752891	-10203.391164444023
79000	-420.80720558290074	-412.90671970446357	-405.3029728764988	-393.00291497466344	-383.92179208806493	-362.23575704710623	-350.47655139207825	-340.2412927959489	-337.3256087802359	-336.2369879656859	-333.37849119102185	-369.60164661470503	-465.95238459614535	-322.1899431858422	-1014.819550095998	-6081.605391582684	-10005.494474342797
79000	-433.9252071318739	-426.63500587126333	-419.85623586532455	-406.89658002058457	-396.98552443735275	-375.9570069645327	-365.19506801737197	-353.88384678276475	-350.188071784062	-350.314731585065	-346.0400954126721	-380.6069301278234	-478.7338371665145	-338.3686125508378	-1015.7367957647253	-5910.245236107912	-9451.120804522394
79000	-392.2899698379911	-384.9652223187113	-376.916834126242	-364.61112426204954	-355.2724650613406	-333.1087201052165	-320.8356442120938	-309.43014848636733	-305.0945733785637	-306.8421080154579	-298.72872478058804	-318.7430769421735	-387.116441369209	-293.2487160155575	-843.6955514271709	-5576.88182021294	-9185.26939920267
79000	-400.355436926321	-392.2229128214458	-385.43914779047606	-373.542340968581	-364.020249787823	-342.0749933621705	-329.70526274607965	-320.23067911455644	-316.41890952312104	-315.84674384446	-312.9170880033202	-348.8964310157554	-434.53914424708125	-304.70515139014685	-925.0768001103858	-5948.240857407141	-9770.981921349794
79000	-400.77662515389915	-391.89755431743936	-385.0378706133674	-373.2953236990495	-362.8726442880345	-341.5164960839573	-329.44493731194547	-318.46036666147336	-314.28552024183995	-315.38858911205597	-307.8922641059211	-335.3251023809754	-412.0494830493387	-300.3870518261033	-912.2757836786519	-5738.420722518276	-9393.867454460755
79000	-424.6136185365271	-416.7508720244391	-408.9994280712212	-397.3735864496267	-387.7625220630151	-365.5536606142396	-352.89433685566496	-343.8442192212143	-339.99662745755376	-339.9511907143757	-334.8768517894967	-365.79441659324567	-449.0336123465245	-324.35201454280565	-1044.7085962117853	-5798.110161249553	-9653.08991700862
79000	-462.30006123363614	-454.3166371714481	-446.74219057834483	-434.61804557641517	-424.7637265362893	-404.1895407808566	-391.7622538296474	-381.5208374384957	-377.1920135184215	-377.8297108204973	-372.23998764822346	-405.650154283291	-496.9625825453012	-362.1099776893606	-1123.4353573694284	-5817.862806681319	-9477.208041305654
79000	-436.9050799641175	-427.9031395275744	-421.16130148696453	-408.8714202035886	-398.664294969112	-377.00221713299567	-366.04970564094106	-355.54400294652237	-352.04466428698424	-351.85663234669926	-347.7399557398067	-384.8181253431841	-480.1391343652902	-336.0545132084295	-1080.6978381610147	-5973.968552782165	-9872.783180660248
79000	-399.35898167634895	-390.8187715706924	-383.56845583671117	-370.61804927925243	-361.82072384265706	-340.1262646247383	-327.6297451502607	-316.9060800623813	-312.1177579366196	-313.4887295557613	-306.37370545346903	-330.795691930367	-405.35815019822843	-299.40793191059527	-886.8351930401063	-5495.0739674553	-9267.260216903094
79000	-458.0909877683055	-450.36607364233276	-442.65109941205463	-430.91233438781455	-421.80851223124347	-399.67133961250414	-389.20051411258356	-380.5040308079244	-377.80066990890464	-373.7007634318749	-378.77202794997	-430.8481583990893	-542.4454449911839	-360.57803461528096	-1179.3955075873753	-6464.843056087307	-10404.943873036402
79000	-418.65104819917974	-409.96604477225634	-402.62670733994383	-390.86258200073746	-380.9427847568469	-359.5123112067044	-347.1823407452927	-336.4803773851835	-331.7465596360232	-333.5744782237189	-325.8305399580247	-351.9935249052455	-434.0858611674822	-318.38987470618184	-939.629762657913	-5725.062190731035	-9402.621649707007
79000	-459.84825729772183	-452.2168250937938	-445.0135443534754	-432.8944843915365	-423.7924737382823	-402.1477452661513	-390.8884385459308	-380.7688041939745	-377.4853668383369	-375.721070348036	-374.70927037998865	-414.72915835821186	-521.0697403863882	-363.52571200466247	-1142.8937566386858	-6010.390962320143	-9816.96536577451
79000	-443.28015265359977	-434.63618856863195	-427.28177986169663	-415.65948688776564	-405.86174613861937	-384.83818538809487	-372.8370050923641	-363.2167151456199	-359.0549490836135	-358.58359445821407	-355.2188213816748	-390.2507151207395	-497.59485183668266	-346.69037676743596	-1065.2882221909288	-5874.6098056037845	-9664.019310256881
79000	-422.0410816061829	-412.9994270892698	-406.4355504324979	-393.9466835640525	-384.0276018335586	-363.047516319335	-351.23609354074574	-341.83300278824714	-338.4011076070266	-337.2801193222781	-334.77493560355106	-372.8920577044126	-471.15527207890926	-322.7491203201846	-1063.1013955111127	-6154.217986978983	-10042.144249811428
79000	-458.998457376423	-450.39493357584234	-443.6602597148797	-431.58761737472673	-421.4620591347618	-400.729402123339	-388.9458813738693	-379.18864080855593	-375.73104479675317	-374.8263096156304	-371.0357491032831	-408.79792917020484	-512.8458392754644	-360.90281799324083	-1120.7287205620305	-5862.4788094041305	-9542.710757778172
79000	-435.6686583658236	-427.1944976690522	-419.7460109158864	-408.67682747761125	-398.25836287458486	-376.7311836854435	-365.6230815233994	-354.65910000030794	-351.16453494391817	-351.12321957144314	-346.4690693270922	-382.28046341387187	-480.31426072338957	-338.21753015566713	-1046.7433816708326	-5894.469210750482	-9738.75632709697
79000	-448.8764991680413	-440.9144252196789	-433.70466935472615	-421.8927736443942	-411.8260706006278	-390.45194678407194	-379.2478072005034	-368.7864787768206	-365.3002565618959	-364.95174992539216	-362.10505963164616	-400.87442546054433	-502.62701471744543	-352.57580111088913	-1121.6282271175892	-5969.405644823716	-9778.17450245234
79000	-398.3249311131811	-389.75875443322036	-382.7940904214209	-369.7820204590611	-359.43390064416764	-339.0875412592515	-326.56577703054035	-314.94258004511863	-309.4787203261267	-312.52467295494347	-302.74232351677756	-323.1151989179129	-391.43931239932493	-299.4879649868578	-887.275981102921	-5492.901348374046	-9099.700781261434
79000	-433.68760432126805	-424.63163183460716	-417.7538794959459	-406.0305632096905	-396.71361651097766	-374.32563432174175	-362.7255828407065	-352.90719232873204	-349.0442042233331	-348.7506335117893	-344.3608985822171	-377.60601970418054	-473.74681679436935	-337.5467892957064	-1041.242924662264	-5964.304542856865	-9629.681282200216
79000	-424.8402416841831	-417.48417648972605	-409.69333528965177	-397.6609317892488	-387.91337878682816	-366.0120025915511	-354.58205369017026	-344.7796245720103	-339.9641899487657	-340.13494072562855	-335.71938830409385	-368.4045395395421	-461.6116782300072	-327.25486133965296	-1012.9775934411588	-5867.226724752944	-9675.023696234846
79000	-406.1810595752211	-398.2481399164478	-390.4283250020051	-378.7652369487266	-368.09891411799384	-346.5834159809864	-334.43596782291183	-323.80695009036356	-318.8265655349073	-320.8838648942457	-311.88892834255995	-334.7152744211381	-409.9040581138551	-306.7971244477163	-922.6443195037388	-5589.326627084754	-9194.05503807069
79000	-472.38431430509206	-464.0135849631228	-457.03998624516026	-444.96985749261853	-435.14342869287	-413.8196263889209	-402.19678656128156	-391.937879186193	-388.57215900749026	-386.9597482712797	-385.51367553198094	-426.1522285806308	-531.9768637227561	-375.8188219034539	-1171.125435466596	-6177.917929617209	-9938.222754493674
79000	-453.1630542710289	-444.2105481997035	-437.36344725538953	-426.08566515398763	-415.88876306282333	-394.8571437401855	-384.0033885012948	-375.5258159784038	-371.15693284958206	-369.6433184761451	-368.1411187795989	-410.87090047305884	-535.7753888690274	-356.7914363320156	-1122.2409308470687	-5941.904569046158	-9718.407237372081
79000	-435.3034833950494	-426.38010120325055	-419.4261212586436	-407.09497908352546	-397.1686873034705	-375.6180741016923	-364.77343349939815	-353.78265217915487	-350.6275779021453	-350.5044281572038	-346.2540338200218	-380.57976677300286	-475.76372218213004	-335.27683136993227	-1046.9026390759354	-5829.762138929882	-9727.106154670824
79000	-498.3982972579795	-489.5993621031185	-481.71446759498946	-471.31253184117975	-460.54438720543664	-439.4569285020558	-428.59719942664583	-419.1881157591185	-417.18069871525336	-414.31243155492245	-415.58035082115003	-464.0549945468272	-585.2876841952042	-399.55240743154303	-1301.9407087553752	-6441.549460594825	-10191.217579108234
79000	-429.2676872791447	-421.7511308825191	-414.8794681060205	-402.3239245725953	-393.1286545228592	-371.44583273148476	-359.3088181567329	-349.21746416224045	-344.5811935501565	-345.50370429100354	-340.3424721050141	-370.60126443958325	-464.6195402173235	-331.66336650132433	-1014.9776741813382	-5780.840964726978	-9557.593031961002
79000	-445.0700743571853	-436.7837465469941	-428.5059207720163	-417.5008703278702	-407.69420307581277	-385.6974448950776	-374.58145329486615	-365.1563822025283	-361.63432786496435	-360.8571221596395	-356.68673238253325	-393.2683747091443	-487.6447703833325	-345.29527820828093	-1096.1778834703923	-6036.42440387054	-9937.181991219446
79000	-410.2982688591244	-402.4543549249572	-395.0260256142579	-383.1350410161375	-373.4438416573641	-352.0541108158508	-339.41562300322994	-328.87006224744886	-324.0342429440542	-326.6521872384501	-318.7339533749813	-346.6972114750818	-434.88722338193867	-311.97410396499083	-917.8502768002293	-5793.299683375512	-9546.797162647023
79000	-470.3420440504456	-462.1062200015076	-454.5070735231797	-443.3649067468166	-433.7356379122899	-411.839475734747	-401.35705184251685	-392.045994289272	-390.5363336764399	-386.203239075925	-388.7657743297744	-437.39026956371515	-556.4204107353604	-376.74337005657327	-1183.4108882894566	-6284.056557673048	-10102.67175475516
79000	-391.6323973994909	-383.6849233104884	-376.8733119825807	-364.40582962585665	-354.7777464786518	-332.8150472468735	-321.09074668310257	-309.69843759414454	-305.4099458089038	-306.7818635757363	-300.5936975632806	-328.7382579887572	-410.44223042621826	-292.9807254635636	-901.1123288868329	-5766.345767337291	-9533.594235989973
79000	-449.52327284645776	-440.64290512776887	-433.64070842752886	-422.22037562904336	-412.3241381501074	-389.81099977596983	-378.7061292176056	-369.82457813244247	-365.8618768046808	-365.2335923044163	-362.5309766494295	-402.56950855756537	-505.5206216343305	-353.53457341717825	-1088.1380866320055	-5934.44829468544	-9712.385701006768
79000	-436.41100042423915	-428.2972294501714	-420.7682247455435	-408.3804846191265	-398.9944089799025	-377.53831270490844	-365.6336448049672	-354.03721413901394	-349.9725252089349	-351.1329426068069	-344.56055416961954	-371.4276315754348	-447.0874310032943	-336.5082286077272	-1010.3959412552447	-5839.70302184685	-9430.837395874332
79000	-446.52820561201196	-437.1558473297787	-431.0106533013205	-418.36400975186405	-408.7924893889419	-388.0260648622733	-375.34808627598966	-364.9408615521049	-360.5324308273987	-361.05878682436145	-355.6082753701128	-386.7780555180664	-488.32588402275843	-346.65661839457897	-1073.1470211894898	-5870.676298931452	-9535.132057052513
79000	-450.829998507544	-442.5878304698533	-436.1621243882118	-423.2612427283234	-413.89213035541695	-392.508306499128	-381.07369515846926	-371.27419262612125	-368.5439743827085	-367.0565430255356	-365.8990968893153	-405.04179261011205	-506.87548496975336	-355.1808540439951	-1112.3879948422111	-5955.448197407103	-9688.836523607111
79000	-408.03071964829627	-399.6714986640971	-392.08589996082554	-379.8842503240479	-370.2793083504016	-348.8414149900865	-336.781591955172	-326.84245217272104	-323.29440074768775	-322.65911355489277	-319.1866715061855	-352.8351662300811	-439.34013856101376	-307.15277804826593	-993.77900718958	-5833.464524652902	-9757.294288864881
79000	-398.47261577582066	-390.2962156760248	-382.9873057237252	-370.4638290871777	-360.69060491211167	-339.807529096442	-326.95230904757796	-316.2307215421141	-311.8855419250886	-313.91288493552787	-305.6987032166905	-329.42514961889856	-400.87845172331015	-298.6944775847667	-900.3858220423492	-5705.271678264817	-9410.428558681517
79000	-425.83080503481693	-417.02596664450596	-409.51788065555814	-397.7844848963358	-387.3536519560069	-366.10823097946957	-353.891316419941	-343.8684738944862	-339.32243382198067	-340.12014207671035	-334.02264878468924	-364.4612761512113	-449.1913589664703	-326.1367245674839	-1025.090388715882	-5805.31283641633	-9498.383052356105
79000	-424.2200729254178	-415.8471019355653	-409.0573102901664	-396.58094060144845	-386.57301193444636	-365.1610793818913	-353.11830978162027	-342.94185146624255	-338.9775007213307	-339.55086021811786	-333.3264427455572	-364.41360711421436	-451.13355708097987	-331.42848011781825	-961.6152426103795	-5913.257404206583	-9714.432135927964
79000	-481.7283746591007	-473.7949114898932	-466.4081792875963	-454.9132799856658	-444.34651853280155	-423.2045914574941	-412.30386971928044	-400.6278416433274	-397.2701772772411	-398.03351314803183	-391.51979379222536	-422.9821963542018	-528.7734654061276	-385.927301965582	-1131.9785464096892	-5732.049923353363	-9156.810007984628
79000	-436.2401444650465	-427.9884399169835	-420.1715607154834	-408.80564113907485	-398.0613056484053	-377.38763750990324	-364.8497494388793	-354.75926697402554	-350.2710110807061	-351.1334555565405	-345.163912848246	-374.49415847016996	-456.11926600660104	-336.9790516344166	-1010.4163019866918	-5802.101339746568	-9601.601047326238
79000	-467.0750971053751	-458.52850297454063	-451.1415834051398	-439.2150547727822	-431.26134211249234	-408.02749962538354	-397.57234945919146	-387.71261540565365	-385.073005917183	-382.8608626260507	-381.61052782153644	-424.4907655185909	-537.4538463753468	-372.51442977068035	-1143.3562214610624	-6010.0119803384305	-9656.134051432484
79000	-442.8383393228676	-434.3731650081347	-427.37952525738257	-415.4902236845985	-405.81376433566464	-384.02011787601504	-372.54299698864247	-363.0937374587165	-359.9109223049949	-357.9877628347799	-356.3552849326657	-395.4889020482577	-490.03536356849503	-342.42161675476564	-1121.4375478424365	-6305.456662818505	-10095.823564003966
79000	-481.9212019029593	-473.8726829746012	-466.2781500195378	-454.17907606756376	-445.45459439835025	-423.13512304516917	-412.21127343795604	-401.96104989771226	-398.14636773737493	-397.34546835625116	-394.8760766818228	-433.1605031156575	-541.4303872176716	-382.82418840790683	-1173.7928787513054	-5961.966207269793	-9662.487028673235
79000	-447.20549842131356	-438.79494830053864	-431.8543888924774	-418.8417772892034	-409.0927502122871	-387.81774739032113	-376.65332203939096	-366.33604145884976	-362.276008851758	-362.14493950228535	-358.2623487697545	-394.5808103243639	-489.3460108205659	-346.5410388770924	-1093.1385162374295	-6111.280356772484	-9889.724039398876
79000	-420.04863897076973	-412.4115003667878	-403.67116154614934	-392.6494234125454	-381.89776116090286	-361.1502837540482	-348.7055123403647	-337.8321436213866	-333.6220177561308	-334.7544098305695	-327.22072663745547	-354.17374037526025	-440.49197394347607	-321.2295273851061	-953.8889064614192	-5765.1413463498475	-9361.121335326361
79000	-471.7065163115671	-462.7164302870493	-456.0106631730533	-443.67416006368876	-434.2982160671882	-412.488659033442	-400.9941344899843	-390.79626113004605	-387.05419807626714	-387.21868381419944	-381.3058998882671	-416.2743953331649	-509.3825967913082	-371.5175259138365	-1125.587026668339	-6000.616222111205	-9598.68778383079
79000	-426.2190835486094	-417.64280470474654	-410.1224805063692	-398.1090204585281	-388.06401668040695	-367.0714297221782	-354.50167529646643	-344.753322492555	-340.4035635235526	-341.115377127188	-336.7321340748643	-368.49731381089856	-459.7336744176057	-326.93565547716	-1019.1571068333612	-5871.590745847943	-9545.462047109297
79000	-453.2996253943969	-444.4267798404968	-437.16717171813644	-425.10667574275533	-415.8474105778336	-394.0257008169166	-381.8922600479986	-372.0310050633457	-368.6671559591873	-367.8846858834567	-365.28859823938825	-401.5473872317427	-493.7680121912095	-352.6022336503598	-1118.2105744993833	-6113.681847349065	-9852.052917118439
79000	-384.4179407284188	-376.17096642174414	-369.22450348571687	-357.1864389453365	-347.21183201362453	-325.2609252142833	-313.310818580315	-303.38642358081455	-300.07746898088135	-299.79111615801554	-296.017949645391	-326.83604259271834	-409.35372547892075	-284.5408861377248	-906.2617753235925	-5750.200078395742	-9672.147625718922
79000	-419.98795745724215	-412.06120625280204	-404.28094592713666	-392.4824682662953	-382.32006726927136	-361.47571368002474	-349.60988379085853	-338.5515822573418	-334.81391098004525	-335.1166449248209	-330.5763984196589	-364.7627555426561	-455.8185365465494	-322.35733828660335	-1002.5393660535422	-5806.164464237861	-9660.345406046848
79000	-442.03812736808413	-431.8091846352373	-425.71016945613786	-413.62859356560125	-404.2977586862255	-383.3275125295932	-372.52770330314644	-361.91213448690326	-357.9521752531355	-356.9540261515925	-355.7247621398128	-397.6225360390656	-518.0108608408262	-345.76017225382463	-1080.504136939859	-6006.273371003377	-9861.014973497497
79000	-450.9561386950125	-442.23925004333563	-434.67069084703127	-422.90525994550785	-413.3521229824167	-392.9455910000501	-381.15654007475433	-372.1529861347775	-369.44784966129725	-366.9717257563113	-367.6518212833166	-411.4175833368153	-528.6356403209774	-355.6289227506253	-1084.5673938981236	-6141.79707851923	-9870.836574377137
79000	-407.4548793777167	-398.84106956650965	-391.5494751066977	-379.8705831784887	-369.2979995803222	-347.8550401652781	-336.3480523874807	-324.8390641298468	-319.85158894609077	-322.3667523323123	-313.8103907672231	-338.7397914209678	-420.6682871773674	-307.7542728400859	-931.2303948633596	-5718.423068378262	-9291.290373229978
79000	-440.6068472094184	-432.07435057828525	-425.3578959096531	-413.41336389365665	-404.2392979549107	-382.2775002651355	-371.36469187689517	-361.85357320128793	-359.2350992217614	-356.9777966576525	-356.281348719972	-400.4784431546605	-514.5107790305783	-343.08200888250195	-1137.8845828152628	-6041.770152401327	-9919.968584563208
79000	-445.16995118961336	-436.30168833653516	-428.8988578357482	-417.43951268674243	-408.4366823952149	-386.39008754588633	-375.0259824961611	-365.5753287235759	-360.7054205633785	-360.9536290475324	-357.28857562054424	-393.2383301025291	-502.36777964506365	-350.2341571120492	-1045.7936430404927	-5860.076688044894	-9478.665878451824
79000	-414.84521181326375	-405.9690309655185	-398.56099275954756	-386.58353039953715	-377.24545237550404	-355.6021801653279	-343.547163780085	-334.8508771870385	-330.8470555720985	-329.88155454535877	-326.95380227377814	-364.3985217807205	-461.5744487651603	-316.1675267501679	-1014.9154835677515	-6063.806572514249	-9970.327174357615
79000	-438.0757879705643	-429.83970097401624	-422.8293768189371	-411.01209398371714	-400.7855258040503	-379.2995130963405	-367.47133770086356	-357.3295743044769	-353.1456147487167	-353.67102672747853	-347.9429869859707	-382.08596887798706	-469.3951982517768	-337.9087307726943	-1080.493873415299	-6025.607601963486	-9712.163382736453
79000	-423.1142797594038	-413.80781777739594	-407.0537153776723	-395.2162438331703	-385.9426664072097	-363.07364256156325	-352.09327967677666	-342.0988510370294	-339.3559880705557	-338.1398893487653	-336.2043313539777	-377.5228118214124	-468.22141176330877	-323.8251334044629	-1015.9793899095902	-6180.734494038413	-10001.003431787045
79000	-439.1662402662211	-430.36994776975706	-423.5417343720963	-411.8601029381923	-402.1856214534916	-380.10509496491795	-369.11332575930624	-358.98430191309495	-356.1621686679724	-354.5118833349251	-353.67663991973217	-395.57060085366453	-503.6594692260375	-340.34256722589396	-1108.4345993787542	-5983.557953307187	-9805.643931750445
79000	-458.1869653827764	-450.29314282964674	-443.4049225507069	-431.6828344571478	-421.5009223983634	-400.59232875741293	-388.37450415681985	-379.58343182253867	-376.04907245006314	-374.59584382831997	-372.43290615049955	-413.2220733234609	-522.7529884134735	-362.14383008061765	-1077.5126930505446	-5999.500115590451	-9638.53051256704
79000	-472.1833679699663	-463.87242469364423	-456.6108777069207	-444.54087194697127	-435.0837490563848	-414.0483180149325	-401.631673291735	-392.63697633538374	-388.8974160881186	-387.79416424485527	-383.97088862705436	-421.9737904595478	-528.6067249219159	-375.2604518932368	-1155.6409022113287	-5851.781944775855	-9478.553957533159
79000	-419.00867272620656	-410.81558702546823	-402.8560124956395	-391.5182653558802	-381.8862538052149	-360.3071888941757	-347.9068216458336	-337.8947009083927	-332.15298230960343	-334.3284531459766	-326.74426579868526	-352.7292135882718	-438.63986479072616	-320.67878101116196	-951.8055848049347	-5509.2256681799045	-9094.00480941684
79000	-444.98164192653564	-436.1687698934516	-428.90251227184916	-416.72283405143514	-407.1863922538873	-386.5537217101992	-374.52749438925423	-365.8194132999571	-362.6106513087769	-360.39190504490864	-361.72740504295655	-407.7293884160874	-516.1585359503416	-348.89840199380205	-1107.9079104424263	-6308.93408118395	-10165.546847947788
79000	-452.02823943958464	-443.76659447251325	-436.51854857437905	-424.5816087294821	-415.36578452069034	-393.41715607810465	-382.1212395434015	-372.61087484531555	-369.0147137453647	-367.71429064722867	-365.61514838266254	-406.53058798741597	-511.1959954677142	-354.9838968147022	-1115.0432620600304	-6123.500191675315	-9931.582134179593
79000	-385.340517347857	-376.77361096333385	-369.3682007664085	-357.0533673994436	-347.45946244141277	-326.16086864732506	-313.148131755075	-302.1001858680083	-296.6615239734111	-300.1640686890417	-289.8071267692913	-308.76463060870435	-380.89858643334225	-286.0353924463378	-839.5182656168797	-5322.181903294451	-8974.406217212245
79000	-466.4725578596575	-457.56929982613224	-449.5063651328134	-438.4337535586334	-428.22473267754157	-407.48481361529565	-395.196963057929	-385.6416203208629	-380.55969688161537	-381.07491867706113	-377.45500776151533	-414.30913332504645	-519.405165019254	-367.5131996524889	-1113.20561857529	-5967.283421583014	-9607.119650745517
79000	-420.6083187520791	-412.59381691665385	-405.51433344043636	-393.7379212714567	-383.6983024376616	-361.56788301323587	-349.94216945272274	-339.6344410480187	-335.7482850962893	-336.18712530632905	-332.22266545366716	-365.412609716094	-453.0906503259098	-321.11559825285786	-1015.2411585866059	-6127.427320710711	-9870.546787070109
79000	-418.0160041058679	-409.1129690110063	-402.0887092269224	-390.6361755712801	-381.03448752943797	-359.77959149501305	-347.1444385272697	-336.50083179556725	-332.55798445089977	-332.8516825799595	-326.40707207392245	-354.96943222459396	-443.55348768692625	-318.41095483317594	-977.5336912846003	-5759.060989879601	-9454.523592554691
79000	-447.3932893291272	-438.6940528967149	-432.0565577299039	-419.52534491601887	-410.24555055992533	-388.12594440343264	-376.84594297287094	-368.0322237464899	-364.45648083226115	-362.1203728659068	-362.6234099548932	-404.5490513843492	-505.85016101897844	-350.405374600456	-1115.7100849763535	-6282.5317006040195	-10062.31385068364
79000	-425.05746953462807	-417.0549249367164	-410.07152664171025	-397.69220300243285	-387.74047279622306	-365.90456063128755	-354.7832590586294	-344.5084191998698	-340.66692026131966	-340.8052257739838	-334.9516804036446	-365.31831450619654	-459.29145460031816	-327.14313590740716	-1001.0423087627454	-5718.76957188607	-9369.443945719893
79000	-462.78854268185677	-453.9098333992924	-446.7300266774659	-435.05971931017416	-425.22936349981023	-403.89520290546926	-391.0742464992459	-381.7252539557174	-377.53536136053805	-377.7245618950041	-372.1425738333339	-403.95781411686806	-501.8461360332322	-364.19825388584593	-1094.1199132928955	-5663.2651936573675	-9310.292363603183
79000	-442.0023563743704	-432.7622070193622	-425.4036123359828	-412.93397357194067	-403.36017088349786	-382.32910621893006	-370.58786103260894	-360.55459706306283	-355.21696434652534	-357.18411454722843	-349.3518009347345	-375.1573777662768	-464.0137237199169	-342.15510292592575	-1008.6996496945463	-5736.776416021278	-9265.407649688246
79000	-455.04020042861515	-446.75004086079207	-439.8590422524272	-427.692173987066	-418.661728216625	-397.18611398063456	-386.38965886698907	-376.4860294446265	-373.81076471705785	-371.79966404112935	-369.22718995717304	-412.6509335442924	-525.396645996112	-359.8766538341029	-1111.2373761124043	-5960.806337815156	-9660.92657074577
79000	-437.8144684867695	-430.39183934718676	-422.3666745809615	-410.6000397115929	-400.5212880842546	-379.129990135293	-368.54234467377313	-357.28633096611463	-353.7083592162086	-353.7088605673802	-348.77624742512506	-382.69249396187854	-489.4729232779704	-340.2564591309705	-1047.03180048926	-5881.940729228698	-9520.877316572
79000	-449.89999670830827	-440.9206491449757	-434.5383277173907	-423.2718748194708	-412.93072972292543	-391.10089389632316	-379.8618603340405	-370.0288177880779	-365.07260098821405	-365.61439539230975	-360.40625661690666	-391.6095111688089	-487.7734345484411	-351.93644283850716	-1062.2552291348254	-5866.107460363935	-9524.1138295922
79000	-433.7318565661106	-425.1291266083832	-418.3392324295375	-405.9469613657993	-397.08020445406703	-374.7269675712064	-363.0733718110013	-353.7396284011287	-349.9918304514299	-349.41082460992806	-346.7157567442854	-385.1771367630556	-486.6413000731307	-335.12167216015337	-1047.7881377139652	-6149.094762757039	-9933.143119422155
79000	-463.73522163467214	-455.0361496628774	-448.92684161079995	-436.0587323405548	-426.802877412582	-405.15259387426806	-393.41432482524544	-384.9796085606128	-382.3921299773344	-379.9179667815935	-380.7835449258601	-426.5211922528454	-547.328325913172	-370.2199157466058	-1142.8664616837343	-6023.839990595467	-9919.090032802384
79000	-388.7702602779359	-380.4761892472771	-373.39286644236205	-360.876863554775	-350.94940990644534	-329.7421254572745	-317.0924686765958	-306.76095297400616	-302.2075219617599	-303.0666048837159	-296.22684864561205	-321.69411973233343	-401.04220640362763	-289.6753706999907	-888.7733348748264	-5664.439008842413	-9396.251374620315
79000	-433.62163398784566	-425.068130578262	-418.06694920120464	-405.297059607827	-395.84714135542487	-374.84800798330195	-363.64598209621187	-353.0562828432574	-349.25664839715154	-348.5936215965614	-344.78040583208355	-379.6123926648429	-477.69803339853837	-340.8002093610963	-1054.4131470749146	-5835.633450323417	-9571.840352842879
79000	-437.44832439462266	-428.7855859867744	-421.7960255090738	-409.6250699094477	-399.87862078980044	-378.65681829917986	-366.8210444062337	-356.98052792269596	-353.2285273434748	-352.61665516553137	-349.4476273862988	-385.8954319951927	-475.3495236869394	-337.77319884202075	-1064.4639688796374	-5984.705697971647	-9825.268411456811
79000	-435.89703904155425	-427.32681202458275	-420.00685400993865	-407.6415741386178	-397.85776461459676	-377.3197676850696	-364.47845174217355	-353.4844481703139	-348.7221937533204	-350.4046388939869	-343.44568310740414	-368.2313308248173	-451.61848618332766	-336.05081458854573	-1011.1904760388751	-5882.508582586162	-9598.350140075332
79000	-406.7762387999311	-398.7198639339426	-390.9961721664676	-378.7575019315975	-369.06960451942035	-347.7381550105903	-335.7507271321051	-325.4430188139399	-321.7258113276002	-321.9544206473212	-315.71810944703157	-344.962584020598	-430.4713192110072	-309.3722177859149	-933.1726101127598	-5812.905117912678	-9520.299340547943
79000	-411.8476447630149	-403.2343833971102	-396.3450355234732	-384.285329973005	-374.4590725878048	-352.825755519453	-340.4396596444035	-329.26267274290393	-324.92027606839866	-326.5584723228918	-317.8047463097647	-340.2013136636326	-417.02530935474374	-311.8995912241811	-947.4143716310062	-5495.9030860350995	-9089.882701029654
79000	-437.5309075858988	-429.60286505727566	-421.98957566037706	-409.6902446096768	-400.13546072365193	-378.6816075199814	-367.04197277781753	-357.26452654583966	-354.11152671133163	-352.8543784513557	-349.5195044326145	-386.0597616335345	-478.4566572922834	-339.6776200612708	-1060.575571959128	-6018.361149673857	-9844.682555460673
79000	-448.84242164073834	-439.9071389457184	-433.7666930891883	-422.1655607054473	-411.75740780964964	-390.7046539027114	-378.5283901031188	-368.49988668651173	-365.128060244411	-364.8655340681419	-361.58713015667007	-398.30462595000364	-498.0889578067871	-350.68143813919863	-1085.1688700765283	-5887.721050494011	-9698.266508791476
79000	-403.78574621439986	-395.3818120093259	-388.29337429404364	-376.3889486514694	-366.4995758376854	-344.61461983793316	-332.996315868412	-323.8521960410141	-320.56310598922124	-319.0236170378333	-318.0147527421754	-356.40554082412604	-449.9408157954202	-304.91511545164354	-992.4661864356125	-6220.856351741044	-10186.52435080289
79000	-433.5164119336378	-425.33086763480674	-418.41243191829045	-406.6521225532241	-396.7079463048887	-375.34174260013157	-363.3432324340941	-353.41849948412323	-348.74900391344244	-349.310861565744	-344.10987152090127	-376.68237751015783	-477.96600684342036	-336.7762891812606	-1013.2192574564888	-5793.450208927605	-9557.4222076679
79000	-456.3325481405752	-448.02244809910513	-441.09324888600867	-429.1072041413887	-419.22590002757727	-397.3405372753126	-386.73492704852634	-377.2488069830894	-374.242976641179	-372.08474041948	-373.32818179170664	-416.6635264263096	-522.7229299102338	-358.5100365454818	-1139.0056609397548	-6212.726979619708	-10017.863176754563
79000	-443.9616978872956	-435.31076928410783	-428.5399135014025	-416.9159809175004	-406.65876397079853	-385.38486501853464	-373.0324444525541	-363.4702173207839	-359.4014569380639	-358.6945761283701	-355.4163983581418	-391.5143492871687	-486.08705945893684	-344.63919700809987	-1059.20839560288	-5962.872873409706	-9638.68693098056
79000	-405.0059680190198	-395.6495477179488	-389.4627838202569	-376.6970427504856	-366.90896562168916	-345.56296426082133	-333.7826521209336	-323.6901867880706	-319.8586396960724	-319.1498223605292	-315.4338539396156	-348.29088501456795	-433.16752009174564	-305.1546655082784	-951.3983952550675	-5907.242574779913	-9586.330133138057
79000	-445.53609867991423	-436.483135002249	-430.1160593124509	-417.029481240697	-406.78681397776484	-386.19952841439294	-374.7531717623772	-365.2818001798117	-362.49739466946346	-360.3897046331814	-359.4355903435424	-401.7175818922751	-500.362273170605	-347.1078818717104	-1140.9100477966124	-6081.420774425114	-9890.27826564153
79000	-449.4814708082282	-440.7438104232807	-434.09928140239657	-421.8610778622466	-412.01063775864407	-390.64779051489325	-379.52380534343314	-369.264112854642	-365.40985677654396	-364.73255169329974	-360.69458171314517	-393.7320262917183	-490.85952463392374	-352.3545545659985	-1052.330820504221	-5881.95045890455	-9565.074784227478
79000	-442.78154465089256	-434.76682443666056	-427.44047837055865	-414.8318188169733	-405.9850634459681	-384.334226240229	-372.5889375908517	-363.37549209511536	-360.0713582240772	-358.1382971758107	-357.40252164667606	-400.9773119424285	-500.3592123320509	-345.6084677911948	-1126.2783279882153	-6176.288757858767	-10014.07556154853
79000	-432.4148615734638	-423.20463165370535	-415.80125974537344	-403.8011685143566	-394.83731103802313	-372.89333775037005	-361.29066928662877	-351.5773833933944	-348.7861862181046	-346.52713968863054	-345.49230774812025	-383.9194767821408	-479.338993790505	-334.19501058391467	-1060.6195954068687	-6162.730780431898	-10019.43982334993
79000	-463.0233405789243	-454.9053946426965	-448.2202635650694	-436.3147310503854	-426.18779086851856	-405.0369865845438	-393.7056148134975	-383.5795380817365	-380.08401308410146	-379.02390322872986	-376.5104227988077	-414.0152727053268	-521.0836903636542	-367.38441973596224	-1138.2522518101507	-5866.694527990326	-9519.963081579248
79000	-383.49996862966094	-375.1025400300578	-367.65182506484956	-355.18258157994137	-345.8344089935009	-323.7966307507302	-312.47264327790873	-302.4959755847014	-298.73298153178547	-298.0143944888804	-294.0930157808488	-327.7833046897296	-418.4795282632057	-283.66219264485466	-905.3766132906247	-5754.17771780805	-9661.31497174969
79000	-443.75353953817915	-435.1060164899651	-427.549655307906	-415.9172890268229	-405.68212574823315	-384.11471616539524	-373.5209391015532	-363.4727552732178	-359.6268150925618	-358.23696149500563	-356.5031863552589	-395.4256609337811	-497.35283282381516	-344.6894323836363	-1089.642235590307	-6110.566790499246	-9924.120321958262
79000	-416.5070863552204	-408.5747387341008	-400.6728637258946	-388.18803914475257	-378.7728719049977	-357.8013316415576	-346.01113209471873	-335.54566421827934	-330.3250421169145	-331.60056369051557	-325.77823401584385	-352.62047157513706	-446.0153545009323	-320.9699273056062	-928.1891060109866	-5758.870499075304	-9374.418296777101
79000	-441.66381217225154	-433.3806781771987	-426.35867732711364	-413.56001412011244	-403.98946816724316	-383.38080079513867	-371.4530912350933	-359.8279311442999	-357.3965617647253	-357.1440762746663	-351.84569592829524	-383.4891379188944	-480.91605060969295	-345.0907082253452	-1025.7830250259963	-5733.74404368537	-9392.115328259573
79000	-437.784057827893	-429.2531639490558	-421.42821030793203	-409.512248687314	-400.98615095251466	-379.1083772475851	-366.86146105742756	-357.6875319639336	-354.0657022488003	-353.58008438883587	-350.5805433530243	-389.8486974592027	-489.95507668314895	-340.71072749730405	-1046.8768197234174	-6042.601946781616	-9877.809024722032
79000	-442.73668247178364	-434.047196181865	-427.26885454055133	-415.20117476399696	-405.16991774861816	-383.4198899237549	-372.34641532610465	-362.5818802508698	-358.9195760111588	-357.7655293813572	-355.99476112049086	-395.23673503114225	-491.88968547698335	-343.94271386472127	-1099.2870518994598	-6024.539380828628	-9862.21505550029
79000	-421.96214128433564	-413.32066265010366	-405.8001506412092	-394.4275628096982	-384.6746715297556	-362.9292670664744	-351.7394314197688	-341.94271704064056	-338.7650586948948	-337.74219626399054	-335.8053157482841	-373.97349649376366	-471.84998819627543	-324.36484002539646	-1020.4561750950309	-6105.480771049651	-9930.170809072039
79000	-440.29455894681126	-431.781805032536	-424.53151404312683	-412.64338588308794	-402.75358483358207	-381.6784396569911	-370.20386500415606	-360.82963320864536	-356.73856462372345	-355.68310545272016	-354.5528474873989	-397.3622934878881	-500.9726544585793	-342.5909771323569	-1090.540569835403	-6272.306222600116	-10173.837476314153
79000	-442.38455266903264	-434.11741003459707	-427.61391323662264	-414.6695106993295	-405.1146719106332	-383.436369204638	-371.1246911436138	-361.36432015848527	-356.9045474577258	-357.7489519876997	-350.7247059765346	-379.28017294598135	-465.6956698403274	-345.2573085915724	-1034.927892307158	-5601.33274611964	-9197.313529138486
79000	-413.5257873618935	-405.1556598570673	-397.8254716496752	-386.0026754218784	-376.0949350568702	-354.86082437622764	-342.54471501715346	-331.51031892158557	-326.3150109397667	-328.1626951983675	-320.7813331315806	-344.7547486877637	-418.74244593394394	-313.74854772422464	-956.9814704518938	-5655.744655661336	-9265.267120080864
79000	-418.4800737672364	-409.7262409837571	-402.74173794804443	-390.42090970383117	-380.4050259098355	-358.98167713030693	-346.9852252787244	-336.89683467286875	-332.0107256626922	-333.3449798926015	-327.29281963097037	-355.2550528403944	-440.07423894606734	-319.7099488438671	-983.9968580357021	-5755.1284059332065	-9415.707628852791
79000	-417.17382131335347	-409.2258338940131	-402.20139295962525	-389.8326152000693	-380.2972360556917	-358.07229689263164	-346.6316517831934	-335.99783712498004	-332.292146180878	-332.4032608629194	-327.7529341449189	-361.54822154586424	-447.5085504838906	-318.4107375612706	-1016.5354875233387	-6006.587385162042	-9738.263477882696
79000	-419.2934589294886	-411.2716897054201	-404.2652304966322	-391.8679729177528	-381.68059231442504	-360.4518881959972	-348.54657006740075	-337.8456512407996	-333.1793487986532	-334.6335900389059	-327.70063609993394	-355.66768093098295	-440.4797095330125	-319.89434667232103	-956.5510833029117	-5922.628131713324	-9491.154374456195
79000	-445.32554379644546	-437.14203568180284	-429.1459816155553	-417.6850837746065	-408.28714130036616	-386.5598437593972	-376.479852263251	-366.7444038820958	-365.1266946185167	-361.188182088435	-362.92019196100614	-411.3330064521991	-523.7473998047855	-346.8712646319927	-1133.342057668839	-6334.1104415063455	-10293.422400730835
79000	-421.45776745888674	-413.1380248260277	-405.4569306434443	-393.9506038057192	-383.7754466608122	-362.56345086460226	-350.5144385585226	-340.59299795119176	-335.99727466776886	-336.21141399015767	-332.31404769498084	-365.96061967614156	-457.82907405140145	-322.10555309479474	-1032.524597656041	-5937.894770156773	-9794.855841452792
79000	-455.2334798192005	-447.07539133805227	-439.9684931957585	-427.5882691690292	-417.9008685941275	-396.1836151082225	-384.8495953169093	-375.168223953726	-371.91104589592805	-371.00164081955563	-367.87441104071223	-404.1736795962548	-515.4275252779217	-356.52862262074086	-1110.8640885139303	-6125.382020735144	-9907.94770050412
79000	-416.5067876785757	-407.97600985036564	-400.7475940647392	-388.41317390561585	-378.8311240633741	-357.3625188091146	-345.095797542988	-334.6622779963377	-330.9167556038505	-331.484528539452	-326.1332568258978	-358.2185539550784	-445.0781199013801	-316.9981921413793	-962.3465760462037	-5990.520143915834	-9779.951764993944
79000	-461.27595051551776	-452.1312107084887	-445.3299706063985	-433.21174056790176	-423.60634308880105	-402.15790885670685	-391.28228048439706	-380.55443714226584	-377.7697539707306	-376.60542286081346	-374.74761562625565	-415.0448262163521	-524.9097744384035	-362.5509766029818	-1137.3653380083906	-6188.064165342463	-9876.691581600971
79000	-438.04056805706074	-428.98521507660126	-422.1417765195567	-410.4431668092684	-401.363575761229	-378.6127348304545	-367.56011925344376	-358.1039918520529	-353.84387232476985	-353.7203899879753	-349.9310953302183	-383.3356002674145	-477.68203356845714	-339.46130394408027	-1040.9654080162634	-5769.939505814663	-9457.477687709033
79000	-447.4270726467653	-439.43397952533314	-432.34950857787925	-420.05560945325146	-410.2863125510921	-389.58529055756975	-377.71236465372215	-368.66397106166704	-365.68474110076926	-363.471300876272	-363.6213920332729	-406.37983514945574	-519.1246798164473	-350.28868196759345	-1112.1060326027364	-6262.814905795919	-10180.472624093834
79000	-433.86905113663704	-425.63698396134356	-417.6947035296675	-406.7830300665564	-396.6853291167579	-374.9140071238915	-363.7695986444755	-351.97938473168546	-348.9109516171177	-349.2251234508168	-343.363286239756	-376.07063914418046	-465.86564976323507	-334.93524066689616	-1025.1670283138287	-5801.243603294222	-9551.863358115172
79000	-446.47179583553424	-437.9088151454098	-430.6951128771677	-419.31615704195974	-409.03063162483375	-387.6461968395305	-376.58772778425254	-367.04492033836686	-363.5255546566412	-362.2681184367557	-361.7958342322642	-403.4575254708981	-535.9859401833786	-356.4562242870564	-1064.176911546358	-5902.82805221988	-9674.489601535297
79000	-504.3552633488649	-495.9575672028127	-488.951603125771	-478.0102540434309	-467.99396098633963	-445.3869794452496	-436.0606683116507	-427.46646812960023	-425.63465413990804	-420.8770523029222	-425.7215216296151	-483.416701889993	-616.0790665712152	-409.3842532536034	-1329.6596751363388	-6543.723354057391	-10477.891527765994
79000	-429.67854522267845	-421.8605704014043	-414.5594050978552	-402.0110313752813	-392.06935181167205	-371.28128632543667	-359.161951587285	-349.2132029367479	-345.4286060199526	-345.38122328308856	-340.90267186141557	-375.91948546421725	-465.07975237729096	-331.6836311607193	-1014.7725970708829	-5855.636347134828	-9723.333058850481
79000	-453.8230427190668	-445.986193563984	-439.4328009631087	-427.38125113544504	-417.55911297620474	-396.3974425215489	-384.38142219461923	-375.9640789252031	-372.61828155222753	-370.54322551247077	-368.6982094992049	-408.33297818024715	-521.6498212794554	-357.1281583568857	-1114.6338272110795	-6216.80023447269	-10010.237677341875
79000	-409.6070935802738	-400.8538669408431	-393.63744405760684	-381.75164308152694	-372.04480050527343	-351.01134377761855	-338.46758006505706	-328.2446852784273	-324.05395154742473	-325.2820011110109	-318.3335843043943	-347.20958135254216	-427.84119151666306	-310.09625013125384	-939.5999490548994	-5918.6556150817905	-9614.988990010077
79000	-416.5140284240996	-407.4710945737787	-400.12729078702233	-387.9276006960696	-378.6107494990557	-357.5592791263748	-344.7439905037749	-335.1289992046994	-330.1740857315259	-331.42806107873133	-325.53579799628113	-356.8357246468603	-437.9116925517233	-317.1718946659275	-968.8393461700822	-5829.093590198128	-9493.817495279523
79000	-443.797873509127	-435.89138094503096	-428.06357750747014	-416.304026800149	-406.4941350456454	-385.02393609267466	-372.5901385950205	-362.99002653125063	-359.83434902522276	-358.19197551907047	-356.66011321116076	-394.3926401418621	-487.1970530253523	-343.22642552972593	-1072.5256631757325	-6031.334721973415	-9874.084607814033
79000	-407.7793760190318	-399.2964641953327	-391.762280792167	-379.7516561443239	-369.76461911904045	-349.37422036629147	-336.6162400099239	-326.05627004845866	-321.42626062617626	-322.8462965683741	-316.4204046973177	-344.10386321116096	-430.76093354881436	-308.40621105849345	-929.2376197347047	-5753.807305235338	-9459.946866998976
79000	-436.72450854725446	-427.7817332072103	-421.24579229976376	-409.1559282707743	-398.89100238712	-377.4134833541752	-366.0623503545043	-356.7157567578494	-352.6897921243201	-351.88994642793944	-349.7789071334411	-388.0953933994195	-481.0184998031831	-336.1005056655536	-1094.3401450451702	-6242.113405898945	-10031.930632009953
79000	-421.69158462079986	-413.20779674524954	-406.27412490468333	-394.44563698918546	-384.78617774508365	-362.70379528997586	-351.48385920254094	-341.2450506843682	-337.9230559059193	-337.53477181331886	-333.9726726850326	-371.85788036254826	-465.7618122865324	-323.23005555872106	-1000.3726708949783	-5974.329623899219	-9762.97627058802
79000	-440.95521853697113	-433.4869869655705	-425.99124902249565	-413.05098820083185	-403.2008465022189	-382.2517183917422	-369.9451148523547	-360.4888060494842	-355.5412246613287	-356.2701536079509	-350.84184500794595	-382.20397073404956	-469.8179224959264	-342.1855376951558	-1062.9059140933632	-5733.724418258111	-9497.191159193037
79000	-439.2476373964952	-431.1943743402131	-423.4665828505154	-411.3722736780512	-401.87916319251076	-380.25997200705496	-368.8431164921168	-359.43653050034004	-355.9895380813975	-354.188701498108	-354.10121183986416	-397.0386226442149	-497.40806089342	-339.6535265090432	-1111.2352882220212	-6331.547206739985	-10330.82405183057
79000	-419.1640907370573	-411.243037041177	-404.1530051322706	-391.5441517818049	-381.69566500839153	-360.3349789491315	-348.05110589725797	-337.2319608036442	-332.8699218762842	-333.96762410171596	-325.95491455476565	-351.035644509089	-428.0532274880792	-319.02941908152496	-970.652484791851	-5663.724802856461	-9469.159122753665
79000	-428.37589488044597	-419.8739720863177	-412.3914754572639	-400.4744063622894	-391.5767982665949	-368.87271232947785	-357.2094838968409	-348.14901842086397	-345.1548428941976	-343.00821518827433	-341.52977932279197	-381.0964191046368	-482.6495167402643	-327.8996133335178	-1070.053569872408	-6044.5438816959395	-9982.613795570309
79000	-435.04005571689027	-426.563348797497	-419.42526405797815	-408.1638426760999	-398.6583762785356	-376.49354907441085	-364.8955221031228	-355.65235297596735	-352.9959725721532	-350.50240340633394	-349.49616044223916	-392.35158520849114	-500.52566776728503	-337.83417968295277	-1067.8874756871219	-6140.339620244589	-10026.69975878736
79000	-413.2991584739903	-404.9634491471747	-398.16145930756653	-385.28504501190764	-376.0003004181388	-354.38999517893274	-342.631076785414	-332.3225798049199	-328.7495979370388	-329.12774987963286	-324.7313447062335	-358.5208468115991	-443.07758018188275	-313.59971606753606	-999.5922713670841	-5994.379084285107	-9905.195262916495
79000	-470.5793382566789	-461.6160370110852	-454.0267862753205	-442.4844352948743	-433.4654184184982	-411.2019840909199	-400.68107036051885	-390.2241514524767	-387.45312074148194	-385.9320732619972	-383.72605562372894	-425.52112874367975	-540.9071172020161	-372.96812418796156	-1149.0443710515808	-6183.8754608093805	-9910.663908440167
79000	-432.62369148815924	-424.256672494676	-416.7131251912527	-405.00929887118286	-395.9504679928714	-373.8892529520781	-362.1038620461767	-352.106586306662	-347.9453414263531	-348.52171398907836	-343.41077105144524	-378.63043847740244	-469.8652039937015	-333.4788024277971	-1025.920458032567	-5831.165918747308	-9501.603036164692
79000	-425.6370871490674	-417.3860310542871	-410.38921006353604	-398.47608700577246	-387.7573876882315	-366.9591550039312	-354.6375388481198	-343.5107709085086	-338.72651539155487	-340.601542709701	-332.18815363806317	-357.3204541613901	-439.4932686679812	-325.87690649296434	-997.8922820685071	-5599.320459764254	-9190.34504964257
79000	-419.5078641770675	-412.3650361243371	-404.7253712266909	-392.86165806030533	-383.14581082554	-361.15439957259235	-349.3307287734578	-339.39308109805523	-336.39702505473383	-335.3049897549348	-332.98932697459514	-371.15695446675596	-470.96274166446455	-323.88688732762625	-994.3481044529881	-6123.460953176723	-9899.409243351227
79000	-440.14582086865147	-432.33267782644856	-425.0883190230539	-412.86474558371765	-403.1079111441972	-382.23213881524754	-369.8152548563746	-360.4356274221963	-357.5767174243719	-356.5858274002427	-353.04735439211635	-389.9572349992749	-483.586409915331	-341.23686048988117	-1091.719082813989	-6216.76305568697	-9919.560448208502
79000	-448.7351365840632	-440.3913548565615	-433.3871340114551	-421.296571039966	-412.2606638699023	-390.07427537672265	-378.5297000568901	-369.0942570119318	-365.93881941170673	-363.6245986420812	-362.5303736922836	-402.5268009407478	-503.7866500661198	-350.01816973294086	-1107.756415451752	-6240.685763619432	-9974.698274115985
79000	-453.6945327094704	-445.235457002293	-438.1993027448851	-426.4310925130387	-416.21302747250667	-395.06395937260015	-383.58351051475677	-375.1198044541917	-372.5240760948421	-369.3250297283574	-370.9782827662592	-416.87064901054066	-522.5493563290942	-356.4439379926169	-1150.0600101182463	-6496.700834751009	-10358.238626423978
79000	-438.8850737758176	-430.94302381550267	-423.76463481734623	-410.9111404830128	-400.8428919149739	-379.49283466125235	-369.30519544070023	-360.370653057594	-357.71483569511577	-354.7296353531726	-355.4922250891405	-401.4401182833564	-521.6792802899729	-343.43143713811895	-1072.9476481230017	-6290.428978156148	-10190.683928655217
79000	-454.7041586234496	-445.9884608641239	-438.44245312894685	-426.2056783507378	-416.13831695150384	-395.814977704127	-383.8707988307691	-374.3613493378694	-371.24994146043815	-370.06807601737523	-367.7401684158726	-405.7773415230943	-505.2676823272542	-355.16309579017724	-1117.498014412447	-5965.292801874579	-9689.769063146625
79000	-376.9231900212589	-369.0253551612498	-361.53666682624663	-349.8546192403753	-339.3306267724854	-318.29161604139375	-306.5898179020912	-295.6763781406595	-290.8280102238619	-292.00082981888494	-286.2706796288386	-315.4572833742257	-396.44173402666166	-281.91437401945535	-838.739756031982	-5916.426173586159	-9706.902102088658
79000	-443.94725584950396	-435.5806580528228	-428.3513033555568	-416.26852512635435	-406.3820771900101	-385.4296534004292	-373.2915122986032	-362.6110383489397	-359.2440717565913	-359.21149701125785	-355.07625356461244	-388.09277387296515	-478.7992911555504	-346.29444702183116	-1054.5679626690285	-5950.435237914043	-9688.069078991146
79000	-441.9430917121011	-433.51995044156195	-426.9073878973965	-414.7665928972981	-405.172687748718	-383.69208754196814	-371.8269243987376	-360.9254145226279	-355.8701665428816	-357.82984608556404	-350.4177199229696	-380.09314472149117	-465.1807564281047	-342.37651737242174	-1063.2636863883818	-5623.980721256746	-9236.467257249566
79000	-423.753775455373	-415.5614639759238	-408.4143943406603	-396.0046959220173	-386.00109157677235	-364.8188684356595	-352.7718667234244	-340.650018388714	-335.2287944293201	-339.1292450564306	-327.2273651875952	-344.3816199586893	-419.9012995160758	-323.9319753090039	-931.5833379965777	-5439.156189647583	-8978.307967449598
79000	-426.66617734088817	-418.5029088403342	-411.5272873410276	-399.8053151715352	-388.8401839701836	-368.107537471679	-355.63428007172786	-346.27738825012614	-341.8042211599662	-342.5439764467922	-336.11998460687784	-367.8987594423626	-454.1710655988259	-328.43744098490964	-975.5155812126221	-5730.598699886846	-9465.565752469402
79000	-407.30777754290864	-399.8833468987962	-392.1690417578449	-379.9697076985608	-370.8067463690509	-348.6960992739543	-336.79650261912315	-325.7388481405989	-322.2221092338347	-322.52919242502816	-316.417456168058	-344.31758282066295	-421.7168734711864	-307.4490430548416	-961.3485666756607	-5825.579167129761	-9556.607238091685
79000	-461.55252683962294	-453.1470200493281	-446.12327528272675	-434.23681630098406	-424.35797666006437	-402.6638858204729	-391.4447013640961	-381.9618912339194	-380.1569048762813	-377.57486392174945	-376.7884516101379	-421.9931837980742	-533.3691105590001	-362.8851532984932	-1184.1044846306597	-6450.880014878615	-10404.3006384556
79000	-417.2786498666258	-408.5400197162126	-401.92167338758685	-389.441753885911	-379.6503798101962	-358.107198944505	-346.35979336138314	-336.23791790886816	-332.81322220422345	-332.26616427820346	-330.38745710349673	-366.78121402660327	-454.2780919406558	-316.89639824159485	-1027.716706925788	-6213.794691565184	-10141.982043478685
79000	-402.4052623468573	-394.2544874498563	-386.65071528058337	-373.9195796802478	-364.5404652439847	-342.81880414178494	-330.8902573622839	-319.5073149376887	-314.85982015503913	-316.59831499842164	-307.6837886022968	-331.8128028487811	-412.2403432640258	-303.17059592445673	-914.5803421738227	-5552.087383723996	-9186.52484999322
79000	-415.0969065733343	-406.54231027506097	-399.0831890421827	-387.0238168818595	-377.6578475219917	-356.024478487663	-344.50055536258924	-334.098902070881	-330.3872099958471	-329.92369412231085	-326.7738510595411	-361.461909030813	-453.45642942219456	-316.06973200147763	-998.9819235539554	-6058.408197499801	-9833.572877813975
79000	-424.35785704490684	-416.20387045102217	-408.6646635555549	-396.78037288497785	-387.66598055785994	-366.24240191439054	-354.9733314796175	-345.0055678643329	-342.853362075412	-340.635560944744	-339.3397491098578	-380.40333468498653	-484.8952799202551	-328.60720692672965	-1021.8171646206428	-6138.27410522465	-9943.852604186359
79000	-400.75987094249456	-391.8317237250213	-385.0996952912337	-372.78317440088824	-363.0213038794793	-341.45523621811805	-329.20301164175606	-319.5731171358565	-315.9718482570756	-315.0648270836895	-311.94431691998216	-346.4411340020355	-430.7019958846708	-300.96629531107584	-952.5550715821596	-6041.816958684252	-9905.87179961172
79000	-413.19404211809916	-404.66402489482135	-397.69978835075364	-385.14480767481984	-375.47674242368146	-353.48312610092603	-341.9349228237783	-331.511733890683	-327.3406218287652	-328.37283311649094	-321.40297368523676	-349.37681924250916	-435.0501755699531	-314.1715331473709	-942.0772371215651	-5923.838936848528	-9536.955721642162
79000	-455.2694468701647	-446.37865081887986	-439.90531136336455	-427.51546023780145	-418.1147985574166	-396.933544936763	-384.8312599802719	-376.4372746959599	-372.10273835616925	-371.49132042385895	-369.7121163086421	-412.9620862660565	-516.7500682600603	-357.66629110656237	-1128.2083194618572	-6241.7005186602455	-10146.298411942082
79000	-432.4485677890153	-424.17458873604573	-417.3341576581234	-404.9320474562984	-395.7826732312992	-374.5448029876403	-361.88290705155055	-353.0707109815558	-348.3049461749573	-348.1272688013365	-343.57081465023236	-376.7877078816332	-466.06059847764766	-334.4135129979959	-1017.942623257713	-5933.423798019169	-9720.070691680297
79000	-420.67917097421315	-411.57748099688575	-404.2252854179489	-392.3042267839718	-382.427232425216	-361.4113622307634	-349.29165926199374	-338.25818842485535	-334.18251456613046	-335.3849569604148	-330.4132843569334	-360.6423357155525	-455.4699850816215	-321.806946950685	-991.6538717957395	-5701.716666208662	-9442.324069653188
79000	-448.74775404997024	-439.40892842957334	-433.53799642719713	-421.1464894151958	-411.1519777822547	-389.4960005946024	-379.64287856224877	-370.1098534779935	-367.4416970117736	-364.64112124033466	-365.2693318127062	-408.8084981184034	-530.507535500997	-359.143749713119	-1096.8979007651808	-6052.180185089643	-9808.424870522285
79000	-411.5873211564195	-403.5043843814411	-396.31841122182794	-384.21969109623626	-374.53456702035913	-353.2593005894091	-340.8302719531874	-330.00179283456447	-326.72806803247846	-326.1476074870195	-321.374288084449	-351.7865496841214	-435.30061697826903	-311.3072162955953	-979.2220086304304	-5767.667257262941	-9429.778181072727
79000	-425.4147916658124	-416.32320111611574	-409.34732695037934	-397.1988184353663	-387.48331071643184	-366.3519728094935	-354.5899960493068	-344.03030291550397	-340.4885038866022	-339.9091577256756	-334.89770474606405	-367.4056370407922	-451.7813454203628	-325.7990651284776	-1044.3087584969267	-5787.951837189479	-9636.031380290693
79000	-453.6466321615334	-445.66785314693095	-437.8427570077217	-425.58096060747016	-416.2371408632837	-394.80966146995377	-383.34153532398284	-373.3973704959091	-369.0692254984881	-368.88650046847727	-364.3171272619932	-397.54445684039564	-492.6845597510267	-357.0204263858439	-1075.0957857248768	-5872.832081323433	-9566.741788503938
79000	-441.99235987516437	-433.64620533550465	-426.3261072793054	-415.00821359944734	-404.2233921464857	-383.1230735405245	-371.5320943417021	-360.44013384717255	-356.02749215702875	-357.26645208226483	-351.3857794678164	-379.7255084535691	-476.2884936789881	-343.64431757409454	-1049.356348197228	-5586.333352121927	-9215.818063224357
79000	-418.66036619093944	-410.6199442397693	-403.2591371669708	-391.2865403697324	-381.2709276187633	-360.0806099560163	-347.98165544576307	-338.1648503641695	-333.41085664206145	-334.10437033764094	-329.1646207704448	-359.64331911699566	-442.0797485095813	-318.5737219769837	-977.2576746858027	-5788.3677853145955	-9495.890424245446
79000	-446.19424970548204	-437.14842311911144	-430.5786730497784	-418.0653754397472	-409.5281083311571	-387.1029555374892	-375.34861099869664	-366.05809473733626	-361.96442796044727	-361.44726418661236	-357.8235122932022	-391.3260321332287	-488.12790284250883	-346.3246012578257	-1076.3120643104467	-5925.3765602845315	-9692.020731506456
79000	-440.3929958878262	-432.12241846292153	-424.771576822712	-412.8752937232713	-402.9136631113853	-382.2554511682022	-369.8975181266444	-359.90803107354856	-355.7505947282028	-356.5429921947167	-351.54058420027576	-384.7415440759408	-478.33549708325216	-340.1904359003805	-1073.2431082447229	-6018.294659835997	-9711.98851344045
79000	-421.65501633203417	-414.02714805506076	-406.5293531509729	-394.0857484898371	-384.7646192687168	-362.81033951157394	-350.9534050153217	-341.0992261524655	-336.0936723431077	-337.64210809899475	-331.8875701046223	-364.57545450168476	-457.22747581090266	-327.2220834019835	-967.6671818626065	-5713.750774940129	-9386.575311051572
79000	-395.73267112409684	-386.78940987909453	-379.95539654358316	-367.49528223383027	-358.3362265058337	-336.67612187099144	-324.48454255574524	-314.54446953539457	-311.16463472069444	-310.589755234824	-306.97418315006735	-339.66675370437315	-427.50658663956295	-298.89252118309963	-900.1078261192324	-5979.129475658849	-9714.851543839375
79000	-407.6294306374694	-399.5477695326388	-392.1183951208513	-380.7175938332514	-369.5804463947673	-348.8037492758587	-335.56293831013625	-324.0565707069193	-318.92304436031264	-322.3810195758829	-310.6615080874343	-327.3558964558311	-398.0358510263243	-308.8506267556567	-878.5164306064195	-5396.358536124813	-8876.096133655466
79000	-431.4617220822515	-422.8278202235501	-415.50633050814776	-402.9035434192166	-393.5448940501237	-372.4494226998597	-360.112992470421	-350.1989763067566	-346.50183302049567	-347.3038116164354	-342.8440713795214	-379.5961909621396	-475.3213708390746	-331.7607826018281	-1057.1706019288347	-5968.691188502158	-9711.967745495063
79000	-430.90235194874896	-421.5422321057741	-414.906267850686	-402.19520325426174	-393.23157107222886	-371.33139509008055	-359.3437614603749	-349.22425207765696	-345.467950453627	-345.68569719764395	-341.4329602948408	-375.93122984392693	-469.1408397202782	-331.04725520442713	-1041.9854896909071	-5905.23424117645	-9611.351804572247
79000	-454.1633823467912	-445.43936016475067	-438.56648996587927	-427.26751191463586	-417.0118210368005	-396.47990097435434	-383.83426769707785	-374.6638204354406	-371.82165356045664	-369.69998145951035	-369.219237548537	-411.75258666817103	-525.9395173110881	-355.99464928928904	-1145.7754472969614	-6280.194675176418	-10147.091563478121
79000	-457.2437172092364	-448.71242314581133	-441.3190303129508	-430.0352180212078	-419.6866098944185	-397.8140444254639	-387.3485881269307	-378.1771203876853	-375.66086776843497	-372.0982198125207	-375.35308119038285	-424.27791942165095	-534.5125224206766	-357.93940652662775	-1192.6779811049548	-6575.412224520727	-10437.058037082916
79000	-424.409604390303	-416.22194727076476	-409.0525064250116	-396.9873865425677	-386.7969324971374	-365.6233623420342	-353.6070716385246	-344.3067113358721	-341.1140072397263	-339.74816204499064	-337.5730444493422	-375.6329794296484	-477.5018139708635	-325.104287280645	-1028.4087851437348	-6004.659575319173	-9805.490884253804
79000	-433.4895970976618	-425.16342480193714	-418.49997909141683	-405.39481115306046	-395.595175595805	-374.78645281261527	-362.59656577299285	-352.84478376850586	-349.75295065928873	-348.483549887826	-345.9337218456262	-384.29892567755945	-481.49767792009027	-334.03285693169653	-1059.0756370637707	-6107.060576240539	-9962.183521740013
79000	-443.46735799873704	-433.94136423802917	-427.3794537872048	-414.9424643161336	-405.0105012738451	-384.57362587510664	-372.27329367506	-362.13479572718074	-358.30119480420933	-359.2377715949668	-355.5335957934883	-390.7384070646491	-497.495113308641	-346.898751803813	-1042.4931949208667	-5981.405865781173	-9705.509370993324
79000	-469.89041934161037	-460.1251351334589	-453.4198190378351	-442.21611726340757	-431.45541125788503	-410.4635153984276	-399.0591439852866	-390.1740160436	-387.03389419145697	-385.14012938028446	-385.15949118855184	-430.6176340687248	-542.9973032583996	-373.39603116854454	-1153.3001089883508	-6449.957947995221	-10175.163578752397
79000	-449.56147121526226	-441.0608775498591	-434.53424611243526	-421.7800979483187	-412.3900820153948	-390.7540479549918	-379.7562895547927	-369.6370444195944	-366.7934695471135	-364.7110307117325	-365.67044537059263	-406.94284977386195	-507.39638000827586	-350.0592503045784	-1117.7743856803338	-6304.530244752153	-10132.730064944955
79000	-424.3983913240915	-415.80418638052345	-409.0692872510803	-396.9266105676335	-386.8967025868366	-364.9588549852161	-353.74536207992077	-343.8601864022125	-341.8104193912295	-339.2019455332606	-338.23052430387935	-379.9171125866877	-477.7007902706539	-324.7094536578974	-1054.7020737826997	-6266.59530266602	-10273.05249322641
79000	-513.1339950251105	-504.2144442944807	-497.1125872012952	-485.4167230662896	-476.26732630791753	-453.3456860992794	-443.37222135064184	-435.371073452752	-433.87547575758686	-428.2017729702041	-433.9842602101345	-490.2626459779725	-615.3962798741402	-412.0468772459623	-1389.8901833457505	-6530.086147996901	-10392.982578031542
79000	-438.20234701519416	-429.50318060179393	-422.8128574316776	-410.7366430950069	-400.31585032945065	-378.9437359331489	-367.42620194346375	-358.25276943563887	-355.2187112615292	-353.2838542555623	-352.8858804921349	-392.1591175578035	-498.1964150973494	-338.70475174621316	-1112.935227650033	-6239.2455144172145	-9989.251682902126
79000	-432.3298466141611	-424.04156458778436	-416.430447993408	-404.5088837566045	-394.9641768728403	-373.02096142156915	-362.3584790063444	-352.4657148257603	-349.3485928839801	-347.7397079090323	-346.9963549086203	-390.86387273922986	-489.99919120956235	-334.99335426423033	-1084.752764515946	-6161.290260437398	-10099.629882648469
79000	-423.39133172108075	-415.40332228193705	-407.91061390275166	-396.48051456357166	-385.71458140180675	-364.4541847066233	-352.8385336978538	-343.14188364587676	-339.9947864814294	-338.3199473371055	-336.99511733556113	-375.90479587502267	-464.6598487336234	-323.6955268619962	-1029.9262007982682	-6058.304045243208	-9979.728545472082
79000	-418.08964992781165	-409.8941120094579	-403.3827398577533	-390.9752597141918	-380.98575239882666	-358.7712879267723	-347.7382411778491	-337.18708417948375	-332.9381873403537	-334.1039510215462	-326.945385594916	-356.84910466929796	-452.954393584925	-319.7518736110288	-971.4791218369544	-5600.28400416827	-9241.635786331371
79000	-410.22937586058464	-402.16830659822807	-394.5814556746787	-383.95471153481344	-372.8289346895529	-351.59578928345763	-340.1327446901923	-330.0295621203756	-327.0109408790914	-326.0078562576063	-322.2110745488659	-358.47314072640455	-455.86665206371237	-313.1728675348186	-956.654309567639	-5848.742892897436	-9693.566352046408
79000	-465.793252345647	-457.0941720989015	-450.6326313540795	-438.8126381728665	-429.30494020340655	-407.06128496110273	-396.04636541097994	-387.34542953873245	-382.52414751985526	-381.6231548325197	-380.2710714101396	-421.86008968845607	-525.9724071551149	-369.0034095775781	-1132.437673124682	-6117.408386686792	-9874.810824880527
79000	-445.52856161798553	-436.6958206275545	-429.6823160640501	-417.67405975268105	-408.54473194101666	-387.16602819082	-375.73759951084435	-364.9598194690721	-361.2948497392653	-361.42547830940504	-357.97276144904913	-395.6881663111487	-496.4180690480569	-347.8909263274788	-1110.4580493538517	-6094.6713947600065	-9740.08414688968
79000	-412.6273498210777	-404.269069928579	-396.1486308931364	-384.7432152487777	-375.088798786153	-353.90585703539915	-341.82846046147716	-331.96134638200226	-328.7791555342472	-327.87538243891294	-325.52803978398634	-362.97195518120094	-454.7716530382197	-314.2817032097494	-1000.8588409154214	-6142.740964190838	-9958.717316008002
79000	-441.58353176444274	-433.12169782555685	-426.26218970895735	-413.7561098386342	-404.15417937705473	-382.3310029708974	-371.72486380591084	-361.32160645167227	-359.09913888203533	-357.2309053695905	-355.331215259522	-396.4912891028729	-501.9044959152971	-342.1133051800811	-1119.9679756118012	-6149.771067311985	-10058.53071935269
79000	-445.54978818351367	-437.22054995205355	-429.7994986985273	-417.8086220328514	-408.127313572118	-386.9450916613585	-374.36625194328496	-365.0243271455904	-361.62736353030976	-360.9740047506525	-358.411965632564	-396.2492290515001	-496.6788954663351	-346.1361636489552	-1071.5128218800653	-6192.469168611062	-9977.07635738934
79000	-424.6224760707928	-415.3351591112677	-408.57992581228297	-396.0875202837682	-387.7333000998337	-365.5202235508192	-354.8256394683029	-344.5319718741478	-341.83519742755544	-340.1926642645682	-338.2212382965824	-378.2206267290189	-487.9366785670372	-330.74928793850376	-1021.5917282798165	-5964.907099011566	-9843.491651258195
79000	-477.87998371112064	-469.6550715587781	-462.34796888932993	-451.0359416628439	-440.8473100070832	-419.98316080081975	-408.1030931447015	-398.6699127952591	-396.39201826465415	-394.409391076936	-393.64480434979095	-437.84536015788547	-548.368376733595	-380.04402684362145	-1211.2506403077093	-6322.510666398041	-10080.228086202664
79000	-454.7186948361751	-446.55298035739906	-439.1754304731166	-427.4641911305388	-417.15609967272394	-396.12085395020216	-384.2375211610553	-374.97664270727023	-371.43120826762816	-370.1637337341066	-369.4176791384313	-411.7345282379888	-515.1871863478505	-356.2267135800134	-1132.7645334522178	-6402.724144681916	-10189.767491765038
79000	-448.3011005969821	-439.9213215231538	-432.5990721434072	-421.0354769127175	-411.05009918442175	-389.6083461524151	-377.66920499564753	-369.1084401311191	-365.82875589589304	-363.83031267134714	-363.0787394043433	-407.3330013805601	-512.0111923870348	-348.5190368219937	-1128.8488723016453	-6425.3532502105245	-10287.808959874665
79000	-438.69086385369525	-430.0066620017624	-422.9193690011918	-410.5635670030849	-401.29873368246376	-378.68124507106586	-367.7043277700814	-357.3815611977139	-353.7045256176659	-353.93245809888833	-348.7681399740811	-382.1720717024013	-468.8755606874887	-339.9220014396766	-1036.8442219503931	-5987.210760114462	-9798.766103224822
79000	-422.51859143895064	-414.3554698563169	-406.76627212514626	-394.9246729272958	-386.0509454973913	-363.3961614898303	-351.9988840466851	-340.09742684443586	-336.6133908935873	-337.7107560785187	-330.7586680364484	-357.18539151027477	-445.464698117059	-323.4036878339935	-1013.1066440307852	-5652.431774885155	-9282.031681093576
79000	-438.327422689609	-429.1850338488675	-422.4916493285353	-410.1911755602431	-400.17143359521066	-379.1783798461578	-367.49283900022857	-357.1713286526931	-353.71387824545366	-353.6095582520188	-348.7224812164978	-384.3754696592618	-477.7813357248443	-339.82562394891767	-1048.9161813169503	-5948.886754016116	-9650.776067102423
79000	-444.54057518248896	-436.3325740669679	-428.40409604691314	-416.9090365771548	-406.17937991070266	-384.9270593770655	-373.341993649542	-363.6818593702723	-359.78170083070967	-359.72096682602944	-355.71610026719713	-389.848101173633	-482.69799659243733	-344.10155138417826	-1063.1191819249614	-5954.027529396293	-9710.55482245523
79000	-398.63353044122624	-390.34358934190004	-383.23995434024124	-371.19944876509965	-360.85593082807145	-339.5124208801233	-327.45864813593994	-316.84336033163464	-313.0008200495011	-312.72442343441327	-307.9615887694436	-337.7165049921005	-418.71360024799463	-299.9114249753974	-938.7712236608938	-5807.49073490841	-9575.383437434017
79000	-425.81568523237894	-418.16534312276923	-410.5095778468838	-398.0362807749343	-388.5810524349029	-367.258185140337	-355.1821632983743	-344.46077493219866	-339.3971733554238	-342.4424218039221	-333.07040627741696	-358.24589271568993	-441.78574820131684	-328.5100986551302	-938.8294677400704	-5342.249095738005	-8950.473798320545
79000	-460.4334236121556	-452.70621486059594	-445.8579944041623	-432.8974381495917	-423.49549997478	-402.136755747577	-391.23509865503166	-381.9654255132391	-377.8034994658116	-376.7711404768993	-373.88803364359325	-412.9974144157373	-519.6159223785297	-364.61986227562494	-1110.454003822545	-5841.098439934154	-9573.476178538433
79000	-453.511992479095	-444.4937144853278	-437.2071183076669	-425.52957295975557	-415.9318656008903	-393.64908657394994	-382.72061983849795	-372.9271371314769	-368.58594323002444	-368.12645687261767	-365.6534491118705	-404.7046438029747	-511.3404660920885	-358.0109742156688	-1119.2235562718308	-6156.369898307455	-9894.480209877904
79000	-478.76758882445546	-470.3731569998013	-462.8681724785202	-451.48063739110773	-442.0210512907755	-421.201876121999	-410.33235849742346	-400.85588909418885	-398.62644003990084	-395.0922992703484	-395.68557608546433	-442.6692360079243	-579.1319037826485	-386.3031836808848	-1171.9737908102056	-6197.447140012572	-9774.94471314625
79000	-456.9487750170497	-447.4133606933293	-440.0334073421172	-428.386259439049	-418.44588942047346	-396.8143973257645	-386.48194984826347	-376.7362805597902	-373.7591589284327	-371.84276422966707	-369.9594594616037	-411.3457307141041	-513.698919741322	-356.948187107345	-1150.7616279272536	-6019.077338466068	-9847.326812913461
79000	-428.97347485963604	-420.02577992619484	-413.61360572083987	-401.1545589486125	-391.50844187510285	-369.7682014658893	-357.7831535324204	-348.34514701430754	-343.4959660118175	-343.603741292948	-338.2230235197617	-366.8323180162278	-452.51100296240276	-329.688095977873	-980.8375335537011	-5703.9407354761	-9376.849883149722
79000	-419.00501088588493	-410.65483223695907	-403.08580560462616	-391.18930264203686	-381.26986921320656	-360.7579153175609	-348.35659584966635	-338.3345551578985	-333.06854409288246	-334.29927974973134	-327.24040106851527	-354.1959148810011	-445.15676542158246	-320.66636406347715	-955.9490028598035	-5634.8474959161285	-9249.915037872393
79000	-474.1981167372768	-466.4565611097083	-459.5454777183966	-447.33698798651164	-438.1484427497841	-416.9572689211314	-405.56953073522294	-396.51083523630956	-393.60597615554775	-390.5829910127303	-391.3463898268976	-437.32986498552754	-558.8954068418976	-377.5384777752215	-1212.4544255047904	-6235.412841837116	-10111.469634790039
79000	-430.9501667482748	-422.3674199451354	-414.82632031944473	-402.669891882226	-393.2447917241498	-372.3346091906884	-360.629185338524	-350.4739043343588	-346.2336774631514	-346.6824692501404	-341.8722360801631	-376.6720859880976	-478.6730752370056	-333.56166347648826	-1033.0858645887686	-5675.490607301842	-9460.390268553547
79000	-403.3192925478131	-395.19184826064236	-387.55347990958415	-375.43733059354474	-366.0346914822949	-344.50487504398086	-332.4457733010409	-321.71576427095397	-316.77856658134954	-318.0930062364603	-311.5256954026482	-338.85139759770436	-424.5223556367816	-306.0512473817332	-904.2193922646484	-5727.985079088728	-9426.389170684664
79000	-449.20353843926574	-441.42761089105653	-434.1941134562148	-422.04347987434505	-412.4953636467047	-391.2608638068583	-380.26996309553834	-371.2652620020209	-368.09949051595686	-365.2081004974979	-367.17099352249926	-415.2171167384644	-527.3203840863961	-353.3732255048095	-1119.3098122315446	-6430.435602647766	-10304.819608041795
79000	-439.2341147810438	-429.5497258879545	-423.2700333435925	-410.84302936847723	-401.77018989081097	-379.4620403880696	-368.52436307333664	-359.2721974092202	-356.11388059259616	-353.99552712967534	-352.68122030997307	-396.9465416938749	-497.93996121682716	-339.6927486545547	-1093.2789932761975	-6120.337728733008	-9915.598347749767
79000	-431.4328035996561	-423.1648299665789	-415.8584639589931	-404.0200579465878	-394.09222199356225	-372.6621212358483	-360.74564978660516	-350.5360146694654	-347.2984635995881	-346.392580681781	-341.72612575097713	-374.7798872818956	-464.3787088925627	-332.10603677781904	-1028.2222944871419	-6016.5872880133475	-9670.537945597738
79000	-481.05073314622445	-472.8296607952172	-465.55320614376745	-453.4723654092887	-443.410473151542	-422.6441383035899	-411.15823277357856	-401.3229846981154	-397.6147979963107	-396.53181758497266	-393.9602432138593	-435.1384044558533	-542.9645054533946	-382.5413478935223	-1183.1102104911809	-6062.414891394672	-9698.917747403819
79000	-394.10228241589357	-385.88466687378315	-378.53574286758186	-366.81363718542616	-356.95180156125565	-335.0550523528831	-322.79803047887026	-313.4658550530849	-309.67209966438463	-309.24483614237784	-305.12332569341345	-338.18891508383143	-434.02953552711915	-295.6545199613549	-910.8965988086109	-5930.909224033846	-9725.044461726706
79000	-425.3653137128019	-417.02904054292264	-410.2996937359995	-397.2183543975874	-387.87556560364567	-366.15351117805176	-354.33096840341085	-343.6725198235197	-339.66974062962635	-340.3578986006461	-333.652949607295	-361.88591010119393	-446.17433386543524	-325.0843552220254	-1020.1074491179763	-5871.082016710413	-9661.834663176516
79000	-499.89696580451385	-491.98831198397846	-484.8934559670876	-472.50645831188615	-463.8898867956773	-442.05548629399107	-431.6744908522373	-423.33759008034536	-420.67239706511475	-417.77116513748376	-419.52727548026377	-475.4998814342369	-607.5411358944766	-404.65379541192647	-1278.477649203631	-6389.505736292227	-10229.446297089895
79000	-449.22780199420356	-441.06913257324703	-432.8849871488963	-421.0291955154074	-411.8405434897322	-390.90646380664236	-378.3180601516669	-368.41786821224196	-364.2843376508446	-364.7975141548345	-358.2321467433596	-390.3400098671043	-483.2486068995656	-350.69913649025204	-1048.6845413123815	-5684.587633632172	-9276.837833404652
79000	-422.9253410200976	-414.2865440128813	-406.65490653495755	-395.28581884661776	-384.92207000037905	-363.4788887382515	-351.75724645401255	-341.7394903199329	-337.84024580513346	-337.7282530306104	-332.38262435914044	-365.0874925739743	-452.89921333022903	-323.49588503890607	-997.7820073973083	-5910.359491843884	-9619.019987430876
79000	-430.49380094504835	-422.37893033014257	-414.7868121742642	-402.9453743348014	-393.44745086152625	-372.12317201354807	-360.0272089266104	-350.393088767403	-346.6736822600593	-346.7761461140743	-341.9598653544304	-374.5033449140698	-469.56733106886463	-331.28843596136466	-1032.4723802199546	-5965.180988050087	-9715.54018444588
79000	-417.7583257841935	-410.0707211493	-403.06323123072656	-390.70982151743556	-380.822413415279	-359.7275939411451	-348.01185025284843	-338.6925268184173	-334.98570994530564	-333.89657630354225	-332.89767489676126	-374.97905093737313	-476.55853371784303	-319.4790761433655	-1066.3697390712566	-6164.631593853253	-10172.497470908556
79000	-446.59666983267545	-437.8463087362602	-431.5435465658596	-419.8761825693192	-408.85524205208344	-387.3338287783363	-375.8487768313594	-365.7819615329079	-362.5835733318266	-361.0351398447373	-358.7854864175486	-396.41536199284786	-491.2478830449536	-346.31040402810754	-1102.2713374619211	-6133.207025636199	-9859.441386366489
79000	-397.9755326177521	-389.5314089972111	-383.0583368113162	-370.2772134811113	-360.0817365920493	-338.5891917398618	-326.3572630637658	-316.2598350858867	-311.4880472961739	-313.1579060856911	-305.3453629661159	-330.19472487652416	-408.21942332951323	-299.4202723496745	-888.8769526002011	-5626.636126975525	-9424.374864803776
79000	-394.7434846945583	-386.77517461024775	-379.0518219873762	-367.1044778790173	-357.5741370693705	-335.66433996378646	-323.2683363136728	-313.23883574249805	-309.78175618140284	-309.40690177344914	-306.1047101084642	-339.08976498498066	-421.03108533034595	-295.60608352005215	-932.3371993989716	-6016.854096824923	-9845.144313615632
79000	-405.1406616204875	-396.26226827213947	-389.27339060808066	-377.17978283416596	-367.07956684654613	-345.8189314603205	-333.3226958438287	-322.9027678455993	-317.55682464384853	-320.12930325730616	-311.7083925923335	-335.54308502340587	-415.17004984323205	-305.58124991101295	-893.2080780973033	-5730.101002502566	-9277.959336758226
79000	-422.34121240004737	-413.497035800744	-406.556722774973	-394.3109316067512	-384.86280640081327	-363.2377586813894	-350.8053767741142	-340.77969525014794	-336.78582728421077	-336.64627357990446	-331.7543729742698	-362.9901023322665	-450.27387314581136	-322.90087072830863	-994.313003994504	-6051.724687903848	-9740.431062035583
79000	-445.245045667556	-437.31737154808343	-429.7646354307347	-417.8764035485152	-408.395733602712	-386.7304410060624	-374.63296444236045	-364.07826548974026	-360.5837632327525	-360.94334536680657	-356.9981484459431	-387.94648605631005	-484.56255247999655	-345.7940106933016	-1083.113153740759	-5814.555338139039	-9514.604123309795
79000	-475.31648827184944	-466.9583008538952	-460.0802025690925	-448.1241983488359	-438.2842981358427	-416.47198728933887	-404.97709263913174	-396.1680313427299	-392.6862206432642	-390.0438424941898	-389.92183102478	-431.8370543657602	-536.6533313203076	-376.56865819005833	-1185.5525227993953	-6125.842602282641	-9866.806515367352
79000	-442.3867693176689	-433.0820120361731	-426.4821672954218	-414.0694334521336	-404.36464674619333	-382.4473982594798	-371.2322084476166	-360.3845811338873	-355.6009570920696	-356.43295600350865	-351.03788742514604	-381.14762670370766	-473.3799171698474	-342.58349525817715	-1054.2800205580793	-5931.598242812826	-9492.161142425208
79000	-481.01603060088433	-473.1124653666314	-466.4028110612608	-453.5024333055825	-444.1026349802511	-422.9128169861928	-411.4906956564822	-401.4979846558184	-399.1977441621514	-397.00975391197784	-395.6428160388444	-436.9603730934044	-546.3202446299987	-383.7835241909851	-1183.116649191448	-6098.217240787892	-9835.164643190172
79000	-451.69599716955855	-442.8416856588015	-436.1306863723593	-424.3193439563786	-413.60844141521966	-392.9480999100606	-381.3079512132691	-372.3014550327829	-369.207588014791	-366.2541948475535	-368.76342486289116	-415.96438609009823	-523.566045518205	-353.65564347972713	-1168.2951757877986	-6296.3129123082035	-10101.630493856703
79000	-446.5910909086268	-438.68421311375675	-431.3068101632534	-419.2144932763405	-409.54803660602346	-387.25265391105063	-377.25362551655286	-367.60031455098147	-363.27079242902323	-361.96795232495515	-360.39186902976485	-399.1617986890745	-505.9558019156549	-352.27132734993876	-1060.0045379243775	-6038.6646695418185	-9751.68881477602
79000	-463.3670830424873	-455.3400464229638	-447.9726239683935	-435.59358829446796	-427.1973668840578	-404.9075358565172	-394.20008656107547	-384.94197098676483	-382.0341018915401	-378.9457827784282	-380.49252845141314	-425.195120222683	-535.9932836240371	-365.29977971311604	-1192.6487252703205	-6267.669041700571	-10200.035105153154
79000	-393.21187776598447	-385.06767382006365	-377.28129478846205	-365.7536521039665	-356.0834625726943	-333.8176663156223	-322.5000865687617	-312.31364160540943	-308.67215828311413	-308.81860041589033	-304.59662753883055	-338.51214797986745	-421.9077187345978	-295.4526587986906	-928.3306173749498	-5803.114503302031	-9652.186808793625
79000	-475.17683132640883	-466.1369157350851	-458.8244756938274	-446.8844228329008	-437.59966908271304	-415.78959661082905	-405.31019777966856	-397.603167298519	-394.82873834679725	-390.6816112157472	-394.1453386016902	-449.9797860195937	-575.810465665429	-379.87281534663794	-1219.499867406549	-6612.608854762715	-10527.07973127298
79000	-442.3013352546135	-433.42325862050245	-427.24916128774333	-415.122784053199	-404.30336047278865	-383.8404401528047	-372.07160800192725	-363.28440154940245	-359.53726506261523	-357.9987328114213	-356.95373658974927	-400.56133774813554	-518.5733007686697	-346.64969988750806	-1089.7244591675928	-6201.297429097888	-10068.906112412764
79000	-373.33615400936657	-365.03216258023207	-357.52777815505186	-345.3515696784674	-335.42279434653005	-313.98346392875084	-301.4805458778505	-290.4658750022022	-285.8324977862169	-287.6449195650619	-280.0555251623433	-301.4358729681308	-369.43057581781864	-273.62254665710657	-840.2939552916966	-5687.658093057521	-9418.770186918548
79000	-403.14486801249467	-394.5704133067531	-387.7221844338026	-375.7744624083342	-366.06623436859223	-343.65996842126077	-331.65802484371784	-322.2076215814779	-318.03564898355353	-318.33261702692585	-313.73577379988257	-346.72390067925477	-434.9872300834735	-303.68812620740465	-952.2943976388999	-5867.738523214173	-9686.800841441402
79000	-443.94347450991586	-435.5724894026967	-428.4457979620891	-416.4524340403833	-406.7403974719057	-385.8163649350956	-374.05909580427937	-364.22624607173583	-361.02355773518804	-359.6396633204049	-357.5832126412328	-398.4410436374858	-510.9544758943676	-347.4866683671678	-1074.0749883310164	-5815.638873713074	-9414.701726084091
79000	-437.97162450667065	-429.1127011948335	-422.79655659379733	-410.58999533451197	-400.4086022322568	-378.8872138041916	-367.9408701558434	-358.0481626864294	-354.5947848404424	-353.24115630374905	-352.1091618894318	-391.99997840014646	-493.3026852175912	-339.8930181538133	-1086.6341563907497	-6314.115896726101	-10129.11917558886
79000	-485.91211865551594	-476.9080424196538	-469.9502284664938	-457.92693124054256	-448.89550468073685	-427.163832717449	-416.6776996890881	-409.21974516102193	-406.47855044593166	-402.9533616078167	-405.61008186399596	-460.0030071570289	-593.1596628777459	-396.0743712917238	-1269.3449740509914	-6404.0409191933695	-10301.39493529921
79000	-440.25046957356426	-430.456165856016	-424.1503721221707	-411.64065221073804	-401.9387238047212	-380.6656501538875	-368.4684982625041	-357.84955971786684	-354.3855895661749	-354.8725745057376	-349.1367930286553	-379.8315079556015	-468.93053557487815	-339.46373546604	-1033.6425156835144	-5958.848006611054	-9663.708529866466
79000	-442.5637596329963	-434.60326410115437	-426.586860013225	-415.6980310371008	-405.82315092594814	-384.41421497486465	-372.9079024998235	-361.98589003804005	-358.9205298076648	-359.66497505653314	-353.43160034450136	-389.59139615647786	-487.7144491722467	-350.5584174223202	-1006.2149698487676	-5808.499826315746	-9368.577931338468
79000	-468.5893741325304	-460.2064376257688	-453.532027524194	-441.7618777801763	-432.02527720413286	-409.6467357119561	-399.21849911388404	-390.2055036949807	-388.41481394318265	-384.1600045528624	-386.7635851302192	-437.1789355688832	-553.2556067130172	-369.93218945692644	-1228.5027611081919	-6444.417488870134	-10295.09792247008
79000	-427.9939189319374	-419.5934299890916	-412.05211587003913	-399.31439773572674	-390.80724061595953	-368.7950762137483	-356.8820531139616	-347.5529609584818	-343.7454724804951	-343.52075360139764	-338.90281319036865	-371.3088148081543	-460.05190703749946	-331.81801994621446	-989.4948889394715	-5844.40033129911	-9461.51580134514
79000	-388.856891264192	-380.18588042468934	-373.70506753199805	-361.7106899841307	-351.14480662727783	-329.54991341543143	-317.66822573226295	-306.8201904295689	-302.5061144659699	-303.40724455003533	-296.22073147010303	-322.38712505239084	-397.7295200325686	-291.1052656960505	-892.5187653902054	-5603.191117954814	-9376.14562233731
79000	-395.6484577422236	-387.39888468153765	-380.14320815532034	-368.04978845201083	-357.70581701135274	-336.3285085095395	-324.5936071703219	-313.54969042966275	-309.1828455007781	-310.6404633165381	-303.56299161347283	-326.44192453953	-399.0942281994309	-297.10931756842547	-874.2032462250583	-5546.5168255760445	-9091.79108251728
79000	-417.59910061462745	-408.9614706893101	-402.46685784850825	-391.0367914132538	-380.4767751230522	-359.424127077615	-347.61120265536965	-338.0073931859073	-333.44014865715894	-333.11976053684754	-329.6818862852824	-364.0826590584501	-463.4492780115857	-320.6756635645839	-991.6963700662803	-5967.417725818596	-9688.456124780088
79000	-422.6119699562035	-414.0878802018019	-406.6559188008004	-394.81462832705085	-385.2831410293538	-363.7360918459408	-351.4703601974011	-340.83214887561195	-335.7611465051999	-337.67642850580563	-328.9772242572931	-355.0310036785076	-433.7312394975608	-322.17177643439834	-1002.5018081504561	-5721.440633016951	-9342.915206080226
79000	-431.32394522584076	-423.0690179674036	-416.2978544597756	-404.4157923357528	-393.92231793755525	-372.245094434748	-361.624045926348	-350.9619107038124	-346.7571284424704	-347.21594382892556	-342.4076133046506	-375.769930207171	-473.29455598702907	-336.62241635894355	-1015.8460937161311	-5848.633924505425	-9444.592887331555
79000	-432.100522017426	-424.0823827460032	-416.6745217192436	-404.37749051355866	-395.03612863055554	-373.65087856670397	-361.4144358504497	-352.4409442024056	-349.08288203141655	-347.214944785847	-345.5338449081971	-385.27382541480824	-492.97703338710045	-333.89351394066387	-1043.3764749863612	-6024.686427580286	-9956.863153433533
79000	-428.8924174942319	-420.71158785123856	-414.05949413387776	-401.73542996237666	-391.56827869690176	-370.081134735465	-358.3578564672453	-348.3835856679695	-344.1158150626864	-344.82365706713534	-338.97496665853294	-369.47615728313355	-457.5093943731759	-330.50669406699114	-999.5804495093549	-5771.939650139075	-9535.449325243217
79000	-400.541563664371	-391.45441282932865	-384.2119427062466	-372.2229649288148	-362.62519201059774	-340.9588930971135	-328.7910478670396	-319.0473684063953	-314.51153422621474	-315.01192486524695	-310.3663164643048	-340.80463090801214	-430.0207721433861	-301.1834372477967	-916.0167251742768	-5873.671901483161	-9661.001424407785
79000	-463.6086754600707	-454.81875956808835	-447.5328457664636	-435.75358243993037	-426.00102882322926	-404.50579498689444	-392.208033174639	-382.7900965161874	-379.7338129827839	-378.727848909503	-374.1023926259105	-408.38316679578986	-508.94466290709124	-364.24830558585063	-1133.0953575178146	-5920.459469103604	-9591.601165583408
79000	-418.1943542973423	-409.5068742469733	-402.450449686215	-390.5883324977642	-381.15300885550687	-358.9961442740826	-347.28843676731583	-337.60044399207067	-334.1407351190988	-333.33116286407363	-330.1765519908701	-366.92121667900517	-459.6794901367453	-320.9920957199756	-983.2096773503451	-6142.5659175575565	-9920.249752346886
79000	-450.29755567328095	-441.76807802761687	-434.40200564875755	-422.6637459532957	-413.6957718494982	-391.7912483229029	-380.56690676827276	-370.4871064363646	-367.0622576252079	-365.413658442083	-362.744089512414	-400.25723073209514	-498.6444924859151	-351.05136404442294	-1101.6041203765799	-5962.208498216863	-9718.989927100547
79000	-415.199396420802	-406.6585693397396	-399.7396003169493	-386.8314829088986	-377.16658241115937	-355.5979285586452	-343.57609702778734	-331.97072331172535	-327.01594388106565	-329.35096850550025	-319.66623719723407	-337.36972093889915	-405.5746687695628	-315.8264535435993	-887.7025447726159	-5534.790335018219	-9004.38817654499
79000	-453.05666143069396	-444.65650661539564	-437.2474848616194	-425.4777886515816	-415.89619102681036	-394.0753917378777	-382.2217448918262	-374.4949053741831	-370.7220773251991	-369.21625445545175	-368.3341065845775	-413.541325922625	-519.6537954523905	-355.2615461808869	-1131.8032841099546	-6358.532539252328	-10287.63768943125
79000	-415.1980906103444	-406.49301541342237	-399.39180263803047	-387.84338296880037	-377.94010509133614	-355.65279229638514	-344.5768050360777	-334.6474080143509	-331.89953700868466	-330.1767889123216	-328.65589508625743	-368.99595224218416	-460.6536844592747	-315.0859749340251	-1071.9919891307745	-6144.096553079516	-10010.49853111522
79000	-435.7131051605958	-427.1523318082084	-420.1398936085803	-408.3225246797589	-398.41713288187594	-376.60940588654995	-364.4416323646773	-354.25648311921674	-349.6241132365643	-350.92502364323656	-345.8409616905106	-378.84649637535114	-470.48390631125625	-336.7596621195861	-1034.0848926441838	-5900.530563251934	-9615.610663387428
79000	-450.5870765298204	-442.02184877353267	-435.3668120971709	-423.6348894448089	-412.9018521160596	-391.9093621313257	-381.1376211978168	-371.3180441133334	-367.47761824838295	-365.7599175979741	-365.41136663927904	-407.1768857313371	-516.1821145427077	-354.4011939224228	-1091.436707558949	-6049.511870064014	-9802.366077863746
79000	-426.89484761618235	-419.1731742820689	-410.8892319253802	-399.1787616489405	-389.92388922585104	-368.70977251279135	-355.6871084552492	-345.79216761231004	-341.9760508741229	-343.158530509782	-337.30158826728183	-368.4833732408918	-458.28503066989447	-329.274551934134	-1013.4208006501025	-5815.956921904298	-9549.005133316477
79000	-406.6059035186182	-398.47512691304735	-391.979788062183	-380.0985404573928	-369.59868923316617	-348.3557862917222	-336.2077178873266	-325.26882858142034	-321.0048752174911	-322.0187390683093	-315.75941501772235	-344.4195686805177	-423.6002954987188	-309.5717143927095	-916.0389367750969	-5824.4024459450275	-9569.654569223683
79000	-451.0633383070789	-443.3286958024726	-435.68091596763503	-423.73402124597135	-413.7152908098902	-392.99399168332747	-381.05059253315375	-372.1010505991798	-369.8350398674255	-366.8866489834123	-366.2203732656176	-409.27497626212795	-535.7667804238699	-355.01387008765965	-1118.384827842658	-6296.795032737494	-10007.002581640163
79000	-428.0897261139089	-419.6137906337933	-414.3863486066737	-401.220654594178	-390.96835698393903	-368.85493233835774	-358.2273065701467	-347.6673979812817	-343.18168364893245	-344.44587060746545	-339.2351481964266	-370.9600812233792	-460.1509359589279	-331.2556519282061	-986.5820556344903	-5966.830281716951	-9654.931902880197
79000	-460.0720953618746	-451.2358171344494	-444.0858009282421	-432.084888486453	-422.2380586824511	-400.89400120568655	-388.9700086922854	-379.1103626583915	-375.878035190912	-375.49953318778716	-370.8463653225956	-404.8488014908478	-510.2479003538316	-361.7994722333397	-1080.1831513992627	-5909.1997763663	-9491.157872787751
79000	-425.0755755643732	-416.5233811827508	-409.60777148440553	-397.64420418912766	-387.5706887633965	-365.7742137346758	-354.71890840538924	-344.1259970963857	-341.03746080121573	-340.11191755855754	-336.9048152257708	-371.5416532951841	-467.6133578269974	-326.67335137139764	-1005.0414316350292	-6058.39840709956	-9850.991468920643
79000	-431.81540951016535	-423.0892770268985	-415.5805381838283	-403.5987834933318	-393.9159812192776	-372.45409294361843	-360.71026693048265	-351.13504420412454	-348.3972205144239	-346.7220440509256	-344.9049768428597	-383.5170427928544	-477.7454513843329	-331.1577072679655	-1107.152044954205	-6061.933067984979	-10011.634083385306
79000	-454.9082237179214	-447.16852356845874	-439.5606445629042	-427.7005840534955	-418.17316427710585	-395.80777723692233	-384.7730643271635	-374.8067925882853	-370.62068957209783	-370.6782905339782	-365.5988045678351	-400.31966628328087	-495.087091674031	-355.8945352613082	-1087.914673169067	-5922.222339498786	-9750.909453650118
79000	-469.01830875436127	-460.2638601762754	-453.7470246700622	-441.47875577761033	-430.2544775808029	-410.1234054240881	-398.87935958494006	-389.6127999332895	-385.5124288887197	-383.8359559116297	-383.76163805549476	-424.83087899705066	-530.1708419747767	-368.13842368846167	-1192.5170468919455	-6134.0835793432325	-9855.451285922178
79000	-439.0163420417635	-430.24679810037685	-423.35512123050086	-411.21006726754604	-401.9207470128827	-380.10115399198264	-368.82228015498686	-358.2011771583704	-354.46598021050045	-354.90892515411855	-349.93892058089665	-383.10696960336975	-476.718355621864	-340.8862021095651	-1028.3426414709845	-6008.035350401665	-9710.059799780687
79000	-473.12723548991914	-464.7614974895069	-456.7906953111598	-445.97036868734585	-434.6120406435521	-414.4796327019662	-403.1585735650156	-393.50194280689607	-390.7302802542434	-388.82235583559714	-387.43851975060153	-429.33938238334497	-540.4782600905115	-378.3955388652713	-1146.4919481958323	-6166.6988720441705	-9880.12275897748
79000	-400.83960247689504	-392.58790122014454	-385.2148720392268	-373.0021479969629	-362.66817784240993	-341.56479065882974	-329.1181923677966	-318.0522339285803	-312.4840589841316	-315.60102568377374	-305.15090052480036	-322.41070406804056	-399.1910068266316	-301.94460065355395	-881.0309005041215	-5455.699542225535	-9020.251196232728
79000	-431.3211475561466	-422.5174311822601	-415.5568594236359	-403.4349377293298	-394.3819979264569	-371.77040078386045	-360.9423028125543	-352.5648321963044	-349.9150479837818	-346.1830003475583	-348.86257558977076	-397.04546838875854	-506.50898678356157	-332.3667447130173	-1118.4353126750266	-6505.2841356142535	-10546.943814551349
79000	-417.9616101413635	-409.65611819886874	-402.44875307164745	-390.8549867268972	-380.21757053597867	-358.89079327388004	-347.1356103211937	-336.1902012376755	-330.5686521002433	-333.6239550353174	-324.06842527091715	-348.5497048917758	-427.6782626803344	-319.7279087257193	-939.0266784836161	-5586.918125899499	-9197.383882263546
79000	-457.42084868807257	-449.3255464553764	-441.3789147287824	-429.4477475800322	-419.7149518506442	-399.37097817026506	-387.55625213290034	-376.6125644936319	-374.0950452272314	-373.37260715843246	-369.7385521233258	-407.05630102399795	-524.390723585319	-361.69378127715737	-1105.315561475008	-5768.789615988668	-9523.994644877997
79000	-426.1439736934173	-417.90248224638657	-410.3121428821715	-398.0342029497307	-387.37016379929213	-367.0997134728963	-355.18353537098136	-343.9588412097745	-340.2025383769647	-340.9174907935002	-334.9967479364622	-366.2111925083946	-459.7347976569202	-326.7386220960541	-987.7280981424973	-5782.763838284939	-9487.468292514264
79000	-421.99029352839807	-413.5809957306169	-406.3517500189741	-394.2252360950006	-384.6174829664126	-363.31414218595535	-351.2960247495601	-341.3232055360839	-337.46893528357697	-337.64968607369195	-333.3774993654082	-365.38125191487376	-456.87805202974477	-323.92278906470864	-1010.5033994735039	-5959.214696601347	-9609.962447403483
79000	-469.338203676275	-460.82285329908905	-453.6953871791989	-442.8223616266539	-431.44925755607596	-410.9046781625475	-400.21573424579503	-390.02061902471894	-387.26410410682945	-385.61099485462194	-385.8324948679335	-430.8735644412912	-543.4093572684344	-372.6582844135761	-1189.4318363211055	-6271.225663475212	-9999.24765765994
79000	-444.0834057039412	-435.5506055743385	-428.6730602687766	-416.64944849899905	-406.7620265209442	-385.1680528248158	-373.46894924119783	-364.22036380802814	-361.25696206727247	-359.60473915392055	-358.39163174070626	-398.4805566364744	-499.4872691823284	-345.5001154551737	-1073.3048013106331	-6319.279606172178	-10127.061506674334
79000	-431.784790365096	-423.5426260258737	-416.34745977099107	-403.7233424162612	-393.5228697391474	-372.60752709067447	-360.2780411995711	-349.9541623358505	-346.0054086310554	-346.47728387148055	-340.85409968475295	-371.16435407943504	-462.81061355906866	-334.03450289724066	-1006.4632552689633	-5792.6469069149125	-9539.239261065082
79000	-441.82595861265895	-433.96723083591564	-426.8241605317109	-414.6280920537722	-405.0347417287691	-383.56336012923424	-372.54128455207893	-363.36072102954324	-361.04849209457	-358.9051401847655	-358.7137705089956	-403.6614400563429	-516.0649577173074	-342.76183052796097	-1141.9665655590861	-6364.781791648917	-10276.567211031774
79000	-430.0586142703602	-421.6888747691658	-414.6769662240284	-403.34867109958236	-392.20426330402375	-370.66804579835986	-358.71452773688475	-348.96584029584784	-345.3274706394783	-345.1875183123832	-340.13302755424166	-369.2151410164167	-452.573437492109	-330.375773245258	-998.2268264172305	-5890.581130419668	-9681.695286631471
79000	-439.2408293327255	-431.13490140071167	-423.43048593796965	-411.2436077582929	-401.97693503642813	-379.8565788528626	-368.23318555257765	-358.72394900226953	-353.95768269925827	-354.89721219839794	-349.7241794129424	-382.11575519844797	-475.0853254604957	-339.81805704713753	-1071.1979056573703	-5720.125311594744	-9464.289356563326
79000	-408.81070637509856	-400.5760549894955	-393.50286288953765	-380.87260949041956	-371.62778378597244	-349.8689566987131	-337.4998816269219	-327.32234953313423	-323.78161256143625	-323.3576434001827	-318.3685519841556	-348.90550490157733	-429.8640046988511	-309.2533462765827	-969.1088697501177	-5753.302110945032	-9509.962658948993
79000	-421.4758122998696	-413.23925639705675	-405.49202318158694	-393.9918669155554	-384.24007579419714	-362.5543679718198	-350.863081273833	-340.11251774203305	-336.7282374825392	-336.79960579679755	-333.1846535683812	-365.59588076716165	-453.12105361287917	-320.7326911713316	-1018.2816414354743	-6036.21402830955	-9797.680826216732
79000	-415.7739540677866	-407.0649712844405	-399.94590200765	-387.7479238519942	-378.38692652302024	-356.7953618005587	-344.9811152001735	-334.8131010364731	-330.6335144383418	-330.8651589583808	-326.42525213434055	-358.49155498451444	-445.1903279777227	-315.6015289394735	-1010.1704121638782	-5991.774553588161	-9741.78430654062
79000	-432.7118554329107	-423.90376114424504	-417.2880508043302	-405.0747066479039	-395.45105835131693	-373.2562211789163	-362.67307442343196	-352.6795510547676	-348.2550113715716	-348.4982805426709	-344.19187270115526	-380.5708450119048	-469.5911987296073	-333.946551064531	-1046.1235537994385	-6106.399678449011	-9910.549688850699
79000	-405.3924253692206	-397.0864669519965	-390.21928838111916	-377.71826926463234	-367.91570041671423	-346.614758334891	-334.2587303017744	-323.06094613834676	-318.63520422042166	-320.3218718545077	-313.09777553195556	-338.536906942593	-413.97977756447375	-305.59042303872695	-918.1385084317459	-5693.177020676459	-9332.312722241299
79000	-436.920502539884	-428.69748984822485	-421.2215845571258	-409.11889407381	-398.9874366437205	-377.5075374930482	-365.7171005235372	-355.2220755579472	-350.0849427104366	-351.9386619451706	-344.09694746863966	-368.4256143945281	-453.705780562813	-338.40861692270875	-1000.0843614860242	-5499.938292954474	-9111.761998355974
79000	-421.7636805732058	-412.9978639688571	-406.3450226121518	-393.4374769010408	-383.93542508575024	-362.25903634167844	-350.30255193908147	-340.62268403222976	-338.05200208535007	-336.5784666649642	-335.02926791559196	-375.720597820459	-473.0909289119469	-320.9004289953576	-1046.3191893049889	-6045.937512037903	-9914.35336743718
79000	-454.4705726821445	-446.2585160149291	-439.929244975034	-427.0676206846392	-417.259806776278	-396.25142004402596	-383.8395121552989	-373.7835551136432	-369.0961327951328	-369.95482090057857	-364.9664196337086	-398.0561030771633	-490.06024538161216	-354.2997944821404	-1108.5278331870932	-5991.004075820463	-9715.845345413398
79000	-423.1978788918792	-414.2034955255432	-408.0987037283816	-395.39846346576826	-385.2249922134754	-363.8239529820911	-352.5801958409205	-342.02485149010636	-337.61517057529124	-338.302045156222	-333.04037217499774	-364.69441641617385	-454.1282096035863	-325.30645084995865	-980.9862093991137	-5983.144130401388	-9647.901942531416
79000	-450.6032756843301	-441.44145675827286	-434.0235526906744	-423.0442947423394	-413.04214368961976	-391.66973282989056	-379.5537486812563	-369.9980432766988	-367.06358478529387	-365.58268980891916	-361.48926560495295	-398.13852049503345	-507.5339129279885	-355.63539344850466	-1089.6927579783974	-5734.597680511531	-9500.091435839719
79000	-417.90781041815825	-409.30618287146086	-401.89834480214284	-390.13344690503493	-380.82458636527144	-358.2992761605733	-347.8690299003396	-337.0548939503054	-333.5968623554223	-333.0669463609348	-330.20287192678046	-367.63561310956214	-459.50791679541067	-319.12021796469406	-1014.5550360807788	-5902.71045331728	-9851.773494241337
79000	-456.2168360823101	-447.5680369562402	-440.6152744893363	-428.89096713160495	-418.95791424710717	-397.14317953870665	-385.88179671322763	-378.11288816634743	-375.82813096551985	-371.66739653893626	-375.0197806098444	-422.84332860406835	-551.2201207820101	-359.3793228303052	-1142.594415556473	-6389.54064627003	-10256.575479072922
79000	-474.74841417116204	-468.08651746184927	-460.0326573349552	-449.33026474751364	-439.0438222663487	-416.9859298705965	-405.9141915373176	-396.573890114975	-394.5457156440395	-391.38994287300784	-391.53891192198284	-437.83134158416095	-550.7149753152783	-378.54804446453323	-1229.5592655562677	-6220.533001697988	-9944.8393381404
79000	-443.63798484143035	-435.27653780274466	-427.7915110970892	-415.6864736177871	-406.47541358680064	-384.6083215909564	-372.83646426251585	-363.34841322911933	-359.1053538267852	-359.21832749250945	-355.27283979795993	-392.600659726595	-503.0298343850553	-347.4601566839252	-1065.9454467711216	-5938.4462410495025	-9634.022414697003
79000	-435.1598997630722	-426.75960815780405	-419.596092066528	-407.72814534264194	-397.90191856802835	-376.15016223340285	-364.34703879882414	-353.4066720475996	-349.9567946277735	-350.0635026342453	-344.9351224653863	-375.37380845720867	-471.6662941252161	-336.79294084650047	-1020.0515146652078	-5845.25143662607	-9465.623976908733
79000	-427.27800990659085	-418.83998017124645	-411.44361963125885	-399.11112643464344	-389.6337607470166	-367.6229814613324	-356.1075613822516	-346.1979909139719	-342.27466665291513	-342.4507829244229	-338.7725671151669	-374.86869523097687	-465.1524802467176	-326.85940949017044	-1047.4062624208673	-6002.307382156849	-9871.353728919095
79000	-421.8581808487384	-413.46500880027764	-407.24846941383186	-394.0562987307808	-384.85864084693566	-363.18805423098786	-351.41227905339946	-341.713509807077	-337.6425397319069	-337.4509854978832	-333.326434695076	-367.23006722257986	-461.5708762943203	-333.00978771693514	-977.7021864385484	-5853.80627392817	-9512.531336166641
79000	-430.4004282142426	-422.1594017040878	-414.33123723361365	-402.586167558311	-393.226129843404	-371.1451511724865	-359.9745192110069	-349.9657986077747	-346.4723715224276	-345.6303840836708	-344.0916561593417	-380.12472441616984	-480.79838295436707	-335.18549693767636	-1012.1446317718078	-5933.959806080849	-9654.935118186131
79000	-484.4897085234414	-475.60616969224156	-468.79423107318024	-456.22672349092136	-446.4384344349924	-425.88849326097784	-413.9387500416779	-406.30172499421894	-402.77793603560497	-399.5644411049807	-400.95934105813467	-446.433007328865	-568.094659409392	-385.42135026183826	-1203.6717873733985	-6393.7745422475755	-10178.563591861037
79000	-424.0997660973432	-416.09276657051794	-409.09009998550545	-397.05840115555736	-387.0378976602172	-364.8247277267447	-354.38459549306623	-344.81164144677	-341.9699456851914	-339.42994429925665	-339.16221705656613	-383.6236342759597	-487.30718972261354	-325.20122015420594	-1052.0398952317996	-6148.267974411129	-9950.71075415753
79000	-453.1853306472418	-444.4425736470363	-437.7730683459709	-424.9515618085619	-416.3192912617883	-394.8964582934668	-383.02047517385853	-372.99217413636745	-369.0971085172624	-368.645423595201	-365.16433267854296	-398.30228065849786	-495.8858169524593	-354.25762436067663	-1069.1794298245902	-5806.009351380645	-9369.511298162703
79000	-435.755612729425	-428.6585426282443	-421.5896327531039	-408.868675917459	-399.3580338180578	-377.5443761587999	-366.64952938058315	-356.6058253790994	-352.80919614747586	-352.22709364566043	-348.7280669306928	-383.79311528317066	-488.84053723795796	-338.7658124023845	-1023.857654918539	-6025.904811039518	-9729.690743619225
79000	-458.1294499843617	-450.05671876380586	-442.3494566812332	-431.03750083553984	-421.3083611228628	-398.7904425496571	-388.8200008318283	-378.0534872019309	-375.3831456267282	-374.0602183193559	-371.690145287601	-414.0210916620757	-519.8809567318416	-358.4283803511814	-1158.6864940628418	-6260.99938274181	-9924.67467438568
79000	-406.60493155340635	-397.7150075702169	-390.3743984725133	-378.34828974869845	-367.91930514685674	-346.4173916745298	-334.4520327858015	-323.9328913846462	-319.41524737828286	-320.7291508285741	-313.4380255699412	-338.4286939671064	-414.7891442707476	-305.0054223782833	-947.660799232444	-5763.433161305683	-9386.980316436022
79000	-404.33354924435207	-395.02719193341534	-387.8440675823536	-375.6886130040176	-364.9526269401866	-344.35462227045247	-332.76898090110956	-321.9258703626275	-316.6648868542698	-318.6463445554126	-311.1594037740812	-337.9104621332286	-434.4490384750885	-306.7718642961071	-905.8800713389279	-5547.365031781214	-9189.937774235652
79000	-447.377503039062	-439.004058776855	-431.78715384748403	-420.4103310127988	-410.3756014143453	-389.1024233371374	-378.2254992895543	-368.8194951063622	-365.9961808519003	-362.8920651408791	-364.709826236214	-412.2677831110287	-524.4467865941341	-348.8549843309429	-1133.6138270597926	-6386.419644043937	-10330.419443532199
79000	-429.2061902766019	-420.75961827509747	-413.4371495435134	-400.41540969547214	-391.00126925252414	-369.91531972753194	-358.42060436218634	-347.7742685424465	-344.89523306286566	-343.75426973666043	-340.9431968295959	-374.85043791387056	-471.59605011106606	-329.1817963194833	-1054.4803397823175	-6155.534273421725	-9984.272711290489
79000	-454.6062663654196	-446.5514117989154	-439.38037438245266	-426.55391053880726	-417.36842456623845	-396.6438570051522	-384.77051493173695	-374.2042625140284	-370.37391466185926	-371.1428857929229	-365.31348869777787	-399.3663185350128	-503.4384522210632	-358.2252573731097	-1075.8962496870356	-5649.888134843567	-9297.792408284902
79000	-447.76662882848734	-439.3162898032626	-432.4947811926914	-420.6692231097012	-410.8013569185543	-389.0817268987571	-377.0585511495822	-366.91027450089075	-362.3396215518973	-363.2309881492616	-358.33321257897825	-388.92695894086637	-479.6548926100668	-347.3898658103238	-1088.7378899095759	-5806.258629078249	-9488.083621594225
79000	-434.8999004355005	-427.9060179571563	-418.9348322295679	-407.5565303708447	-397.9731562528588	-375.9210222483297	-364.9014358955253	-354.21546402958586	-350.39893599729584	-351.30548246739016	-346.6556616194904	-380.8328421628825	-474.1755659629261	-335.46797723666975	-1072.3667593546509	-5858.467294323688	-9547.221177066567
79000	-414.91727474453523	-406.04806126522834	-399.7867305477668	-387.5777240449755	-377.4226649472192	-355.62693839570056	-343.9713181653482	-333.4370016733433	-329.286334878681	-329.7008375020634	-325.93048501378485	-359.262620425459	-448.9805538723872	-315.4467530700148	-990.260741051603	-5949.556344799487	-9714.026292670285
79000	-432.4307156717412	-424.12956722351225	-417.29082238394955	-405.4684588741086	-395.31868597361665	-374.243499711169	-362.9017185315743	-352.9471551423598	-349.66084028021936	-348.64794492064794	-345.71562562190377	-382.5102643169207	-478.6138801908597	-335.82885275283184	-1024.107759828885	-5840.206567561807	-9524.875475454664
79000	-419.8785194491677	-411.67434641061254	-404.4228518493706	-391.97847127579837	-382.53517454593134	-361.3505578801231	-349.4802036979375	-339.4451597494691	-335.7484681230875	-335.62885723063937	-332.32735625449214	-368.9095845963663	-473.00884641783915	-324.6973005100888	-1010.79593069797	-5962.9717732617955	-9755.62401364403
79000	-459.1673621510459	-451.1582643523415	-444.02883090329254	-432.64373155313365	-422.53570534177453	-401.2440902262387	-389.72204642154793	-379.21008764693477	-374.71943066369465	-375.2137590102078	-369.990543051278	-404.2138257331212	-499.64298054363013	-360.10871959058585	-1123.5073066430566	-5660.148107751438	-9205.32728264694
79000	-436.6267085810337	-428.4477535673417	-421.01781375496097	-409.82725609372517	-399.391777645548	-377.9701170740113	-366.5829072408675	-356.5874909642171	-353.3849627986518	-352.4154308776598	-350.6255708409799	-392.7124928807764	-498.69526255278504	-337.64434557980445	-1061.9891224246155	-6009.5069833026455	-9784.30085589887
79000	-423.9644205834184	-415.1935494264906	-407.5785237276651	-395.9711653752604	-385.8799900939233	-364.15668220748773	-353.1128702918946	-343.3009631916731	-340.34271005325184	-339.24309091415194	-337.25400366426726	-377.43970532390745	-472.7472394704022	-328.8371813982516	-1034.4654315657006	-5857.806030571518	-9631.433604003225
79000	-452.4187136816115	-444.14483645655594	-437.2527086482833	-425.0395382924345	-415.4875120883351	-393.23646648677646	-381.8524125073816	-371.82347082717433	-368.6146360539651	-368.40936105259726	-364.86180329314794	-404.03168589542975	-501.9343778093051	-353.98399580075136	-1109.3537055502309	-6077.532509004768	-9822.807861367133
79000	-403.29820682439464	-394.3630404739026	-387.78438312182976	-375.2610749599547	-365.75338759771876	-344.2800874908232	-331.75420457725755	-322.35667132875585	-317.4937468617641	-317.90191566481695	-313.33576264782073	-343.15098007961535	-428.95449146497305	-304.1700096974177	-953.7359340599035	-5802.8891885052735	-9583.707547767868
79000	-428.10568150381613	-419.41711040613086	-412.3023610624445	-400.49391849168387	-390.65766074598247	-369.74777676748477	-357.72947989524715	-347.48688783179455	-343.46513436416654	-343.27855887061077	-339.6566631747511	-374.4142607540306	-470.52123606723944	-329.54786457031446	-1030.5664254404244	-5920.398803976628	-9590.92176224365
79000	-440.38309599845843	-431.7595060401319	-424.86349413944794	-413.40144736352863	-403.2671457931879	-381.63625971113635	-370.15140973126256	-359.1005136149815	-355.36013006828375	-355.99357372511633	-350.4305962883162	-381.3852553337654	-476.0301095254952	-343.3616781243319	-1034.4342023498891	-5695.903364542443	-9474.982073688183
79000	-453.9965508293275	-445.14322044196166	-438.24897780960686	-425.6230514416151	-416.16718977201293	-395.06315381653076	-384.0643719846389	-373.8135118016012	-370.8218830518521	-368.6455500308015	-367.8135256870855	-410.6137065113728	-521.5638116495496	-356.2355701683393	-1119.8604795241458	-6096.504450970211	-10010.281946144458
79000	-432.83784980531743	-425.1708691141828	-417.7814031249497	-405.2539007675306	-395.2274555144548	-375.04701878742287	-363.14036013039157	-352.67189656827657	-349.10103461163254	-348.1264993653475	-345.1384630208281	-382.28614589242284	-479.41299695067227	-335.02368832133413	-1054.9034218227976	-5947.689390182504	-9598.60597891272
79000	-423.7677891066714	-416.5562808006225	-408.27456780433664	-396.299049152194	-386.0654633072901	-365.07707352599414	-353.0352269729298	-343.7270103019665	-340.6202700647839	-339.8968990097122	-336.8028713542886	-375.06340946656684	-487.3362227863218	-327.97669851374457	-1021.7957568981682	-5894.0101462415	-9774.23193221584
79000	-448.7105876995093	-439.7921420207224	-432.6504114435326	-420.7465943579673	-410.82717910559245	-389.3490881809374	-377.70809584015603	-366.8435763560946	-362.6909751196634	-363.44649505429555	-357.90133630597234	-390.52533784828006	-485.09448105578423	-349.43047359298714	-1094.864225441109	-5789.002784812976	-9427.195998350933
79000	-443.240505174647	-435.310805106623	-428.65704059885087	-416.0327883795694	-406.9093021322694	-385.44576154846965	-373.51240796151137	-363.70943165256637	-359.73246004209767	-358.92580441284014	-356.6075040635049	-394.2326882281364	-493.37403766197696	-344.6312441725825	-1110.3825160378144	-6066.618756241811	-9882.321046290672
79000	-459.7589350043671	-451.2985967014478	-444.0418977124404	-431.7928827117827	-422.8034470631703	-401.00361286656215	-388.66871250209033	-378.1505811319911	-374.50595175417186	-375.18618871047926	-370.1610143924419	-402.1604087918949	-494.72230512547907	-360.4973614417764	-1106.9948249182369	-5874.785346333002	-9455.406440450502
79000	-428.5436622384321	-419.83036314832674	-413.2305386134338	-400.6217953822836	-390.2769251622987	-369.0810986909153	-357.3092338450537	-346.40837108137924	-341.538885359062	-343.54753160870473	-334.48187305323927	-358.05964034133933	-436.9164077990422	-329.7532635975443	-950.7134229902165	-5693.850999516682	-9194.837912131645
79000	-428.8609610220535	-421.03779968700616	-413.9766657289833	-401.6376595457897	-391.44985854697916	-369.7903706215816	-358.21756040881354	-347.75340043792505	-343.6146673927496	-344.25706109798745	-339.9157127164532	-373.3842688537773	-461.48375426253676	-330.63122232436626	-1013.1222496526431	-5915.450974900705	-9706.98744672576
79000	-422.6196720451572	-413.6391007697743	-407.2483781201143	-394.85492991350975	-384.91758967407236	-363.1433349007314	-351.998278182584	-342.94166874528656	-338.7110482181615	-337.92124408595754	-336.1127755147412	-374.8488781990818	-474.2916390552627	-326.28631561251126	-1008.2260198056914	-6200.591004771258	-9966.342315823733
79000	-490.76211007554565	-482.23143410097475	-475.17021302626523	-463.20742487796144	-453.6846563512275	-432.29309304666685	-422.53134511040554	-414.04698299605803	-411.974604974113	-407.7403638555026	-412.22172351549995	-473.6228834253911	-604.7499891821142	-398.0804754778615	-1239.5553302161702	-6636.126252505874	-10415.905678882913
79000	-423.0903987915514	-415.67117021660334	-407.21518732747353	-396.0978232157091	-386.21062903837503	-365.31504554999356	-352.66996778833453	-342.2696509398331	-338.6215141442562	-338.7282217574191	-333.38897971533436	-363.81736170197024	-445.74471323950905	-323.9136529928963	-982.3152178146809	-5989.7712888433425	-9738.153089057747
79000	-432.30036025363626	-424.4494646338795	-416.95552542583806	-404.98620709884244	-394.892979498192	-373.11312538771324	-361.9851814796452	-352.37871095846083	-348.605426425488	-347.43247984510253	-345.4959082995121	-385.3393682213989	-477.3238406806804	-332.1805526882447	-1089.2220908005374	-6203.380517848256	-10224.9970338129
79000	-378.29014326417985	-369.74377560966553	-362.6202408408215	-350.09512396645357	-340.395089233832	-318.8545059918847	-306.6076497941121	-295.52678949967725	-291.42988854220187	-293.25262169189733	-284.9134246039195	-308.89606217061356	-387.70092568899986	-279.14791157355705	-825.0436198082448	-5542.4322649432615	-9303.829310344792
79000	-403.7071409728733	-395.02598075876415	-387.8230220496046	-375.6854390030286	-365.51856462008675	-344.16518269971624	-332.3678876252856	-321.2285398289428	-316.85387629542885	-318.51936710272406	-311.15523990845116	-336.0263610717477	-411.56093419792444	-303.0275723962802	-929.3831212026331	-5738.841609953771	-9475.814692910344
79000	-439.077224470797	-431.43058093848344	-424.33398690319365	-411.8187963317688	-401.6452244448462	-381.055219170605	-368.91967611063325	-359.37403389523	-354.6193356268938	-355.24716116454164	-351.2396486544049	-387.12360299560964	-484.13126154972736	-343.6577490517797	-1030.7586370997433	-5973.747838864724	-9647.093274813493
79000	-435.74164244727064	-426.41453209511957	-419.4934276097263	-407.82783809909847	-397.8245000608404	-376.04286485579854	-363.9340547465156	-354.58111491474705	-350.07823536508965	-350.3700262449415	-346.04525662151127	-377.96788464170544	-464.24435400339956	-337.15840406678024	-1039.4726289718108	-5997.567495193524	-9683.998989516915
79000	-435.81874169294525	-427.7936362443587	-421.14139875455106	-408.6851398698369	-399.40932025282115	-377.2391042016932	-365.59923289750276	-354.87348898224167	-351.8430432590024	-351.5736892117581	-347.19889993389506	-381.1530670155173	-473.7273280300285	-337.8004686438292	-1045.518320725818	-5822.624379143755	-9534.791038082281
79000	-424.4712635208609	-416.1585160281003	-408.79634513169896	-397.1227854169748	-386.9724204223128	-365.75573839264524	-353.7229245754755	-343.6711752190184	-340.1963921501653	-340.09040318851726	-336.10627051394914	-368.9356005024424	-461.1343196306265	-325.6254679208424	-980.8990581020655	-6046.5196150824995	-9669.252068274747
79000	-429.29689822668865	-420.8345309496439	-414.19327136587873	-402.17765030398823	-391.81500433501316	-370.36857488320067	-358.48804108348077	-348.70780889982774	-344.2183090486597	-345.03794632891703	-339.62442856629093	-372.4987497965553	-454.46690551948416	-328.8732162056159	-1019.3062619854893	-5871.529703175717	-9465.910195464767
79000	-435.21209416385034	-426.531269395276	-419.28293657234434	-407.74822286346284	-397.13371671909715	-376.2944658307132	-364.75837968032874	-353.80345240992875	-349.88369733684084	-350.419448501277	-345.88931455044195	-380.4558748409739	-477.511522936517	-339.5111517815827	-1046.9385475864517	-5787.88600293545	-9412.737566916154
79000	-467.1941508571458	-458.6740648006704	-451.56731505223314	-438.7657264692941	-429.5685318054519	-408.2446428716335	-396.83128357885954	-386.3948121825921	-383.0176734663242	-382.5917519357918	-378.7685868435026	-414.4248331825138	-507.7024846464295	-367.7704592255289	-1136.4627734183855	-5765.366437178884	-9393.646111783391
79000	-496.40213387654865	-489.0253850130987	-481.85148069409075	-468.42973539705724	-459.74967222812694	-438.5529455383473	-426.54847205773035	-418.43375290375354	-413.4990159548822	-413.21545135626525	-410.90992804946023	-450.75928625955805	-560.2953898664159	-401.97221343268166	-1218.3125423074866	-6128.899376964893	-9662.02083856996
79000	-407.58360609218795	-398.5810180815007	-391.75001627341925	-379.7600784088513	-369.7445471573873	-348.5703862155383	-335.883615113638	-325.57736495665125	-322.13014756667	-321.83740958272807	-317.2644900053574	-346.76812016018823	-430.95128642729827	-307.0532734107578	-944.8751212134746	-6046.848826512819	-9754.296214282338
79000	-439.1210969262074	-430.1751920295443	-423.3628267595007	-410.6930087097005	-401.53739392087715	-379.5692510186055	-367.9513730337877	-357.58206980467105	-354.45395193117935	-353.509882041744	-348.8065482125241	-382.0488671077789	-476.5976869792865	-341.08953335311656	-1055.518140723127	-5891.92085025585	-9479.658487628612
79000	-448.7726848041068	-441.25577118524166	-433.53906874335604	-421.7878476992196	-411.90214778512905	-390.62007761528974	-378.74429631712525	-369.3311242663055	-365.6706579130211	-365.07162485500953	-361.1640114687344	-397.0054604894984	-492.8484438780892	-349.75271543468506	-1084.1694519825537	-6035.13407625632	-9819.468092461037
79000	-436.0773033459719	-427.75118635843137	-420.80704835351133	-408.47823380249054	-399.44288169377563	-376.93963798382066	-366.13181631533087	-356.00243477218555	-353.1082487525666	-351.1770080876863	-350.2299079995081	-390.16162220101313	-483.33305531558904	-337.99228656280934	-1066.6659838186793	-6252.470726558115	-10031.242996610028
79000	-451.2288222190654	-441.63598618880195	-434.59548114207854	-423.76462593192434	-414.0084596661832	-391.85076412453145	-380.08091440406673	-371.2568381435016	-368.32648411744674	-366.4841117531754	-365.4994070665436	-410.95832225000254	-518.698047896021	-353.48916011559317	-1114.8666634938259	-6351.47943538491	-10077.569059966469
79000	-415.62591995191633	-407.7282141697602	-400.28718597960045	-388.0153221452754	-377.6513645738447	-356.295661427695	-344.52780390935504	-334.4367599224529	-330.0270154715677	-331.08494954685926	-324.23090687714205	-352.9553625581077	-433.299632536988	-315.9992610118508	-967.4020794416081	-5679.124438927844	-9424.486237171568
79000	-442.03132215394356	-433.8259801132219	-427.01486601723883	-415.06311124455385	-405.1260153417339	-382.92494078686246	-372.040812617243	-361.28266110998226	-357.4067122512278	-357.95391826977084	-353.13752064519434	-388.095899455037	-478.9952936159338	-341.5099990812111	-1116.016690851345	-5932.779646286664	-9690.683340813694
79000	-453.8804312713277	-445.6809055458889	-438.2860272762461	-426.5106839913684	-416.90843483736717	-395.6896012119294	-383.9547289306953	-374.8552160091747	-371.97961664695714	-369.3342335263157	-370.3438045381571	-412.04573817305925	-521.1539199865238	-360.4840055990298	-1100.583343376169	-6336.910766047928	-10068.060148588453
79000	-424.55268734242344	-416.07643928732597	-409.0219127965966	-397.03773994804817	-387.07008870549663	-365.1658069594923	-353.5492338818311	-344.4180861502982	-340.869914694523	-339.41446219383084	-337.47440303095004	-375.6062681703822	-468.24310067977416	-324.6271935453075	-1028.2938255644153	-6263.18387173434	-10095.395159886166
79000	-439.5557102428965	-431.6573266971487	-423.86742958809185	-412.33636557355044	-402.3277431224323	-380.5346601783995	-368.8700648704494	-358.50455348812795	-354.866664038068	-354.7796415704569	-350.6766749986276	-384.73483898314146	-471.9582375178883	-339.95026116402613	-1026.817467562007	-6073.827752316833	-9686.999531803891
79000	-418.24340654203263	-409.7608404433622	-402.4589856335402	-390.61236799855476	-379.8964286149808	-359.0160765580363	-347.5319941178158	-337.4731148528682	-333.2415777375159	-333.2658329754235	-328.706511414927	-360.41649279933085	-465.57483175180647	-320.96088560646416	-969.8169217651256	-5770.149140719801	-9471.864622890145
79000	-482.164120787746	-474.3946395400283	-466.6386866713811	-454.9297668723543	-444.94165881111405	-424.2221122519519	-412.83517634129754	-404.0146511960264	-400.389006040949	-398.3003362609426	-396.71210363521493	-439.6116027273887	-564.5201323295738	-384.3975229752281	-1172.7428027635506	-6194.534312839704	-9849.851321845494
79000	-457.3307416631444	-448.8934821975698	-441.9388740902194	-430.3491553923069	-420.93797088610677	-398.2975603143994	-387.5977884633586	-378.4058684907562	-375.7876374525891	-372.93151148253867	-374.39162452424927	-420.5972777045756	-534.3963347850402	-358.27283783756906	-1148.9480623386492	-6382.717504747736	-10356.620039651032
79000	-420.0624841525119	-411.2079581924238	-403.69197331803167	-391.533147123156	-381.9550153556625	-360.3602863721259	-347.6906865858244	-336.7107972611345	-332.30704997871675	-334.75919505205206	-325.154061265855	-348.44081386751543	-423.77992458347944	-319.28638039637264	-936.3030444284045	-5503.005061245528	-9140.00894212993
79000	-418.10231955031816	-410.373660847924	-403.06475559915174	-391.5008334539774	-380.64952846970573	-359.22499385183215	-347.5395026529513	-337.06629073789134	-333.5096155102809	-333.54429718177187	-328.256052279439	-359.4081077283433	-446.7529518079508	-319.29752785193546	-1001.9545463704137	-5998.6458069022665	-9764.871120274902
79000	-434.0209629159924	-425.0420203801761	-418.36251615452755	-406.50567434684194	-396.4951695585685	-374.6837982599483	-363.21038534757423	-354.0911861089538	-350.4208156192811	-348.9948987356592	-346.71157022116205	-384.7458851162375	-484.0222737297809	-335.1885251899161	-1057.6204039942934	-5909.839670997718	-9718.292748529368
79000	-402.4189399872463	-394.9664283152376	-386.80076839922737	-374.39378237471703	-365.3036562034642	-342.97009382215475	-331.63656699924724	-322.0555703046784	-318.62629141221436	-317.66610912163367	-315.607461946467	-352.28150041887733	-449.2844374449054	-303.4212947818261	-958.637841544596	-5997.166101854651	-9895.767520074603
79000	-438.9427361111355	-430.25182221487165	-423.4174363135108	-410.69013233406076	-401.13350291066394	-380.40922392935914	-368.4227494991728	-358.1033176690481	-355.1735276847181	-353.8312441553098	-351.3714120968656	-388.8729479961797	-489.0148400554071	-338.51971745326125	-1056.1226225405449	-6146.232557398786	-9875.599601447844
79000	-436.9427959490411	-428.5553980052697	-421.0505864867575	-409.037746387973	-399.35516672830835	-378.16296264161133	-366.5918339969504	-357.28884124130985	-352.7828549082203	-353.2236502287977	-348.02674660331604	-381.41911745824746	-480.8347603395366	-338.21733011693425	-1020.818702175484	-5690.025232369859	-9301.333282508727
79000	-421.54665745136896	-412.8938994427134	-405.7131565794471	-393.5962236224684	-384.582943727272	-362.1295972689896	-349.9979732800749	-339.18705728388875	-336.36577623682797	-336.3480412108232	-331.3758157690699	-361.0430524852839	-442.80446566406494	-321.3992754592903	-981.2304088372875	-6140.736565637546	-9932.868106398551
79000	-457.94661726163116	-449.3647027261137	-442.0486371642982	-430.21370613788963	-420.65659834267615	-399.22413133959617	-387.5681742033406	-377.77264793907756	-374.96931884001253	-373.46202737160735	-372.4904851272921	-414.1973006820739	-518.7783982899903	-357.9717057667817	-1177.8158660732074	-6456.476346171513	-10322.934638157636
79000	-411.46560586547554	-402.77250906105405	-395.4692029974363	-383.38451453122957	-373.2510587231775	-352.03540304676477	-339.94051247091573	-329.4291129861407	-325.79435718896985	-326.0859095213025	-320.2029510501013	-348.043418564936	-431.039130563849	-312.0654067879181	-942.1100760117472	-5874.422783553172	-9609.345874481503
79000	-423.0565532916568	-414.2356644771154	-407.2783108888727	-394.49311246870946	-385.4302842199917	-363.6713449166684	-352.1803267804825	-342.21849918799717	-338.03631562109337	-337.8964182148689	-333.381092949349	-366.8526971536355	-460.2236181287923	-324.3929254763586	-1016.3411322501017	-5827.769077678872	-9581.245587044259
79000	-414.30637846200534	-405.6847967862952	-398.538938159359	-386.0779790089822	-376.8873929165818	-354.7626716686906	-342.7020063148888	-332.1030872068496	-327.9589044291618	-328.7220770863139	-321.97597915840043	-350.301584281038	-430.98855237298983	-314.60401764134497	-949.6218392367889	-5817.485364653813	-9479.812646575125
79000	-396.1293310954395	-387.56592051994227	-380.2563364896458	-368.49177847243766	-358.5255493224299	-337.04722140546113	-324.47571248969996	-314.03266457113085	-309.68000113877736	-310.8214534868743	-305.1278902106929	-332.8622957088376	-408.825362809477	-295.79331528623015	-927.7866719415086	-5658.778109932296	-9495.106419350426
79000	-430.70156126451343	-422.4738223613896	-415.5027225329604	-403.5633237743616	-393.34229749729263	-371.7951491040991	-360.01293216610765	-350.51787066917217	-346.13649111017236	-345.57491369548467	-341.6910534640649	-376.0624520162751	-473.1406320426202	-332.4535530163718	-1041.1376317700744	-6038.183943783305	-9670.102302413354
79000	-414.8299766043534	-406.51560964662593	-398.80538291444276	-387.1868325399927	-376.9726431753818	-355.7169779967418	-343.43073876740726	-332.68636423153936	-328.29109378993735	-329.75803961618686	-321.06711780538785	-347.4985859454304	-423.54013093060877	-314.69527402160855	-945.0934063147477	-5585.656926061231	-9290.463632458255
79000	-443.65284675376944	-434.61919512154566	-427.9710398545389	-415.44922631938346	-405.4127217962188	-383.3234116571407	-372.91039547031994	-362.11193522217013	-358.0456893259018	-359.105999644339	-352.3091386168822	-385.03751583761874	-479.7398600455742	-345.251547265971	-1045.2536285691378	-5682.117083668597	-9374.873575441763
79000	-398.75330748739685	-390.3033233119	-383.1678750406789	-371.3854169776797	-360.98379119603675	-339.58593705560463	-326.9439854482664	-316.3349108894454	-312.1884567921307	-313.43114410343253	-306.16627148267224	-333.6200256615304	-417.4046133489966	-298.6620606189316	-934.952514051647	-5666.902622825753	-9284.473560163595
79000	-461.5858215986517	-454.07911854069965	-447.1930714872231	-435.0607990904324	-425.13330259448327	-404.0447388163148	-392.3173395295266	-381.38182273074483	-377.1705700359728	-378.0541662908793	-372.12870823688183	-404.56573601719896	-500.2868133201863	-364.6013189709493	-1103.7189972387548	-5719.667373681852	-9475.292977275052
79000	-440.9389559307888	-431.8726105286498	-425.65655171500515	-412.93852213585774	-403.36101909823367	-381.71818277281034	-370.11961075033986	-359.0781015693382	-355.43301142416607	-356.07428035101117	-349.9475726888685	-377.7378556769122	-466.75508490905327	-343.04331111892657	-983.9813581741238	-5745.353704060519	-9369.816484159655
79000	-440.71979786373464	-432.472801697584	-425.5429572669528	-412.57711466911996	-402.5785965514346	-382.279223038481	-369.0990400131578	-360.1558560898063	-356.7831901531678	-355.00917387193175	-351.2754890894831	-386.9147787956944	-481.86563251571505	-341.960366215998	-1050.8261917096938	-5963.7833692965705	-9783.143960510308
79000	-425.28572394921764	-416.83558536745926	-410.07973234930233	-397.8389877491704	-387.82662711104206	-366.06547105649304	-354.39563415680533	-343.88057560395544	-339.69964436727344	-340.012579136825	-334.6368857407211	-365.933984553765	-458.4101512253282	-325.8944451244677	-1008.8412319274064	-5926.267142327756	-9569.937256251396
79000	-462.5020342264219	-454.6134024534675	-447.3140861193871	-434.9647607411839	-424.92728598134835	-404.2534769436345	-391.5535646535964	-381.0862735426606	-377.0465127665724	-377.8258260341592	-373.01971502724473	-405.60973487576643	-494.1423537819863	-362.2516767127055	-1103.1799842729872	-5879.038657058598	-9520.812834351565
79000	-480.92311074609364	-472.70791797255845	-465.7596683732955	-453.8581872098807	-444.40127628321767	-422.645409287707	-412.10765523469973	-403.49592822845136	-401.58153327302693	-397.517041247805	-400.5830105222101	-456.31618266635826	-587.3874966662786	-383.40156234771337	-1270.909928621969	-6481.766065299616	-10482.01781514618
79000	-399.636159850346	-391.82587480654985	-384.2459805260997	-372.17790959696754	-362.20716525663124	-340.374525486649	-328.5221505097457	-318.199376518189	-314.55572809474296	-314.93409877481025	-308.32475978224176	-339.1165499991075	-428.61022624929336	-301.25255895441154	-932.683528753416	-5764.687196057278	-9499.239746566442
79000	-473.3417457049659	-463.8934295927726	-457.6828298125154	-446.10436756264835	-436.03528872552545	-414.0596161017315	-404.36715588204	-394.7662086595779	-392.2567663464492	-389.0692260715863	-389.9906707878751	-439.2140889033085	-558.3846117925133	-375.81606094452013	-1193.3845079861405	-6498.471806655895	-10345.009218215182
79000	-457.43352791333905	-448.91801131689084	-442.29583590470617	-430.2457077769851	-420.0325538227388	-398.44385687165044	-387.3852692756418	-378.6611030136999	-375.12226294066824	-373.21288920376907	-373.07650888400616	-418.06783993319016	-528.9615970846729	-361.529590750656	-1155.9325827666755	-6315.911427124939	-10150.626058990094
79000	-420.616404396625	-412.60725931236135	-405.20248099860174	-392.3735686720926	-382.357858780597	-361.3090307649078	-349.2168324493544	-337.74572241626066	-333.0283124058833	-335.4587799821468	-327.63261866951876	-353.3992488322838	-431.2356264284223	-322.3544746475235	-947.0559564207923	-5604.766668697748	-9214.51456853032
79000	-428.5895436151112	-419.57714751298045	-412.2430181155491	-400.63668622446096	-391.2366995669764	-369.6899286341967	-357.4235513070549	-347.31173136879374	-342.4097733248939	-343.2968760338466	-338.53698013421393	-372.8819865715213	-460.9922591464019	-329.59858596975084	-1065.4356954918285	-5842.791024757665	-9676.128302171619
79000	-415.304347710664	-406.994453062341	-399.9066014795803	-387.52688055632495	-377.650944269052	-356.3031340583785	-344.29326264346736	-334.1950242955253	-329.6236931771488	-330.1282161551698	-325.51399061910683	-358.63968883479185	-444.50156587332583	-315.35123592638956	-974.0375604139472	-5908.754596308884	-9650.049486266202
79000	-453.18760906797917	-444.8111007576273	-438.00365504596215	-426.10066660959865	-416.32575435769576	-394.34533975227566	-383.5377795273364	-374.70250748730683	-372.82881028575804	-368.959329103983	-370.6003835396303	-420.02776648911805	-532.513450547638	-355.0354626005532	-1158.3547883589247	-6482.871558315198	-10450.18239012084
79000	-432.7298958490194	-423.7582632518268	-416.72568246029203	-404.9080598540296	-395.2282059371262	-373.548849694733	-362.472022137306	-352.349630867133	-349.9012087743661	-348.2959796311544	-346.21825684699394	-387.38137823796325	-498.0595208986917	-334.81573481301086	-1067.188577215066	-6289.759485459476	-10253.090239046429
79000	-403.959499752153	-395.69614227142284	-387.89901325693523	-376.11974896886977	-365.69378161764735	-344.58460864711964	-332.5755969667857	-321.4317311079408	-317.1721572583738	-318.79989037663313	-311.4477217150899	-336.6169162301855	-417.12056440570046	-308.537775688781	-868.8745115447264	-5802.819236522159	-9315.586986774299
79000	-430.56848128159766	-422.1004984622968	-414.99857573698154	-402.56610147877745	-392.80953227231396	-371.4488197938479	-359.32083534723216	-348.4200509969429	-344.5926949470948	-344.80782696055167	-339.3030799270593	-368.42817667336584	-447.85201156657456	-330.1369973752537	-1036.094541892366	-6089.205479826553	-9793.76073037521
79000	-442.7038152675922	-435.27972067102144	-427.4822464616654	-415.72784552083806	-405.60613004613134	-384.7568472328604	-372.6197945336412	-361.10228061473606	-357.1768775617916	-358.2027185445072	-352.0228583260282	-383.33480293460696	-477.0346435682305	-344.99312369869824	-1053.7160779011936	-5886.591079978265	-9552.65241750488
79000	-425.97750244000315	-418.2833079550952	-411.12119808812093	-398.77611970698945	-389.00191886879117	-367.7387426886601	-355.3183936290046	-345.31993558420703	-340.8029123280083	-341.60408904771265	-335.7726453628091	-366.9756554582353	-453.42142165978834	-326.3042081183975	-1025.627764368517	-5918.531646147769	-9718.283387910693
79000	-443.0548119637792	-433.97484822659146	-427.4327614749133	-415.01195488982034	-405.218446705724	-383.28980220677283	-372.46915619635865	-362.3121917118712	-360.14473281068945	-358.0939953643693	-355.8595525309126	-396.4294335400924	-491.97432957532664	-344.5641424644533	-1082.6909896974191	-6340.145981482269	-10156.656042232577
79000	-495.80833116389005	-486.97681676896104	-480.5980807036979	-468.75978688563885	-459.7376049365624	-437.8513463272202	-426.3899698961316	-416.9480140295582	-413.064799712498	-412.25449353613266	-410.4510567767505	-453.09264540451557	-576.2739171439396	-397.8298360298829	-1239.8284472363528	-6174.16564209857	-9781.34155493699
79000	-472.79673760104623	-464.043590365718	-457.56976617906963	-444.9286062377197	-434.93195474608433	-415.056077388974	-402.4544943163034	-392.6152178029614	-389.19034222182637	-388.56564453263826	-386.0607765625881	-424.13487600218684	-536.920406684286	-373.0486707294245	-1200.5340445422892	-6186.021190570991	-9877.990751620875
79000	-441.86763813248166	-433.5453007130583	-427.06202834044433	-414.75234095472	-404.9529921739721	-383.5155745306601	-371.93187853827493	-362.6265333083398	-358.90736302567404	-357.22152009694423	-356.1277846054266	-395.78255827046	-495.40810252409057	-343.8777205033824	-1119.4294243429922	-6055.151841716801	-9804.229308598822
79000	-435.6929529176953	-427.22284272982597	-419.76640530861226	-408.09556174367265	-398.33072788313916	-377.0290087144399	-364.8158931384273	-354.8249528365249	-351.05309858572303	-351.31600349656594	-346.50568949599176	-381.2736015371502	-476.333165859478	-336.5044438464347	-1047.9460739559327	-5957.486711141356	-9739.961220134708
79000	-470.77980321435484	-461.81535610292684	-454.69357765345256	-443.1710567732016	-433.70756443632575	-411.77976966172446	-400.43915674782625	-391.5261301368328	-387.72092355152506	-386.15525365226245	-385.0333678644233	-427.7665651776813	-544.4584954139807	-375.87703380574663	-1150.782256797716	-5895.011756022499	-9707.395501139674
79000	-459.15163583397475	-450.453077276031	-443.80676244724026	-431.58317499916893	-421.9414771684182	-400.29093284838103	-389.5771903330553	-380.5748964977819	-378.8441657520437	-374.8317596734032	-377.227952417517	-423.8719582148424	-529.3511552926772	-359.6896861247743	-1168.529853386549	-6368.937916884627	-10159.524949209906
79000	-459.47960835926557	-450.85550886077584	-443.5746635713521	-430.6167366989988	-422.0381497788166	-400.07883576261713	-389.2469212208201	-381.56473223037875	-377.58823888069213	-374.9304648922055	-375.55645124843005	-422.4346614419509	-543.1672504730926	-362.78101103004315	-1143.8353508383912	-6321.786432792912	-10158.43122484343
79000	-438.73426892857594	-430.15812986361396	-422.9317879722351	-410.8247325065129	-401.0868175280203	-379.593717511597	-368.2998602690329	-356.398988098566	-352.38654081002073	-353.676918313985	-346.2619905590094	-373.2996581320545	-459.2756746276941	-339.3779862106525	-1004.1433741599475	-5860.454771934983	-9563.088426634416
79000	-442.53451086699437	-434.8132555229126	-427.0108025446137	-415.29129508666824	-405.8256639129343	-384.7317408365922	-372.70292380192075	-362.59748996891597	-358.5303347408185	-358.5243023009655	-355.01500838673434	-392.94904923563854	-491.82527882061834	-348.9137740356494	-1062.637309985076	-5780.924781082204	-9539.535399922219
79000	-460.8777006127787	-452.5212273784211	-445.60116781592006	-433.72863682803677	-423.04703064354237	-402.4442947877975	-389.8118638454608	-380.91893834876566	-376.51333491250784	-376.8082363437302	-372.55768793750343	-405.6416228163011	-502.6433744529264	-365.04695503411614	-1102.1704639886	-5969.47473442009	-9554.392297367136
79000	-428.7959690630958	-420.4905915366458	-414.0336294128352	-401.22124973619646	-391.58600159397616	-370.6210957635751	-358.1623683285483	-347.7667410823761	-344.5287169851672	-344.5795303041592	-338.97558699523825	-368.8464485509737	-469.743243822455	-333.93701243491415	-983.6632965047875	-5594.50947986698	-9235.509993478414
79000	-484.8437984546274	-475.8399382303504	-468.6615274611966	-457.1150402640136	-446.84814627622706	-426.37863168824833	-414.935379611428	-405.7660089217195	-401.8277009046767	-400.99743515120224	-398.6883210664822	-441.2222971607641	-559.592982597313	-387.8117332496608	-1180.3997421808463	-6142.3780446371175	-9696.945915311766
79000	-440.3461136428858	-431.58251444541986	-424.37036842613685	-413.3324908134422	-401.94761430114596	-381.7011684256473	-369.60537620457313	-359.33671931358066	-355.13207055418997	-355.4239990844425	-349.06457269351506	-378.9604578280965	-470.3532964384371	-341.33098099769506	-1035.6069402226267	-5809.114168070993	-9546.733814448811
79000	-442.39696290667723	-433.2398551562126	-427.31580316859464	-415.22210524141315	-405.2747183739643	-383.8951466781865	-372.4381978751323	-363.1239831658739	-358.6157597920308	-358.1072202197969	-355.3686412028266	-395.97834720357054	-503.0570554932444	-344.86839661653187	-1085.3796160264767	-6112.014920099369	-9900.034983626801
79000	-458.3145808405158	-448.6328729822571	-442.5774561882269	-429.8335654529791	-421.05631352769853	-399.7633815667605	-387.78474626227637	-378.8915743238836	-375.9373002902645	-373.95248800648625	-373.6048909982935	-417.6195685404783	-534.7614784971138	-360.2728897806661	-1171.0046365786054	-6051.739863112948	-9906.73973992559
79000	-469.8168167333173	-461.9983006029533	-454.5662924602597	-442.8428757468755	-433.29034794101	-410.822454994925	-401.22990056959344	-392.59974533734714	-389.406379789103	-385.42948279373866	-388.29013038957936	-437.6802941126763	-562.9555153937331	-374.5191540389426	-1217.7763935121784	-6271.343916755677	-10040.928098564831
79000	-483.30534190803127	-475.1160176612092	-468.70748038293544	-456.405356377697	-446.9382211544953	-425.5743179296967	-413.6867022938852	-405.8010188108283	-403.2158655058588	-399.1550100333701	-401.62213306166905	-452.87039614553635	-568.4680163697731	-386.0398158459346	-1248.5998328196774	-6574.240257567843	-10435.865920060089
79000	-444.4811688962525	-436.21662813309047	-429.28238032042765	-417.68795950397316	-407.59609532440317	-386.3453619243545	-374.7799680431586	-365.4143242189423	-362.6208844116093	-360.64814376396123	-359.86269311251505	-402.41663472297193	-513.5989726977291	-349.58037941690776	-1054.1142751116672	-6160.745819543181	-9959.853496878291
79000	-400.660637338164	-392.03674448309425	-385.22932941296864	-372.51363817892536	-362.31386624684114	-341.08045273074765	-328.7443029547352	-318.9917216950121	-314.55815346651696	-314.99163162734345	-309.87031289941126	-338.89571167984354	-422.75944648913713	-301.07227326313836	-928.3355198004829	-5838.851360714162	-9637.908993209521
79000	-441.1720777026157	-433.45055201649353	-426.54907706385467	-413.66384590194207	-404.28948575203486	-382.6427453743248	-370.8887010851417	-361.2359061907569	-357.106690028381	-356.9532810339999	-352.4896714467905	-385.10459282359307	-481.8323589898743	-344.5919971894104	-1027.634120439888	-6012.589870270798	-9586.991580215657
79000	-432.76395215673983	-423.63992303965614	-416.88857405805294	-405.12708969013124	-395.1894508052144	-373.4046153419242	-362.24594132462136	-351.7592438135925	-348.19076155392725	-347.0532724357151	-345.4377645355776	-382.7584991354985	-481.6211958796951	-332.98801277977805	-1055.868305987333	-6113.888714873309	-9895.96750437808
79000	-457.1530885579632	-448.8698715803149	-441.34080743967075	-429.5413650693931	-419.7354959931442	-398.2037978021604	-386.7685841254988	-376.5811793253001	-373.4916284695661	-372.4571903377066	-369.22521860413195	-404.5528523066331	-511.32252105566573	-357.5167066829911	-1089.390945531444	-6045.475219162719	-9774.484270374216
79000	-430.53629923013335	-422.7192076475955	-415.11314227919326	-403.5596356149741	-393.67667030515094	-371.40096158505617	-360.6446215087884	-351.1944022743994	-348.42302430033675	-345.84371273475637	-346.2900717412968	-387.37955715448356	-491.81620003266	-335.13505694709363	-1038.117495868148	-6169.945835823091	-10178.528422801488
79000	-444.2372157714132	-435.9629184659357	-427.96148463097967	-417.21016189309864	-407.2249806457127	-384.8844238527345	-373.9813154814242	-363.9364632556413	-360.9353201873736	-360.0556193355047	-358.7138962061811	-398.4862731503267	-501.3564505596322	-345.9017036314899	-1074.8311169387523	-6178.0277439201245	-9937.507296668315
79000	-428.28066998747	-419.64159294074915	-412.4079676107618	-400.30025888591535	-389.996493079517	-369.20175503963094	-357.34985460324117	-346.77521796081	-343.4593013189624	-342.76492882621477	-338.9895331666517	-372.38490250252096	-463.3788212812209	-328.9102666574821	-1033.8457018732754	-5919.836328641082	-9695.8513140705
79000	-451.73468824284913	-444.1344935297171	-436.2521378301489	-424.10587766407957	-413.9926147948349	-393.3765280383463	-381.2841456667564	-370.76657213173365	-367.16408711689485	-367.2932447794304	-364.4219316357567	-400.50062649709304	-493.9695626497584	-352.54311342590097	-1097.4421225958286	-5990.256296436794	-9603.823667048453
79000	-445.93144902141745	-437.6636888230303	-430.7601237180832	-418.27965128416076	-408.5806315781473	-387.47954805033726	-375.7317520292753	-366.03127154031586	-362.77661080682276	-361.34413190511725	-359.3481326226563	-395.87092706608144	-495.0677976224969	-349.1351070652017	-1058.249445761764	-5816.705823844733	-9618.15847084829
79000	-403.954733451516	-395.4736749320728	-388.0206163051204	-376.5035442957235	-366.72932603982235	-344.9658314119413	-333.21244447612503	-323.1001301369592	-319.1176920357271	-319.5505380747073	-315.4729675567291	-348.3867072447754	-440.48992072846914	-304.8605283979199	-956.6627582678342	-5768.273218913934	-9593.08309571912
79000	-455.91439620078853	-447.429786874469	-440.1880026436591	-428.6666195390503	-419.24957016912873	-397.1297878740948	-385.51148552511523	-375.61539399284817	-372.556140253285	-371.881289919753	-368.93041193960966	-407.35064460975224	-504.00213663467787	-356.5748122816308	-1117.7003829493053	-5936.792088897461	-9787.412348067628
79000	-389.44207487679046	-380.6998613998135	-373.7163799164969	-361.2964252912984	-351.3535318795739	-330.0332102221925	-317.45853712213756	-306.468966766197	-301.9792427783784	-304.0789041243659	-295.28544634085483	-316.36273615136	-389.3265565996883	-291.91423948710985	-839.1555923588768	-5681.266271005859	-9333.211172049363
79000	-447.4633198238832	-438.04284707624026	-431.27145598090186	-419.45299499702605	-409.5278684210976	-388.769703616551	-376.7814559713088	-366.3887426319775	-362.37379975782574	-362.58131057179065	-358.87381515937074	-393.3219801913378	-493.7157394236356	-348.53334098001966	-1110.1173398032613	-5880.81563791501	-9619.624222003336
79000	-426.3523926767104	-419.0132950328488	-410.59413424887606	-399.2918767027526	-389.0486933319395	-367.7499723366668	-355.67534689835196	-345.27591516326794	-340.7666518599147	-341.5905165496896	-335.617664638619	-363.78042089751057	-442.6977356741707	-327.4664533718572	-990.4140750392478	-5652.698198766186	-9377.03964941897
79000	-433.5225475260052	-424.59322498610356	-417.83044151744997	-405.60501406549497	-396.5170525472054	-375.2264188831585	-362.5226548263468	-353.81605073225893	-350.97400343611235	-348.81910514560275	-348.07368039935915	-390.27184874735167	-488.9479609328683	-334.4496209261073	-1082.2448365545347	-6121.7532639993005	-10040.749878542201
79000	-436.65130472668784	-428.38820432434244	-421.40926419103306	-409.04088756507394	-399.0356448032725	-377.98397417336935	-365.6504886304617	-355.2088614841515	-350.2863568066762	-352.1330211515923	-344.53437642866805	-372.57087430016156	-457.1679178854715	-336.16358064462884	-999.0008646356982	-6031.533093079509	-9626.293656230278
79000	-435.2293730204845	-426.83756441775836	-419.72039306600396	-407.84044369013714	-398.11257314460147	-376.20226716840745	-363.8534384744267	-353.4940658688867	-350.4839814460456	-350.4671204909397	-344.0064938056181	-373.42320440617834	-456.7247994364218	-334.9134217248685	-1034.0424961627725	-5812.345277644403	-9571.496329907752
79000	-415.53190208789437	-407.2710105743553	-399.7947470354133	-387.46861942499265	-377.51102469813355	-356.93559142688827	-343.7598100804248	-333.7317918927966	-329.50422454773576	-330.53883955426767	-323.9208345510577	-350.1510911725026	-439.5521125990021	-317.5328199184386	-945.3053148107567	-5556.727440129221	-9184.058168108695
79000	-427.3075363115524	-418.77368138315956	-411.48159405496807	-400.42330175943414	-390.46617700636267	-368.32530624419826	-356.520995224376	-346.47362708762995	-343.0843365973895	-343.0382373859786	-336.34551859358356	-369.18853700608133	-454.0614689169673	-329.77634181134204	-978.7528886097331	-5771.509522391005	-9407.359303107522
79000	-426.5424962108346	-418.54731958856854	-411.82607763080154	-399.85763171100734	-389.534759969825	-367.4292711984049	-357.02341957738923	-347.52198715565214	-345.0306835771592	-342.4294803001864	-342.54377253859457	-385.0346605807811	-483.9544144122728	-330.16254921454265	-1077.1205131846427	-6235.166381234575	-10141.552044144968
79000	-429.2592049407988	-420.92584665101583	-413.9775833532248	-401.6777697636704	-391.71256250563727	-370.7266105578736	-358.22130204490384	-348.79178043833997	-344.88105338473576	-344.1656805800396	-340.2516579557221	-373.5800334318235	-467.02404959595015	-329.1858970903256	-1051.34377316835	-5977.531168164724	-9806.70414137093
79000	-428.8127267025818	-420.5508281366731	-413.0510394677021	-401.9847782969358	-391.98295711332406	-370.06416690827547	-358.51703667026385	-349.0946590497831	-344.8187350779735	-344.60946850093745	-340.7523301307356	-377.3217432387997	-471.59279342115207	-332.539327225772	-1022.7221773840694	-5908.6782773950845	-9577.39181353792
79000	-438.7930542344612	-430.5500204779831	-422.97519205477323	-411.62379721583466	-402.3145759388368	-379.79556085496637	-368.256214671116	-358.4951353353527	-355.13532155273253	-354.0605689377718	-350.594837538186	-386.68875732904837	-488.1008059247279	-344.53101151583473	-1028.961861938272	-5684.126112391318	-9395.56898182649
79000	-393.1498894430421	-385.35545845563803	-377.9993678202322	-365.92728241424413	-355.759859972387	-334.0782556525871	-321.69077748190205	-310.5643611195577	-305.73395991454794	-308.20052589369044	-298.46112643813194	-318.9113994172747	-389.38058369044035	-294.40159078563386	-877.0439959921284	-5482.073255837961	-9267.39851226046
79000	-455.92399614999823	-447.70121214691807	-440.0647617206491	-428.1921951780579	-418.35414592914594	-398.0197606298915	-386.71652295668036	-377.37190336994513	-374.403828101647	-372.1401851066969	-371.3413213574256	-416.07247355636895	-538.8436842469048	-361.2149805559312	-1122.1179950712183	-6142.291615567924	-9913.134681966994
79000	-411.50450205021764	-403.3412672407751	-395.93420570058885	-384.0650725233098	-374.3993186068755	-352.54372261520064	-340.9851707477838	-330.23195409156176	-325.7886738665461	-327.1559713233196	-321.0132105704031	-350.20157809114676	-432.7495844607925	-312.02891672091977	-961.3511233386168	-5925.857263592295	-9608.998933492841
79000	-423.5605313594793	-415.58330412515556	-407.87125526146957	-395.99224763745724	-385.26953168236736	-364.20772733723766	-353.0107621380195	-341.47652152532635	-337.0211848719412	-338.69237269162716	-330.40072312101506	-356.80574948750245	-439.3327391039793	-323.6914548748951	-974.1988720627115	-5520.551815568275	-9072.789531447306
79000	-424.00972047878867	-415.8482440387527	-408.5109265047102	-396.2387602683476	-386.13052127213393	-364.8757013258043	-353.4330429685506	-342.5422159791799	-338.4280347567094	-339.2667667426519	-332.128644819204	-360.86664869950226	-441.0005099493571	-323.79372076651964	-983.5615441713776	-5693.305649520981	-9308.112359606645
79000	-430.40543850088216	-422.14559002530854	-415.30752571796205	-402.8218147893248	-393.1257243865911	-371.37381887894816	-359.72415269092266	-350.4697562144958	-346.3105764665695	-345.601411070676	-342.4631942199305	-378.58918248124616	-467.52403903991546	-331.05278351709075	-1032.5070128442724	-5980.726285309818	-9819.34923681701
79000	-413.4607785847421	-405.23826086305473	-398.03867372134124	-385.4712572403005	-375.6720951693476	-354.191180259085	-342.2716897694135	-331.939120368413	-327.6665245769362	-328.06281111021497	-323.64970646578917	-353.61711358908826	-438.98221747908383	-313.13533632849413	-975.1295017960385	-5838.23894449028	-9652.245590906728
79000	-445.8958900730211	-437.3013097566459	-430.56686354388336	-417.9273738281329	-408.7311001169588	-387.13100985407806	-375.8079817556049	-365.81484572265987	-362.98279849100805	-361.16594594619374	-359.1375458368681	-396.68977892162025	-491.02849882672973	-347.6162202126362	-1091.1232612974236	-6037.673840931309	-9799.352002669542
79000	-415.1121359873241	-406.23896368424244	-398.6887818904726	-386.77728364273923	-376.7634665169821	-356.0574453404575	-344.0205854787162	-332.0124062566075	-327.32378262174205	-329.2255644403579	-321.05909379947155	-344.0135482582683	-418.727959926506	-314.51687193561344	-963.6480377386544	-5610.675373959018	-9203.73365853212
79000	-455.18076192360553	-446.17824055333756	-439.4779071224073	-427.3186451330331	-417.71298712613213	-395.6113269111781	-385.32799117794633	-374.8092004253106	-372.25823962056194	-370.067628584303	-369.0247378342754	-409.0380129145302	-516.7665346050321	-357.8606311057406	-1089.4208349873163	-6099.299328850634	-9921.830990656948
79000	-404.6589944271393	-396.6255223616793	-388.3926392749391	-377.140973838071	-366.58639689424814	-345.4662312381925	-333.4626686187146	-323.35581008927903	-318.67789139000945	-319.8679135292517	-313.37602663590894	-342.82213513221654	-430.74901975927935	-306.1270899041564	-945.3394131823403	-5657.7828362281225	-9436.633589782059
79000	-436.10251629660513	-426.739961069508	-419.52953782119556	-407.6426685455385	-398.7915863392976	-376.5019673862797	-366.295172316899	-356.7924844787333	-353.3844747350201	-351.39792425585887	-350.245867738487	-391.41171332131523	-505.68822957068437	-340.1073997704248	-1064.0668888812684	-5960.33070742094	-9770.43151172559
79000	-428.49546774662946	-419.1999157530839	-412.67522557835804	-400.10599054026954	-390.6523747004828	-368.92813959586033	-356.85950145038305	-347.96949388706275	-345.4906064381394	-342.9703660584651	-342.5507344397498	-382.8773560416178	-479.1041914444448	-329.8574615166926	-1041.4162398072187	-6302.727087127947	-10153.565216892577
79000	-436.2748281608118	-427.81345676101296	-421.0731100831693	-408.61954461029734	-398.71114053563036	-377.91154380222287	-366.10252510864143	-355.27995637755697	-351.52120487892756	-352.17988792824525	-346.9220843602772	-379.4828744811723	-473.7268356484903	-338.70207941473507	-1019.4566310595055	-5856.558380726218	-9599.864732714392
79000	-388.31203503399377	-379.78919288072296	-372.2940737853169	-360.5415890588273	-350.2792574733762	-328.7648032105186	-316.2682750215507	-305.6170744001234	-301.17646790741304	-302.2719949078611	-295.4288748357552	-319.37627037518547	-389.02856259013765	-287.4559174348328	-900.8283674494427	-5712.144483587187	-9489.315359767654
79000	-461.60560911251656	-452.80820578961124	-445.857911319596	-433.3308389288411	-424.7547982775942	-402.68628912905416	-391.47694886065057	-380.86075775593036	-377.8381418024156	-377.4536476613696	-374.46960106226675	-412.53023574357155	-526.4944270187721	-363.2588543939495	-1115.880700620125	-6011.076314720336	-9786.41804080404
79000	-425.91222385132846	-418.00637173822315	-410.4065170931022	-398.67389993630036	-388.6901984172832	-366.8029163760634	-355.04272160001636	-344.5109241869939	-339.3057231045043	-340.73744879092595	-334.92509712777485	-361.2671880783441	-439.11910989131025	-326.34552492695633	-981.6285134820862	-5871.225115737943	-9410.174293207532
79000	-451.3552974274157	-442.9129559061873	-435.2001325368605	-423.59209235957553	-413.6274263009414	-392.18222976952023	-381.04699204394166	-369.9085407714917	-366.1773815375959	-367.0747544057688	-360.61532583326016	-392.10187689785175	-481.3432185377682	-352.17734050336816	-1081.6060596863801	-5701.250649154574	-9430.072280453036
79000	-423.2232756810068	-415.01989090839743	-408.0515542871264	-395.797436815511	-386.82914246847304	-364.3938369046286	-352.01997793685854	-341.46159633810703	-336.4665795807851	-338.58592761709104	-329.95402275760495	-355.3699081865441	-442.7388209300745	-327.622402483931	-961.066613857843	-5529.726120489935	-9182.474524147443
79000	-456.7207666062411	-447.93547356416536	-440.7298413813293	-428.4846313891385	-419.33069960598294	-398.1008427815673	-386.4615215149513	-376.7370215691989	-374.1160306248095	-372.4814132280698	-371.0159492746819	-413.1126241501824	-514.0913670510349	-357.0851288646074	-1152.1944248352172	-6152.7946779793565	-9967.231121503237
79000	-433.9095129025209	-426.01176495698826	-417.8843093636262	-406.740119657528	-397.03415993449323	-375.0613577850408	-363.5758488863269	-354.8565601235803	-350.18602075437406	-350.45737168093837	-344.95245146550013	-377.9804454484695	-482.35027303798705	-338.70039459516465	-1014.9058101937388	-5774.482563769304	-9353.495912087034
79000	-428.0536170880276	-419.59253059678997	-411.7758732938317	-400.46126657279603	-390.1196934227	-368.9377586950011	-356.9716136047753	-346.75725871710216	-343.9932702231531	-342.73992676425553	-338.64180020233954	-373.7771812845447	-461.94678472121416	-329.19127473431945	-1042.6225051169404	-5838.5314919919865	-9586.238309110857
79000	-472.671197094305	-464.7441463130392	-457.10896008375977	-445.7058805101908	-435.69188603290104	-414.9469047707545	-403.60529514193604	-394.1655579138773	-391.2197175811606	-389.2937184262585	-387.7090790313344	-433.09139708316764	-552.6959861828669	-377.44086124135936	-1157.112761296235	-5940.146600949694	-9653.339647533208
79000	-437.59485347705845	-428.689547925924	-421.79192601110464	-410.5654274172563	-400.36801863988006	-377.9357190504674	-367.5400985808649	-358.58681349396943	-355.6849267865634	-353.4782259091048	-353.8565336200888	-403.223829266788	-512.1209698160658	-340.4234014167496	-1110.793819370561	-6460.970172857869	-10449.02327185892
79000	-498.33970567832563	-489.9659133077898	-482.52854538052276	-471.04813499835393	-461.8571541051125	-440.3753611476306	-428.11371847176963	-419.10198819206573	-416.7032380821444	-413.8763851949132	-413.961238026122	-459.17992872098296	-569.954836255585	-398.3939409091466	-1276.5134945668162	-6469.460032677428	-10231.469399676447
79000	-436.03068107226386	-427.46507659204894	-420.48089659081955	-408.22839563131186	-398.182060973547	-377.13480009499494	-365.4747104675446	-354.93536199390445	-351.3222200833137	-351.25828481964436	-347.1754946371414	-379.95873087603036	-470.4924941159001	-335.2977622215226	-1064.791800935603	-6075.57646885173	-9829.818079141367
79000	-443.6505239797222	-436.19186206420693	-428.62124492407537	-416.3780398377563	-406.1217439731958	-385.43544217416775	-373.24965353502125	-363.2215092794402	-358.33648736695187	-359.9292627150648	-352.2830097952005	-380.2087192921508	-464.3695948192503	-345.86002830744826	-1038.4909979054771	-5723.724982410399	-9313.644877969464
79000	-404.1634186653374	-395.8537260761234	-388.16364236897465	-376.2098640897192	-366.81821461787126	-344.3272319702393	-333.14431592133104	-322.32065636887256	-317.8464854659062	-318.75770666557213	-313.25309114515187	-340.8468799748097	-423.1913511041549	-304.0543800225999	-945.8410566720702	-5840.274862920776	-9679.53098189152
79000	-434.8158751759181	-426.47136486938473	-419.3444700955869	-407.51451317529757	-397.72800287917397	-375.3230992836314	-364.6492287047033	-354.1517169733998	-350.19774329535244	-349.81978857121464	-346.51682432302266	-380.29772272833355	-476.36208049743567	-335.5243791279145	-1047.3807325154419	-5977.045724234636	-9657.202985915776
79000	-438.76253866493545	-430.3638383939346	-422.73446190537885	-411.23753079469066	-401.01229201939157	-380.18103160796016	-368.11838925103024	-357.13120698194444	-354.315299086713	-354.5900874921622	-348.25013060577703	-379.4148896230247	-474.29659969683263	-339.12024121322634	-1044.7874827543462	-5858.109423517442	-9484.58198815176
79000	-438.08970594824416	-429.937394281021	-422.7834391103872	-410.20169191827006	-400.8224748949762	-379.69312725724075	-367.33434453796394	-357.35380244089845	-353.5758294460049	-353.2839928274281	-350.79834519208566	-386.0241486603091	-484.1613570170287	-340.47021775376044	-1047.1141968625657	-6062.616107137167	-9866.955947977864
79000	-421.98707735361614	-414.0260921134295	-406.911133331828	-394.4102939108701	-384.2381272666298	-363.1494686541069	-351.3851421362752	-340.90881917014815	-336.89358281079683	-337.28015007989603	-332.2557494428141	-364.1108468442731	-450.6484524559849	-323.9797596280109	-1003.2148775844856	-5911.137488936947	-9595.252710888446
79000	-437.21961767780203	-428.29829083982867	-421.37990147347847	-409.6434185333135	-399.82296078819024	-378.3447499882121	-366.0522549263625	-356.76858671033415	-352.88800426286133	-352.0614002180388	-348.0069386101099	-382.3390754050732	-470.5217487575887	-339.4252331589648	-1033.2797070042263	-5921.825139841724	-9702.96288879818
79000	-428.1871031829506	-418.61606584984463	-412.39204080925725	-399.61718380700336	-390.4379311628321	-369.36132463909644	-357.25241547658374	-347.6445261550949	-342.90172071028326	-343.79143006875034	-338.41002915029406	-372.9768111068482	-472.5436335437384	-330.16472390156764	-1025.971722237098	-6000.593464809594	-9693.276895858686
79000	-452.6770674950256	-444.65217554142293	-437.2659833305873	-425.65495749515594	-415.4146638576781	-394.5550026039541	-382.3563037820652	-372.07967208220896	-367.8870044272265	-368.9798332486783	-364.8052020916179	-398.59973436885366	-500.5404186004135	-355.087937292117	-1087.9225527243568	-5854.025622763093	-9436.219630780488
79000	-452.96268619123975	-443.98759632989584	-437.52994100876657	-425.0142947798237	-415.51738359334036	-394.30984401668593	-382.72607510786065	-373.00109506113085	-368.66732053506547	-368.24950783643243	-363.46186957588964	-398.9532869153525	-509.21643232173864	-359.7066151295602	-1081.2042353736972	-5789.902034037977	-9316.963376760752
79000	-426.2976026508127	-417.94910989412114	-410.60608953950447	-398.35514697128144	-388.6173532768542	-367.7207480750983	-355.0745583233012	-344.71921907200806	-340.9698596896213	-341.3315314753499	-336.6468424674791	-369.0994432549763	-458.74672088694894	-328.4615369227039	-1013.931497915742	-5734.763681747908	-9412.594766241615
79000	-432.1325418151875	-423.8863311648265	-416.67075816247126	-403.1926563973308	-394.4541378789462	-372.6446931503092	-360.5672894351639	-350.7943679911564	-346.4211750259567	-346.92197697021294	-341.776090917846	-370.35275877100094	-454.1532929918133	-332.04312482524244	-1000.4460038029341	-5990.917315548782	-9675.238307605929
79000	-447.5585848578873	-439.5603551909337	-432.0299334294253	-420.354534062537	-410.3727386840651	-389.46498119517594	-377.59172043835036	-368.3918586518581	-365.2164455906365	-363.4044215801598	-361.54027130152093	-404.03121362675057	-505.0273893936826	-348.9656279946749	-1113.3549953013278	-6341.806259720074	-10086.769471758367
79000	-413.8431883405118	-405.0675810490226	-398.12785048661993	-386.1678200075254	-375.65919539272716	-353.63522169197955	-341.919059482517	-331.187554819801	-326.68451170793674	-328.056882935015	-321.67534452752705	-346.6209400683263	-421.66831959521005	-312.85824133601665	-975.7908084176988	-5842.114022115914	-9421.570506938251
79000	-424.29108800657264	-416.00939533750517	-408.3410414681193	-397.06972073817633	-387.05751186509065	-365.10038777580564	-354.11984206325445	-344.34593319162906	-341.0253899618872	-339.19517279974986	-337.65561698662384	-373.36148836550154	-472.31010730295867	-326.57896802931174	-1019.6662668991438	-5984.93433918943	-9700.305339318013
79000	-439.5705687628492	-431.56180209911406	-423.7993749203409	-411.5197947401	-402.2086333930604	-380.6203254859814	-369.85880130733494	-360.21829735901014	-356.6761729443886	-355.2232142824002	-354.6029967185097	-394.57502600561617	-496.68046960716225	-343.6756858410033	-1066.2441870004407	-6018.974119440127	-9769.298322163933
79000	-419.8887757286222	-411.51191727588224	-404.7727464886372	-393.2203966784425	-382.9997516145425	-361.71202236555564	-349.4750271289212	-338.5386120649213	-333.54699125266137	-335.4399783075731	-327.5872300253566	-350.38969258205367	-437.81406985124727	-325.61635067724575	-929.0638772602942	-5465.096670795193	-9110.08439873959
79000	-428.0350381570979	-419.49926599997076	-411.32766331127067	-400.5648270447699	-390.1561937716456	-368.6697857504969	-356.7571858400335	-346.2333421108558	-342.28250592632116	-343.24495810523905	-336.43818215168807	-366.54078783109964	-461.986751991897	-330.4046473524324	-964.9067564908394	-5694.973440581842	-9233.37581367655
79000	-436.0703296969566	-427.87895547764396	-420.6843561733994	-408.6574193181053	-399.4150158512156	-377.9210520543831	-365.94824106092193	-357.37058834771386	-354.3803161597137	-351.4428011920608	-352.7701861925901	-396.08592475662743	-507.41537046109386	-337.55525481626864	-1094.857161706381	-6253.924169178642	-10117.601914407678
79000	-414.1454994579827	-405.77874307540856	-398.9730591264599	-386.72448358516283	-376.31625281650025	-354.85109974308455	-343.4423761208916	-333.12240572868694	-328.7345161986187	-329.315185007904	-324.96173856152586	-354.9551861372201	-437.65061790861176	-314.2136891599923	-993.1923234425781	-5764.0160513192195	-9498.434431216605
79000	-444.26613263280325	-436.29142960910616	-428.78860393215956	-416.91110940471106	-407.54642667323355	-386.27891455492494	-374.5819502612206	-365.2435742610283	-362.5506541147664	-359.98607912978383	-360.2072896666348	-405.27383128953903	-509.06951945744277	-345.68415788205766	-1123.0499764534825	-6161.112361549404	-10046.740147557923
79000	-414.7176642028295	-406.26828118727485	-398.1608012346683	-385.95724513904713	-376.9411147200244	-355.6100395659931	-343.8269157772958	-333.0389955495137	-329.5231489985003	-329.65705338542944	-324.74045813798045	-358.27724321743483	-449.8693644630165	-315.89235312117034	-973.5697511530764	-5713.945845390607	-9552.923295462768
79000	-415.5184631659628	-407.2854107658214	-400.7323494718917	-388.50017373239234	-377.76708073442916	-356.39929121164096	-344.5320356724771	-334.6053446798401	-329.87256140818164	-331.3329804741495	-324.512517436972	-353.5754480490342	-440.2321673425067	-316.8509380853155	-962.7747934816414	-5769.016269530551	-9447.577288708171
79000	-458.22591727160074	-450.789350876709	-443.22033670904415	-432.2266656828424	-421.3695049099083	-400.04698663116466	-388.9056251030073	-379.9392837961138	-376.7739502845805	-375.5799500361709	-373.4586524504754	-418.872784901375	-550.4052279813923	-365.2458119635583	-1138.1601551234644	-6117.2355696811355	-9850.258967486898
79000	-444.05656812249407	-435.1975706948537	-428.732274803631	-416.2889750850711	-407.0242455961846	-385.086116957339	-373.2842810674015	-364.0769869037639	-360.713501049432	-358.8028282524782	-356.75352373855856	-396.4945030239138	-500.02458223020994	-343.86730481241256	-1092.8043947129881	-6133.955408185311	-10000.796148164567
79000	-412.710828811335	-404.573413386079	-397.69814095382293	-385.4691671578786	-375.69884603039657	-353.5271647004771	-341.78846703257443	-332.9453878395265	-329.07181386390783	-327.66226386674447	-326.54609904995624	-365.65434389069867	-457.6004891134893	-318.16093260658454	-997.6363136952538	-6004.1077496955595	-9967.402709373653
79000	-432.7233426387798	-424.34584217844315	-417.06876873209586	-404.4601351282714	-394.9619332309805	-373.3920400671029	-362.15784472606174	-351.92431494589306	-347.7138592102451	-347.5452030895594	-344.35017213913494	-382.22734903875534	-479.41128309552073	-332.2188059595302	-1069.2520375231595	-6047.295212597218	-9976.58118312211
79000	-431.26557953025093	-422.1972122681952	-415.33794988439155	-403.96551851475965	-394.1694983177891	-371.9046580008891	-360.18187037751267	-350.18312205114944	-345.85338694813777	-346.4235852659353	-340.3494272426192	-369.14725912468776	-454.3955379343034	-330.64052396869675	-1022.9866176991106	-5921.5441577876845	-9507.60251236301
79000	-446.00368526198906	-437.60617811699086	-430.09884657653646	-418.64703263606816	-409.14251694186606	-387.92793573600807	-376.8049447964925	-365.801102777749	-362.26405038036614	-362.00407581073006	-357.9043722514729	-393.5326978549478	-494.95155424425485	-348.16774727061494	-1091.347728799157	-5953.598433043635	-9561.163368434018
79000	-437.5951167089557	-429.19754364781727	-421.8572479092574	-410.1302107313595	-399.9313126265334	-378.60957454715054	-367.1804241083268	-357.1420473412441	-353.8853179658067	-352.5407730647133	-351.7739807413947	-392.9639292335021	-491.57100904362136	-338.3026333748003	-1069.2509343598222	-6397.47927913428	-10210.026643143261
79000	-453.1240000878184	-443.81873209143225	-437.1338899523342	-425.56447247051483	-415.01240975643805	-393.83704795169274	-382.0486263914013	-373.3580258581478	-368.7714563056687	-368.5624647829641	-364.71568716736095	-399.5442644851575	-497.30422855363764	-355.151494996408	-1097.978136699422	-5934.3877469608615	-9598.125960911686
79000	-385.21240206626527	-376.6557553087285	-369.31639719930666	-357.6107742319472	-347.6845598389471	-326.0250393073053	-313.6756972537686	-303.7522041894651	-299.94842763897844	-299.54209592878533	-296.0681713293025	-330.3455399142739	-416.891999259518	-286.5843078157995	-897.4943016445374	-5771.772052301447	-9624.23848825278
79000	-467.5204059760788	-459.0975981396671	-452.3327543885304	-439.87273916414097	-429.9436020032341	-409.29994436269374	-396.7897398593401	-386.59478927054266	-382.3336937015747	-383.3861778457894	-377.8685895378282	-410.3223568555978	-509.1109816711331	-369.4568403284094	-1114.9969315294545	-5863.316689277171	-9334.610456050996
79000	-458.4024240172229	-450.330000850395	-443.8489712696044	-431.9876452388619	-422.2816460882854	-400.10789204984013	-389.82172346647087	-379.56008753055596	-376.2009132932835	-374.92787526559675	-374.37915177456347	-415.1538435155545	-521.2974585499497	-361.57330615449325	-1117.127194573668	-6176.340398487556	-9964.42082645132
79000	-438.64446946967854	-430.6332370589109	-423.493736948169	-411.5934908817376	-400.79197174103064	-379.99108422060226	-367.9044796553918	-357.9963539018552	-354.1976913745447	-354.4823814771322	-349.11956399864806	-380.08960227261815	-468.1236475506087	-338.74470042138574	-1028.479765225247	-5900.3593673082905	-9541.220066044865
79000	-432.198971863492	-423.7754522280229	-417.32528537513923	-405.2028104625085	-395.5895464655577	-374.1698650577123	-362.13852198433875	-352.01119414666135	-348.2201668088476	-348.33343180227354	-343.90126780941887	-377.9296017513975	-466.1952545743235	-334.15206020757716	-1047.4790057312296	-5886.618341247539	-9731.345160414316
79000	-453.51258930960586	-444.50993562241604	-436.762177846161	-425.0985896332695	-415.56180742803866	-393.45811355271144	-382.4999394142145	-372.6920997664066	-370.03763751549354	-368.24659347236013	-366.1794555638107	-406.02943770106435	-515.3466858025675	-354.40377247409566	-1089.3661567422407	-6054.337791920426	-9882.35265486971
79000	-463.0614312445604	-454.9508866762601	-447.66860520686356	-435.82377366428057	-425.8305387259808	-404.8518096886861	-393.7729525930974	-382.6601074880273	-379.46228429181673	-378.7148845357176	-375.2335059657031	-414.021999828629	-520.3651609735921	-365.28401838638143	-1155.7137524773188	-6003.9361268590565	-9681.815434557535
79000	-390.0529449578048	-381.6230757348571	-374.6626982303555	-363.0765788272877	-353.31189884281696	-331.11147293193915	-319.16554918806554	-309.35345098483947	-306.27123512099575	-305.16833636935587	-302.50288566694053	-338.60845053806753	-422.09825453939925	-289.936273760166	-931.8697534009322	-6118.06844039016	-10082.361136573021
79000	-382.53987604683596	-373.2978747534824	-366.6898121662825	-354.13045894980814	-344.9323479941148	-322.7235780958513	-310.4641993277232	-299.4416981474623	-294.4552621573113	-297.2262074471027	-288.30692632001416	-309.48704642708054	-380.4831080604838	-282.4683649324644	-850.1833728680581	-5382.454764459607	-9212.48295319524
79000	-425.7414046195385	-417.9572316666108	-410.29053233878716	-398.3350800414719	-388.0323063961	-366.7692588902985	-354.8033356889793	-344.1747910558617	-339.4659491502413	-341.2723618599646	-333.83882719646664	-360.82379239770313	-444.376628826612	-327.31442219054	-1003.1027483836751	-5834.92243762274	-9365.54985283897
79000	-404.4501634019798	-396.0733734572353	-388.6166365536664	-376.1986688037465	-366.69394526168065	-345.19146105124577	-332.9210824278694	-322.43059754827334	-318.37865564622314	-319.3007844388611	-312.4988803139747	-339.23315519890224	-416.44750327470217	-304.63627698162696	-921.1043038521373	-5671.7073602556975	-9397.70058235469
79000	-438.57931883886454	-430.9342799080613	-422.97199568512957	-411.172231608258	-401.7601507760806	-379.67599533225655	-368.503375968069	-359.0630994039912	-356.14778824570635	-354.5059338713068	-353.45712921605985	-393.3256317059775	-488.70001699709144	-338.772212278101	-1104.619731181242	-6316.844004351207	-10170.227190285854
79000	-464.86451778457194	-456.44113017193337	-449.73822797655606	-437.93068181206206	-428.9881293519873	-406.84419418335017	-395.5874855003569	-386.5070864536162	-384.3968879458293	-380.768952442113	-382.23758360050505	-431.2157721745865	-546.2915751199714	-366.70906499269586	-1209.7148768739291	-6396.432330182612	-10320.760738490702
79000	-437.5027834614756	-428.5490024842696	-421.3042615400056	-409.07142502453723	-399.5082793465724	-379.0407019527929	-365.61434696888494	-355.0784829017183	-351.27033964544506	-352.31109739534196	-343.93633184652975	-370.169055117554	-464.9608242251378	-338.56148568235346	-1012.2930522350863	-5746.332798529385	-9253.831237808756
79000	-495.9902690029894	-487.1565101195155	-480.54575416138215	-468.81945626515846	-459.0146539803456	-438.14036560067234	-426.7960502748913	-418.4628831093638	-416.4428462213107	-412.7074451565281	-416.05811724216284	-469.7140548912184	-601.6474547917321	-397.95931549215817	-1280.3653956177968	-6387.7026938479175	-10227.068810687975
79000	-453.94147622284277	-445.28229186449306	-438.76535119269937	-426.614475171618	-416.10760058428974	-396.19936972486056	-384.67047648362933	-374.2884952290464	-371.55583921118273	-370.7608001360016	-366.7389570129369	-403.7477743057298	-522.9009239356758	-358.449161170531	-1053.298236587661	-5800.614430352709	-9469.268095371055
79000	-447.8195719171318	-440.0911253656209	-433.21641938496447	-420.64167817716327	-411.39682896655665	-390.62104681639613	-378.418284648925	-368.72950207375584	-365.51512677513625	-364.5137139598852	-362.054615069591	-402.32422463067735	-511.24786040148086	-355.7664609144768	-1085.4290108268037	-5857.179331615209	-9551.725974774823
79000	-449.5169817659726	-442.0493406005736	-434.82285917005635	-422.33270104244104	-412.05589574276803	-390.9307251709741	-379.72889984891077	-369.6064851994754	-364.8010266879698	-366.28997182173987	-360.30688770482783	-393.0834329252945	-494.32546450231195	-353.13381720157247	-1020.0664253926684	-5728.140275946586	-9288.400038250835
79000	-472.35243774633784	-463.0519512371371	-456.8382628812257	-444.5725969253558	-435.5139361142569	-412.97054936762385	-402.08709797304675	-392.60354017104055	-389.2354732599418	-388.3382371869969	-385.23397081493255	-424.0431330453087	-530.8967978779779	-374.1183129322527	-1175.827146020837	-5918.476177001327	-9639.13298374578
79000	-430.2916863474532	-420.80754599102545	-413.91035572139623	-401.8683199333119	-392.50405517706605	-370.62491518769775	-358.74897643200995	-348.5711934080431	-345.0867211156736	-344.65038812049283	-341.0252297705179	-376.3347838867834	-462.54562999465776	-330.23544518652744	-1036.5981995066106	-6030.443546140486	-9753.163397389952
79000	-426.2369631625682	-417.3432682804621	-410.3288263421777	-397.84705425189406	-388.35953830472954	-366.8068751233158	-354.9820933717568	-345.83841525999054	-341.5419394780066	-340.86246262868366	-338.6274137570961	-375.1746491343651	-470.475142590022	-327.2578784561708	-1019.3494305779283	-6057.901318996842	-9756.828854298561
79000	-377.8438445128973	-369.699257621625	-362.6594759852342	-349.8908402179537	-340.3050651362655	-318.386249872696	-306.5642384894883	-295.81756416522524	-291.2720679865833	-292.7139054101991	-285.1243022491597	-309.20264348106525	-382.98514464449295	-278.49700740174956	-865.1676457254434	-5450.787627099957	-9283.71850129039
79000	-436.5920521972534	-428.7093470404847	-420.7872952636631	-408.8403897152183	-399.205376922145	-377.590270620442	-366.2539867809558	-355.50167608942127	-351.8791687626404	-351.7118254802997	-347.3850877231467	-381.09372798646194	-472.1902295915986	-336.69930603637874	-1059.4614766816617	-5829.399675728105	-9515.287188096712
79000	-420.6585396389952	-411.8671552232399	-404.99388290169765	-393.0546657919019	-382.90854353294515	-361.63758083203413	-349.3743884461546	-339.9892816697633	-337.0651162882054	-335.5505769253888	-333.50968965151054	-371.2164038601851	-461.74178384510753	-320.3996703731421	-1006.0874323754158	-6168.588306062319	-10093.551880821635
79000	-476.6805471669998	-468.23651258953487	-460.04097440191146	-448.3660673882208	-438.72877976498506	-417.26775747528484	-406.4462119645053	-396.40173893713734	-392.36705040088094	-393.13011607778554	-387.2250757688051	-424.71400389620305	-527.3057789976681	-379.59394966427294	-1161.8412617266026	-5986.990235832301	-9630.474175433266
79000	-439.5424298648749	-431.1018877036175	-424.42718310163804	-411.8129215753488	-401.5736692326596	-380.7992951180043	-368.6598903951809	-357.7523021547857	-352.92071316557445	-354.5739705204166	-346.84613457795206	-373.68365317953123	-456.36975561812017	-339.9726464438364	-1017.8004677848179	-5710.033392046001	-9332.258124384638
79000	-431.320785670943	-422.625647677513	-415.95326921566146	-404.4344865897102	-395.2326595721395	-372.75484524767774	-362.0786660642145	-352.7790785530974	-350.007647029829	-347.12590086417885	-348.7306458488754	-395.7129290829414	-501.86739843861284	-334.1174537602539	-1104.021340090739	-6272.597253647203	-10312.600155235574
79000	-436.2032374760443	-427.8744846338337	-420.2306476299686	-408.76228027538946	-398.7858999268941	-377.6691508785323	-365.7452797607547	-355.68948670790235	-352.42333329595203	-351.0432867610763	-349.01016958988873	-384.85151791948493	-476.17001265648935	-337.09843555964125	-1050.0753319015894	-6317.939787273237	-10066.14919726299
79000	-452.9936359923492	-444.7749416671267	-437.7350493575837	-425.8524119655492	-416.1887374972955	-394.55490056531517	-383.30540125110963	-373.8248547521884	-369.4993310358526	-368.4104088987812	-365.89166796249094	-406.0887622478743	-512.269092794106	-356.1986529001075	-1095.3826333601917	-6228.415607852237	-9860.758282866866
79000	-448.39277503633457	-439.2272372354974	-432.5116250351452	-420.3990822114225	-410.63403668560676	-389.1791566671086	-378.06409647943406	-367.3022542709402	-363.6548439570234	-363.9053041844138	-359.1185110560819	-394.29464877854684	-495.9088757829309	-350.63391660680327	-1080.600469463924	-5986.494466205014	-9701.78254776113
79000	-442.452464498578	-434.0079660819686	-427.38009324191825	-414.9623460915021	-404.8807175674684	-383.61281809749164	-372.7385989419028	-362.06832917105316	-358.39837053650996	-358.21657615225774	-353.62926786941614	-387.9634372474195	-485.6120215016771	-345.33835816800587	-1057.7136245640834	-5976.241556479616	-9543.453228654202
79000	-451.7887130829278	-443.9056851549556	-436.4877716159065	-424.27339272423524	-414.91904612802205	-393.7801540770172	-381.8686817135587	-373.66975194692714	-371.1491109313003	-368.2482802449816	-368.74086038458466	-414.8973174936631	-527.6800195067614	-359.04943164932024	-1130.6153439312766	-6266.760510387539	-10122.880030511162
79000	-409.7866792270647	-401.13472460007495	-394.28473355449404	-381.9790998521538	-372.1457638809471	-350.94854444441467	-338.4972918846211	-328.984119796871	-324.9575683556619	-324.7474121212397	-320.58611388137865	-351.83665376996447	-441.91697030391265	-312.01621917678	-962.1234321172996	-5929.104046811779	-9715.137106495102
79000	-432.81036743060366	-424.5844137392	-416.9524675036991	-405.1604166039149	-395.11962224188653	-373.66702856416794	-361.8275944333886	-352.66054038808056	-349.50577202949904	-347.7411064745193	-346.0752500065309	-384.8500253546918	-480.7015480032718	-333.82003265104703	-1059.678510871811	-6126.633102733221	-9933.978651742296
79000	-430.4044603439106	-420.84364969136846	-414.45195847345434	-402.40571845195313	-392.3239441020476	-371.2891697270006	-359.1287702530286	-349.87556842288075	-346.23393623572343	-344.99904344588504	-342.03662443365624	-379.8468355485404	-473.7087918278482	-331.1611900345321	-1032.221644664241	-5814.9891397551355	-9710.454274829495
79000	-447.1516189670723	-439.1350713431738	-431.7840563432264	-420.6304578151221	-410.4699921914962	-388.33012103924256	-378.1034283499439	-368.67295256181524	-365.74167464007644	-363.5606194613592	-364.97241738529823	-410.87788715545463	-523.8689999965018	-352.076460324686	-1128.1083554437405	-6232.880920433742	-10174.329025435745
79000	-422.68751995132584	-414.38719231129187	-407.4630429732128	-395.5152241955875	-384.38415079284147	-363.78872838759156	-352.05059900590084	-341.57005747776634	-338.1541842533574	-337.7951027071656	-334.23185561675456	-369.8240450601509	-456.42989926031447	-322.6999563895166	-1049.960566762874	-5946.412156865305	-9743.787868200294
79000	-441.97265218472273	-433.14509755504497	-426.835977033225	-414.11981796288046	-404.161970663368	-382.964080506998	-371.3988953594355	-361.2098565126152	-359.00665240415117	-357.3110637965932	-353.8016024254062	-390.3425683159774	-485.40384157917043	-342.9725538196057	-1082.0637975484858	-5975.968786441907	-9646.074401148006
79000	-417.5137579496101	-408.4032193829365	-401.3456531793025	-389.2137367064944	-378.6414331637625	-358.20760151863055	-345.67944485660433	-336.0035459149454	-332.00609168925166	-331.42121878628876	-328.5914963842999	-361.8914429861777	-453.970444475698	-318.8148641996043	-1023.1042265617922	-5972.747228926041	-9748.217548010753
79000	-451.8132171110216	-443.4238554653412	-436.161414622045	-424.01787303833805	-414.227270824405	-393.16696845883394	-381.30110835555934	-372.477702695326	-368.81042408302994	-368.2032902645534	-365.02652964776513	-405.8187750984645	-508.98220641264294	-354.7544764582453	-1109.1989352840956	-6128.053006150042	-9746.70153254249
79000	-373.0027617753025	-364.7102235660702	-357.21551775470385	-344.5955188792059	-335.0857348336561	-313.36817230311664	-300.939937435299	-290.0276197457708	-285.21991069241875	-287.4709508551117	-279.39146209287134	-300.4262603178778	-372.09537888424114	-272.9810042124911	-825.5181347225582	-5629.156495880702	-9330.068844048634
79000	-410.7137999216902	-403.24688890944816	-395.17458444150924	-383.28809573695094	-374.19792800479746	-353.01689674306624	-340.4481599444753	-330.51622240777345	-327.4798008441515	-326.80512247145487	-323.46963958687274	-355.94070701100924	-451.9040600056355	-312.8124417029557	-960.0968535837966	-5874.292089182903	-9765.951394178503
79000	-450.53314655758857	-441.70414188726494	-434.3839439116279	-422.8577115355429	-412.73632379886686	-392.09769836193004	-379.59908369299916	-371.3230617797647	-367.47095582648234	-366.09246156933824	-363.8888090352296	-405.13885443211825	-513.8135683311001	-354.26702516117905	-1087.4970586408776	-6139.690423935573	-9899.712173366801
79000	-428.361224407831	-420.31494204686294	-413.08457808446536	-401.03962556183603	-391.0171737146669	-369.35099240294164	-357.8567137601214	-349.02534137210966	-345.6711362691636	-343.48046358825167	-342.18830824453363	-380.89553558992674	-473.4287740965743	-329.21039257213636	-1032.7077347834966	-6249.489469389814	-10120.211091323303
79000	-443.4884010091374	-434.9231075893352	-427.2743707863456	-415.4825866970932	-405.8230135070492	-384.86826377914986	-372.7753991686407	-363.6620235470847	-359.4525753036563	-359.5841913780872	-355.3816647843524	-391.6887121639449	-498.6294372711405	-345.5000462538574	-1050.8112289405528	-5973.273178349623	-9655.025419373582
79000	-417.6435892209881	-408.89109714327475	-401.46559385240465	-390.21203468965746	-379.75167673390956	-358.0863169511663	-346.1136716018071	-335.8234672383477	-331.38157890773743	-332.37834723085564	-326.6051170739787	-357.3147041706121	-440.6388417573741	-318.79540779202534	-986.3931565822363	-5831.82052004821	-9551.677938278748
79000	-414.89846370931224	-406.0955704334859	-399.0376653505876	-387.0278959636205	-377.28852269749046	-355.5817587052892	-343.1013120011196	-332.4079858237505	-328.11164834484504	-329.22140426851047	-322.2039092931823	-348.17220879647334	-429.8152489037346	-315.2958615365371	-958.2350733404414	-5671.663486874906	-9296.52902722296
79000	-486.85870037795485	-477.0103161814263	-471.4265983191503	-458.96210804874863	-448.4386579662631	-427.60786270403196	-416.73049875274495	-407.35040429946076	-403.9058672974434	-402.34039675866677	-400.40191398941545	-445.00204654459606	-561.3880626315386	-390.59248573161705	-1227.853966682337	-6133.705552916512	-9893.117842845195
79000	-449.3610026598622	-440.30466700952917	-433.36013075448255	-421.1632273859808	-411.7421485400587	-390.03999586870196	-379.119146837308	-370.49319405095855	-368.3350789463134	-364.5156547160181	-368.5846677071483	-421.0550689215233	-529.9793663963509	-348.70432517830346	-1171.4461444490896	-6766.727801891518	-10710.892592631002
79000	-430.460901575124	-421.61256238359846	-414.19522084263707	-402.3881903987244	-392.39339982912065	-371.57914741664973	-359.7723353871165	-350.3602374392683	-346.8672182774718	-345.0530041261202	-343.06092463763724	-381.4115028993958	-478.13352247481595	-331.3732741932887	-1067.659165483066	-6030.486733316235	-9848.747968139254
79000	-398.10126069136527	-390.39397730855217	-382.7318702583023	-370.43121550964906	-361.1340831471951	-339.3242930609386	-327.7385057896723	-318.9922585426599	-315.7117622110496	-313.8745952038952	-313.0828108027672	-355.4483483837739	-451.6396449466725	-301.00532860918094	-969.1310311484143	-6028.945855912716	-10014.715380265681
79000	-460.1333634030662	-451.6735300181478	-444.55143801925857	-433.09067788673735	-423.5535524968886	-401.7772118522509	-390.18594634611856	-380.3226267764059	-377.26060907833823	-375.58886539069897	-373.2195500152861	-412.70313598114666	-510.6432455740933	-362.11315012694166	-1136.2867596491108	-6229.674722154542	-9868.330868346571
79000	-441.99274563153915	-434.14581169038746	-426.332635909374	-414.1542200900768	-404.4398277119677	-383.2877354297498	-371.8664182703476	-362.2256773166619	-359.07403610803357	-357.24798725690965	-355.37351035385245	-393.98693914625574	-495.3355968252247	-343.5430851110217	-1097.2667687505427	-6062.675624505977	-9816.002638591568
79000	-425.95010347723064	-416.79784673383466	-410.37474072911874	-398.2799262304525	-388.1813925530098	-367.3627858752293	-355.381774252965	-345.0286907855075	-341.0540487283322	-340.83754001309137	-337.65997077396435	-371.55462700899835	-465.25018302222594	-326.43208611044247	-1023.4156960717212	-6001.17843311046	-9736.58573634798
79000	-452.16634933411893	-444.05230809157723	-436.2753387474252	-424.33107186374195	-414.283784326278	-392.8353587609939	-381.3601505504389	-371.28283260479014	-368.5959805312914	-367.1124529562456	-364.5869322076443	-400.8089823150846	-500.75553578210673	-351.6764247478928	-1104.49349736494	-5901.063647254909	-9671.024103621727
79000	-414.0950571279539	-405.8613816041708	-398.03329253136286	-386.4003359110832	-376.8056531969819	-355.67535969208086	-342.9114858658087	-331.9277702016978	-327.49954598160787	-329.65952463597836	-320.74490371151944	-346.4021686331385	-425.8677563828069	-315.94238915361245	-968.5424188227146	-5533.625486361554	-9166.792604711607
79000	-463.7847543245341	-455.51756458416315	-448.48214822568076	-436.46376635154604	-427.19903938535697	-405.24366812222496	-393.500569442117	-383.39666770807554	-380.03748414813697	-379.8109108711111	-375.6850202641297	-412.1284909943692	-509.14287688546625	-367.21913219902126	-1144.3747016992759	-5941.216346031804	-9623.343813246069
79000	-430.13550743610847	-422.76636140519446	-414.4918728572903	-402.8589531371754	-393.09125288138154	-371.7286708654706	-359.88246145641654	-348.4866732969405	-344.3679645418573	-344.6052038890254	-339.62016216086755	-369.80714909745365	-452.2227163434538	-330.7240078700529	-1029.3817359797963	-5885.39572763683	-9588.830145432223
79000	-404.46506159833666	-395.7621779493399	-388.21599572469387	-376.3202482858334	-366.83181852605594	-345.98898266455154	-332.83788723710524	-321.1572243361976	-316.7868366825518	-319.2072699816062	-310.5839542418266	-332.4467991279189	-413.8122357549018	-307.27065287183336	-885.1653485756324	-5450.823681195298	-9126.975261488884
79000	-417.98344177903533	-409.9302499307649	-403.360515495872	-390.84092779375294	-380.8062685763948	-359.8161440625511	-348.1835114328177	-337.6935778832849	-333.1856041284569	-334.1624112245817	-329.300585627181	-361.2101769357917	-452.17374248039476	-319.79913238200083	-985.6894357176692	-6050.161192477828	-9838.059882341466
79000	-440.98632216809784	-432.346056126371	-425.3163170846746	-413.0254790039651	-402.45458851120947	-382.4187579422402	-370.2227949386917	-358.5382490060614	-354.41570488695925	-356.6495273803936	-347.5182668381686	-374.44539645989295	-455.7203880813891	-342.653651642654	-988.4140463413161	-5690.1721090491255	-9172.201659912897
79000	-444.67727483604557	-436.7802367173782	-429.0719164674128	-417.094856520735	-407.7435994655452	-386.0585424545749	-373.662464171053	-363.6113280536392	-359.9887587681119	-360.6101997223935	-356.29723100888754	-391.7353698227105	-482.0431884989087	-343.9773706311445	-1085.278684008675	-5801.971491004539	-9550.486772793842
79000	-446.6324823050612	-438.7557851230731	-431.9487329615425	-419.1506152286802	-409.840451256395	-387.9336287809142	-377.1552426818804	-366.0883738001556	-362.78709948276855	-363.16255670602067	-357.2314648502798	-388.9607545600598	-480.70492620540284	-348.6786339712134	-1063.0429878869786	-5762.413813111277	-9496.91023482045
79000	-439.8951540839751	-431.48816431331755	-424.4782509854809	-411.87612838878215	-402.62905942141913	-381.046124814251	-369.38153425166985	-359.74526608904046	-355.96428554249627	-354.9646018569092	-352.90288838186956	-390.18692225827346	-483.03007936521493	-339.21219003540193	-1054.996853057232	-6025.785052800491	-9826.428813120274
79000	-448.78695618006213	-440.7051974063748	-433.30527760166757	-421.3116307511342	-412.09234077287675	-389.3741342616885	-378.26713427283306	-369.530653306718	-366.453680206275	-363.7785265758469	-363.89067038278	-404.8057137658714	-504.5193222512195	-349.8296504414572	-1160.998171133053	-6417.336536257312	-10328.630867180676
79000	-437.77593391272904	-429.53222993068215	-422.77667330796197	-410.68381532067383	-400.22242343460846	-379.1047001256802	-367.5819833608567	-356.9509449923435	-353.27399720705824	-353.4459696516657	-348.437020627815	-384.7121231537996	-482.753059188769	-340.8225456356592	-1048.383374909626	-5769.4244146297915	-9618.632749752216
79000	-433.68267150743657	-425.2927977215339	-417.82835083487754	-406.49524266528783	-396.7651099421992	-374.66167046646837	-362.9410513713153	-352.9291833187601	-349.5284632831003	-349.20455347566667	-345.8394858525151	-381.97672807589737	-477.3900218760104	-334.72873153972466	-1041.605617388293	-6191.542499261255	-9924.75502837765
79000	-425.1456710581706	-417.0395529954206	-409.0187509729869	-398.0319355175375	-387.46611109645784	-366.48915003746964	-353.8256059578647	-342.90981168810407	-338.76307738017425	-340.0203314206814	-332.90439118744274	-359.8027443237066	-446.9015109404903	-326.9498760662497	-952.48895212056	-5958.291441551665	-9569.410550790119
79000	-449.6583369118038	-440.6265861314663	-433.6477443027749	-421.6757361191395	-411.8700859807953	-390.4520086353572	-378.6202038704542	-369.2213234212384	-365.368978018968	-364.6234024046322	-362.51983047945276	-399.22859560596197	-500.98254055015315	-351.2155872449961	-1087.5390254162623	-6306.071743991803	-10072.085036794135
79000	-410.22296504047523	-401.70124547447136	-394.716800434881	-383.48923327831926	-372.3891009021112	-351.2764137584805	-339.7700497204758	-329.64247178089875	-325.91196426076493	-326.1103558970793	-321.74407568233255	-356.09300340619717	-463.95938587141785	-315.2550460849122	-962.9975856297917	-5797.934222880211	-9589.544398015774
79000	-439.34176127661453	-431.7310873011488	-424.337184833873	-412.9093610559197	-402.4615314777363	-381.26410508604636	-369.77722177633325	-360.17862988915346	-356.8957151922763	-355.47385579357774	-352.30576213164284	-392.11660180070584	-491.4899052823014	-342.39667538703486	-1071.5297326707746	-6004.4684301962	-9791.652340497796
79000	-439.86698586466997	-432.2044266361382	-424.9747266490097	-412.59935938402214	-402.79585349619964	-381.76173394743944	-369.76979546253517	-358.76622044880827	-354.8266017087545	-355.5898945261985	-349.5653325208109	-378.59789319157187	-465.26819976516475	-341.0864069508285	-1042.9940978742331	-5948.926018024253	-9435.915092437144
79000	-414.1535639193057	-405.83061167075925	-398.2496859719018	-386.2070892903963	-376.6207899186639	-354.89874674780623	-342.4157455636896	-331.87225695953583	-328.01298550429783	-328.5631149658471	-322.45985325451994	-350.7349948790936	-427.46219169650163	-312.9875923008077	-978.8129616473891	-5856.323230090063	-9709.931056297597
79000	-431.6204034135131	-422.5064031423323	-415.4112710335897	-403.5972288989981	-394.21378841498944	-372.16394772075864	-360.3214888821091	-350.2312981130282	-346.81688588604914	-346.39522415298035	-341.7356687517868	-373.45220735778463	-463.0142369912032	-331.149965396815	-1013.6381812927538	-5733.8023066682035	-9497.825628525423
79000	-436.46438363373346	-428.1606371549249	-420.57728628031856	-408.9539794679831	-398.0205550812135	-377.59605169751404	-366.85387128721436	-355.2360882419001	-350.00062213658964	-351.9157332229896	-344.13988805776137	-373.2560724016527	-457.8895387549393	-339.2400056293447	-1027.5744975072462	-5815.691027279268	-9396.82027891152
79000	-419.40137430900506	-411.33135043686633	-404.6163344267712	-392.59986280691396	-382.74669489153547	-361.23357615992256	-349.22881445099074	-339.7124416558582	-335.38219002694404	-335.61768392907885	-331.7321037162741	-367.80684353603556	-455.1401624387431	-322.10665239729923	-986.7724220154477	-6058.423374967398	-9965.052359646235
79000	-465.26276325632824	-456.3730753848917	-448.689110359254	-437.59037239586894	-427.1822236675954	-405.6259210709225	-394.7675485515028	-386.0775949429508	-382.0874480688249	-380.94493837568456	-379.5872925169605	-422.6419839932748	-539.2474209168519	-366.65000510069945	-1144.1129826081985	-6258.921154073911	-10059.540598084663
79000	-407.0828152633978	-399.3015803677296	-391.558598831344	-379.71112410529804	-370.2809619699046	-347.7168599053533	-336.1849644011416	-326.2993900022995	-322.36500917856466	-322.67797959049216	-317.6098536625739	-348.7989601494165	-433.4465100833589	-308.54805677692667	-976.2932236681257	-5635.062531899395	-9581.594714747729
79000	-423.1169817858306	-414.92896580209026	-407.7916197537093	-395.3580540408244	-385.62616345246283	-363.642660689767	-351.9651375362618	-341.52952103950935	-336.41609149957037	-338.3056157542417	-332.7464351846616	-361.5709398703462	-446.1591346450661	-323.2769584945988	-974.442492309345	-5886.155885127744	-9540.62038717067
79000	-457.87917809894515	-449.68868569031827	-442.52893279030053	-430.0822331195276	-421.1026837813402	-398.59948983226457	-387.71912223681625	-379.09518948398556	-375.5660629456861	-373.6029824682399	-372.71030863368026	-417.2369683099581	-522.4934301118898	-358.86145918344823	-1177.0169628635192	-6425.262646447507	-10252.92927852211
79000	-416.3486955993283	-407.8623623944804	-400.8348199243565	-389.2021983649007	-379.24751158736234	-357.4915493522925	-345.920208839496	-335.41155750941664	-330.79431426405415	-331.5955821893275	-325.4914232499175	-356.62081555369775	-444.8878710977913	-316.7166502629096	-980.7585838772319	-5677.992601527715	-9422.54053808648
79000	-461.52176334962127	-453.27768947335784	-446.30448249559714	-433.6331055396307	-424.24224532571327	-402.10533094975824	-391.98149271666824	-381.73946305217856	-379.6301220650967	-377.62411091420466	-377.71093231033154	-421.8536568380114	-528.1387668062282	-361.8424834572596	-1188.1394328401948	-6236.987690068454	-10026.957780769575
79000	-433.3048897336194	-425.07917151948493	-417.95273629829154	-406.05672227293235	-395.7697195395476	-374.2720148746408	-362.5619215377638	-353.2168157623126	-350.614002286827	-348.0981432662032	-349.29444161452096	-391.96656964693904	-494.09409410653257	-332.6982768627414	-1106.4276139280985	-6436.576205694176	-10394.670055227021
79000	-387.83847173501965	-378.9075771628765	-371.99496105100565	-359.4037806023324	-350.41006417126863	-328.91798225005397	-316.6207746852303	-305.74442903818624	-301.8067290629708	-302.32663499141734	-296.5024054904567	-322.7542343045308	-408.9815686398261	-293.74316111733293	-855.6268599221447	-5596.4302267624	-9279.712945678073
79000	-422.97055477278064	-414.98290012855966	-407.4817310266399	-394.69362812381837	-385.5260621637007	-364.37460067377356	-351.7211221070068	-339.9482021498377	-335.2555579847676	-337.7063845244655	-327.175466159388	-347.8380051708175	-419.38781313507485	-325.53270646698365	-879.6648726357431	-5592.0380636963055	-9174.062799843754
79000	-457.95505482331754	-450.3589451118446	-442.64935477563773	-430.84041420387825	-421.0353416582344	-400.3853787959306	-388.7034803082713	-378.80188596520975	-375.8002158920887	-374.2801663222965	-373.67084260624364	-419.0670096411035	-543.9929419525703	-364.0753904771071	-1177.887260752003	-5996.4173374284455	-9694.137166585697
79000	-436.5444415528564	-428.8767697466152	-421.2707548317125	-410.0014423494945	-399.8102277994843	-377.69354926874655	-366.5298328489469	-356.15811105134645	-353.67716587194957	-352.26663333706466	-349.0777804117623	-385.19855975783076	-489.2665739220701	-338.81828722670315	-1053.2550485954503	-6050.287888496321	-9764.018681715503
79000	-443.0331639325681	-434.01531351447545	-427.09242570922805	-414.88931055217677	-404.96543350537075	-382.9670220764142	-372.63567474979936	-362.28574360965604	-357.81490376811445	-358.48347431949696	-354.3215485232777	-390.02376474802566	-485.44274595840506	-343.6631551294682	-1063.5373338540946	-5984.54711083352	-9736.518219152294
79000	-414.03759420661834	-406.0826984384242	-399.0562143268756	-386.0721686138079	-377.11398588768384	-355.32372522095784	-343.6145249353802	-333.0032371927698	-328.73065282793453	-329.9426575025699	-323.16966299391885	-351.8938719699276	-433.4177500389062	-316.16932395283953	-940.3254733847012	-5704.449831448843	-9333.541311425286
79000	-467.5933060979237	-459.20823927235085	-452.0462675685646	-440.76170773239335	-430.9199646347687	-409.2903134629707	-397.71033659985835	-389.1009645110277	-386.2067846718709	-383.7795040882894	-385.96556564674006	-431.32096437125955	-549.5557810541043	-369.3385607874577	-1202.347856474886	-6245.307130550199	-10097.878252910088
79000	-402.6377606991788	-393.7817263127221	-386.7419745755371	-374.8235438439076	-364.47015446414366	-343.05470468807084	-330.96362655147453	-321.08445420719465	-315.9509087193349	-317.3081099286955	-310.57499413632735	-337.93616487389346	-419.4212905834775	-303.68179207646864	-930.573805883592	-5682.06003741252	-9383.263903639252
79000	-415.91432365945286	-407.1738848924208	-400.01662918296455	-387.8677059534789	-378.480951955627	-356.7181005318422	-344.36895168921745	-333.1087275042663	-328.3883702758211	-331.0571839713418	-320.8161487074426	-343.1294316941828	-418.8978966346374	-317.95736396763044	-899.3909601379589	-5614.617341693254	-9180.463826338295
79000	-462.7007823763245	-454.59848948863936	-448.3011571895102	-435.73148780523286	-426.18730696853567	-405.003905819238	-393.38773625232744	-384.01304780919924	-381.26240436905766	-378.69565553060585	-377.4574102097377	-421.3436066084487	-525.9871581096985	-365.07047348782646	-1156.981100354083	-6212.9918968374095	-9895.366843407508
79000	-414.29637311827724	-405.67291383557466	-398.62562115140173	-386.6237705869746	-377.62955352814953	-355.32562094129344	-343.4651263117633	-332.4347864498533	-328.05378522703205	-329.5406453500307	-321.7633570903116	-345.9681958019677	-432.36088987909733	-318.8960436397817	-921.4645369516713	-5367.633217818251	-8965.478140310177
79000	-438.53252600024115	-429.93823768409993	-422.346796147631	-410.60562492175495	-401.02923838535537	-379.50715956495	-366.8132248687971	-356.1008783428915	-351.951127614401	-353.5041831052783	-344.4003142940452	-366.91152394412376	-443.57936671914604	-339.1934012230474	-1007.7284318137404	-5465.74338869822	-9090.388483801555
79000	-437.68947571334576	-429.04349805806856	-421.51040135812485	-409.81786752465257	-399.81020009923805	-378.51818989520956	-366.35957409685506	-355.9972300507118	-350.5225574885351	-352.4099703319362	-345.30014021629967	-372.4510695088335	-459.33816769400465	-339.38934814477545	-990.0157905470159	-5722.083855388611	-9282.08984073275
79000	-439.86298123283973	-431.7645681820947	-424.673965274859	-412.4398949439227	-402.60194089266105	-381.616276531883	-370.3248162550176	-359.9927285009663	-356.92574612427774	-355.61659833574635	-353.70455696837104	-395.58434248252917	-500.4806165044047	-341.1441704903145	-1103.4828148490778	-6035.444456960111	-9875.43256723512
79000	-474.7254859237977	-466.052071525893	-458.19734620800665	-446.6274874713505	-437.43568701657387	-415.7872856976854	-404.2581220313608	-393.5309211922276	-390.7248720449029	-390.44692442643696	-386.7454164994392	-425.836810573684	-525.4301611458703	-377.0271734169308	-1142.0499905635352	-6164.360395169359	-9829.63064022509
79000	-456.8728833260031	-447.9232555831051	-440.81109622559524	-429.6954193279719	-419.93081317634494	-397.9937743000419	-386.0922105653066	-375.6497293860857	-372.71883067799314	-372.0658017229053	-367.449703550551	-401.9060217010408	-496.4040051162597	-357.3575241073726	-1108.683202497281	-5851.060072011301	-9544.265399401405
79000	-416.80406778716906	-408.0122534271415	-401.04048597655634	-388.0598138982491	-378.77005331483383	-357.00340215573755	-345.15061358758936	-334.5512373992048	-331.1590036531167	-331.57844234633507	-325.41007523138137	-354.7922492937481	-439.67748698970735	-316.77416223651664	-973.7833254749206	-5815.5335161333005	-9510.072343232821
79000	-413.12611549999696	-404.18220230090634	-397.4688928984162	-385.71084278416276	-375.4528680416166	-354.25154683327247	-342.0952146437413	-330.3532763480414	-325.68169401676647	-328.56295767280614	-319.78571645607576	-344.8191710786172	-419.6531141587458	-313.71400162510304	-947.2804052496969	-5572.838204426272	-9259.708227484254
79000	-448.7187977082462	-440.45628263988266	-432.92449113186586	-420.4601105798042	-410.3296365843154	-389.0488240757915	-377.63359052814627	-367.13613989594205	-363.8115143144385	-363.7710639372881	-358.3707881989353	-391.83818632744453	-494.019027212939	-350.82593464200914	-1077.413230695397	-5859.113114542867	-9551.832394910018
79000	-428.64335229033765	-418.77797297750936	-412.55148238658734	-400.8577087100333	-391.1845527605233	-369.5077055443418	-358.91033065818897	-348.548394333582	-345.36111857855485	-343.80085052851973	-342.7056060410481	-381.64862493477966	-488.90794826452185	-332.6437858630595	-1027.2736181372845	-5989.325645013849	-9791.440624982699
79000	-404.96560766702834	-396.2456852828757	-388.70387835182254	-376.9556439267802	-367.38357636431294	-345.25258653249796	-333.104051869396	-322.0043225288605	-317.52142105329466	-318.94449476386643	-311.37367351095986	-334.7180428503598	-413.51521610681004	-304.77522129019053	-930.1521560774968	-5570.642197007544	-9245.842126435777
79000	-463.78581155696696	-454.9852625087154	-448.2436561551405	-436.6034070215651	-427.0130564762129	-405.2658613142904	-394.0983650237071	-384.6448271916441	-381.01327679133095	-379.6413840472479	-380.306678865706	-424.2750027135797	-534.9778605683728	-364.6389843037045	-1158.8470115621749	-6426.700887776489	-10293.98941466416
79000	-438.14861751427947	-430.1685515341044	-421.90159163609786	-410.6892231304537	-400.1914820635895	-378.9818703903093	-367.5493887843298	-357.45259192579726	-353.46164314089907	-353.15850240220414	-348.9643307489412	-384.04074905713657	-470.7566024005784	-339.2109659296281	-1067.9739325720702	-5910.6206636432225	-9688.0431425796
79000	-417.3333252781941	-408.40994910101927	-401.1664020575278	-389.4926554836301	-379.6933754222366	-358.6827922974535	-345.96918031996483	-335.87574073671874	-330.5630228313289	-332.88797194481486	-324.41176034219	-351.5802463727921	-433.8508058111211	-320.2816991096577	-952.3549700785145	-5693.6250350475975	-9275.26246752997
79000	-398.7915795559134	-390.4816980518932	-383.43322276495275	-371.4940413095288	-361.2593974787278	-339.46176734619183	-327.9192541806795	-317.40889441884445	-314.5413646851296	-313.71647510580794	-310.25368974059074	-343.58125682434417	-426.72480596837926	-298.638858824963	-930.9397033928485	-5884.687404967115	-9675.86013272858
79000	-430.42618591066554	-421.99713697608234	-414.5385304747378	-402.3720566575032	-392.868853917745	-370.824921786555	-359.38982440671737	-349.3227496842661	-345.8268734622079	-345.0334284632048	-341.7336524988981	-377.0351871908423	-471.10628541882284	-332.2922009602823	-1017.8440540520204	-6120.4894670855865	-9937.220493842859
79000	-445.9330940148107	-436.89555804744754	-429.88411882592226	-418.322208276874	-408.78101364806616	-386.1783179807392	-375.5132287161279	-366.1543942377476	-362.50542118437994	-361.12176987224603	-359.76015280851306	-401.59407129560924	-510.59700654285746	-348.9853454032902	-1130.2433184043807	-6064.475542421086	-9924.78757277595
79000	-420.87729640259545	-412.4657799486413	-405.5541484532724	-393.3604194629023	-383.9585066453861	-362.17167576956695	-350.11366579929035	-339.72465211356536	-335.78898628287044	-335.7133672628914	-329.7665774235722	-359.7426418514163	-439.6563859287634	-321.1020756926729	-973.8730866129275	-5790.251680665635	-9345.149579239553
79000	-426.6520010938297	-417.6481378136623	-410.44780821825526	-398.40074609784847	-389.1668437335719	-367.23862402996997	-355.8477961014108	-345.7078619027813	-342.1204038974768	-341.52081803156665	-339.2760515883622	-376.71157218878255	-479.99914519644733	-327.60224603218023	-1026.0944812959142	-6134.51551719142	-9898.489159482619
79000	-427.3919160448201	-418.7187166416269	-411.6347942280427	-399.8492974109935	-389.2729261328773	-368.1176223772122	-356.6370678393588	-346.2997236166205	-343.06240404204937	-341.8563643347017	-339.9559960830698	-376.0358393893498	-466.1468542117116	-326.6596376019077	-1048.2188410288602	-6116.700957914982	-9902.052734009967
79000	-384.5908881814576	-376.5051281063807	-369.11296347210106	-357.0114454703579	-346.86307324015837	-325.15443318233173	-313.51023846911	-301.9220481013255	-298.0804311896448	-299.5686883276801	-292.8575152524947	-318.2570434608627	-394.0745410500554	-286.74251381874217	-898.5555148967395	-5619.551497342051	-9464.505308142303
79000	-428.73296466405793	-420.7983510883359	-413.39662836174915	-400.93199255383024	-390.6616489023145	-370.08704225651286	-357.7349265660201	-347.04353523660876	-343.3677882190938	-343.8051573913851	-337.11617957187457	-365.25713200007897	-459.7259611344642	-333.71671854256994	-969.9611871318855	-5571.0222249802455	-9117.915747458386
79000	-470.8440509995977	-461.8664296857937	-455.11038577675134	-443.0713777158162	-434.23043386979964	-411.70674495297925	-400.41480405934976	-390.6533597023654	-388.6419053052742	-386.1685211695556	-385.7311939046726	-429.9773436185636	-538.1964859751447	-371.8050069286338	-1201.0453773437723	-6278.272567579904	-10075.50526244579
79000	-420.9721946367813	-412.89830312263246	-406.00094937894545	-393.9401626636951	-383.4335560351905	-361.52201749083986	-351.45371829887017	-341.6980235581254	-339.1459552890947	-336.20581081194393	-337.7341402027769	-383.3164558267381	-488.98756071457893	-323.71696498422386	-1047.413982644171	-6258.494084306378	-10210.629105624083
79000	-428.7004298224843	-419.9193310698143	-412.13683727131644	-400.69308696472285	-391.21076766540153	-369.77384831317255	-358.14356188327537	-347.29797507446034	-342.3247000801186	-343.7880087182277	-336.22543669042324	-363.73424343327247	-456.2354145815143	-330.9964739831471	-980.2051617410477	-5583.9121398588295	-9214.269794211606
79000	-423.0425189344793	-414.8368357900895	-408.00250657844236	-395.43590414205266	-385.2648179879072	-364.44845431457065	-351.6099077253725	-340.37355033805903	-336.23650601655703	-338.04782090683256	-329.6668935230468	-355.20700883987644	-435.388489325866	-324.0167138394869	-958.1508548753923	-5661.532098701088	-9173.311412942006
79000	-441.3374192046645	-432.86147901460464	-425.58425247648023	-413.6065289603315	-404.5094499299098	-382.9116529615092	-371.5520670181584	-362.627298210574	-358.7904954713751	-357.2959630125893	-358.6733278138144	-402.8314810800405	-526.517896174936	-347.30166376231574	-1106.872494373189	-6316.186744014132	-10218.202970003422
79000	-392.0595816611663	-383.6257259469764	-376.72469290330747	-363.43743000944994	-354.6198900530733	-332.37356276785977	-319.8969305957785	-309.2001674719143	-304.4695036280497	-306.6200605556941	-298.52551025246305	-321.8112353994667	-390.80540441588926	-292.9648047076868	-871.9208889943138	-5585.291788675904	-9304.263308744949
79000	-387.4939808508247	-378.9430963698473	-371.6195978629741	-359.43567349873456	-349.8432456171243	-328.2704414807226	-315.7431903159559	-304.3804826528825	-299.5572461213099	-302.1663742535682	-292.3567202200618	-311.23673034214914	-384.86567509104816	-288.1930071247359	-843.9951031675181	-5252.634954950277	-8884.176344849328
79000	-472.6444897811743	-464.2767304081468	-456.8986091913728	-444.85033841761515	-435.60689625507445	-413.4975189808658	-402.19279784954665	-391.6910381645481	-388.41692829012237	-387.63896447127803	-384.54305591311567	-420.60443832245596	-521.8948188080296	-373.5480878752825	-1149.9093195209384	-5993.246149197169	-9690.209806282277
79000	-472.75418577488915	-465.1179743016781	-457.47180954695096	-446.0121535669822	-435.55803174823313	-414.62511129906363	-402.732808324618	-392.99657336527895	-391.2753196157986	-388.4658480192365	-387.9857461053087	-430.7166843995818	-536.8704479678248	-377.1250810192892	-1196.1983418823202	-6184.373166867169	-9976.201509533168
79000	-432.75026768356173	-424.42991744685156	-416.715942561766	-405.0292227358991	-395.35901813966694	-373.5053385122912	-360.8058418063129	-351.44461453301733	-347.6304102315573	-348.0787263319341	-343.636419283216	-377.88121161783755	-466.856670176707	-332.718294922448	-1043.8757172494506	-6067.897607614624	-9737.25065481732
79000	-450.0278845911946	-441.469259819848	-434.9133144958094	-422.99351027094724	-413.4946587954161	-391.6099582648227	-380.4354920491024	-370.9151031094056	-369.04046010098693	-365.72018088188554	-366.65547659133654	-413.6476078244186	-526.1616047526488	-351.5596441401842	-1137.5395075917475	-6395.8692974471205	-10337.69803134058
79000	-419.6697703138905	-411.1155477477518	-403.6013004768591	-392.0501314357732	-381.8618313936203	-360.0596868013852	-348.0086718853301	-338.7494105591207	-334.1698163795916	-334.9503624763204	-331.35840974373014	-367.2021460144393	-458.4956456320306	-321.54326675871675	-1027.4414166662543	-5914.371693282862	-9767.313180048743
79000	-443.3570451331353	-434.9497492913015	-428.3729634551842	-415.5860091911029	-406.52859527447697	-385.03056398564	-373.06356803467185	-363.08210818241724	-358.05274849613903	-359.23738158626605	-354.8741113714018	-390.47093202357473	-484.391530325419	-351.66849481371116	-1053.54994912993	-5906.996610021751	-9596.929187307254
79000	-413.8881441214416	-405.85137063484564	-398.16642251382103	-386.495880768735	-376.28160388274495	-355.2598215087341	-342.9320396705214	-332.57187012593755	-328.13019157170925	-328.5291025915796	-323.203878401968	-353.3914876849454	-439.4140265397412	-314.61049260038794	-962.1681997941382	-5872.777773455408	-9456.246330611268
79000	-460.29829897553907	-451.39564160504915	-444.865487555567	-433.0077443959093	-424.0465863936667	-401.6820691730174	-389.74427071190445	-380.7056686996746	-376.4387287934922	-376.08144254493834	-372.16810549579986	-409.7005830173933	-509.11474339421346	-363.75388715065674	-1108.8957300086977	-5908.820831256611	-9614.965282834593
79000	-402.747071640378	-395.23206701459964	-387.3712949400439	-375.0380905787256	-366.1873288101979	-344.298344880026	-332.54557935738364	-322.3605376267166	-317.77993522316797	-318.65259600483955	-313.10786915715	-345.08151416161417	-437.2920174436867	-304.55738707005827	-932.831399342209	-5783.689157844361	-9574.551235019875
79000	-449.99604497024774	-441.1159917449711	-434.56231380350215	-422.22807973662475	-413.15498403397845	-391.59603538261865	-380.23973780376866	-370.78132496078325	-368.85648536750483	-365.72814963555294	-369.49021418490173	-418.0932507197892	-529.7568243363828	-351.15250673849204	-1142.1387747325023	-6684.380260879637	-10601.299889007238
79000	-430.61272160350745	-422.8649979398829	-415.08721165933315	-403.3815153586371	-392.927979402662	-372.2895302363508	-360.17642860477514	-348.58031433189717	-344.00711965108013	-346.2937397814991	-338.0266505883033	-363.62476795127606	-454.15249220675776	-331.68506449860155	-994.8941713792501	-5659.852410247169	-9177.486602196397
79000	-444.92176649424476	-436.0520509708915	-428.7639337955233	-417.1846158249557	-406.99276484841363	-386.0037915714829	-373.669292643202	-363.7616203986125	-359.9889471150939	-360.09937781996996	-354.66118667104234	-388.29906977871883	-482.8729110371145	-343.6843639145864	-1067.7370814335238	-6034.549826847093	-9689.385916904397
79000	-428.6734826374262	-420.2864729866778	-413.5381572253554	-401.03932203147315	-391.13261191578107	-369.84030027259985	-357.4799470551761	-347.8989162418017	-344.1726636063729	-343.31303788879615	-338.82648227517274	-373.0251249448189	-462.2142141032689	-329.77450770825703	-993.8539898388339	-6042.897702743671	-9709.685271401606
79000	-414.9522907636145	-405.95323698399216	-399.06481185939657	-386.60433308748907	-377.95353410780007	-356.233718548614	-344.9346888081609	-333.5005573630437	-330.7038378444331	-330.5809953071711	-325.2892639506191	-357.4755062416206	-460.15300678689545	-318.9422305216743	-928.9974507718234	-5872.7041559930785	-9532.682191657314
79000	-479.1685347124017	-470.6275561967681	-462.9886446839992	-451.48017931077584	-441.9832097099279	-420.14013892598507	-409.42612861407355	-400.2263687359917	-396.87598098750397	-394.07682911708616	-395.59216895463885	-442.828351215323	-550.7680005203447	-379.96363521811634	-1215.1547574247322	-6486.3674440440245	-10355.424555181704
79000	-452.9244922829474	-443.8062791423311	-436.69440609785823	-425.4377112233427	-415.3358850689508	-393.84375431579093	-381.56098955210024	-371.24880305424995	-367.178224239326	-367.2275698224403	-362.48550135453013	-393.917545757	-485.4106089106352	-353.0886370787216	-1089.8999068592639	-5847.241509554353	-9429.121872661353
79000	-373.36887165446944	-365.0489873084459	-358.3538516980455	-345.39688462787785	-335.5103447745324	-314.0302301725996	-301.74550637099816	-290.4271610859595	-286.25430349991007	-288.2900741283165	-280.00412502318585	-304.73340226159127	-376.080152546291	-273.3563457302193	-834.354722048485	-5821.744900008809	-9437.150740655054
79000	-471.69295218379256	-463.2469109365896	-455.77437124203215	-444.6558700983137	-434.4599111265324	-412.2759922595279	-402.6802396785868	-391.71348404611655	-388.970466367748	-387.26338175389253	-384.6643710253933	-426.74020465817665	-540.9728285710172	-377.2017950047948	-1164.9513339461537	-5949.395956805419	-9644.725368425625
79000	-440.4938104276012	-432.4607947373368	-424.8981853172117	-413.14944422171834	-403.52525897281936	-381.564191513406	-369.83383257946844	-359.96409379759604	-356.06678949881757	-356.35389746202685	-351.163852683093	-383.40751358582685	-481.17406516948057	-344.93568328832066	-995.0959723384857	-5760.104117835716	-9378.478471827511
79000	-458.42013230620574	-450.05209321113267	-442.3871512315158	-431.30227720984317	-421.08035602245076	-399.8792612418846	-389.0023369392682	-380.48367599964	-377.58698987640145	-373.6712391058113	-377.1961313128093	-426.5716751517772	-545.666514848062	-360.7169776799876	-1168.7444485879028	-6734.719334979478	-10589.031034634916
79000	-452.8330969525344	-444.83949849649554	-436.80117427435704	-424.6580691072612	-415.57169138650465	-393.27529997568206	-382.5925924772986	-372.6348222150608	-369.0713979231755	-368.2265658932846	-365.37954665388264	-402.8976567346053	-504.4327330358944	-355.50241220802775	-1114.7891467379134	-5910.352698267845	-9623.69141087762
79000	-454.1522202482648	-446.45439596958533	-438.92031126914736	-426.871406765444	-416.9699899421381	-395.3012926025249	-384.275229049501	-375.3568226172716	-371.9327446718964	-370.2144425877981	-369.6445924619033	-412.56387222529435	-517.9341601086065	-355.3465001742346	-1133.075018677853	-6245.824936487778	-10166.498510253998
79000	-399.0642680139622	-391.100034617543	-384.1209312800883	-371.3007031369809	-361.7784625620675	-340.1475295617185	-328.60822886522675	-317.69502110559534	-312.37673046719175	-314.2878743096415	-306.9311687699831	-332.83365359359726	-416.44377413757127	-300.6405515113736	-873.6218331642365	-5648.742215144081	-9375.418559276855
79000	-438.0230140323799	-429.44730965154844	-422.82564742674384	-410.5967577659005	-400.9158789824735	-379.29033559180635	-366.860296060791	-356.79399011611247	-353.8543764962663	-352.7558843283042	-348.83295868538926	-382.78265099863495	-471.15067586699485	-338.34830561553485	-1066.9135642705796	-5965.709097807309	-9678.833304818638
79000	-438.1466821010741	-429.7388291973348	-422.68241825795184	-410.20894179792754	-400.7839900178408	-379.0613248856602	-367.2105139701849	-357.691207612119	-354.98299257188654	-352.8938143149642	-352.10506163612536	-393.86913143048974	-499.16869970982407	-338.0858281131482	-1096.3515504944073	-5995.811644507155	-9903.136684595065
79000	-410.5128891011738	-402.0889634860253	-394.7410024256372	-382.8755947137871	-373.0437363698799	-351.99532109471613	-339.97616254007374	-330.26779069964664	-327.24339257096426	-325.6206611374354	-324.06668945515247	-361.8116678109927	-459.97957579711766	-312.32192044297045	-991.6354247150232	-6233.013746718489	-10128.843648469037
79000	-419.0678117731771	-410.6105454693961	-402.961564410883	-391.82589429549375	-382.1165785708214	-359.2045721954475	-348.2742861126777	-337.48844872711845	-333.0946906462793	-334.3030393171265	-327.15740072943305	-355.8106943784004	-444.4260835906227	-319.5753060387846	-987.4405685891614	-5676.79271108138	-9337.600787839212
79000	-432.0769463416076	-423.63100209476374	-415.9702269376539	-404.107209135709	-394.1958302782939	-372.7926026619288	-361.3844922949825	-351.0809798858215	-348.0816306670555	-346.95848126991103	-345.2969601900055	-384.2564663804623	-472.55619068607393	-330.92917235926245	-1080.143497399677	-6195.7976268479315	-10045.816826181243
79000	-477.7713716281141	-470.30866746992615	-463.15814379527825	-450.6567394608454	-441.0585847387151	-419.5057440053861	-408.6401185110294	-398.70008674533324	-395.57512057240467	-394.09267453353937	-391.6819544368933	-431.5048908724389	-531.3762052130162	-379.9947898431155	-1143.0318895736125	-6265.379288685259	-9948.772151864376
79000	-445.60409974977256	-436.9441214403279	-429.3472633245187	-417.09548491510384	-407.9583169378401	-386.45692895799596	-374.1853243358004	-363.85162110266737	-360.62926766968934	-360.65039308331706	-354.3745102007735	-386.2244092661991	-475.20184337271064	-345.7482103245926	-1028.7527852963078	-5735.0924925593245	-9478.000603910057
79000	-423.735936709141	-415.02375982360786	-407.93503236885346	-395.9503047743443	-386.10376762774155	-365.05313364073805	-352.5086241927723	-342.36811239729474	-338.38411251407746	-338.681765843728	-333.4972130696096	-366.88856323055796	-462.3963626001229	-329.33095221768434	-971.0321069506404	-5725.626221427705	-9422.115326065285
79000	-437.04162328728455	-428.9452933634776	-421.942551251261	-410.0974789869948	-399.50460174575943	-377.84059002295317	-366.1503387591841	-355.2527707776188	-349.8409878576235	-352.85719544874337	-344.4060938916597	-370.12885167455994	-457.0751275287969	-340.64715781940293	-1018.1980943478716	-5575.897276714497	-9174.487797839129
79000	-413.31253158003483	-405.39405590100796	-397.6960026607439	-385.5625584724951	-375.27002766623616	-354.46613332527255	-342.3144576760427	-331.6858736640597	-328.24533453175104	-328.268639497972	-323.7702191409827	-355.5910994713626	-442.6532605971222	-318.02745268105866	-939.3213491560495	-5794.717003276052	-9504.942867731845
79000	-410.3249755489567	-402.34073922149565	-395.09476072792444	-382.57822477811965	-372.87335164648744	-351.2908737486513	-338.8916680061528	-328.2683206086422	-324.1957024103654	-324.82921659589766	-317.9230332061266	-344.0484407006766	-424.70852512749553	-310.6022159532149	-935.4965935709255	-5726.0485176107295	-9378.900146096914
79000	-438.98860532193	-430.9402571814218	-423.26136645858054	-411.7604618747473	-402.1273373150939	-380.02094450558747	-369.6579869545298	-360.29082636497975	-357.20832345297964	-354.4884033953323	-355.82106203083106	-403.5608664305175	-517.1320725281633	-341.35747726879777	-1118.6011806198453	-6206.475887539879	-10120.499754102892
79000	-411.814710654178	-403.61732278121224	-396.58564542505036	-384.413209695266	-374.7909808655684	-352.8858347307751	-341.4453221222054	-331.0898361244827	-325.3274057721614	-326.93530506319684	-317.38277910666903	-339.0602853114602	-412.2698352880086	-318.50032047292586	-904.6460354472669	-5372.57472936836	-8874.75648117342
79000	-420.03177139373923	-411.72205665221406	-405.0802247902629	-392.17075066609175	-383.2086536428471	-361.1741126094885	-349.4174015517898	-338.35670108779897	-334.1542677482199	-335.79708711829664	-327.13025147041714	-352.7285919476738	-436.23932623254194	-321.13130272416697	-939.381147553299	-5553.390285138516	-9231.023953039818
79000	-406.8838652615522	-398.159424414807	-390.8524156569293	-378.962031752204	-369.3957762741771	-347.2008320819304	-334.76126611950224	-324.7712771765498	-320.8996844093405	-321.8528929135199	-315.54375735158436	-343.2759475209385	-423.04678885730016	-307.8153978312536	-927.3199351005643	-5925.471087558802	-9710.093458938758
79000	-429.6040376262875	-420.3312109359059	-413.48879380513034	-401.02153067688005	-391.89077486970865	-370.2267251690296	-358.5770291633458	-347.7016039369163	-343.33033475630873	-343.82273350922156	-338.64393537778307	-368.1283878645342	-457.8418009836828	-330.2032111756508	-1019.0171273554703	-5770.377814857744	-9470.402542427122
79000	-417.2931593239641	-408.4636427367507	-402.0153165379781	-389.7055665379901	-379.6750748804602	-358.32219828759	-346.2028854846873	-337.2195595537747	-333.7159414517125	-332.69439031454124	-330.01809207059347	-366.7920704644451	-466.2464165754712	-318.91254930878034	-995.0725483047663	-5981.879333430077	-9822.695892688158
79000	-428.2630601292694	-420.11529964006553	-412.4956737483689	-400.3692462407855	-391.2489144472231	-369.0947333187411	-357.55056002655095	-348.6072322546754	-344.5690688158602	-343.6408254849342	-342.35279941218215	-378.99971206773677	-469.6535761171552	-329.18297908245245	-1027.1679191813953	-6305.642107046816	-10099.28668432234
79000	-495.2522410064137	-486.7325549359377	-479.3805915650152	-468.21127205527057	-458.3736365004124	-437.10151362334165	-424.8399707380168	-415.4254757917389	-413.1112268781721	-411.34089953995203	-409.3272189228878	-448.6859175356114	-559.6000694830319	-398.2601983011653	-1213.8258061495785	-6058.715904539256	-9795.246103173984
79000	-454.4407819608404	-446.24909452733743	-439.1854821131415	-427.3463969698389	-417.023122461353	-396.5652961991464	-384.7826591407365	-375.2117901977235	-370.82866478131547	-370.3636754789337	-367.8345309533433	-409.08130726233213	-519.7161798279834	-358.3551988531809	-1140.8469291773251	-6022.833601403344	-9672.602998229397
79000	-440.47609119132574	-432.3452772984526	-424.72773852220786	-412.0386470277307	-403.2215529304643	-381.9597026669294	-370.28493403996305	-359.84908144738154	-356.7836730794427	-356.1024583375631	-353.74015138350336	-389.28704980267463	-493.819637897483	-341.5621977423226	-1079.283915175408	-5966.505753039808	-9787.937274957087
79000	-454.5218560232918	-446.6254684000446	-439.3449980757577	-427.2655299517952	-417.8166116451635	-395.52823156533924	-384.32147775765134	-374.8547947701481	-371.54660337895496	-371.6618043683153	-367.35899298430166	-408.88555533885307	-509.67886713113717	-356.887783163086	-1115.4336481752262	-6102.659230931753	-9747.130028012973
79000	-450.57764368179613	-441.4114493849456	-434.4461069538916	-422.839741420408	-413.39983979099014	-390.9541641780291	-379.6734976759261	-369.51212860758795	-365.55283406023227	-365.8546822992961	-362.08454648823846	-398.28234779297736	-498.90706254106965	-352.4997077107038	-1067.6025351323706	-5985.112585938306	-9793.21736474483
79000	-444.90288531557616	-436.29353404380674	-429.6058428697309	-417.4690357702433	-407.8908264692607	-386.6783087102915	-374.4752503780883	-364.8433047656827	-361.70393263009674	-359.8394086293158	-357.8287594639308	-396.65887838824574	-501.2045788648417	-346.2779718118079	-1101.9980875864298	-6010.975452895551	-9686.674550712016
79000	-427.679676572936	-418.65793457962207	-411.28562128424306	-399.4606860140385	-390.226543992304	-368.1160905040647	-355.8757722175307	-346.71553789774987	-344.53493863426985	-342.12682251960564	-341.80167841704673	-383.1548786978412	-480.9045175753047	-326.9417457512063	-1076.085723549795	-6060.051172397638	-10087.141356679627
79000	-439.5429834268458	-431.6020355756849	-424.3331567860658	-412.0027939025691	-402.03400870344007	-380.6482844108395	-368.6120066429076	-358.7974130862014	-354.54203535867083	-354.5864441900962	-350.1221000738811	-382.9807532402796	-469.59843491270067	-339.23977235596976	-1041.4407822240041	-6026.974989541307	-9853.957700784249
79000	-431.58670360464464	-422.6770259775439	-416.14423265915815	-403.7216514812942	-393.781390867894	-372.25932417114456	-361.23911582789253	-350.4945802087326	-347.56692406051087	-347.32297926632333	-343.3922105678668	-379.30690449404824	-478.7631023070467	-336.2026017464801	-984.273210922188	-5955.9457169659145	-9633.380086729165
79000	-419.53122101450543	-411.1676053216752	-403.9512001317185	-392.25747533989215	-382.24440423496156	-361.013315779675	-348.57954001570334	-338.6845915928825	-334.068445834661	-334.55274715587893	-330.20115140920524	-363.05425494744804	-455.8718054067508	-321.1760452436803	-1006.8907342972478	-5806.62286070165	-9600.496545326585
79000	-425.2238562759131	-416.22273621498016	-409.0676199972741	-396.8601306709636	-387.92112383822246	-365.9593628250533	-354.69268406774376	-344.6298200293347	-341.0245265678433	-340.140684058536	-337.78708532259856	-374.9910818788417	-467.2467254660483	-325.2679449265811	-1012.718175526361	-6191.096832931124	-10026.002953807401
79000	-486.86076246348233	-478.21073947279416	-471.27523242656656	-459.53470936353006	-450.05522768811835	-428.6597627658818	-417.31747717463384	-408.037465039875	-404.5620706610521	-402.5944725372619	-402.9867411381753	-447.4249750929068	-569.4936512273673	-388.97003658755284	-1253.4201542498997	-6218.1022031564	-9913.853600976094
79000	-389.432924479508	-381.52828436575805	-374.0206104928863	-361.5370889238485	-352.01221194356157	-330.3536606572153	-318.24047503646403	-307.19064221831695	-302.85394943235383	-304.1908179972078	-297.8873540744264	-325.47385479856877	-406.55735440606793	-291.58441901588907	-874.9274672569431	-5838.145839865352	-9511.254213537683
79000	-446.49086436557167	-437.58184215003445	-430.70868874510523	-418.9291628990852	-409.0345588351862	-387.33985824507585	-375.5663219714051	-366.5834861338842	-363.1634714808227	-361.29924371785694	-359.13348267178577	-399.3344679603472	-498.2783919456695	-346.01891927839904	-1105.7560897418246	-6083.851013890919	-9848.541327073064
79000	-448.91333746959987	-440.37459399719324	-433.1415187468453	-419.86472001534685	-411.41445507666134	-389.6777526492477	-377.9242176582655	-368.966972695137	-364.0517070629002	-364.1160837218182	-360.06870374691806	-398.1412607415642	-506.81104089661113	-351.9605040309322	-1087.2855071552392	-5829.065078256773	-9533.39638849407
79000	-448.79361494797274	-439.8908988279574	-433.2315347615326	-420.29189822623334	-410.36847479582025	-389.17218799649726	-378.09806110349456	-368.42166964902555	-365.87650088327086	-363.6075765482508	-362.59331072585326	-404.16649685078136	-504.93961788620066	-349.89689395069865	-1150.608295398209	-6033.315245107536	-9904.536052471578
79000	-452.3116802216741	-444.1296992606294	-436.6241641957769	-424.07215588323436	-414.4571897798775	-392.8931823035096	-381.92926104888454	-371.36860013702056	-367.46402546995824	-367.7688920819003	-362.78213730011174	-397.911821783378	-500.2711196344787	-354.4409687137375	-1068.8418987080156	-6045.662806569219	-9777.07034352816
79000	-423.43839851907774	-414.15827898421924	-407.2135414727284	-395.4816424267548	-385.6336800400207	-363.877137336116	-352.7466955389915	-342.282832987674	-337.80427720061755	-337.6751401251517	-335.6434476957524	-371.54754924688586	-462.6001840285939	-323.3197815419424	-1032.846086981158	-6086.019517248789	-9862.807430153518
79000	-420.9937019495726	-412.84544670724097	-405.4004430394221	-393.47798500719375	-383.17440732138186	-362.07048338439887	-350.2574057561903	-339.7851302376588	-335.70435945287016	-335.88330671101716	-330.74764296052564	-362.9410766965036	-451.0364993259979	-321.4371691645693	-982.9603317321487	-6147.907667570477	-9933.925070848838
79000	-410.9708692395937	-403.03730432877825	-395.79473000393347	-384.20236531450144	-374.1744276814692	-352.0765604799683	-340.7544896969162	-331.7293222016483	-328.5706118027624	-326.7556752806946	-326.95230215483895	-373.9573071344913	-477.37963213719286	-313.91766639274243	-1026.0255145505703	-6258.222869299352	-10244.303269483562
79000	-471.6865406806149	-463.25608733905636	-456.08530763598975	-444.71326753338053	-434.99846464352413	-413.7481805778076	-401.5753738767241	-392.9527440238795	-389.1888895957029	-387.33732333933386	-387.9441284449188	-430.5828408824536	-538.7556293972326	-373.8067025871605	-1201.682714642844	-6217.4332147420555	-9993.897318922858
79000	-451.0904930881316	-442.6503729565881	-435.20130455606915	-423.7695653739381	-413.6986001678035	-392.1959237884333	-380.4529538719365	-370.8202593794308	-366.60196850233996	-365.98230898853234	-363.27181767038076	-399.1407683168136	-490.78652763680134	-349.89200604658873	-1106.462316785946	-6205.331658802831	-9884.439551992826
79000	-406.3559631533632	-397.90485859216807	-390.8079116736771	-378.85060342551185	-368.82509016578456	-347.2962238490962	-335.2599615289836	-323.8394014715886	-318.92325227823113	-320.87823434761185	-313.21327087125036	-335.99374251917095	-415.19589147756864	-309.098892493414	-913.6297284250805	-5529.099167114488	-9130.801814610333
79000	-405.1432705664913	-396.8539070312373	-390.0061715747999	-377.29540616742315	-367.54289573422267	-345.8497911328734	-334.3102288396598	-323.4675271137935	-319.42787617881015	-320.7514855896316	-313.35206909923977	-338.6908872897793	-417.9936796512021	-306.0331421583534	-913.7807251902907	-5680.923224278806	-9457.755496851565
79000	-404.6244051823796	-395.42658969138836	-389.5003417222369	-377.0734520818321	-367.009699980328	-345.4114558334358	-334.0330383721577	-324.3900541123147	-320.96006528519024	-319.5882426886162	-319.3039157703003	-357.9220458285885	-467.01626146849213	-309.74224614448656	-948.541446403596	-5987.389895590783	-9885.79330053056
79000	-445.56519894550655	-437.53744968850316	-430.20114696016066	-417.83179778139413	-408.1953898878496	-387.08061461970965	-375.0861435618734	-365.3283500497359	-362.61924898440515	-360.5341774154403	-359.25725502038847	-397.71711179552045	-501.3998790659053	-345.7473328510154	-1107.8579250895084	-6104.481589240991	-9924.047659013175
79000	-415.67388101010516	-407.3599062567737	-400.51078910981795	-388.3647375843525	-378.35381437586994	-356.8119949558768	-345.3222127400862	-335.2056361254932	-332.2676825672034	-330.73365610562246	-328.3327900589236	-365.4754244408937	-465.9242005164618	-316.9646117329135	-1008.6699863435346	-6244.3990149448755	-10251.084718842687
79000	-402.8651967995833	-393.7204570908574	-386.29302750586595	-374.40015560157826	-364.4570913851031	-343.2890246565787	-331.16636478561173	-320.3135468914257	-316.6162255920556	-316.84856354430997	-312.37673699721046	-343.48211300272897	-423.8195069045791	-301.82140740665494	-964.8350740440127	-6043.131422707739	-9811.826354547193
79000	-398.6083684923406	-389.9470595723725	-382.68468641434976	-370.99045820434185	-360.6458393564176	-339.4684998739097	-327.7395038182131	-316.0541322397423	-311.83460861411163	-313.30080661487676	-305.41233458021907	-331.1576427528891	-409.525650037337	-300.0494673395716	-896.7531400121776	-5759.488146903219	-9390.078787447475
79000	-382.74371887210367	-374.4331818321581	-367.68499718365973	-355.0123064551026	-344.9028386938629	-323.24837355969606	-311.473195174255	-301.05284169728765	-297.0247625076925	-297.6461821583708	-291.42697354749504	-319.1767810517817	-396.63262090574375	-285.5428245199833	-850.4611142649214	-5678.150004091542	-9454.23627825215
79000	-431.97277219945687	-422.64500643782577	-416.0758175068285	-403.0795398955902	-394.165346791919	-372.2141091275227	-361.04680067236825	-351.9786306454018	-347.4074805188289	-346.89623677289967	-343.037378856914	-379.85688104331444	-485.2852495714996	-334.5657712579751	-1010.1734944268762	-6138.565824193068	-9961.477696545091
79000	-397.38568661113027	-388.7686347819198	-381.9045226635888	-370.50714396522596	-360.2347924577796	-338.5240824766276	-326.77521720694654	-317.13299320578164	-312.75877869661207	-312.2945532136961	-307.59031211810617	-340.5406152823087	-429.483009611046	-299.04024841651477	-932.6815816973009	-5775.647231284905	-9622.657787838229
79000	-424.4151396668662	-416.26449922888105	-408.9416439543874	-397.49595453494896	-387.2337702791949	-365.52623163559156	-354.0340952813367	-344.01527939870954	-340.74580926205914	-339.67535889035594	-337.8821033706424	-377.5179144765274	-468.15238300751236	-324.9089359473543	-999.5915161212546	-6163.245898713828	-9984.185274064954
79000	-438.944801989601	-430.9906939276979	-423.8593263666224	-411.51458167321596	-401.05887798609984	-380.4576110219932	-368.5189857304403	-358.8622361457923	-355.56417848748373	-354.6567256282837	-351.24600269550876	-385.69376815955707	-483.79607668996806	-341.18044211105354	-1080.1927708667204	-5929.741315982525	-9700.38794682384
79000	-417.6548131332834	-409.08498072873647	-402.67603009694955	-389.8675075789537	-380.3572793291065	-358.04220715212386	-346.97505464168165	-337.26027012435924	-333.9236764985764	-333.00390104838596	-329.90716239522436	-365.2636934486166	-461.34811166893155	-320.9508780856587	-965.0306553560791	-5986.5158845395235	-9759.678407964451
79000	-440.44737683468094	-432.1301182959531	-424.9458261375508	-412.6627428043379	-402.9050507789801	-381.1592469373129	-370.1516156001332	-360.2596655907762	-357.3282630376288	-355.6510663021119	-354.2441727255464	-394.3439315768317	-497.4863450419576	-342.6688467901551	-1075.6907803066074	-6118.459532351407	-9922.758790722452
79000	-453.45245947897115	-445.8500561251387	-437.9224712741439	-425.81677658150124	-416.59530947820855	-394.44388712015797	-383.15213233136643	-372.9729303366766	-369.31516659506894	-368.73393705415276	-364.46342488787917	-399.2639785476416	-489.14316796972594	-353.61216608565064	-1134.4758157770398	-6111.418527539297	-9800.996261598506
79000	-430.0477677117895	-421.9118916880897	-414.9943181326999	-402.26156723959105	-392.37877903535906	-371.15395082370145	-359.4332539871539	-349.0912210561564	-345.3115783339267	-345.40743772069976	-341.04475009585326	-373.75536831329214	-473.7616084053923	-332.33760003621177	-999.241758894329	-5850.612062685576	-9726.580162124517
79000	-399.2326184119526	-390.73369758230274	-383.11896371673896	-371.4354604386564	-361.7400803000275	-340.0312126727128	-328.2137882413393	-318.49359474420277	-314.3393669265499	-314.3195865338906	-308.79068833191764	-339.5613356339907	-438.8663290196095	-301.3322576602518	-929.4983540166713	-5702.6255320145165	-9479.317748680547
79000	-462.609896891614	-454.39858501232845	-447.08826088280347	-435.23158436400286	-425.41044294575016	-404.22221959180786	-392.56041542826557	-382.3913343521869	-378.68626783565367	-378.5778455219487	-372.758907168167	-406.5936864804419	-503.5476192742572	-364.3625243979893	-1114.015234673972	-5853.001301365299	-9431.443309072185
79000	-463.2379798782559	-454.5367467826953	-447.8018404562767	-436.2762582255897	-426.17256876795796	-404.48225842129443	-393.642471839594	-384.32389261114423	-380.98776944446956	-379.03612640858506	-378.26625169601147	-420.0986355224228	-533.3700505372607	-365.64667726285694	-1161.60131148942	-6068.03338269619	-9792.805526259244
79000	-438.6729674350934	-430.2387014382605	-422.64027054651825	-410.61226654820837	-401.42829400824496	-380.03627422095263	-368.4680957438532	-359.2200108951055	-355.72980516195736	-353.6737813307632	-352.8902877372277	-392.5402710236288	-497.1646997626817	-340.55498519185034	-1084.9556972789835	-6020.012787235611	-9786.096025471052
79000	-420.0776761786947	-411.48172946895176	-404.6002432639571	-392.158814488861	-383.1985874506075	-361.08516983717004	-349.13489894751166	-339.03058965643885	-333.92157619053273	-335.2814089323142	-329.15853169066713	-359.30209743544447	-447.676447619575	-320.815499998804	-970.540772919177	-5788.214241402285	-9483.4964740882
79000	-454.9442160637922	-446.62101713172547	-439.05505026950954	-427.18805067087555	-417.4226896825463	-396.23544715051924	-384.6858796946454	-374.8594114554446	-371.5276852417426	-370.2501709927197	-369.5134215841398	-410.12051702141173	-509.13908369713243	-355.98083510927177	-1111.4802947895091	-6301.641080775338	-10176.621742982712
79000	-435.1837264949161	-426.04248426390416	-419.84266470208814	-407.95539460408907	-398.06369797379347	-375.86309458933334	-364.33205883633906	-353.8826397559543	-351.3691043154485	-349.9485681915451	-349.0143073020927	-386.6537393542501	-479.7622322381507	-334.95134296473805	-1058.3015019329018	-6243.329421680877	-10018.096109544485
79000	-450.24497422736044	-442.3080074865085	-434.2944894468756	-424.10602752453246	-413.83111839229963	-392.2396661318209	-380.9096694674441	-370.73781169529934	-367.17592858253647	-367.25442538268686	-364.3875193392128	-405.2364253593849	-525.7895496995382	-357.75204551438566	-1088.2886076417046	-5851.118861670867	-9573.530063141765
79000	-436.50785461953035	-427.3882010752735	-420.4901408104669	-408.0307093670532	-399.12390172082513	-377.61319860237967	-365.54071573077516	-356.32637568919824	-353.0926361381263	-351.8188744900789	-348.83422022186977	-388.7125966189359	-494.70081236485385	-339.1917128244952	-1082.8220355770939	-5804.489256797263	-9592.098309256276
79000	-413.02042471306197	-404.68708655137874	-397.43389941564493	-385.5582361416007	-376.35079233144063	-354.14987077959796	-341.7583469859769	-332.34165058554606	-328.15403955406657	-328.2391172942202	-324.0752071750522	-357.6115316712191	-450.2037649481075	-314.22035511007425	-992.4754889277809	-5959.173744927936	-9814.684398261692
79000	-481.2262220613401	-473.02501765139004	-465.9415879497424	-453.69507217412354	-444.02133680963766	-422.62040553287204	-411.629105697872	-399.9258662895189	-396.07239475765584	-397.30847597679866	-390.3627012858765	-422.30116300080846	-517.4330564656177	-382.3061234516267	-1156.618243914406	-5889.456004813426	-9378.28370529391
79000	-437.9928166958474	-429.65980260854917	-423.1673960429792	-410.8381726671938	-401.6453994444831	-379.74885971600975	-367.3297567268691	-358.06108194655764	-353.8627288859213	-354.4131220735127	-350.2502484461496	-385.0900784980216	-480.02339482355137	-338.38638981560206	-1075.4859517736745	-6018.851532654685	-9796.567421169493
79000	-437.2433062609174	-428.60402552787195	-421.72361972544905	-409.6006378730185	-399.76807392840703	-378.31795167896007	-366.253743936244	-356.329778456261	-352.50231172516163	-352.2919041505293	-347.98481773227263	-382.16642412993417	-469.076265293031	-336.86590890037996	-1066.7946694337616	-6055.536857976971	-9830.979345746253
79000	-444.5965658372974	-437.0137523503605	-429.2108504255763	-417.53321498848356	-407.4665988135386	-386.3388009090721	-374.6910276368771	-363.08258177166147	-357.5525412363618	-360.70513012165696	-350.9898459217431	-372.52044904738267	-450.561013964239	-344.81226102908585	-1026.2286385678667	-5565.207377991245	-9169.084855919267
79000	-400.0611309492753	-392.0735175599218	-384.6765871346369	-372.71158149360065	-362.29526576682815	-340.55179732021213	-328.55761196787466	-318.17200511076527	-313.2577271687502	-314.80668311556485	-307.3192413867427	-334.21355841862965	-407.0070884011706	-302.2193931134189	-900.6984920553589	-5675.818934542093	-9435.902786921644
79000	-459.52902888931095	-451.9542556496345	-445.13927925677086	-432.85612613584055	-423.0319970252862	-401.07671417406357	-389.62634148285406	-380.1527920892169	-377.60866198654645	-375.38540405422344	-375.2310538567046	-420.31246588316577	-519.8794228423443	-359.4100063982682	-1172.4855855310248	-6191.044653132873	-10016.095107135105
79000	-398.1453079278343	-390.22699138131196	-382.4847310542406	-370.15246384766795	-359.8370770913471	-338.44551684928996	-326.64094947347206	-315.55451884909235	-311.11641894153297	-312.69498309215334	-304.6661374348556	-329.56054916903173	-402.1206566387569	-298.49536029677245	-879.6360780915721	-5617.198985862687	-9250.223927171573
79000	-424.3994297798642	-415.88042336080457	-409.06265255448085	-396.71247448744316	-387.1998926681248	-365.4148036536146	-354.5298166179221	-344.36642877261227	-340.70687783958266	-339.9980190792235	-336.43846172996774	-375.3549101416833	-472.55242198773664	-326.05655096064385	-1021.8789780269946	-6068.846464157028	-9898.860510930717
79000	-433.0358093305795	-424.6932199687627	-417.35150409458373	-405.40884830050413	-395.33448062890295	-373.49506922383557	-362.6221037493052	-352.6240942476611	-348.45685488664674	-348.54027493135095	-344.7419982519731	-379.43359000659035	-474.5283083417381	-333.69611055317523	-1031.2992358782642	-5975.471531003398	-9737.325179837908
79000	-428.73391698513365	-420.65915790894684	-413.265493436889	-401.3764140356283	-391.9140642448165	-369.9795557999181	-358.3256716512957	-349.5928100407508	-345.9243842652373	-344.42003525171634	-343.58345209015675	-386.0260154432093	-483.8499266573937	-330.2985259349362	-1053.4050500400758	-6173.298426727185	-10063.10886587528
79000	-416.14742935492205	-407.8367160571606	-400.8473961149588	-388.14843441326036	-379.0030754995288	-357.31826416406136	-345.31805917466926	-334.810007533798	-330.3176291949508	-331.36875044676026	-324.90324967052425	-353.22821319622165	-436.58310260261095	-317.9307404319151	-944.5155012575925	-5667.257504542021	-9323.713293450377
79000	-378.4087213696709	-369.6391993349686	-362.707868758751	-350.37177803671	-340.1769227479855	-319.38835109794405	-306.64706536809166	-296.3885680337953	-291.61227914643564	-292.9452886444687	-286.08264664926844	-311.7711841889981	-386.6415507586373	-278.93847456539254	-866.0852808986979	-5674.986989057605	-9455.583553157283
79000	-446.0313147471713	-438.1021915061629	-430.1525871898411	-418.27910132183365	-407.9672119699774	-387.5016847442313	-376.19246660837155	-365.1209183086398	-360.9480608408915	-361.6079982069316	-355.60994355383997	-387.29856198524976	-482.92997799303265	-347.84078161224147	-1073.1375403442862	-5694.107761091434	-9369.146303645537
79000	-437.38248543204173	-428.872911280585	-421.62637523209906	-410.2230021808323	-399.7920599260381	-377.4130113771675	-366.6300784269458	-357.3436659629113	-353.90243218513643	-352.011905556775	-350.5663938697169	-391.39873582272423	-490.3522987148825	-337.4798104087576	-1085.4831150001557	-6101.627308875073	-9882.056247207081
79000	-384.32016435116856	-376.1878097728562	-368.6728902671858	-356.3290647748489	-346.50082535052053	-325.3176756807371	-312.3841867202621	-301.2593618637602	-296.13868289221284	-298.9388382779621	-289.54853245362244	-308.88384257553355	-376.40184107432464	-284.2161991374295	-845.7025560690815	-5585.361183197646	-9145.352652512789
79000	-407.65408022452914	-399.47400230230704	-392.0036851674227	-379.809804809292	-370.18840438259167	-348.5060337005127	-336.93420411017127	-325.66451943416854	-321.1577083262719	-322.82342090259846	-316.3088290944417	-344.4071522282899	-421.9877183017282	-306.99617501701744	-953.0205038084871	-5580.822362523402	-9364.061447944548
79000	-415.86268742783665	-407.90610586007955	-400.90978149959943	-388.48111176599355	-379.01748489362853	-357.03329299498034	-345.15205473039674	-334.8181475841786	-331.4721894403632	-331.2556735250937	-328.1933959786178	-363.14030592739226	-457.4312797865152	-316.6729760412355	-987.2146677096763	-5952.012949827528	-9787.377354823562
79000	-427.0922081841444	-418.2812652810385	-410.90284426479735	-398.6973550074306	-389.259974739303	-367.92842482874323	-355.51531328262524	-346.18907002280815	-342.6464330567743	-341.77541411834915	-339.5861252925857	-377.0527583467145	-473.3987247545258	-328.64824859034576	-1045.8069394373604	-6070.086704732685	-9907.793700920738
79000	-420.0451368853895	-411.2278796531718	-403.97768132443065	-392.13137654566333	-382.1481793817356	-361.2603870313033	-348.9376702705377	-336.8714769347713	-332.47559102048166	-334.93354064079784	-326.12428828326836	-348.4595252075583	-424.9201386379369	-321.4662473594416	-937.5644786115674	-5588.673418337184	-9158.58506502144
79000	-412.23753544766157	-403.85466052847863	-396.6261039515312	-384.04260648145487	-374.6842453166513	-353.17699524466383	-341.2051753799004	-330.8545169538159	-326.67129465283796	-326.89651510674446	-320.8675029370136	-350.2515279472032	-436.38281331499184	-312.2673457869044	-984.3337854020784	-5836.2517362095305	-9539.647167586949
79000	-439.9161657510792	-431.5331063462695	-424.2926979796071	-412.1316496865245	-402.5323153852845	-380.96357970270606	-369.1086233752215	-358.1424277571552	-353.50426361938224	-355.32189294425746	-347.2775350609928	-373.4810169911958	-467.75648249182035	-343.9261396712202	-997.8342588670868	-5521.360951658427	-9068.75662079592
79000	-429.03778653068565	-420.5583305567798	-412.68929545178963	-401.210899984525	-391.3366535832702	-369.2987784053574	-357.3208743720808	-347.60554254353025	-344.04435917630536	-343.1381052455168	-340.99515281543677	-375.91252199786624	-469.92647220012293	-328.314817348282	-1067.5242891972555	-5983.454415623969	-9801.876220110094
79000	-433.51576684814734	-424.78339156154055	-417.25279893906196	-405.91291459204206	-395.57468355881565	-374.4562570387787	-362.6070219577368	-352.919989290384	-348.84438185366264	-348.47164434482	-344.3818611425687	-379.37879092880064	-469.08936143681814	-333.60557828982104	-1082.365342659005	-5884.780739924124	-9602.018164468294
79000	-457.2529169645993	-449.1525564384735	-441.5545959557798	-429.8586969769426	-419.5642523628747	-399.38488803269223	-387.52287432481876	-377.50339157128815	-374.30758506638244	-372.80865363498725	-371.50767918985935	-410.9979858205378	-529.2527960158396	-360.455485396207	-1132.2583968140555	-6056.3728497238435	-9866.337374438974
79000	-415.34845603527333	-406.9996693600666	-399.85761287433326	-387.4822493319208	-377.86285686739836	-356.2466366587543	-344.3543941278761	-332.7679924165769	-328.3345491065434	-330.8937486093004	-322.73732104849796	-346.429516555768	-422.0660002068391	-315.98311854932	-934.0693980049093	-5890.531449023065	-9561.047540302878
79000	-417.2684932105055	-408.6924345877704	-400.81259855223476	-388.4050642498536	-379.27250732782073	-357.9338619212911	-345.46268827888343	-335.52969366364454	-331.6880043401228	-331.88236090806214	-327.10729839882333	-356.76037186477856	-445.91171304083383	-317.76830007535546	-999.9424613626742	-5730.393274982214	-9530.950513033013
79000	-406.43041924821364	-398.3325236796581	-390.7904824019062	-377.93054707689976	-367.8379059013435	-347.13257445172275	-334.7641381773844	-323.5405431554324	-318.6580354772134	-320.7758684329209	-312.19141694745747	-334.74080192450543	-414.1714322734317	-308.17252571541627	-919.9635868851868	-5652.026208192764	-9295.811998251951
79000	-442.20402841840695	-433.406549625437	-426.1132546241093	-414.1194410776784	-404.09184621066237	-383.122712946978	-370.8643411128198	-360.1665975245306	-356.65461687345226	-357.24492110412535	-351.40484949791306	-381.3559594244881	-474.7162269528518	-341.40032368001437	-1057.4916814005305	-5793.291563306565	-9471.439100486585
79000	-447.21939951323156	-438.6187222565927	-431.6619073727532	-419.7260789092247	-410.05012204175625	-388.85155616977124	-376.3676040009501	-367.4340873540939	-363.3136138003355	-362.5986025193595	-359.79440381722935	-398.9934843046825	-504.36761701936456	-348.56540168937596	-1093.7607285491902	-5976.252035267337	-9723.343753246718
79000	-469.3919489296206	-461.1303840535325	-454.1812637487531	-441.50867521872067	-432.61237269470683	-410.78219266328813	-399.3847438882909	-389.76231758261235	-386.8521845265611	-385.12144542368674	-383.9856674909851	-424.94670720214157	-537.4753820571703	-370.163550369561	-1173.1796756766146	-6122.202614881144	-9928.01273811348
79000	-410.7307881223659	-403.2976118975869	-395.82870275260103	-383.42105160522453	-374.24452944368494	-352.6309570537187	-340.52617533506594	-328.5790945084239	-324.75744847225377	-326.45866160785135	-317.92728294989234	-343.35761997376744	-421.04040090078684	-312.1788555988779	-913.8967049223589	-5393.7278272136355	-9134.20296113051
79000	-453.4492034697684	-445.5069162999363	-439.1847461802179	-426.79636118535893	-415.905202652389	-395.2817031176123	-383.5122569920234	-374.35791765594433	-369.4533855287285	-369.3190976184084	-365.33473308131903	-400.7917749066344	-504.4176223972758	-356.59014104222	-1106.8990510057738	-5857.61166215451	-9572.08008837651
79000	-416.5148259082253	-408.6382998508476	-401.21896866223614	-388.8879432400049	-379.1830690340107	-358.14853171623247	-345.8506409915675	-336.2728652271301	-332.41954675695695	-331.8384988187057	-327.9768747755913	-360.93217093790474	-452.9523677392126	-318.44021943921325	-964.6654441331874	-5977.903317204148	-9655.368816390717
79000	-481.6230350317118	-473.24180106798025	-466.64662412533204	-453.5695770987196	-444.64015695168166	-423.43036008993437	-411.830827622403	-403.3902865947752	-400.7960423183915	-398.10842008237813	-398.8498236430164	-447.5726903982857	-562.7456086496818	-383.982791998843	-1209.9697723767817	-6372.189856218102	-10236.968929292349
79000	-399.630944073195	-390.77592427298515	-382.8262443326989	-370.9768639617033	-361.79465334490675	-339.8164937366254	-327.8447860922084	-318.373756525596	-314.2565954676982	-314.06704888406074	-308.3682434357477	-342.4477472573871	-431.12761461654924	-301.6235486920346	-943.4006745378016	-5812.977293220529	-9710.716989936496
79000	-411.00956159319657	-402.4156252682533	-395.8372238246772	-383.01767865844215	-373.7163419158944	-351.9660150031957	-339.72079530203445	-329.185156132899	-325.926404736292	-325.4032468287992	-321.97653560119267	-353.92142411355644	-435.05027335870653	-309.9099387404382	-992.0044238592122	-6099.090612611594	-9861.753046503249
79000	-454.45874268503877	-445.72361213982816	-438.2891160459205	-426.4106847719768	-416.48721570317184	-395.89257105927214	-382.9656556132682	-373.22439900396853	-369.00917330432225	-369.620516945656	-364.71272994184204	-395.09180644280576	-490.0692615334016	-356.1301675033103	-1082.2619844711785	-5715.976371909912	-9414.280805543849
79000	-432.2103880947143	-423.8984524462308	-416.38828975872644	-404.2905358319649	-394.3837478883863	-373.61672916806106	-361.7061477459319	-352.27752271067993	-349.7067305762693	-347.1401428140945	-348.3322001089635	-393.4235797910847	-497.58057915523176	-333.3768116281054	-1090.971168775081	-6424.89556944795	-10400.98898000225
79000	-397.5541239364534	-388.9302297133982	-381.82254845406015	-369.6913454335013	-360.45900514663896	-338.6962957214291	-326.5763958753655	-315.3794791150335	-311.2923561312384	-312.18735880743424	-306.42560350898293	-334.0414593414662	-413.9504014648609	-297.7139716418882	-910.9493742909176	-5773.077654777874	-9513.035197466152
79000	-408.2605768774536	-399.54625674211195	-393.05098795826206	-381.0122278314059	-370.80466985978336	-348.69567037677416	-336.9524792033064	-327.00844900927024	-324.0050996106427	-323.3372094494031	-318.4112824305427	-349.96716375100755	-438.3782330599139	-310.047568860981	-963.645349301619	-5879.706767633002	-9709.23300970223
79000	-468.8421280122979	-460.5422096633412	-453.1381264723322	-441.5013944167657	-430.9409913103423	-409.71351361295694	-398.6077782400638	-388.99040527347194	-386.825476193199	-384.10307616067877	-384.3946657101177	-431.205499295647	-552.2591109900939	-374.8726461935814	-1164.4455021123263	-6248.789161287481	-9958.781178129173
79000	-471.1493250183531	-461.94541954668057	-454.91453474083363	-442.8038728211601	-433.34609138596426	-411.5415150186211	-400.13927480026257	-389.6475234530859	-386.5370611663925	-385.6580587377048	-383.38171138238323	-420.4894476795706	-517.3690778608118	-369.530440667099	-1204.3475130912154	-6354.219492027098	-9989.56040583942
79000	-465.73733808566897	-458.2691765758319	-449.56267215097984	-438.3880723617182	-428.82756692877274	-407.29063786841397	-394.9723448595769	-385.44677554091214	-381.0496915177564	-381.7201772391185	-376.9694869483537	-409.53976801536294	-503.87424775136066	-369.13700959618495	-1107.5783516833505	-5755.413328359931	-9383.04465255106
79000	-457.0475710054037	-448.49578752412145	-441.66187822478736	-429.4954000390529	-419.15204115169985	-398.22247066340316	-386.1570339377489	-377.2080922366744	-373.70522298745146	-372.16878710546706	-369.02786269440594	-404.57168130478107	-509.99220003025073	-358.5148702610506	-1120.2840864991729	-5784.134482798329	-9347.793514213883
79000	-445.7016713379953	-437.37329075326227	-430.34704646394874	-417.6446367582681	-408.25939100938564	-386.94490471234093	-375.3636562903341	-365.8507752495009	-362.92111033329707	-360.98716661978085	-361.3908580102619	-403.62842864752224	-501.17329516206615	-345.64582148697536	-1135.2296102098692	-6352.966665709654	-10153.67930213122
79000	-435.95995899562996	-427.5391079314609	-420.62980298682254	-408.1261710622439	-399.0282077985526	-377.2106436196495	-366.33275717515096	-356.01359466967534	-353.17741090195653	-351.70849192021456	-350.3374708229268	-387.635970136771	-495.537301485482	-341.73999025603854	-1090.895309750741	-6114.108333787665	-9930.273795041701
79000	-451.5555450134439	-443.1127515722816	-435.99697455423933	-423.56731868751365	-414.638927698899	-392.1744926894694	-381.12578099564524	-371.51037830871866	-368.17982364675186	-367.2265422327066	-365.66863876455074	-406.54482421977275	-511.1259188161849	-353.5955151075289	-1126.1022815920394	-6020.313730338802	-9860.470244946622
79000	-466.5738652217966	-457.99574260856014	-451.2442465965117	-438.34373198373066	-429.6968389619985	-407.64662249609415	-395.9251577962162	-385.74772312073856	-381.42561505969536	-381.73235524056514	-375.9299379590094	-406.5440804020049	-514.8956233503678	-369.9482991733376	-1105.2230484514055	-5595.874235201882	-9080.024491243737
79000	-403.0416986796713	-394.8239832042395	-388.15003635289366	-376.18118551204384	-366.22010084644944	-343.8581204119737	-332.338952446431	-321.7352544716144	-317.48365989754205	-318.1641612013387	-312.348350701141	-340.693465145052	-420.3614578569373	-303.7580365777782	-958.7416839539483	-5830.728732694521	-9563.841511041508
79000	-425.1271114763616	-416.3819484899578	-409.042850733893	-397.82542943358646	-387.48020603159785	-366.61970109940654	-355.0951695344319	-344.59043195470394	-341.6029249796357	-340.97869562536556	-338.56014950490476	-375.6061091022896	-477.76696975720154	-329.5451049518239	-1019.6425224298636	-6075.394422301511	-9825.157652117996
79000	-424.1994637033501	-416.6234924540115	-409.00747115054315	-397.3366031341782	-387.3780518684067	-365.74870173534686	-354.49898718763956	-345.1381410853875	-341.28600293087203	-340.0664861992645	-338.1346982657223	-378.0113893044079	-474.10559178588585	-327.6243528386752	-1025.5649129883966	-6155.419930796069	-10032.911769446486
79000	-427.0456352520541	-419.1595391629379	-412.18079797453294	-399.67514867892316	-390.3790619107254	-368.53860603276104	-357.4870814678888	-346.7091271303448	-342.48428856816435	-343.60474442002374	-337.6578753837477	-370.86263372632567	-467.9935836495341	-330.54504055737266	-1006.341946039319	-5770.21935446405	-9454.369047321574
79000	-446.527106726477	-438.3308347580874	-431.52513790931704	-419.56518704421376	-409.5979838223727	-388.1306017619907	-376.56069525287234	-367.88438119254215	-364.98418532193057	-362.5859208851107	-362.660426847851	-405.26635277006665	-519.6781809651274	-351.11105971053456	-1124.910968975429	-6105.39179079427	-9946.55439466904
79000	-441.9085016963417	-433.8310905517658	-426.2154341327003	-414.16985168244446	-404.7078658274779	-383.12121862992933	-371.6217845514543	-361.7530425721808	-357.46000265025015	-357.61282125001105	-352.8729452045994	-390.0841087810691	-484.1731120973353	-342.6245032214067	-1067.0873088072199	-6130.388699797507	-9827.263749562997
79000	-431.1995353685589	-422.46429302176165	-414.9488446265428	-403.15890469497367	-393.38443352025934	-372.25172023164436	-360.2291659580676	-350.45785288489714	-347.166139130075	-346.0503938139654	-343.3685394867212	-380.603527011419	-473.2840891423962	-331.29620282469216	-1041.8636217502722	-6131.91017871461	-9865.43209132904
79000	-439.71467627701605	-431.31770731600784	-425.08761683572624	-412.7295571129207	-402.2416172728788	-381.05887255311063	-369.5063417029919	-360.06123178866403	-356.2360532662449	-355.00709589819286	-353.0217451580313	-390.7570339362975	-487.83405252898103	-341.57187510202624	-1050.2828389912356	-6078.407579662824	-9779.989215822507
79000	-456.06792495743775	-447.11770581128957	-439.71015182805303	-428.5212269947551	-419.09795230017954	-397.35387117581774	-386.3742195941685	-375.88642039021084	-372.6033434930752	-370.9812861163978	-369.7082179516261	-408.222609453671	-517.99801809677	-358.601646075555	-1069.7948959940977	-6114.875270603425	-9845.759226612718
79000	-471.2139980461807	-462.41816750172296	-455.1775411720102	-444.0111471823923	-434.3143275974425	-411.9913259666054	-402.2214533997243	-394.05125122760796	-391.94213813879014	-386.65378857822765	-390.5049403979482	-445.2524801550844	-564.0358600499237	-373.1607407350302	-1231.2885357028044	-6602.003784548585	-10439.213920850501
79000	-428.26889470634285	-419.47473043566976	-412.60045647489454	-400.4714269608087	-390.9186868279889	-368.76803909445414	-358.00974167609144	-348.9185063366824	-344.8944480614918	-342.86533254078813	-343.1614472609951	-384.837999745342	-487.77513685700853	-332.02187270534534	-1048.4395607162987	-6152.883237639744	-10076.141959957205
79000	-430.1812951660778	-421.02127758020504	-414.2810783695267	-401.7152751675128	-392.07259085899994	-371.0839076501363	-358.77622398298143	-347.8215812810709	-344.1167879314998	-344.4385214593338	-339.97567590646383	-370.0363249775532	-453.11762624293357	-330.1089869647445	-996.8836192129597	-6004.5376053655145	-9740.43299362899
79000	-425.72473000338056	-417.1447750220401	-410.04591289113165	-397.7526886332631	-388.37812111704693	-366.3625470162139	-354.2476865011154	-344.8714320632182	-341.0889783389125	-340.2384501077635	-337.6921929317027	-374.45480806446585	-462.6323888859895	-324.70734278165605	-1049.8058496147255	-6174.486311705658	-10004.361944135078
79000	-425.60285553500813	-416.9345941761204	-410.5484465750049	-397.79885109545285	-388.6615204199094	-366.13332323035286	-354.9724530783232	-345.0047080570382	-341.5194817370842	-340.3036231155186	-337.982989230624	-375.43767479431375	-469.42387889539424	-326.80400108238246	-1045.935439803085	-5933.521142084592	-9708.966539290235
79000	-449.14542876235765	-441.1109081981242	-433.62292801205314	-421.5595120905832	-412.7760742067056	-390.66012246320213	-379.3463594051459	-370.38716797394864	-367.8989825444178	-364.21442125506275	-366.3529389781459	-411.2393709154099	-520.7215122699421	-351.0088877303612	-1143.2014402451828	-6307.469834306734	-10438.214054196327
79000	-474.2398702465022	-465.47493891208285	-458.74058900680967	-446.8705692274326	-436.6074597270635	-415.2496853223662	-404.7105634450632	-395.83980255578416	-392.59448206149756	-389.64168448318185	-390.81661212300247	-440.50517929230097	-556.8212897182478	-375.8272446568655	-1221.0025603825814	-6401.076704305098	-10369.989340473605
79000	-423.5321417531385	-415.6757502200906	-408.74482871510673	-396.1387015263555	-386.4918981978606	-364.7473431724953	-353.1855569804098	-343.30362477679387	-339.5184146443607	-338.9353474737574	-335.84087676218707	-368.88238258310105	-465.1027761274525	-324.8837421774358	-1016.9877161068697	-5851.104745772878	-9638.61871919745
79000	-448.82520141598974	-440.95872507121953	-433.3583217074659	-421.65773205798655	-411.5018586567239	-390.70875919123813	-378.80657296538527	-369.78958553896746	-366.6384226379127	-364.2457507622208	-363.07299270659763	-407.4124930908369	-520.6083170624983	-350.68523532520135	-1103.3107032403843	-6254.229287401925	-10192.612417875427
79000	-395.7488419166754	-387.07160402247615	-379.8213387939166	-367.5535171085686	-357.4750965630651	-336.6414387305013	-324.19782105646243	-313.251105655109	-308.1166650697811	-310.1806023190597	-302.4814997840621	-325.29312264538214	-395.15542787552477	-295.7506755547871	-862.8324903468979	-5681.507975602408	-9394.249243178501
79000	-470.29007220679483	-462.42075344779107	-454.82111057609774	-442.63213268252264	-432.96747367176084	-411.42844503660115	-399.89382499848637	-390.39121350936813	-388.07176909367	-385.3753685018096	-384.9652897206544	-425.1783114594632	-531.4691463697726	-371.8541089089372	-1162.9040476056953	-6313.430707427843	-9978.43580129601
79000	-446.01086011450434	-436.9555354937721	-430.1116970214494	-418.4602380623405	-408.82560909469214	-387.3882871359513	-375.7639237421628	-366.26883746280265	-362.2570334135431	-361.6144799392815	-357.14062897344706	-392.8046121759023	-496.13396943797034	-348.53122889326124	-1066.4866366532633	-5859.879754985309	-9468.091301006662
79000	-423.5678445281428	-415.5680035556224	-408.66877886312983	-396.1100235390895	-386.4335129340593	-364.90225239500523	-353.18662834359094	-343.52187862845784	-339.7534237338502	-339.4011092544242	-335.8679600248038	-371.69600929809184	-464.57944142707527	-324.49546379230026	-1050.4787876678565	-5909.557691359363	-9747.174904730644
79000	-449.3057856191362	-441.64459717618286	-434.91950031546065	-422.2588851946292	-412.6123618669177	-391.2677680970336	-379.5168918020905	-369.3036213173434	-365.2960007670634	-365.2641495636397	-361.24448473979396	-395.2692068952469	-505.03821195008624	-353.0097843594259	-1092.2853667353015	-5865.761445128051	-9511.654441467002
79000	-467.25895068803806	-458.58366180843836	-452.1990579996977	-439.99088354249125	-430.25175870045797	-408.70238121494134	-398.0549901913762	-389.44647960828274	-385.97659983554314	-383.14200182440464	-383.8248880800157	-432.1851491273104	-557.0870461027321	-369.506160053902	-1172.7582825393358	-6516.023085755681	-10326.400623156276
79000	-405.55020200604235	-397.01377633287086	-389.9194176931008	-377.07799782715506	-367.68728041853007	-346.6986166031802	-333.89509727731894	-322.9038409246432	-319.008663448795	-320.4008353273447	-314.20949162253015	-342.0839785661	-419.19368249188597	-305.8668516277283	-937.0356881916829	-5761.846621540286	-9450.980189284282
79000	-447.7469983291263	-438.6724831865968	-431.72462824315375	-419.1340968909034	-409.66503725198953	-388.3115218055181	-376.3856030468699	-366.39603444618086	-362.6444995802953	-362.4448246527975	-357.44266644079426	-388.0254662169093	-474.9490877807977	-347.9520257873467	-1070.6465958669785	-5980.195743289776	-9565.739236224046
79000	-440.2952147061104	-431.83930729975833	-423.58908170818626	-412.589673758666	-402.805901057732	-381.4277493607858	-370.5888891901432	-359.6376222686554	-355.99529900855356	-355.6719987325136	-351.55801094977954	-384.7796658410828	-485.1023373598546	-346.4686416383458	-997.7030387621805	-5905.097798279585	-9613.323645107375
79000	-439.2796876811913	-430.78826703968406	-423.7522652468004	-411.4762746841003	-402.05978033661484	-380.0896085257403	-368.9992140788961	-358.85512596069555	-355.92165887082723	-354.7239147062232	-351.9402472084653	-391.5678182994308	-491.9588996073125	-340.1739424177186	-1079.5580895402893	-6030.306310861877	-9858.27070670077
79000	-400.1589067176199	-391.9538864749334	-384.65967391367525	-373.29329773577854	-362.6621412255146	-341.24260842694264	-329.2286405459873	-318.69650427415195	-313.5181921360864	-315.71924883948657	-307.765159864424	-332.98857996451983	-410.10411214138725	-300.54147511133596	-913.141739149373	-5629.236000442131	-9405.616597183911
79000	-416.4308774817526	-408.1199106345552	-400.7536004766187	-388.70823239258186	-378.01538416597407	-357.2231140012187	-344.9113409549869	-333.4404306741771	-328.39062221950326	-331.0022933658906	-320.19692894285186	-340.41161953756614	-411.6113802898404	-316.8614071460402	-920.5201456086975	-5494.028744340554	-9132.399130944012
79000	-417.94892113550554	-409.8834343596266	-402.57630841764563	-390.6197759685434	-380.278102619853	-359.5287733775778	-347.5472013545563	-337.180538448855	-333.1127390673947	-333.75105487786607	-328.4275283324128	-360.28979681359095	-447.0484794248689	-319.51534317171416	-973.9262931967047	-5926.867334443252	-9648.07748114813
79000	-434.6143271633733	-426.2792811936901	-418.5298148115326	-406.2688573941914	-397.00903438708013	-375.70877305332596	-363.36846432395345	-354.10098270690713	-350.27783113248137	-350.38770530848836	-345.43405897545244	-379.8281728222469	-472.9494199056993	-336.1222374405118	-1049.9015838836053	-5912.191248957552	-9693.652230020522
79000	-491.61076055402	-482.53718579089195	-474.86820075713314	-463.55744860540983	-453.48763776379036	-431.9064893432497	-421.9074816751893	-411.8218774512395	-409.9330862731263	-406.550649506459	-407.2848716546522	-455.24547959730245	-577.2445910699895	-394.37613718272496	-1239.969757192662	-6209.362069421805	-9946.261973310842
79000	-474.4350761403079	-465.85412447047946	-458.4107361827485	-447.8576720333913	-437.3438947036238	-415.82166058129263	-404.4608410645033	-394.47250305049045	-391.9953525905212	-390.4142012980468	-390.1688915429059	-433.34607850195624	-543.36869177246	-377.581904769745	-1175.4295754866416	-6213.8500272860165	-9906.754896252221
79000	-434.40519840538775	-425.6123419578484	-418.5707884406905	-406.4038009671592	-396.82465330487173	-375.59507615299003	-364.1785470311601	-353.97430943573113	-349.9710942606136	-349.9153973785477	-346.7262458350046	-384.5225311329482	-482.3751715192705	-336.50426914577685	-1028.8857255238897	-5971.9860371255745	-9703.320215205698
79000	-437.42845495764004	-428.0775389386276	-421.01825136954375	-409.01718964937936	-398.96996195130265	-378.1840543864703	-366.1533325012239	-355.54879078488716	-351.39571985463976	-352.2768883108852	-345.9984234418303	-375.58290525135635	-464.5312089604916	-337.1137474842446	-1055.8861500066146	-5858.3077725378125	-9583.673023664078
79000	-447.2894974929795	-437.82042320741226	-431.20457453217426	-419.2658021567488	-410.10553734681355	-388.2880182596802	-377.28280468417114	-367.3006268037435	-365.0265186299105	-362.6871476036553	-360.06196559469856	-400.50653234046257	-509.8150586396175	-349.36664759912077	-1099.0140856175226	-5967.628494695024	-9718.459084001612
79000	-458.43554603012484	-450.10298927234214	-442.5021057271992	-430.8434756809794	-420.499619937199	-399.16722745161144	-387.1284803507858	-377.5738873160306	-374.663513879517	-373.61755094221104	-371.85829000417607	-412.7667129173474	-512.4080213111466	-358.5462856365361	-1130.7768278240037	-6306.971705646077	-10114.213374060986
79000	-461.0047027581784	-451.863701006753	-444.94674837204906	-433.45240541529813	-423.83640211866185	-401.81814131884124	-391.14191985432694	-381.9252176740048	-378.25571896754184	-376.7435859144358	-376.07442829219957	-421.46468326634323	-534.2759092019899	-364.72700897534105	-1154.4111259466965	-6251.072027117249	-10061.591151300816
79000	-470.3071204460006	-461.3141199260201	-454.59859079018673	-442.87588857214064	-432.6075951815355	-411.8421234204516	-399.5473218357995	-390.00823412834313	-386.46025132661634	-385.89193575039127	-382.7645567615045	-419.069076528071	-525.6569804325899	-370.66205615500877	-1154.2931044629918	-6138.68208322742	-9835.851981867823
79000	-429.7315453905189	-422.10118824668854	-414.8491498334676	-403.48768837419334	-393.25011872869374	-371.75228687092505	-359.9877933370827	-349.9495105112355	-346.65743112083385	-346.45992664939985	-342.4008214299991	-378.36360834487016	-472.4603354849343	-334.1818142160378	-984.960748346006	-5713.684183831624	-9349.501187319678
79000	-419.39715890026474	-411.5382719395462	-404.29275490490505	-392.2001771904314	-382.4190502620372	-360.34593536072555	-348.4239295615068	-338.3534378778644	-334.327469577996	-334.5925522309395	-329.26785784344634	-358.8727999646882	-442.3822976992843	-321.20790319018863	-972.7966268610321	-5840.633163911307	-9547.2955741345
79000	-416.4453010420347	-407.6463595538133	-400.3545386975781	-388.64382365848576	-378.4975918398896	-357.56053346898466	-345.57798052352	-335.2147334050014	-331.8869252706651	-331.4426049549156	-327.21503350504145	-361.66771166700147	-448.27469540770767	-324.8254855036208	-1009.4476472918906	-5860.698932208797	-9710.729456876792
79000	-440.69990452047364	-431.3821801103492	-425.34602711653116	-413.03831048875475	-403.7500121388223	-382.07448006838064	-370.1865034119232	-359.30060128846407	-353.9716708346254	-356.3881408641941	-346.7614107492256	-372.9737977282884	-453.951339047991	-342.4031218193361	-1028.9149346387094	-5448.544438051158	-8951.996630879257
79000	-428.1264705663302	-419.961624298813	-411.8547257294743	-400.54994576509364	-390.191636031373	-368.9721352154231	-356.71965398099474	-346.4604020188001	-342.706757823606	-343.24242660377195	-338.7398066413212	-368.6370127485136	-457.31557613338884	-327.7285514702195	-1004.9727120508791	-5810.065584996148	-9553.94846935342
79000	-445.57426820453855	-437.4000258774491	-429.492350797896	-418.38549010531085	-408.63882503613064	-387.0508319621286	-375.4707739806066	-364.65350142254965	-359.5734459861653	-361.59289327549857	-356.17441656977905	-389.1090481375324	-482.26932672616476	-347.47219982354244	-1076.3198565429445	-5940.042737856086	-9655.945755140416
79000	-428.9202379852743	-420.55810442247565	-412.6495274035461	-400.88819297146824	-391.1720361133856	-369.52608267263315	-357.35037878083665	-346.8845999091349	-343.594593122176	-343.25888619095457	-338.3128858939747	-369.1965426140192	-459.91365620465336	-328.70244911990335	-1002.5689489929719	-6012.1702075266885	-9805.664598969508
79000	-395.3508528554788	-387.2970010524236	-378.9960638652121	-367.56379224547607	-357.57709432504754	-335.999828795321	-322.93827470500867	-311.9080144959754	-306.84534068793437	-309.9217650527793	-299.2931546469035	-319.2884094591078	-386.73155919543626	-294.848117612129	-860.50834032649	-5398.543081641191	-8954.00458620935
79000	-428.84992260697936	-419.64594652811235	-412.5110717861907	-400.25447806578234	-391.2166091525003	-369.03324161131934	-357.1384258826333	-347.31604513949867	-342.1295070553083	-342.6023446792705	-336.47015820034795	-364.93208453757734	-446.1190369938835	-328.6585303625787	-1025.89246844226	-5765.369245259647	-9527.0852064584
79000	-422.98350833495294	-414.4177118953082	-407.30905880435074	-395.0621821677403	-384.79311207462774	-363.75511499997253	-351.5925033605217	-340.18588808883413	-335.09341740235743	-338.0695591437699	-328.4769734544094	-348.3029653778054	-429.5579775780129	-324.7608010159158	-929.4392432008755	-5461.821142883889	-8944.32211160981
79000	-401.0500182607641	-392.26779352154335	-385.2840941640107	-372.9368630719656	-363.4742438920669	-341.23175364286016	-329.5442578259009	-318.63474475402234	-314.01179129862766	-315.62317097169034	-308.6803396597842	-334.22105654266556	-410.27404435272837	-300.7349218719574	-931.1400139077365	-5791.075140096869	-9569.942265082116
79000	-475.5953319882687	-466.9676542073388	-459.842497697031	-447.856916110936	-437.7467972802938	-416.04010235094006	-405.01794497106005	-395.4604129280906	-391.65007015738547	-391.76097355765097	-388.5497310535123	-426.1776328775649	-525.3117173063611	-377.6455031317721	-1161.654586164075	-6163.652105294663	-9719.034482562005
79000	-430.83219337625775	-422.89012221882047	-415.9213213859577	-403.36645062827085	-394.2271178548256	-372.15093752647766	-360.0416798152936	-350.86529473973906	-346.32264208172217	-346.37312042256474	-342.4549199646852	-377.60069258761985	-470.2507422965456	-331.3968703194339	-1019.843574923641	-6168.217542791313	-9949.650577730143
79000	-460.44057509451403	-451.6533146131252	-445.0432521378356	-433.0663128705744	-423.29003551517036	-402.34216344551305	-390.70411034286093	-381.24485278973185	-377.79158569339324	-376.04265232013455	-375.3728680770423	-417.00947522133913	-528.5751195261109	-360.8999174192594	-1160.7019881919362	-6064.364630003846	-9971.169121550027
79000	-440.93876869247487	-432.78647446445024	-425.58402282814126	-413.43691983181645	-403.38028194795453	-381.8776882948976	-370.7917683561515	-360.58593537919364	-356.76198834559216	-356.25643941910494	-353.7718428481469	-390.45919120177996	-489.230601506076	-340.3868231760872	-1100.1739625197522	-5950.563072177237	-9769.1531879025
79000	-451.7595206107086	-443.7520969893811	-436.62953143049725	-424.66626764855766	-414.85859464919963	-393.3826742636386	-382.04432262116694	-372.52167482547713	-370.0775671070914	-367.448467805508	-368.53211435514646	-412.628967998187	-519.06924703504	-356.024524811548	-1119.8299100915847	-6191.838933910799	-10012.91969389604
79000	-411.82627085271787	-403.5608904964042	-396.44668553151376	-384.64983319616294	-374.9095185619059	-353.22082414587385	-341.62664047095006	-331.4974604750198	-327.80666745451265	-327.90286885305704	-324.15177690717496	-360.45893470536913	-450.97816594171974	-314.87354300464915	-971.6246952061177	-5980.438471499195	-9862.08319163251
79000	-452.62949160526546	-444.14611526050714	-437.18171251045663	-426.0226240506379	-415.5291742353237	-394.14462634228323	-382.4781762886564	-373.0739028505933	-370.7102432672429	-368.2716350864901	-367.96680259448834	-409.409619622283	-507.8733179568985	-354.2364928735105	-1134.505892935003	-6275.970337935069	-10089.524493230998
79000	-423.70751363266317	-415.2735951109027	-407.9159534331023	-396.0760070758589	-386.19749934754236	-365.11520277589665	-352.6161519717054	-341.8389218352052	-337.54592115174785	-338.53624503550327	-332.6041110405169	-361.14723525399063	-453.76929747940954	-326.9262423486907	-961.1318670470488	-5710.215558801176	-9361.750987669639
79000	-443.17317010067023	-434.53230729868636	-427.8206462375679	-415.66863155906856	-406.6375513006601	-384.26501448858295	-373.1021074084918	-363.13135719753393	-360.30997008876244	-358.6861626672081	-356.02887674507866	-394.69696423825474	-496.4025490395832	-345.5654626567098	-1105.9090153076395	-6057.272421051019	-9765.106281027518
79000	-462.2376702446466	-453.74510739499857	-447.1867067072258	-434.7128460130035	-424.97750670488654	-403.98532769272225	-391.82991383262805	-382.4576985395295	-378.8610625714325	-377.90415444825527	-375.7209597730422	-416.51435820914634	-520.0974389443354	-361.3045112913116	-1185.5994177107978	-6272.569029703264	-9975.076078733306
79000	-419.3343466828023	-411.7172529909729	-404.27287966914815	-391.71269431158794	-382.77149016116886	-360.9934792891977	-348.7167679219159	-339.38593727779573	-335.94232543593245	-335.14884870570535	-331.9929105987369	-367.25381794262853	-455.6588875912633	-323.332025986333	-986.6001422038661	-6105.789789996067	-9919.877394948733
79000	-444.2330565332883	-435.57895122605015	-428.4015211431051	-416.25768008305465	-406.70700560316845	-385.4067920493595	-373.75652774633664	-363.7637993278636	-359.78441561382795	-358.9036524838106	-356.69786549187575	-394.7788037603353	-498.4672035201679	-347.5984078002869	-1077.8471716004547	-6049.70579727248	-9794.909316874626
79000	-413.86016855711756	-404.87948143108343	-397.53407534226693	-385.5093002546495	-375.2889063951441	-354.1704426513317	-341.9852825874111	-331.4980488024421	-327.0199834257521	-328.0654452035795	-321.221643623388	-348.29498855351073	-430.9582550098542	-314.99117319125224	-951.7431858964372	-5551.197747696374	-9239.160997242416
79000	-436.02986215590875	-427.8493165496925	-419.849387491851	-408.59117042556386	-399.54138992327523	-377.38339329604105	-365.47783498338316	-356.2021163824782	-352.1445951770434	-352.2723480323	-346.84894414882854	-378.0822210543129	-479.9115800348057	-337.6535707965851	-1045.007541830267	-5800.41984017806	-9481.31795567677
79000	-405.14286451063936	-396.14634558021453	-389.78466827407675	-376.75099996330846	-367.8270860091771	-346.2008087742977	-334.4660383720373	-323.9962711852049	-319.2499336508302	-320.1066639068992	-314.26486829036224	-345.2793749204142	-426.09313809992085	-306.29296772331395	-960.3122857470515	-5846.600781880863	-9505.764428084252
79000	-439.4264284228462	-430.624404148759	-423.28329257855654	-411.33512577086196	-401.2269780306584	-379.83011047753644	-368.424517351188	-359.0207068069297	-355.0189280226446	-353.93925331259527	-351.43226835265096	-387.1929218391843	-479.7066723306349	-338.59486762086016	-1078.534979848986	-6011.736830730985	-9800.490912299209
79000	-430.99158445877737	-421.7599954996476	-414.66585804877053	-403.56835169219016	-392.9573001545211	-371.19284906155104	-360.56578240542234	-351.00114406059697	-347.09955973158105	-345.8892296276983	-344.34763818024936	-385.9219570121704	-490.55432033604177	-333.13173263219403	-1101.2332291399593	-5991.431483187533	-9861.419089594012
79000	-433.9072701716115	-425.9373999701093	-418.8008825791996	-406.9694836258708	-396.63863806545646	-375.2575578913478	-363.2339375880609	-353.02353053881563	-348.273847010019	-349.0882777591029	-343.08516565190956	-371.4400869845685	-454.2342214701189	-334.96617702525185	-1015.553442018943	-5719.994592106843	-9291.681300147204
79000	-463.73352755005027	-455.6867682629359	-449.10809930338934	-436.6430140722979	-427.3550346586636	-405.91367729017037	-394.07236073305535	-384.0955435288776	-380.14570912210337	-379.9967074586988	-377.7177763315351	-416.0677585053349	-522.9474500251725	-366.5321807557253	-1136.789281164281	-6150.441019585297	-9856.223763838287
79000	-425.7497573175087	-417.266290279747	-410.7792328582586	-398.67657929668155	-388.81184319682444	-367.0885369805773	-355.7265846304904	-344.95850751710583	-340.50501336524434	-340.801816439917	-335.59885930622806	-366.7514636058755	-453.90848977214756	-327.36084951355593	-1036.8039558946953	-5877.606121268967	-9674.982854019729
79000	-437.3745713869673	-428.18857945746345	-421.10000139236337	-409.164486229358	-400.1644695466293	-378.4491803100592	-366.9858457378022	-356.8919344793493	-353.21616275310333	-352.4537512919689	-349.48876507093604	-387.9232448122736	-482.50382386692854	-337.9943228138759	-1053.7038417246745	-6122.237277371676	-9808.969363225408
79000	-423.7750978895335	-415.8860085381057	-409.27189898805324	-396.80999902936355	-387.4554131310281	-365.9882559071636	-354.49708218843506	-343.9453782186755	-339.6734422592775	-340.12460029264025	-333.56382120410365	-363.8574361238964	-456.7582239290643	-327.1009705923662	-998.182999331145	-5754.918831023177	-9404.204536511477
79000	-440.9547141989168	-432.53515984010323	-426.1421248265496	-413.19862555561645	-403.7420333290218	-382.6056760497594	-370.44175829677613	-360.68362533754606	-357.51507137309846	-356.2368927641154	-352.73779198133155	-388.9542049924445	-485.5560033288955	-342.7729332669733	-1067.5213291325942	-6056.387759308584	-9648.110299786982
79000	-443.7221211430869	-434.9514770998271	-426.9950085921802	-415.1796045607032	-405.8500177000897	-384.2674595415526	-372.1993672985148	-361.73545435368743	-356.4043331413952	-358.3129774059143	-350.6122764313936	-375.86825624898995	-469.80308707684105	-344.9741671473801	-1011.9040518055202	-5557.392840375299	-9122.349162423137
79000	-439.6064766651351	-431.53571431556975	-424.09327446562446	-412.729710905366	-402.2701696980787	-380.5912720204578	-369.16943837524116	-359.19955652404855	-355.12568158386256	-355.3066471075884	-352.2002587238445	-386.2086091285545	-486.08863901685856	-341.6790837666949	-1038.1520016929812	-5982.092174883708	-9692.492056229321
79000	-463.62377306258855	-455.4758621018043	-448.39529323957726	-436.48866233600506	-426.7977047978642	-405.03156911497	-393.45603939050676	-383.5287225006474	-379.16951461610284	-379.5758487019231	-376.0701926028087	-411.99454355863924	-509.7461817170627	-366.4353661440811	-1122.38027287829	-5890.916604192125	-9437.964558905742
79000	-461.1833881421548	-451.8501886966271	-444.25653741948616	-432.48736314767893	-422.91014044515276	-401.8673897904901	-390.1012255427111	-380.4594389662881	-375.7762262956558	-375.6166425467967	-370.0614222934123	-402.3093023789748	-497.42262886002425	-365.0707883452464	-1095.3793588090539	-5702.562264059405	-9234.13235859586
79000	-422.5231387491152	-414.13937672230685	-406.66802422821587	-395.217844614771	-385.2631893274546	-363.89047854649425	-351.6586138243442	-341.2920685956178	-336.7281876354071	-337.6259371214081	-332.18367157998	-364.8345721556014	-448.535355157369	-321.65185129597086	-1042.3678623990602	-5874.892907093771	-9597.334650978633
79000	-436.8207580979305	-428.9377890815436	-420.9920734325752	-409.1009762462987	-399.83406700468873	-377.71247942203377	-366.82547125411764	-356.7312609109434	-352.80537228494217	-352.61483026399964	-347.5849498773179	-384.2438973747741	-478.4442226711726	-339.0063808729545	-1050.9893834809275	-5850.465578445192	-9541.448658505691
79000	-438.1028185946598	-429.201371366848	-422.1544402326711	-409.73663185908174	-400.2397835219859	-378.57851046188614	-367.34251987820767	-356.69921904147697	-352.4983768314619	-353.10073818665717	-348.3645586599862	-379.2377604826873	-477.2347904202225	-339.12124412366626	-1036.0962378121565	-5912.582805695133	-9556.20605593638
79000	-434.8027550883724	-426.53768651106935	-419.5819781334945	-407.94374431862957	-396.82468572703476	-375.84897158412804	-363.74435181908564	-354.1722817058949	-349.2465335968642	-350.2429346226688	-346.16745350159607	-377.9816278732725	-470.4265734823627	-335.93785258068266	-993.3642893602743	-5770.311071851738	-9485.410162326983
79000	-426.73084364810836	-418.88678523109695	-410.97128878403663	-399.03716002931003	-389.57537989335077	-368.0389277101678	-356.4426423099574	-346.31024773823685	-342.64226229838135	-342.0153232291092	-338.5779796294235	-376.5630246551889	-480.57255383356204	-330.5103649899279	-999.3050462812879	-5981.775216857632	-9719.651484175216
79000	-449.6255690971008	-441.49691707156927	-434.04255688163124	-421.5757853711175	-412.12323795818844	-390.47186325361054	-378.95626014276905	-369.25916924427105	-366.7301255256136	-364.4062387834478	-363.01328880010027	-402.818410183866	-497.75645726548805	-348.8953774711847	-1152.7472413117382	-6156.933128070756	-9882.166320270406
79000	-448.04486998039215	-440.35121894823175	-432.6180963433779	-420.8418441895218	-411.9498328034062	-389.992460224227	-377.85439398751987	-367.4859626149413	-364.0574425702032	-364.0485826768162	-359.31905924981885	-393.294111803835	-485.2102815064857	-350.15119512870956	-1104.909535837673	-5937.755183980449	-9543.245843722432
79000	-426.52445356870635	-419.0928705096414	-411.1176857865185	-398.840722488422	-388.77527281758023	-367.8831882324796	-356.32491337020485	-345.8044483721693	-342.277354438393	-342.81171648147455	-335.7560309633899	-368.2331832246772	-465.9433523148438	-330.8433799279297	-979.7259504920878	-5714.488000723082	-9327.436460207746
79000	-448.82157460155645	-439.82248761527046	-432.7047984826393	-421.838559209922	-411.4531098930547	-389.2929520875372	-378.8560607791527	-369.9882486607741	-367.7385294317263	-364.4370267633968	-365.76610934492567	-411.51785535569354	-522.2643786649331	-352.22036756433585	-1111.7605290908057	-6279.899196668697	-10180.27251272982
79000	-424.2455824449323	-416.52910368374125	-408.94357947606403	-396.73702685341743	-386.939771775094	-365.6105287339592	-354.3109189151157	-342.70588644137155	-339.6700131394451	-340.52020109887377	-333.90982852135124	-364.60539163645734	-458.61062639001113	-329.73569609208823	-967.6829462830201	-5512.552145539672	-9105.181652731855
79000	-408.7042852480087	-400.05528550693924	-392.8970052632	-380.168863911378	-370.9485727775274	-349.4939393033511	-336.79445371553027	-325.78768174590977	-320.7409041525135	-323.7321043724444	-314.16024842241364	-335.2586222465183	-414.78926509085437	-308.76274277386074	-909.9206927820306	-5520.510675503907	-9065.127001068871
79000	-422.07023749593935	-413.1637569092707	-405.9134178617073	-393.05004268660866	-384.10689949456344	-361.8309219598331	-351.2346826867745	-341.08296093273884	-337.8727853164393	-336.2644409805504	-334.02884279107235	-371.73062356915653	-466.6524580999189	-322.6865332439526	-1055.750183074495	-6054.7878321204225	-9875.19613078673
79000	-417.1183458853452	-408.5305764369319	-400.9698636459639	-388.40549333854744	-378.7836642511141	-357.1046801776815	-344.82264585032465	-334.19959413612344	-330.1775343657246	-331.60802449505246	-323.86067762139277	-350.71134661599365	-428.48608088509906	-316.64844129039295	-924.3585741040831	-5555.717247564711	-9158.340996786574
79000	-448.2764838430869	-440.46308745008344	-433.3280487148102	-421.10156105942133	-410.5597443083119	-389.7271983135179	-377.8078489001268	-367.44454221410706	-363.8159822262744	-363.9370294824642	-359.29193145493736	-392.4553149955548	-481.2768489345165	-347.8852340723256	-1096.7576906667487	-6074.355996800396	-9801.703263172787
79000	-453.4963824499481	-444.4067024625763	-437.7803837811545	-426.1673492805344	-416.44833747903937	-394.30636883075385	-383.054307864188	-372.9611096987653	-370.96777232115824	-368.54727418745387	-366.8583916266041	-405.4757966609392	-512.7013392857898	-355.7191211454806	-1102.8164891482395	-6185.607445773379	-9879.621445399456
79000	-424.98720448692325	-416.1641725728422	-410.16600741778024	-397.5337024381661	-388.2060679203068	-365.6277075412907	-354.2823967519203	-345.1768059834157	-340.9351831616082	-340.00193060891974	-339.38590058055905	-378.03842028384986	-474.9166996564804	-325.68473304861726	-1039.6964286317466	-5996.894889693899	-9790.66535930231
79000	-441.08965739995796	-433.09099882599736	-426.4010596377737	-414.3516108025982	-404.34357679400864	-383.267138671153	-372.12971716730203	-360.8334238768624	-357.47996125069994	-357.84650870629133	-354.5950904137201	-391.2431329188638	-487.2836465709604	-342.1788577827166	-1084.5598176906008	-6073.172053471655	-9757.569717640183
79000	-420.0733108588632	-412.0590613124168	-404.3386501507353	-392.2043365123775	-382.8779517466382	-361.6755230136099	-349.1921966209267	-339.626977340019	-335.8734778454458	-335.8162099571816	-331.3416939768406	-363.7335368952732	-456.7872665287095	-322.51125663913155	-987.6583572596655	-5874.253294254633	-9629.525554237794
79000	-421.73469262033836	-412.78158904144004	-405.53976537236457	-394.50728750852056	-384.5260996211503	-362.2249390583359	-350.7516866467951	-340.49580224927684	-336.30483507475947	-337.01608517298547	-331.5720862036603	-364.1606807483219	-459.5771546638154	-323.4517960156956	-973.5895225654447	-5818.3709902075525	-9518.586771997545
79000	-439.3022694492395	-431.45854897190173	-423.7174375992865	-411.9274224351151	-401.8580925222119	-380.5009060452843	-369.43123869441746	-359.5057123775352	-355.53681497048126	-355.06384772556595	-352.524329606229	-390.9967154310477	-486.39477953575766	-339.3655327917461	-1106.491449084161	-6103.089734586349	-9879.529499144272
79000	-399.498513989903	-391.12336797216994	-384.88794876066555	-372.0134815857564	-362.3748666461687	-340.1540879972029	-328.5822429648631	-318.23400692918267	-313.86525241459105	-314.9766005171617	-309.7506891379869	-340.27978691479456	-419.25847336806146	-299.9209019343503	-939.4497087845361	-5843.419166081842	-9698.632140028312
79000	-403.5276379079149	-395.0274970052284	-387.9560896671098	-376.51517844273815	-366.23394139165606	-344.61306615736873	-333.2131406632306	-322.80157102251366	-319.1018150011602	-318.56133170864183	-314.7888104376926	-348.06424713061534	-432.36878555492524	-306.17586224700386	-934.2325956284809	-5727.639112149653	-9468.206620592004
79000	-406.4553427516529	-398.27691742193235	-390.92125845813524	-378.62157878321204	-369.04992581567046	-347.27416148215536	-335.6324729353461	-325.4872249768177	-321.91360389958203	-321.5438452273233	-318.21284221379665	-354.52470154798823	-439.7451209913088	-306.20084457932245	-981.9783537741889	-6241.732125905269	-10202.106945064235
79000	-469.88703747890577	-460.7987988945625	-453.81436422142787	-442.0272943852458	-433.2981762441819	-411.55400639007365	-400.15783491159146	-390.69636858247816	-388.00187019457616	-385.810793081661	-386.41280722769056	-430.4131629885451	-543.8877509588399	-378.212091626757	-1152.6652024131797	-6150.352901882231	-9930.373844994754
79000	-480.40328133926886	-472.32297301689846	-465.3573842442641	-453.4919731058876	-443.4019428838185	-422.5039880926279	-410.9080205515609	-401.5645363355415	-397.8595593941574	-396.3181519247256	-393.5389592267214	-431.43817113601375	-541.0442075745974	-383.4591536012528	-1148.8558680017925	-6299.3841608547045	-10131.927616054305
79000	-469.1222040497623	-461.13105565273935	-453.2623847592774	-441.4559166299175	-431.5554852584022	-410.85098914304075	-398.6887722040512	-389.1029754900998	-385.7406266501858	-385.15690943616215	-380.7265579025319	-415.4489784682296	-517.9101151000295	-373.1925261606097	-1146.5196195961698	-5796.614962877069	-9396.12372440847
79000	-413.1549401086685	-405.42011704873505	-397.5298933019956	-385.407315601134	-375.74150374461374	-354.12814627128427	-342.7516599431747	-332.5932065028131	-327.62962368800294	-328.3320097897817	-323.1866829830079	-354.2219835504343	-441.753041079804	-315.62361726798326	-959.6390049613957	-5754.297397255759	-9492.62776850745
79000	-445.8760966414484	-438.8359897188978	-431.840230223373	-419.60708500946544	-409.1618396994154	-387.7808634025108	-376.04141794030465	-366.0157492660081	-362.14800372753217	-362.4255748705973	-356.3291074948027	-388.58920576399095	-479.4238618664006	-348.64642967582336	-1067.0331335397225	-5985.624288665174	-9693.926371598194
79000	-447.7554870721466	-439.46113889117464	-432.2392780870677	-420.6765631684282	-411.3846371279713	-388.77305578024425	-377.96832931350383	-368.4897262535356	-364.96205688143186	-363.29854192128636	-362.682760745311	-404.6559309519943	-517.1594721861783	-351.86492296549596	-1105.7007562820163	-6068.625845717118	-9852.139912498944
79000	-440.5792507008763	-432.30537182393005	-425.1407444669207	-413.34869479152565	-403.2025487144967	-381.9039233506331	-370.6391290455654	-361.2176146083077	-359.0693253239002	-355.84320892231517	-354.6529895219904	-399.8473151706829	-508.38482766347136	-343.165564215947	-1080.750606479858	-6101.092339704098	-9915.626388451321
79000	-411.9992660416678	-402.5427408580224	-396.2653083211856	-384.073416228228	-373.40250368650237	-352.81399988992666	-341.09383590045525	-330.16252899638886	-325.9349693916694	-326.53398331092103	-322.3363437071539	-354.1386124824588	-436.11679602382566	-313.11566151340065	-984.7810787830804	-5930.432655817367	-9846.199219408185
79000	-468.9632093724756	-460.63715267487277	-453.6607848511132	-441.78946394188256	-432.8155583798069	-409.749852694044	-399.5377490962167	-389.5945235817918	-386.37519721959774	-384.64553108929323	-382.5229368247335	-423.525528775043	-535.5770454793812	-371.18886497777106	-1155.7044115242472	-6018.373213875364	-9846.16977709919
79000	-425.12939354480136	-416.7222187039507	-409.1394594773349	-397.0166315544519	-387.37523458575384	-365.9917674435661	-354.1895608391201	-344.3633358081578	-340.9861024077008	-340.5535001501948	-336.95870338374	-373.13601208474813	-462.6428246452192	-324.52131403102845	-1054.322038348915	-6038.597123863392	-9844.209983037845
79000	-416.13753156649807	-408.44613504328396	-400.13524391277286	-388.5331221674014	-378.7537325644705	-356.97658500449205	-345.8187226081852	-335.43438208280605	-331.6510931122352	-331.7999878537668	-326.73030417220605	-360.6968338909433	-450.3478999852946	-319.0585783676098	-968.66467312853	-5989.0729285308325	-9579.211279228732
79000	-401.81315938114955	-393.7345755924046	-385.9238918176516	-374.3536428516063	-365.1196036852192	-342.8963959051046	-330.5809739641185	-320.2237907982624	-316.34714299057185	-317.2055795588294	-311.369202661748	-340.4800902256872	-419.9144806846928	-302.5542923686647	-930.4863760223251	-5718.4081311940445	-9575.968796498913
79000	-420.87467133459285	-412.4474432469337	-405.6364160477145	-393.2557933151562	-383.44733787589166	-362.0726543792634	-349.8827112906864	-339.2371006485001	-334.529031929821	-336.042425052608	-329.67118566737514	-358.7840525393617	-441.2561665729587	-322.23538671155666	-990.8770076491577	-5864.535431065895	-9561.671294818854
79000	-436.5254223184415	-427.6096210010503	-420.48576562983857	-408.9697030115407	-398.5336469770007	-376.45716124637835	-365.5914757938622	-357.14210280101906	-355.71003622335684	-350.5632143061197	-353.6234608241055	-401.9146022923714	-507.6459504458005	-336.8203126355327	-1142.4098351487123	-6573.32142107343	-10614.636805544988
79000	-434.71306205050587	-427.1185763915816	-420.179663391059	-407.9558858569387	-397.8565884070419	-376.52417537142526	-364.9852984371005	-355.0609680213819	-351.54997217333795	-350.56285685099147	-347.6656835725169	-385.04924872754725	-485.7822067921846	-337.6115311626935	-1066.0810741904168	-6059.416510187782	-9860.213823079113
79000	-446.259640223046	-438.0269411482394	-430.5635631956772	-419.13578398129687	-409.5027788506015	-387.26381670369796	-375.80803210409175	-367.08881551609494	-364.45344543115175	-361.24247502586064	-363.0519954203716	-410.5132710862345	-523.6898210591954	-347.4027589336847	-1158.8255290771629	-6352.435042416119	-10356.851330684081
79000	-402.9364345728288	-395.2803791333729	-388.02238431080553	-375.1918703069414	-366.08805440977926	-343.8646515811179	-332.0169803437153	-322.9036378702191	-319.8503840278327	-318.40192511769106	-315.8407253039492	-351.84407391654264	-443.68009789075654	-304.5909072668293	-967.6654473464339	-5914.511364787836	-9891.15873180575
79000	-424.5058762600755	-416.5326876939553	-409.4230836096718	-397.0312709608236	-387.88751275813473	-365.63804412702683	-354.2891365117638	-344.36267826704625	-340.9817794631988	-339.93137702515867	-336.9987771805191	-372.1062991561937	-461.0567189934458	-327.27809524951067	-1030.461097450884	-5909.378567233479	-9718.04554988537
79000	-453.6262392513601	-445.4878131733639	-437.45829231197314	-426.0631819565349	-416.4905148026179	-394.5854520565509	-382.7380887914407	-373.33427762151024	-369.88844495907404	-368.6772523646798	-366.02553419003897	-405.4175342718676	-506.0124515144406	-354.5989440636567	-1090.1231122139525	-6120.510640360128	-9918.461429364106
79000	-449.3771534239968	-440.92530977435104	-433.2318952619433	-421.48337779518727	-411.70141827349346	-390.57771262669456	-378.4332451135862	-367.8585103449272	-364.5803553271633	-364.1645844533322	-360.5089983508757	-395.42331972005024	-490.3651508071951	-350.1399719226774	-1081.0913708167127	-6158.95601209591	-9870.665536511931
79000	-441.4634083032882	-432.95952195106463	-426.0416160678944	-413.48116104650717	-404.4300152366572	-383.2169015410923	-371.92740338921095	-361.8047419753691	-357.8270014654023	-357.3076775536407	-354.66282298348403	-394.06063499582376	-522.6366297110479	-346.2014873855459	-1060.3210296981567	-6149.108508614427	-9837.932956775558
79000	-474.03878863789225	-465.58491484418215	-458.26423349431917	-447.17998205980643	-437.10820613811563	-415.7364362325651	-404.31173826632744	-395.01041973968904	-390.86979575455143	-389.7826973145866	-387.33283318035205	-429.39749620499794	-543.8850067964399	-376.09220924771967	-1156.9073369679415	-6135.6925210152185	-9841.601166627303
79000	-411.1827518399298	-402.7052606175407	-395.62726451132784	-383.0545805979741	-373.41015812267864	-351.8635796657821	-339.96515118637126	-329.1151564541946	-325.3439942486504	-325.3310806835697	-321.49977868616395	-351.81931522615355	-435.6740223474003	-310.6758970371058	-990.8433375867439	-5967.985320387195	-9739.026891243331
79000	-439.827156901047	-431.69276426256033	-424.1930874039455	-413.28600616227766	-402.8160906628499	-381.3359341183008	-369.55946372687305	-360.20649738850835	-357.8202414395652	-356.0461238938348	-353.742255709345	-395.03117600856694	-503.61000277995214	-343.59555009710914	-1069.594514976384	-6097.563692255655	-9918.337373499759
79000	-413.9917275748159	-406.0456100024755	-399.13421108369124	-386.53401347337854	-376.38167146363355	-356.33857635347425	-344.00023363492613	-333.9775394133536	-329.93270982378397	-329.7179685963843	-324.7168355747483	-360.14850771116886	-452.6484974006061	-316.8509053900111	-976.981851568812	-5725.272881598498	-9408.05643889339
79000	-448.74939807022594	-440.34523583353564	-432.97690864366854	-420.2855454074387	-411.71374490164476	-390.77649465072943	-378.23832948092536	-368.79906784466584	-363.9810159541045	-365.5252758339969	-359.8036126355264	-394.6901372521289	-502.1737112064418	-351.9203605804768	-1045.3418356264976	-5781.072827855884	-9518.198555940573
79000	-475.7623193596664	-467.6741926866623	-460.2394624069613	-447.7464629279226	-438.4234946397843	-417.1928261437064	-406.19297823910665	-396.9924699905266	-393.6996564457629	-391.811291981464	-391.66873614269497	-437.62060821165073	-560.1033993859463	-377.3572815079292	-1195.4387989873483	-6412.761167855662	-10092.042831833665
79000	-415.193192812979	-406.47550030490834	-398.61403442875525	-387.22715759184894	-377.0280035438078	-354.89741988325494	-343.7344555701591	-333.09600895121883	-328.56517915435046	-329.5908078075741	-323.5309771335216	-351.58396557190997	-436.21715106128676	-317.91215206036844	-920.3039516265125	-5789.189803828953	-9458.760442604193
79000	-409.1031071380544	-400.64808821013537	-393.3851333078882	-381.44654128468005	-371.5695171682901	-349.644034151184	-337.77264009092795	-328.2811531662188	-324.1202493772421	-323.76916982609924	-320.2914065616173	-354.8274915783124	-449.5566118966673	-309.5881741438526	-988.9267840913692	-6097.0430627231435	-9888.252903289062
79000	-387.2083248439217	-379.00290547212836	-371.3002391199721	-359.4915509337668	-349.77303068959327	-327.8422095709696	-315.73867348427615	-303.99511992155294	-299.78693882756596	-302.39628141517477	-291.91251377080823	-312.94884961406683	-391.75090500634593	-290.0659602083001	-879.1724204859811	-5303.6995282826765	-8913.546286643672
79000	-471.8253754149862	-462.898681472349	-456.21425530864593	-444.15424002081954	-433.80713406520357	-412.6014536073043	-401.264263327007	-392.9384698288226	-389.51763441710585	-386.96917138427636	-387.85586917654206	-435.3797330505084	-555.4354960010677	-374.6397959246738	-1207.1247592245118	-6277.375242341096	-10084.069143474388
79000	-412.7117699134397	-404.0687265139734	-396.8623068732888	-384.6947945788522	-374.6283598198997	-352.99985052486	-340.9892960896877	-330.7865759596264	-327.074367980142	-327.52010693026546	-322.36392124688695	-354.793382273994	-438.75423385629875	-312.5288646805645	-1001.3517647951182	-5838.864718958336	-9725.440743885616
79000	-429.8313406479375	-421.58303332889045	-414.7542054386086	-402.01118293040554	-392.62566556056186	-370.67464941958127	-359.30838744776315	-347.9688744185565	-344.28632937521246	-344.4639063841465	-338.94700809769597	-367.5004086071907	-450.9748143042395	-329.8704675946788	-978.1769239514915	-5972.7966558198195	-9606.558053056864
79000	-422.2352901390574	-413.7387292645002	-406.667794798745	-394.62510271351243	-384.679277410489	-363.20966862167734	-350.9558980509395	-339.7499502313424	-335.55455516406033	-336.9095815933083	-330.85666480652156	-358.1620767461374	-436.3179736349298	-322.30501727920347	-975.064197023877	-5822.983723379607	-9496.427930170528
79000	-418.52909917949927	-409.83104242505925	-402.38364952620367	-390.8812141664681	-380.9024078105279	-359.70410769963087	-347.8676683701311	-337.73384162848885	-333.82567804321593	-333.5584749323498	-330.4115459870264	-365.3157057318799	-459.5309101026313	-319.7212745968193	-1010.7599854030377	-5979.3064988296965	-9686.15405173976
79000	-431.014994124178	-421.8854592239073	-414.73189670134644	-402.5051445692635	-393.0147475920663	-370.81914384011435	-360.0185403656653	-350.5386806711799	-347.49615895311734	-345.217598846084	-345.15473913874763	-386.3727694738181	-487.3481148978722	-331.3453008579838	-1065.4076823788314	-6167.468045439072	-10030.797108931692
79000	-453.6616925370803	-445.03137545226883	-438.1316838813536	-425.65867396255794	-416.20555680957585	-394.1067416034896	-383.2278081827086	-373.59851617049446	-370.16978077714924	-369.9849192025734	-366.050325776854	-403.33862430178357	-512.7624463802233	-354.8629475245851	-1100.4312731610237	-5903.8799607546125	-9731.78773868252
79000	-422.2634924658375	-413.69070872970445	-406.47861824153955	-394.6995998388502	-384.47471152583233	-363.8173417651845	-351.63994981536285	-340.23692178831567	-335.4530754764075	-336.6347276828349	-328.5305341852011	-351.320043384957	-432.5395750421656	-323.8703781664566	-955.3690763287461	-5519.110355600895	-9096.392902548108
79000	-458.0549290116003	-449.9035266687545	-442.29055319011394	-431.0877941074708	-420.9844691235597	-399.4345172501586	-388.22634932021805	-378.5597248317978	-374.96950521397616	-373.57428677803847	-372.46177987887444	-412.83075521871206	-511.7332450377118	-358.66939027535295	-1150.253690218341	-6035.923348420315	-9846.360146216444
79000	-401.4593653182794	-393.30994072913813	-386.5063584021405	-373.3328884567537	-364.462318049785	-342.4524920496479	-330.42157428734885	-319.39310497740826	-315.4304822819262	-316.79519955612557	-309.14042154814365	-333.8121956000159	-412.25255797510704	-301.6721659406574	-897.6146955737518	-5697.104308774205	-9238.825902634158
79000	-448.83047228250217	-440.73615361463345	-432.6907078930639	-421.40895282418126	-411.3403259723657	-390.09267090447577	-378.1978449627955	-367.7505108443766	-363.15663471649583	-364.62979100471443	-358.742963115396	-389.3684209358739	-488.67206411286435	-350.18815291980275	-1081.5729247723475	-5661.645540859036	-9385.543900876068
79000	-396.6672780792872	-388.20788711134213	-380.82622166193613	-368.47901925417034	-358.2823160298439	-337.1676495794487	-325.0873092603922	-312.90139848639143	-308.49903920509973	-311.2392752874139	-301.97131958503	-323.8193566673276	-395.7014984151765	-296.8402078414686	-888.4064408340422	-5521.497211401423	-9158.621046036043
79000	-414.24333233753816	-406.0509293171266	-397.88604530986123	-386.167795128738	-376.47364910413796	-355.61505601266856	-343.2437450738897	-332.5596792334342	-328.5129200497686	-328.8015354411916	-323.4250687370985	-352.7054522644385	-436.41794399415954	-313.95888957737645	-981.5263672165446	-5902.976240981932	-9653.750595487621
79000	-452.09482173404666	-443.6475466224078	-436.32029676623216	-424.3903537721451	-414.3342862539761	-393.1803735377138	-381.5280762513538	-372.4757373373152	-367.8302811027931	-367.2562506668329	-364.479430420795	-400.9254322632965	-498.8877145555346	-351.45388420436166	-1114.9899618912614	-6194.220416058385	-9830.799638424569
79000	-425.93987957341153	-417.727551256715	-411.22467774434136	-397.702419631607	-388.22489790996735	-367.5508453945676	-355.73743982649023	-345.45798793147276	-341.009162189604	-341.7849631126406	-336.33051797404397	-368.0708799739327	-460.7673767958258	-326.72104937224503	-1009.5303715594247	-6044.825376167925	-9706.03873310516
79000	-437.24139929116615	-429.00223466123526	-421.8117606150742	-409.4853466478769	-399.71278156540836	-378.428757971426	-366.9798864474111	-357.5948979229885	-354.1845937706152	-352.915637238549	-350.1847327542422	-388.6424948253228	-497.55708861091375	-339.2898988801451	-1108.326552363161	-6067.091046613616	-9854.654593425317
79000	-412.4643514080285	-403.7319928418134	-396.5320288570443	-384.35770529119145	-374.52259870304647	-353.04930012143166	-340.9295043127661	-330.03098916420595	-325.3249237581514	-326.9883061475355	-320.6234799857576	-346.8997707554875	-421.4506332963075	-311.1467593600154	-943.7415166409464	-5915.375762991045	-9524.045629400382
79000	-468.50158390433404	-460.5122741323028	-453.25351002670953	-441.4256003222489	-431.73547262902866	-410.57569360382587	-399.05829260538536	-388.8991391527956	-384.6572586453705	-384.7511569225064	-379.7723384418294	-413.6297113359241	-521.8264655342517	-375.74210986237426	-1115.232261801955	-5797.899572424175	-9376.088507057986
79000	-452.98081239043773	-444.72982395335606	-438.0203239448279	-424.97077762793924	-415.79054492019407	-393.9590673768069	-383.4798545720383	-373.60359975427144	-369.9660807885448	-368.68580344187325	-367.8685728360997	-411.68784810831	-513.5593268987528	-355.402322837099	-1115.3397099655438	-6192.407641202073	-10045.22950500476
79000	-423.17607004087	-414.9071877612641	-407.828917761146	-395.51165673219793	-385.7924638170938	-364.69759088019526	-352.0132018585967	-341.10202380586884	-336.4715286256934	-338.4278260756435	-329.59576191601104	-355.6322005474282	-434.0305901601319	-323.05010491633095	-991.2271543068551	-5777.437190731262	-9452.94672138573
79000	-448.41444863541096	-439.49335297369817	-432.3593211248038	-419.75048718104676	-410.4523519584967	-389.79093705754735	-377.5204615032752	-367.2902806210871	-364.00160566890656	-362.96543114491726	-360.0499669460726	-396.8401954418946	-502.2920753035991	-348.9919032434214	-1092.551584691719	-6109.087847954671	-9785.364725642385
79000	-435.5471322303645	-426.3959132773548	-419.63980759585814	-407.0843784145362	-396.8076092483025	-375.6300797157699	-364.54276671949754	-354.8468187936798	-350.9899544602035	-349.75470462855594	-347.0812657869005	-383.79767066323757	-480.69238018730147	-334.3954168414207	-1044.2278756252072	-6114.049772845019	-9949.208393965895
79000	-425.01302503174645	-416.97274579304553	-409.11828124977427	-396.7979833934618	-387.3953199845398	-365.94709462212825	-353.3562257149377	-343.0067736537548	-338.7332696744995	-340.19432814380775	-331.49098620815283	-356.6887330543562	-432.38697514559425	-324.4711033802063	-969.2391181928399	-5622.102829911595	-9226.735739143496
79000	-416.2690058919876	-408.17912338216126	-400.3148915331929	-387.714429604516	-378.26779215823774	-356.28463695202214	-344.88270414858977	-334.33169197072704	-330.0656437942277	-330.4290622717857	-325.201750565081	-353.98135819734557	-437.6429328379848	-315.98840025396015	-935.2293587071335	-5781.893335139699	-9580.994765598824
79000	-450.7834626833806	-443.20070600646045	-435.71026493139453	-423.7133286840808	-413.66658019673554	-391.6580106275675	-381.0949727211332	-370.60246158671475	-368.06900018782903	-366.8955713753653	-364.5242835680694	-404.7948441431658	-510.65308379311296	-351.2847072297193	-1132.8676670226962	-6092.497424318238	-9803.106769146192
79000	-445.9388348732099	-437.6031022794253	-430.3145620749562	-418.43630032749763	-408.7338908990006	-386.82885972533546	-375.15262049382306	-364.4543136158347	-360.7440917323839	-361.075964322064	-355.4411354216539	-387.27146741318427	-472.1888896199945	-345.4269606680904	-1053.629838685736	-6039.987845695743	-9650.128815843907
79000	-449.90624218943645	-441.2531685009549	-434.48775854923207	-422.25531159149546	-413.31901224302516	-390.67193063190587	-378.9930308017845	-370.66723483542785	-367.28711374269585	-365.46958698334294	-364.11533468404957	-406.2031771579828	-507.4470267117646	-352.9234465287475	-1095.4256479205242	-6125.702527520687	-10065.381103323183
79000	-425.06775066490314	-416.58714135373634	-408.77866595991367	-396.5099907486814	-386.59755940194054	-366.1137567175318	-354.1973768233067	-343.0709962306677	-338.12362769298096	-339.5095372306868	-334.1495585210267	-361.78169103197627	-443.0724056742029	-327.67424301909205	-954.7867383227391	-5948.140738651012	-9619.824258903896
79000	-445.55434623967574	-436.31289209406077	-429.60221440770994	-417.6571126952407	-408.5302792529426	-386.2259748127215	-374.712335562353	-366.19422115105147	-362.0868795121257	-361.5600605210332	-358.8638202731182	-402.8070945817955	-519.4177574296402	-352.92563622939997	-1041.407320891009	-6047.012931189397	-9798.725247739621
79000	-408.37486375041937	-399.59295391733366	-392.61143952616595	-380.43201135248376	-370.97144452080886	-348.7159810641876	-336.73596379666316	-326.87547444709276	-322.6182965822458	-323.3392121616502	-315.8246618563869	-344.1275549920309	-426.0709458372955	-309.3847029460294	-944.3285200451518	-5799.748699365234	-9505.341179081857
79000	-463.86344641098	-455.80333252199574	-447.95598809182906	-436.3196986866161	-426.6909814055099	-405.11533458824067	-393.52889377321964	-385.504618734656	-382.0835602475214	-379.21502697948154	-379.6335074139157	-423.934657863236	-535.5372697826427	-364.116875863089	-1168.111676056606	-6239.114175538286	-10071.695123504063
79000	-443.09690079396916	-434.43868444517517	-427.51465366344274	-415.71205014526663	-406.0489655836403	-384.8833998806109	-373.1813007182835	-363.8272012729587	-360.3377310264143	-358.4750409624525	-356.9312151247735	-397.7945876780854	-510.7959139567718	-345.0879813281324	-1095.554290557374	-6208.651263241319	-10070.925772117418
79000	-422.0477045760314	-413.34848616168904	-405.6398273699327	-393.02005414654013	-383.6305712240227	-363.11184023375216	-349.87132784717664	-339.7398157453028	-335.64139614932844	-336.59104533626083	-331.25762750831086	-362.09682547702977	-451.7732899608824	-325.9722578214332	-963.2969534263106	-5776.307914110459	-9384.937040235158
79000	-457.02982266650287	-449.2647084046129	-441.89922384969174	-429.679871280468	-420.2335294777281	-399.0702011186636	-387.5769368346334	-378.2655755048103	-374.4561704828879	-373.32850657987166	-371.60989986175855	-414.11551123631614	-515.8774538576611	-358.71920784280616	-1137.6051962228694	-6202.120327282205	-9831.11656522491
79000	-436.07553505782744	-427.8592227008732	-420.2856938412613	-408.18465912115505	-399.08957731817844	-377.23723373873577	-364.8291888746415	-354.2737070726012	-350.2276144183846	-351.52557141984994	-342.5496101537662	-370.57126704304403	-455.2188489135491	-340.33995140141855	-976.8493681523058	-5521.5247083841405	-8993.223398210162
79000	-468.76964426159475	-460.17488654644137	-453.2351162407751	-441.7002587332545	-431.4346990672715	-409.6892459247728	-398.76002391528465	-389.8361314330682	-386.53239078214875	-383.6778515434464	-383.67522028799476	-428.91197317428936	-554.9446057100121	-371.37975196580567	-1147.3280359694165	-6133.702560007477	-9927.425050576003
79000	-397.0969741868827	-388.9687165415961	-381.58061337429666	-369.47528591059324	-359.3942958403296	-337.56792969604055	-326.2265812087593	-315.61751931939347	-311.37509405063776	-311.7607902988906	-307.08549948398536	-336.51058894792203	-423.6330799645691	-298.6614703560071	-933.5620879849677	-5815.613258027547	-9539.646631298618
79000	-438.218691494906	-430.09185077824435	-422.506321119225	-410.6577511220165	-400.9141223077895	-379.0195914175704	-367.78088395648564	-357.48584190966903	-353.3044275532021	-353.77955211804925	-348.93305126377913	-382.98886790315225	-478.9031478642765	-339.92267859228895	-1005.6197228263551	-5732.147980215077	-9459.233997156454
79000	-489.26804954342236	-480.6764875620923	-472.94902965359444	-460.7633022515912	-451.9513851790116	-429.4412716852957	-418.7095373619323	-408.86325133854245	-405.92483587336983	-403.7865230031357	-403.99664867757025	-447.8752925501207	-551.3712472852006	-387.1859442704886	-1248.7918763880439	-6534.99083685845	-10263.804356210225
79000	-431.2853133102566	-422.5164494709995	-415.5958813612995	-403.07026511028255	-393.97029003345375	-372.1692512174308	-360.15184738787053	-350.087666341263	-346.9546591724704	-346.8438711875697	-341.6734471549584	-373.3888062010552	-464.3299728576318	-332.2329157119252	-1009.0531776981766	-5845.82895810944	-9492.839460924926
79000	-429.8808294636036	-421.7944942246507	-414.6474553354374	-402.25329193063783	-392.67140877524736	-371.0821488641156	-358.7285518851841	-347.964439535491	-344.08485014573506	-344.9518866840855	-338.78894552508183	-364.88202139380536	-446.8188052359986	-330.9396272441584	-994.7635449410177	-5841.482365312096	-9637.951905063506
79000	-447.4870742304585	-439.13261593253435	-431.4463012154826	-419.38613295239304	-409.89793915638523	-388.8877316706547	-376.7830465816031	-366.2671238039026	-363.41676552708276	-362.97956044899644	-358.06510840677515	-392.9587039438532	-497.8088457936858	-350.4010584993809	-1029.5338142979338	-5825.355588209162	-9379.04315941359
79000	-439.3084593270809	-430.79498872627096	-423.8010717914112	-411.44887308802276	-402.25009420497986	-380.5265334179848	-368.8460061507001	-359.76586467983714	-357.38830270765123	-354.4384375806542	-355.07182089209414	-398.089262953945	-500.5755226305713	-339.39652801573885	-1102.3988952420088	-6366.38307926896	-10235.171874333453
79000	-407.7075695923236	-399.6979929329714	-392.1794217531862	-379.8332847860969	-370.13326481577127	-348.5201061300011	-336.75611365859703	-326.4252093362903	-322.19048833735417	-322.71826808742736	-317.341853602128	-346.91110990813576	-427.95313485490624	-307.73087276385456	-953.8180120699794	-5884.559533504266	-9599.582173756931
79000	-433.04650708737694	-424.459361047772	-417.38336249177456	-405.3289690789072	-395.7483854879721	-373.9469759555583	-362.67495891285944	-351.9114150888435	-348.1814520024281	-348.27470106691726	-344.4715507334091	-378.4730119536165	-471.6999363006815	-333.4845140005544	-1035.2254742999037	-6074.724246115701	-9917.566982151682
79000	-410.0147654851224	-401.72161263556364	-394.41644837940856	-382.18886655441145	-372.5974378756328	-350.93410134411994	-338.9032254634767	-329.0638626671846	-324.44529474780114	-324.95637997141233	-320.05909788758396	-349.6556449492911	-432.4721240458646	-312.1706376186654	-928.4119687170264	-5893.916688105664	-9652.625451434438
79000	-443.202685056856	-435.4615447367409	-427.56934936592785	-415.94099321541546	-406.1798372153527	-384.77131359593636	-373.16342609669675	-362.4039769561116	-358.34345117312705	-359.3286037373867	-354.5817923244243	-391.53867241857034	-487.6327394466956	-347.6567204309086	-1057.727084063774	-5924.9316711850515	-9520.827007909862
79000	-417.84508232720935	-409.0344284039347	-401.33641767526154	-389.72972325874366	-379.9226313365438	-358.3116799930575	-346.565192720323	-335.9851110709434	-331.7819769548531	-332.17048445754386	-326.79098721591345	-357.0230533271578	-439.0060503035548	-320.24436362984204	-981.7181119425824	-5789.27166514903	-9469.85084499608
79000	-423.9501710305557	-416.1089516250142	-408.2208954080408	-396.76774617148067	-387.17525801648	-365.28311219210156	-353.890590615084	-343.2382193110455	-339.6243433463664	-339.75348327778846	-335.30313800545156	-366.96873381974285	-461.12936866011427	-325.543519261352	-995.0937647926982	-5746.284997747061	-9449.39481958454
79000	-407.62216399657353	-398.93971221951887	-391.07681131883606	-379.716054409516	-369.80069675921	-347.9228129368079	-336.3803121384062	-325.83863160420606	-321.37230258119774	-322.9598361814937	-315.9877400440303	-343.6666749540904	-440.4698022425311	-312.7516344106066	-921.9409443720103	-5747.621078591243	-9415.15521611083
79000	-425.13768195113533	-416.67989073959086	-409.602238929214	-397.2169509842885	-387.2227828582234	-365.7186519250222	-354.2726383789447	-343.5369538250419	-339.1375636182737	-340.5208276498097	-333.2987222118545	-363.2714999008829	-443.4835162805051	-325.27402575684727	-1013.1768314793562	-5680.7363334947195	-9290.75411018198
79000	-438.0398275452986	-429.15889564248863	-422.4130953838923	-410.4066285114568	-401.62237593014146	-379.4570107222028	-368.26528257120304	-358.20500611870347	-354.2112054076398	-353.90661452761987	-349.0159986056484	-382.4364825623168	-492.655519937751	-342.98524747812843	-1015.3889344776063	-5777.115384064061	-9455.183995185422
79000	-456.28560654421943	-447.47601285494176	-440.7211103529982	-428.12283593303096	-418.64490990855006	-397.68007536669967	-384.7831998102495	-375.84943998216295	-370.99658841935286	-372.38795654269524	-364.22046324215455	-394.7029789360918	-485.0298966374522	-357.07483357402486	-1038.4633544259032	-5838.175023328113	-9476.457005043056
79000	-465.5635705326285	-457.0040090542724	-450.24427367925097	-438.5916747875085	-428.27244004152675	-407.32095164794725	-396.0106502888354	-386.7737631494278	-382.54556196487175	-381.1304804810675	-380.78046817638636	-423.2869792770468	-537.01208897917	-368.71557817608493	-1145.2017738751747	-6098.731278305198	-9752.154285217952
79000	-446.9075286201331	-439.1174509191511	-431.3025395689412	-419.9782463646983	-410.0931761570173	-389.2323316074268	-377.7384833295855	-368.7134161198547	-365.5433283785401	-363.4612508251283	-363.550520043802	-409.45870758443095	-527.9071332023359	-350.5815545634753	-1118.312829875052	-6186.404265043341	-10004.60014610311
79000	-430.50177684511345	-422.32931919981013	-414.68774841071144	-403.0244393834954	-394.07587925999036	-371.41707397725935	-359.8976578415705	-349.75756123354495	-346.6814221371568	-345.6073443895524	-343.85455966723646	-381.21849868569296	-484.77878896765566	-332.17913664215564	-1033.4250351501908	-6099.979644156366	-9879.65950100643
79000	-418.8596741950609	-410.54701334292895	-403.73282860321075	-390.854673513432	-380.9695486502448	-359.78443849722703	-347.6812466598411	-337.06640661601847	-333.2954845540685	-333.8708847706137	-326.2225066000708	-351.418512234869	-435.4038482211187	-320.1058694162362	-946.1588616470116	-5758.831305513044	-9305.736866491829
79000	-457.1272144293369	-449.228580499363	-441.5620558915222	-429.41915307856596	-420.1027823372431	-398.576157232388	-387.5304622883395	-378.32070830422634	-376.048554237961	-373.5508047250007	-373.94876996230005	-418.61450943929066	-527.7598255950656	-363.1192445529817	-1121.5079517163351	-6154.498948232849	-9846.782515528947
79000	-459.0269858478428	-450.40500411184195	-442.9645368986409	-432.025082998926	-421.5560870263746	-400.0989272593795	-388.16216314036075	-378.05168842187777	-374.62144631138955	-374.1429248902137	-368.7793497551612	-402.22905662217926	-496.7535492559505	-359.4689467410223	-1084.8665529798616	-5989.2756429668025	-9606.629810410044
79000	-427.8989101526805	-419.90722063891076	-412.301830234277	-400.6351892921085	-390.17510487199104	-369.65051729246204	-357.4614326193836	-348.2754396599944	-344.6593480073177	-343.4456699449664	-341.85294504183287	-380.22352544790755	-479.49352242694334	-329.46426201490345	-1025.4624731808021	-6125.121492267099	-10041.996463924039
79000	-437.89049046507705	-428.7802669134278	-422.6710439148674	-409.9089355203083	-400.70996542536164	-378.9170498115875	-367.6847206090776	-357.94790754701745	-353.53091347419854	-353.6022281391043	-351.03587628642265	-388.53367559286363	-496.7404053266536	-340.0353243269247	-1062.3377409177	-6093.711526371408	-9919.067236132429
79000	-402.4754540992075	-394.26851548161403	-386.4620626715277	-374.5881347966923	-365.05519645104397	-342.9370192422509	-332.1296591712076	-322.18838441506875	-319.64683807820006	-318.6033154727122	-315.59567014388887	-354.8565210808847	-456.823833330982	-308.6185443521616	-980.6541579640211	-5985.267527447532	-9897.37540230262
79000	-388.42253773600055	-379.8085443208601	-372.829261534232	-360.72484150476043	-350.524533475747	-329.46543350981057	-317.35679763167855	-306.27826387268647	-302.36616110981777	-302.6085440428547	-297.7311124561387	-327.00243246029146	-413.0863047909003	-289.688521109502	-911.984763123646	-5885.505243276753	-9628.497879315164
79000	-413.1975463616065	-404.3349218831938	-397.718477947806	-385.9299102294706	-376.65344864861055	-355.2346243515888	-342.927063310169	-332.9187249604524	-329.48276540210526	-328.55093900282367	-325.24714663543307	-362.2697050910445	-452.2134932624647	-315.9578769417655	-1018.0867411564667	-6136.258690053147	-10013.12280847328
79000	-459.8415843625785	-451.44352746448794	-444.2151531716332	-432.05519621646044	-422.3440715299289	-400.9011797506881	-389.1808861894865	-379.84581750184844	-376.8740576938576	-375.12004364932284	-374.4844663212218	-415.9016094466699	-519.1442615488785	-360.73428450061084	-1179.7524715483	-6177.483357052245	-10037.262165150301
79000	-406.3771433059685	-398.28119550039816	-390.9183512908556	-378.9754063221036	-368.70358117775476	-347.523203179394	-335.00452477285535	-324.15356269185145	-320.45109750200584	-321.4774955766465	-313.46919640849967	-339.584398977208	-414.8434317316994	-306.44255384691087	-911.2486349950377	-5845.850438304052	-9446.356839510096
79000	-448.621052415518	-440.6246398481223	-433.51802449186295	-420.72563186801256	-411.1288469812029	-390.00424309516046	-378.2529687083087	-367.8475756608219	-363.42600729092254	-363.83035554895474	-358.23874428564454	-388.6670938726306	-474.30177484340834	-350.07753810879706	-1058.0699391926012	-5824.312005547925	-9440.526753856071
79000	-436.51054474668194	-427.91023124282844	-421.0293186382268	-408.2212569865652	-399.51977094368533	-377.51683056456716	-365.9659423303645	-355.5052927818527	-350.3393223840813	-351.61090050513144	-345.98660377680886	-374.3610717107619	-461.5025303618748	-336.55381691259475	-1029.5233567508708	-5688.097982728658	-9364.881486387329
79000	-436.41682820360194	-428.0363623830487	-420.4849157517721	-408.43216730575864	-398.7540942645856	-377.27550057951896	-365.6599314831196	-356.38171480350894	-352.75896509390446	-351.4281733457781	-348.978003881214	-387.0865637372619	-489.55086440592265	-336.5863188682559	-1093.3523017307457	-6101.521431892813	-9943.347610686096
79000	-454.64556525641956	-446.0665607379542	-439.312399182006	-427.4444025760499	-417.19314372054464	-395.81086664921315	-383.9018233750062	-375.32498844647165	-371.88971909812454	-370.67723266631845	-369.5670416048469	-413.82094334626436	-534.8124233249742	-359.7141810495527	-1074.3652215292216	-6284.157177375455	-10006.316863481221
79000	-452.26593331413045	-443.57927559860786	-435.8445564135605	-424.7518868242968	-415.2234825988157	-392.733803716893	-382.119756721706	-373.04324655744875	-371.84403510564016	-367.5112867065819	-371.23129392635207	-422.4396727254301	-539.9972925625988	-352.62363091333555	-1173.8277015686706	-6666.674228405153	-10723.478223711796
79000	-462.07885482187294	-453.46817444554097	-446.22411010286993	-433.4815431111723	-424.93575986213517	-403.6312828965597	-392.0343856228071	-382.50094237626365	-378.2553072235975	-377.27200855683947	-375.1846950069752	-417.049769417174	-533.2640333619387	-364.3797138841203	-1139.0751797354944	-5851.583926150185	-9648.06794595994
79000	-427.97966110742493	-419.27179086609823	-412.20258895399644	-399.79995635797377	-389.61915865683324	-368.5574204212905	-356.91114861425245	-346.42075742819117	-343.1392955088255	-342.74664386840806	-338.08931706154306	-371.38246607287	-458.97900894550503	-327.45090941346433	-1022.2518497112223	-5846.598887491913	-9546.520151833996
79000	-474.36566168256553	-466.0142385697025	-458.68443639216895	-446.79209989253866	-437.22935783037036	-415.5655764893854	-403.989395240785	-394.6871834452033	-391.38508555478745	-390.13509944088014	-386.9082174119886	-426.16318446827023	-529.7409115007608	-374.5458203370259	-1167.1018795138355	-6218.701273338062	-10014.988850486994
79000	-430.6970112927182	-422.6076048034097	-414.94812110904496	-402.5629179599538	-393.00920493945205	-371.89913040267874	-359.4712521922673	-349.8505928045539	-346.34875347574445	-345.2849516005165	-343.3984022064588	-380.46542249600293	-471.75049865543997	-331.45662175262186	-1026.6547886752905	-6064.933554135113	-9796.241797230294
79000	-430.10228120314076	-420.6034003982689	-413.652678947114	-401.69428624193404	-392.1592540543463	-370.36725649469344	-359.07610703682667	-348.8374403467266	-344.9364221316543	-344.9835544778786	-340.6998730060846	-377.03669602285527	-480.86691668296106	-330.99356215626767	-1057.86262426547	-5945.762130197738	-9739.009533467533
79000	-413.2379881581155	-404.90032496424175	-397.4624025189906	-385.5110123034892	-375.70192922462405	-353.69172299826926	-342.53690549529165	-331.8439634589493	-328.48397720714576	-328.4780710897258	-324.3275489911014	-356.9044556345776	-446.322200022627	-314.80704169569583	-968.3290780365214	-5783.29745595794	-9551.424363641978
79000	-457.16157733083594	-448.8063195907315	-441.8203611070937	-429.84245146256933	-419.92398218095394	-398.2797243477882	-386.55898924183526	-377.3495978825944	-372.87757789739	-372.940072719269	-368.48006545879144	-404.5741323910702	-502.62393770975757	-360.235407422521	-1086.725157690625	-6111.673546312704	-9859.410231103195
79000	-473.49158153804115	-464.6248428786832	-457.83502311485	-445.44454199688494	-435.81719970997	-413.84663146202854	-403.0966715512456	-393.7631228845655	-389.9500546985839	-387.747051622363	-388.72255097336114	-431.8153697175248	-536.081109747536	-374.20634120056053	-1214.6862880751316	-6307.319558243953	-10063.515387383413
79000	-445.70933517354644	-435.95832946879455	-429.3656308191302	-417.86257046567925	-407.8738454449033	-385.5663515390085	-374.92783255636067	-364.6837362636466	-360.7473528376923	-360.14018085664003	-356.16840146150815	-393.0059243819396	-493.9131693809338	-346.6827067519282	-1064.2918175756995	-5912.733472998699	-9540.79907943869
79000	-406.72392121381273	-398.12503306430557	-391.5086530078947	-379.3546157099579	-369.2627751821274	-348.2309288466832	-336.6836710381275	-326.0728548380165	-321.7826153935731	-322.7579047529945	-316.9746516727244	-349.9295657291222	-449.67604818899696	-312.2775474379833	-933.597194623842	-5516.985104449691	-9206.24415193062
79000	-437.36443980312634	-428.50386917331605	-421.2995413973728	-409.6368671138125	-399.4508298103767	-377.7558470418692	-365.8438693446126	-355.7948036141703	-351.3821650337685	-351.8205595099501	-346.7563245877237	-379.58791076889645	-471.9683284448014	-336.7063471480553	-1048.9568181429233	-5975.313968391186	-9582.680047195023
79000	-425.1066654475398	-416.5887324951799	-409.74326186705156	-397.475722318567	-387.74700741031756	-366.0591619061844	-354.16630129849204	-343.59692302872264	-340.14645247169244	-340.40575972183257	-335.4514915676512	-367.2615439897635	-448.14597563293296	-325.624158718464	-1002.5235345906531	-6133.482128507127	-9951.948865318576
79000	-403.6666447367768	-394.92600502504456	-388.0275748508407	-375.44724010892	-365.25341952632294	-343.7807103426931	-331.4263105209551	-320.4834686549222	-316.71190892220574	-317.73986041078496	-309.22245576573414	-332.40395115736385	-414.2689110096808	-304.35733518386235	-911.2527446469281	-5471.350854957132	-9025.416975987422
79000	-441.69009388474734	-432.7640747567255	-425.58617088399154	-413.6840586989506	-404.50869959716783	-382.59724845378844	-370.5881661045467	-359.9219844241543	-355.8226538967581	-356.32411174348664	-350.10399071592894	-376.8020838704256	-473.90946807281347	-341.86588718886003	-1038.1326128116766	-5672.213555165713	-9326.477605569362
79000	-438.66693701794014	-429.2043760454974	-422.4168019818956	-410.71296563486055	-400.91960532405756	-379.30704005380005	-368.70652974824276	-358.5188703637472	-354.8729346585475	-354.2667106450744	-352.3479265471343	-394.40084118419725	-499.34177481036164	-339.05827585962425	-1092.9051920248432	-6205.051338045361	-10041.009235453246
79000	-417.3500895835181	-408.65724861403197	-401.8301617744764	-389.2257793403569	-380.1229420576278	-357.72810014387017	-346.28755852317863	-335.21749777592817	-331.56764889210143	-331.94756044911463	-326.15866956453056	-355.29965552830265	-438.1415824962691	-318.2498016415423	-978.6722870542301	-5764.745963594524	-9445.93472309938
79000	-454.5254941481082	-446.1725753574663	-438.89572839812394	-426.67322404762854	-417.2448894374658	-395.78817765660983	-383.9995574322659	-374.66562150754555	-371.1031099844052	-370.402975385231	-368.4851492911172	-407.0253567913947	-515.9688861591872	-354.74264788453024	-1147.1836137921496	-6133.829734484271	-9869.949935172648
79000	-474.33304137383465	-465.8728080323073	-458.59912183105286	-445.9068642019978	-437.02140510170597	-415.0700092606257	-404.06850128366386	-394.3902856815836	-390.1284357635746	-390.2765182723647	-385.9017944948743	-422.3164048726822	-536.9913190501845	-377.1613395182226	-1187.8671863165168	-6017.915835845141	-9609.0715272215
79000	-448.79981895124394	-440.4825344926779	-433.3814892497157	-421.1123855051261	-411.20577732536094	-389.5777052704545	-378.16797326226276	-367.21112503807456	-363.8823498115957	-363.8455270102553	-358.5033855673757	-390.3455964885434	-487.2982351663757	-350.13836999141876	-1055.511519847005	-5920.061367622284	-9602.585639189563
79000	-465.2222490564957	-457.1196812813886	-450.4366832849127	-438.6320085237128	-427.79977445251546	-407.95351857875187	-395.945928999607	-385.0344268645068	-382.3892202030198	-381.4652528100304	-378.925694859203	-417.2386308612215	-534.424562642288	-374.8236312627403	-1071.4334555778341	-5833.503930014837	-9365.19219446468
79000	-441.33663220288724	-432.47603942647663	-425.40228630238806	-413.0337506396796	-403.59653558328455	-382.35160110300166	-370.6392174619571	-360.2362460105355	-356.9808608196616	-356.64724912953574	-353.19658301085695	-390.19900096136513	-482.82316662785234	-340.1088468240482	-1127.1528480621898	-6114.453451300402	-9860.4675680287
79000	-450.3756251022686	-441.8142235577003	-435.45906219621924	-422.4071680935299	-413.2341432258267	-391.89236067048137	-379.86917679018114	-369.84865816896405	-367.7157694850606	-366.3156402385227	-364.08208393723544	-403.32668407108883	-502.71909261293104	-349.8186823350607	-1123.5540852641998	-6162.450524908949	-9883.126040565774
79000	-421.013791861231	-412.31451869807967	-405.9610171533721	-393.54949100732665	-384.064321468151	-362.6383820144448	-351.3859871348661	-341.23763626487346	-338.4922269903263	-337.18564701379023	-334.66138918299004	-373.24141832529665	-475.55069587822345	-324.8028698032859	-996.490839287033	-6148.728433146568	-9948.375659804382
79000	-421.18762020796044	-412.52543861574986	-405.12217054418505	-394.1074522873773	-384.202429387132	-362.2270705499087	-350.53016647069563	-339.97577157928833	-336.27091391941497	-335.97236442601803	-333.2842103292838	-367.81385467413577	-466.0651982968155	-322.46712905729476	-1021.1022143892887	-6110.4647687191355	-9834.670263743938
79000	-446.9122863359341	-438.19040479031315	-430.9495080931826	-419.40817805373445	-409.29099353520746	-387.85028239429	-377.24862681230235	-367.71140417093477	-364.50556791342063	-362.4150192848107	-362.7214809442979	-405.175174232038	-511.1874441437266	-348.49738404706704	-1120.7889449922245	-6082.712239158068	-9921.323609161063
79000	-443.6710929349717	-434.3026023506533	-427.15938145959245	-415.4903203438713	-405.5812127125851	-383.8306320697911	-373.1160799569572	-363.50849938412506	-360.8339305102912	-358.9814798794043	-358.50427623741206	-401.47824822454095	-515.422456464724	-344.91767746677397	-1116.7961995594094	-6263.049973292519	-10176.404013627687
79000	-428.34067325558283	-420.19717969209506	-412.7795949989489	-400.3273480751752	-391.19993303790204	-369.5595922261643	-357.4286708546399	-346.6871026282936	-341.9619758641781	-343.4770042840995	-336.3737016062418	-363.01719335737545	-447.93631829702	-329.53182108783716	-1004.5932400037584	-5691.525480409172	-9364.086177325831
79000	-459.74266928426624	-450.99627289216494	-443.5540475212179	-431.4305299791456	-422.2208894002414	-400.05670464438344	-389.909299006358	-379.6963746020451	-377.2608867542839	-375.34026339798027	-374.03323188371803	-417.8502941191014	-530.0128405938061	-363.4976536995736	-1133.0637660854898	-6137.313385745123	-10003.348872449458
79000	-422.78727271712927	-414.18563145261527	-407.4575916179178	-394.85038824674734	-385.14229439389175	-363.4210855528107	-351.27500210504627	-340.9434001819068	-335.69230517319113	-338.03926592945976	-329.57310224937703	-356.98173993342425	-441.0066457671837	-324.17398354580274	-972.5835461400707	-5836.396722519661	-9518.136694793875
79000	-411.8116673884159	-403.85299399187534	-396.12684411148024	-383.8783578723362	-374.6059703245453	-353.51830765570435	-341.66431652868386	-331.07466080370534	-327.4854149340377	-327.1746759293417	-321.91687910707833	-354.79672308080984	-459.0146996299739	-315.76121124305223	-965.2151732193191	-5698.508442276956	-9499.21692268551
79000	-429.85444644905766	-421.2249635087284	-413.6819837669745	-401.6382346063016	-392.0806758812952	-370.8698364247057	-359.62421798474725	-350.0615673697428	-347.8924526116751	-345.29896918322487	-346.4169811604795	-389.1079903806095	-494.19184125861534	-331.86479221110403	-1048.2067072563675	-6322.4310939857105	-10143.357084413321
79000	-435.8292546589986	-427.36555806404186	-420.2970566167273	-407.5862327402334	-398.44306460089564	-376.94647910945395	-364.9249544462581	-355.815176060098	-352.49138958579965	-350.4356724178032	-350.386459031231	-390.9146283026914	-486.94608826942607	-335.5526826927619	-1092.2734862068028	-6311.964065229999	-10113.573839874734
79000	-417.5793635534987	-408.57473471996417	-401.46187500333195	-389.76125949980735	-379.14348865408317	-357.94217258414585	-345.9222524847663	-336.84395599941996	-333.4889102540937	-331.78487173324487	-328.92808814780665	-365.27031947988576	-454.9761893912442	-317.1801627262809	-1008.4669972959465	-5954.200317344321	-9706.48321272894
79000	-452.9239375794011	-444.85607658081784	-438.1319230916121	-425.62005240523274	-415.5857319079098	-394.4781269226383	-382.6893181725035	-372.1934460149443	-367.99859168992475	-368.16491617065395	-364.2895021554398	-398.325562695013	-494.89411662986913	-354.25362467324607	-1074.896840962455	-6030.763854650559	-9805.853460837176
79000	-435.91106627213503	-427.56248081217365	-419.5002539393765	-408.5060335839322	-398.11283018449797	-376.55822384551476	-365.0673601377626	-355.15601054804915	-351.5857276162082	-350.8650405202154	-347.9561339116887	-385.33577675890234	-475.9293676074591	-334.6309395924247	-1088.9755452098207	-6197.301750543839	-9999.71916392442
79000	-449.6909652867986	-441.38759018448263	-433.18802591271304	-422.5073194008886	-412.0458180636127	-391.2584404633854	-378.9703978955053	-367.56690610869737	-363.6029073522098	-365.32865859591055	-357.4695498194738	-383.2798008339624	-461.7297561150138	-352.0630306284861	-1028.9617913402178	-5781.292433883896	-9322.632718473566
79000	-421.5721785615572	-413.27077307599615	-406.11115158837885	-394.297666991077	-384.0872827219673	-362.5475889414072	-351.1306361301947	-339.68072952730336	-335.81298846564874	-336.6256039022388	-330.8095397080462	-360.32075312568713	-453.8354918135201	-321.5057281713662	-978.8266850760373	-5741.6085046793405	-9523.756471427243
79000	-439.0227007643391	-430.87247980468555	-423.4559165233033	-412.1070354793593	-401.6960014535441	-380.273399938021	-368.20798008999157	-358.4355674333529	-353.73863366630013	-354.33757887475497	-348.4767738552356	-380.3663102560365	-478.87637286357676	-341.18176788374234	-1042.1748306901964	-5680.447545732361	-9435.349166614082
79000	-431.9074225828518	-423.56198452313953	-415.96000006839955	-403.43191260134904	-394.563831708402	-372.3125250215818	-361.18431586857736	-351.55664457973865	-348.41155011191586	-347.35433180062086	-344.9752497952125	-383.5512285577726	-476.29287101070264	-331.9999574685597	-1037.0490714292475	-6146.778392341829	-10033.069282901812
79000	-454.51145986583924	-446.73308441490457	-439.1283549215595	-427.56167307436726	-417.31385101539934	-395.8718211419105	-384.49846585788777	-375.4735728303663	-372.1129234969523	-370.18680301165443	-368.90376524665373	-411.307215816115	-517.4807968942323	-357.43616042900226	-1099.8233894566536	-6376.375180217225	-10110.11556776704
79000	-441.6034613301488	-433.5867782663463	-426.6184675168583	-414.1455659079561	-404.46829427241573	-383.1026905310378	-371.15759319205944	-360.20173176771215	-357.1187003480646	-357.11757759666057	-351.4383270724127	-381.99578302876813	-465.69248614599064	-342.79254254323	-1041.507647288102	-5936.4530173704	-9576.371381204393
79000	-448.7141833995876	-440.7006931131792	-432.7822005872544	-420.65515122567	-411.07176833374814	-388.98014588767023	-377.5817752685035	-368.2462948524542	-363.64002407422674	-363.6510819017709	-358.97203626659865	-393.01821098206943	-488.55786579535527	-350.03675321077077	-1062.8108908937752	-6039.4241190779685	-9721.481054758951
79000	-474.6410749555724	-466.63532746558275	-459.5598877052532	-447.4718729521869	-437.8293834502698	-416.6157206485639	-404.41224947423683	-396.12937448273567	-393.0659304880313	-390.54371400218423	-390.734754731528	-434.3089249983042	-541.5742761685224	-377.7211416606441	-1186.405066947641	-6020.674153710774	-9875.446950266081
79000	-405.2117799373978	-396.3894816933051	-389.0739904931608	-376.8738718545533	-367.05102421098724	-345.453615970393	-333.23331220390116	-323.58018719887895	-320.2325827875381	-319.74606153676876	-316.7110241326234	-350.2268473102214	-433.66077267959685	-306.3990084680482	-975.0862462248633	-6165.236523195105	-10061.52217929858
79000	-447.393412916011	-439.1263404735747	-431.08534854568137	-419.72489146533314	-409.8467137517935	-387.89071661239535	-376.7256386223418	-367.82140078017386	-364.5540199519392	-363.0021811791737	-360.00082187926995	-398.8987322221425	-511.24117256235456	-350.75561240294616	-1077.0780433124824	-5869.093619014124	-9575.089478320255
79000	-396.47560664880007	-388.0567475208101	-380.9581927601608	-368.4295932818469	-358.9750419568508	-337.5113077654221	-324.76482379051004	-314.57882943576817	-310.8061145565166	-310.96820207360514	-305.317005469516	-335.07386996505807	-419.38497830021805	-298.4533678279953	-931.8515878408789	-5844.960587854112	-9537.981446244761
79000	-419.5455052759604	-410.76642542735584	-403.442289548554	-391.0695293521875	-382.2006955107085	-359.6624853950061	-348.82360700333743	-339.0406936294194	-335.8279534194712	-333.9541531952827	-332.3892852275895	-369.8225430189463	-467.70001523124597	-320.1404501434567	-1007.3706885747666	-6008.579425824512	-9870.553101541826
79000	-467.9125808262855	-460.25264988963255	-452.4595334358866	-440.21621687668403	-431.2589920709537	-410.99965048050694	-398.5905271678736	-388.7979202077479	-385.8697326172878	-383.9376072984184	-382.54426923186963	-422.61978188238646	-535.1244418294258	-372.5632528653437	-1140.3918238334752	-5911.854851464221	-9521.819936656253
79000	-417.86274851882854	-409.2426453816927	-402.3350482688642	-389.86838800912665	-381.0279816180297	-359.4663979032144	-346.42693389578585	-336.0740332632986	-331.50742153445674	-333.32059320829325	-325.53632154214256	-352.7059836007366	-434.97800048349075	-320.47077718065447	-949.0556179602186	-5520.650486691378	-9112.742438409843
79000	-437.89584010102425	-429.21563569155194	-421.89303703009074	-410.4403141884577	-400.4816165353531	-378.3943107032994	-367.3842202364568	-357.07738368103827	-353.62236061400006	-352.9941566264818	-350.2603857403486	-384.8195773742681	-485.06388960721694	-339.892596543996	-1025.6473634922236	-6082.560972727114	-9758.935075599991
79000	-443.4384371874476	-434.8437922957204	-427.38362333188815	-415.7197575257934	-406.467950539139	-384.8260256375949	-373.2746551934359	-364.50848533426455	-361.71369170864756	-358.5481605477402	-359.73824713175827	-407.46257264399753	-525.8486571726606	-345.6783921097806	-1127.1258357114211	-6246.940924172013	-10165.857257182388
79000	-414.50815743707864	-405.9918291027851	-398.7193607589175	-386.6343143378713	-377.0595472953051	-355.73840552398354	-343.7483162796892	-333.3884776290156	-328.5736210489849	-329.5164759807784	-323.69487828991527	-351.71200648321843	-437.7770655320632	-315.5903197299204	-984.0558420614746	-5886.642184630907	-9567.259478194217
79000	-433.45517569898794	-424.2789992737701	-417.3468221006703	-405.46696320104354	-395.5686812170817	-374.3616334652221	-361.6756749896125	-351.7921117633938	-346.97652104408104	-349.1590038280456	-341.7931011619568	-370.13335644206904	-463.77218889904304	-336.0864142975599	-968.6007490231547	-5597.564929289803	-9187.562530762043
79000	-437.7138768349687	-428.631037787755	-421.72000440860376	-410.200510586866	-399.89863932131937	-377.9717724393108	-367.0757139841342	-356.2133834165136	-352.6677046625361	-352.43030148159	-348.7451861948502	-384.84228237734266	-481.2648701682633	-337.68193135475343	-1049.1203222429124	-6008.507659878074	-9839.015842900102
79000	-397.2625283088276	-388.5784463827756	-381.69582424426284	-369.5164604368306	-359.94920636162266	-338.30579332520347	-326.15472226983854	-315.79512268936935	-312.0816036315469	-311.76572958542874	-307.41049624684644	-338.00786416336217	-421.48488971244194	-297.06696341821686	-935.9487975503193	-5879.815867572329	-9725.118520526175
79000	-446.45025718006406	-438.1970200681669	-431.00365311013815	-418.40575653547444	-408.9406293314348	-387.37520909606496	-375.89630034533843	-365.682452386573	-362.7188862949494	-361.4238504622728	-357.4510931545064	-394.3816135822699	-488.74223611133107	-347.41930530575047	-1088.431801195101	-5977.084390005957	-9609.409916774752
79000	-409.56735811203083	-401.3075803428129	-394.32647621050506	-381.63836786286913	-371.61788926137814	-350.4106593598519	-338.6632478444281	-327.79638887127044	-324.0813415476902	-324.2468606039253	-318.3896824779335	-346.2800073132749	-422.6016318702109	-309.4061792252326	-954.3643697518972	-5931.060469312395	-9701.848104387793
79000	-501.8763908812541	-493.34971770484117	-486.734684923977	-475.01257683521976	-464.95141032704345	-443.8459297115997	-432.40384055575515	-423.6531778018932	-419.6585475127693	-417.8879680524071	-414.7603249091088	-455.4481332023381	-575.1349629843444	-404.36169020632616	-1233.7149696097335	-5980.32462494114	-9591.842595239752
79000	-450.85522599354675	-442.6011801895319	-435.95967783624684	-423.0841315299051	-413.77960536798395	-391.9548105899572	-379.74904957887316	-369.75477639603963	-365.806724905197	-365.3794722107738	-360.4080840283183	-389.3736298290721	-476.68903546634255	-350.5365137957268	-1045.7287836374549	-6044.555380119262	-9534.540273845363
79000	-456.3229458457502	-447.9788221504099	-440.6318450882937	-428.8834377259235	-418.59907642236624	-398.01783841615173	-385.7917105708713	-377.13772137491094	-374.8115308447712	-371.86710600760944	-373.6451678911958	-422.23903086267495	-535.2855030425934	-362.70278167439204	-1156.4117806947895	-6458.957785685948	-10412.843215306286
79000	-431.27515731765084	-422.59154239484974	-415.4262889073697	-403.5210947650962	-393.5361793802359	-371.81128847947724	-360.12501236975794	-350.54156111602134	-347.36947717295925	-346.2810996175025	-343.6009440526934	-381.9784332203218	-472.163000139593	-330.71864794281504	-1040.6643437023856	-5914.646050340048	-9797.58896228253
79000	-454.18896321985716	-445.2540859261898	-438.7979043046184	-426.9511587721971	-416.4798258811258	-395.00073509966603	-383.3734147728265	-373.706840429166	-369.34948167420856	-369.1547757495141	-365.5908556062439	-402.0052925659808	-507.70596979333783	-355.57137096191445	-1068.2773174615595	-5872.063329475886	-9577.825011851528
79000	-433.81864898435595	-425.11579899134995	-417.98387075327054	-406.1344212461338	-396.901896555101	-375.0056795417095	-363.7190931725713	-353.32259780285284	-350.6695631063299	-350.23389155550433	-346.64725562824054	-381.42053692818445	-479.0688850524652	-338.24229559865904	-999.639231783441	-5986.759916523396	-9659.930101199167
79000	-445.76010243232355	-437.43107874955234	-430.1263432282404	-418.8630394254519	-408.0492183980338	-387.21775604865314	-374.9980581769893	-364.4661190296733	-360.55883425038525	-361.4940674832331	-354.81854533396626	-385.79161135540994	-471.1935699307541	-345.8268384112691	-1062.3705475661	-5897.809024314276	-9486.688209766933
79000	-435.39220190145795	-427.1554280027533	-420.03750183903384	-408.27594047543244	-397.56610440504545	-375.8193246067162	-364.0143903158238	-353.5084317841792	-350.04090209408486	-350.55647499803536	-344.0559227158752	-375.0059064540707	-464.6549393477896	-334.9423020867195	-1045.2840361537485	-5717.306841270315	-9426.189823100864
79000	-451.10398762179483	-442.2513134568496	-435.0571461798924	-423.59513762395864	-413.6252056587129	-390.8358558938908	-380.0318226027384	-371.0515578027093	-366.5773301626324	-365.6747520107472	-364.3159520966047	-402.8695747778026	-506.5368552447173	-357.0379697977411	-1085.8768491538167	-6023.967643666531	-9837.57666680903
79000	-411.7895736199589	-402.5806049553359	-395.53451229793546	-383.1898712596509	-373.6596316251549	-352.5027818359064	-340.0831793261077	-329.04172024722516	-323.28950563016565	-326.52542226094204	-316.453672428292	-339.652170407282	-417.10821432000733	-313.073952346618	-934.067579765988	-5557.448056812037	-9120.611848782108
79000	-397.19390085309385	-389.1675353731291	-381.15280701087676	-369.32312449552876	-359.0802632194738	-337.72909711084367	-325.24232480280347	-313.56958333281835	-309.02140379882894	-311.0118497934568	-301.31329378073974	-321.17756224971964	-387.0789445362401	-296.4078742255119	-889.2795263378789	-5594.83939100944	-9220.387347596907
79000	-468.8590249808193	-460.6838488968206	-454.0476031459505	-441.50475840724755	-431.8440775640701	-410.5576014881314	-398.58294782851834	-390.0061993608326	-386.3028653686437	-384.8351629295565	-383.3486422374442	-423.5521799668923	-534.375211612554	-370.940012603903	-1170.2569212065846	-6192.575296386683	-9815.96872206648
79000	-434.3990248103485	-425.81254441111815	-418.6735482651648	-406.05231714809497	-396.739619546092	-375.15194605565114	-363.26270156818634	-353.3031838089716	-350.3724263038618	-348.9341440613407	-346.8188775896782	-383.81822617768137	-476.44921272822194	-335.7851915773774	-1056.1557332047375	-6025.4576493830145	-9828.141819860723
79000	-436.2408274553108	-427.46990098158244	-419.99141230667595	-408.3789886205152	-398.60969156208927	-377.30957561898936	-365.38443560160584	-356.246018012928	-353.2604344958557	-351.8514422000505	-351.13649994418677	-394.2496740110449	-498.7128323787283	-339.64115718700646	-1073.3758652162114	-6294.948235661286	-10089.171486727122
79000	-430.7283645876873	-422.3466444128976	-415.2081688177838	-402.8251428517847	-393.5713818029275	-372.6146386498001	-359.9244726907298	-350.31318655211265	-346.3824075818577	-346.01541069859417	-342.1759565400005	-377.1874873530283	-482.37813228415365	-335.1615888530334	-1054.6316376507311	-5892.701526782201	-9607.251195929106
79000	-429.91782889444715	-421.54686458360936	-413.94101506364876	-401.1312122160017	-391.92687493789504	-370.28220026461355	-358.57507949548346	-349.02738894695034	-344.13292811326176	-344.16874265627706	-339.30141971877146	-370.8960933876852	-469.1656829577444	-331.9680798444255	-1033.3999096522805	-5785.0873015864045	-9476.781328070205
79000	-431.3444825434978	-422.52975261420636	-415.29998845465417	-403.34291718594204	-393.5487049466676	-371.2966783652044	-359.84717139692435	-350.16710670988505	-346.8716944415328	-346.388301566532	-342.1405450548387	-375.51052703402684	-468.84580578135257	-332.01998640911063	-1040.7942653031917	-6009.365089625667	-9812.57776843812
79000	-419.6603859945353	-411.285926287631	-404.03154667607924	-392.249913584198	-382.579636907561	-360.3658349423569	-349.332916216344	-338.8223158950849	-334.7632575302308	-335.1464795721776	-330.9549822075382	-365.19030924318616	-456.3906861427833	-321.0051450436574	-1025.616309037332	-5896.190443868918	-9499.992509398251
79000	-468.9382784646744	-461.0265317427824	-453.7547697312228	-441.79401509330387	-432.09588633351234	-410.38235056145203	-399.2045110955074	-388.63640766289745	-383.5454041512727	-384.46659319797675	-376.85861619658544	-408.1622559280151	-505.0674422300625	-369.1870359544602	-1133.0132012833037	-5782.541911664678	-9293.121288267068
79000	-442.76472521323666	-435.29805481294267	-427.51186189255196	-415.7942941055135	-405.75311682618985	-384.3078534088986	-372.9077685555339	-362.3851631759402	-358.70721101814325	-358.3562622036332	-354.71355322982527	-389.00997713087986	-482.2834871339383	-344.1105399821662	-1070.7145710843838	-6139.357803333312	-9895.8672608096
79000	-439.50017015552885	-430.5755179082137	-423.88279115469385	-412.6964991370976	-402.2701124002871	-380.5734091859376	-369.28727887250153	-358.9804356229488	-355.285227110755	-355.1412938402468	-350.30516596707923	-383.61530798107844	-476.47177413503596	-341.43860581579725	-1040.3473372004278	-5803.48985151719	-9557.159901980134
79000	-424.8764788520136	-417.59214331606086	-409.53948109836716	-397.70207443646416	-387.86698919053794	-366.42648712803367	-354.02858220706247	-344.38625791308243	-340.1519400694083	-340.0900496946028	-334.883981133084	-366.57238254222295	-450.9000108970702	-327.07197166095585	-1034.302893102828	-5816.268649786748	-9536.608918815782
79000	-415.1736580434207	-406.90014384365276	-399.50639529739084	-386.8401514153983	-377.35802382794253	-356.55818532681263	-344.93435101334705	-335.2431249585051	-331.37397346545305	-330.1590938954866	-328.96089381481914	-367.7352127232422	-465.054618135734	-317.15813773222305	-1009.8351838190687	-6230.117293694944	-10122.599120568018
79000	-409.5983920419551	-401.38255263062825	-394.3058721079713	-382.5712820234942	-372.0011993408524	-351.14574900108573	-338.0101183917405	-326.6063061125974	-321.2226859827444	-324.815013148702	-312.66814240483296	-328.02636705631045	-392.84113509588565	-311.5497449017448	-865.2245688666584	-5449.793798726873	-8880.240204131087
79000	-401.3459195097739	-392.8872850373755	-386.24649254398713	-374.4643792595481	-363.7124023590765	-342.7336624049185	-330.8315264850593	-320.3144881864843	-316.1726798385164	-316.7665640088158	-311.7415155896303	-341.6118615053369	-429.3816047974323	-302.3094831287302	-941.3637682213123	-5785.128425064302	-9517.744583314467
79000	-386.81573886612733	-378.08388372473814	-370.82564662874466	-358.4768130997438	-349.0094618182671	-327.80260511670525	-314.9198820448445	-303.578776791057	-299.41167498747615	-301.49276917970326	-292.47370583399686	-314.22248842840395	-383.9606943046348	-286.23512875013904	-857.4553837428341	-5554.009254295909	-9181.9783273334
79000	-457.5402308497773	-448.777983437031	-442.21679873564636	-429.8809652650956	-420.35473715492896	-399.1090258093323	-387.1711853718454	-377.0797545293468	-372.27188736979303	-373.6899259164844	-367.376817906821	-400.69774094756104	-494.311531648073	-358.07912078308925	-1114.8864782124722	-5691.470645181077	-9425.27639235215
79000	-449.22631872759575	-440.46173527687404	-433.6103933447029	-421.74829168361885	-412.9955320397445	-390.5203042634324	-379.24454364956705	-369.4362288025919	-365.34363923324275	-365.062941421082	-362.7990675498074	-399.44200928265883	-499.9298994959253	-351.2251556553912	-1102.7248778073556	-5951.83670050158	-9721.658818874863
79000	-443.79568181342	-435.4680398912151	-428.705286883165	-416.45281134147604	-406.90373828885396	-385.54132281513233	-373.77075705399307	-365.00374708848926	-362.14276576887295	-359.807233613107	-359.5922619405828	-406.365692880337	-513.5575137860324	-345.54928721313206	-1117.598787930185	-6272.746169241317	-10220.201080597279
79000	-420.1447712354974	-411.53707068106877	-405.0126089688886	-392.4576446030318	-383.07420929709735	-361.47207204190653	-349.84313948383453	-340.3887975722328	-337.14295665818184	-335.44294055463195	-334.461337292663	-375.8637630249129	-473.3737128317085	-320.55943452850414	-1043.6843947493242	-6204.167478220914	-10213.828173126982
79000	-452.35485299052215	-443.5786043619865	-436.7168716701895	-425.27637948990366	-415.26002397505306	-394.10697917186224	-382.0780843460694	-372.9865486049314	-369.1530763449951	-367.84509982492034	-366.81339006157657	-409.28262257776004	-511.4836455075854	-355.29084277690043	-1126.7849186929652	-5905.907619943552	-9664.915348675915
79000	-441.18317591852593	-431.87773336934646	-425.22961489169705	-413.4188636607935	-403.50209658438655	-382.5720037973022	-371.30935564486964	-360.40000471146465	-356.37995393777663	-356.913761132381	-351.88014201828247	-385.11246396876	-491.1553505629025	-344.7457804585878	-1024.0372419261798	-5742.087291123564	-9336.519961644894
79000	-432.8091246421855	-424.36448646670567	-417.24555270391085	-405.0442246184051	-394.68240234635925	-373.12784363784385	-361.9904882538388	-352.07093239158013	-347.7558802194421	-347.74722983095234	-343.7857772391611	-379.15618831727176	-467.5232927182205	-334.4777029733752	-1027.503941120548	-5925.793301283173	-9545.773921834316
79000	-424.3005436020561	-416.0042682189414	-408.37741226969734	-396.6591088221978	-387.14962765918796	-365.3235089210567	-353.74790909362156	-344.2740332738282	-341.08485188282083	-340.0911032116422	-337.92594738733163	-379.39064216324874	-478.76667525399256	-336.3409620621436	-999.5007922451343	-6110.728490958968	-9931.93359017092
79000	-437.6061259845456	-428.98000382066596	-422.49141966857457	-409.51800379817803	-400.800739855643	-378.7654144766029	-367.82010537762665	-358.35025919029175	-354.5891621748646	-353.0107962347723	-351.6103327476912	-392.97498095015646	-502.65791763631944	-342.3934622255809	-1077.1619336370195	-6022.905617060358	-9802.699016719376
79000	-406.21402479653227	-398.61974863502337	-391.08069915216066	-378.4708274450787	-369.07794485873563	-347.63382070101505	-335.67907211516984	-324.8768070818357	-319.45627408459507	-321.8605152405927	-313.0077257452427	-334.9146337650144	-420.29923953819576	-309.72267717254755	-876.5834808957451	-5358.068692733264	-8884.859652071189
79000	-449.8082047098033	-440.7359873949114	-433.43903530884444	-421.8979074296152	-412.47803194607184	-390.47142954049315	-379.7139386201907	-371.52108319145736	-368.22406095519443	-365.5402744674359	-366.5578804359827	-412.93076613953684	-528.9374612483095	-350.84268345857055	-1133.6572833103007	-6322.742206053409	-10225.466545649382
79000	-394.5686301495485	-385.8261441978079	-379.5803890577361	-366.6643839823445	-356.45266906241534	-335.98674668472773	-323.92832607307616	-314.4558721495674	-310.50111678452987	-310.0314136792353	-306.4827204772594	-342.85570526604573	-438.87033407341653	-298.17808496410396	-934.1009641293762	-6036.564349766333	-9999.47996199304
79000	-442.28380108165976	-433.0066516003746	-426.0427555114266	-413.67174222047106	-404.1034795700164	-381.79322968969853	-371.5463375436917	-362.47262781504617	-359.80302141273677	-356.1226203697806	-359.27489853873436	-409.89168764616335	-515.5638148079031	-341.5654396952365	-1151.3533802050886	-6528.291795719078	-10443.554627356443
79000	-477.9243007478932	-468.96787828351734	-462.3401932342119	-450.7362986856923	-441.4239780777451	-419.3604691596505	-408.59156519102777	-398.9409906582326	-396.5203760701876	-394.9357130020445	-393.9124385476162	-437.13789749386507	-559.6770605759402	-380.952537653705	-1215.9364127545894	-6131.934026790777	-10021.038165642916
79000	-430.29749949746497	-422.4201436283487	-415.41015370210886	-402.36587102479496	-393.2818749751663	-372.11233026660335	-360.4249619418035	-350.2877854587497	-347.83140929236833	-346.31971280256926	-345.3484243195176	-385.8803221249776	-491.9639645211651	-334.1404258642369	-1049.189416029648	-6251.968516548829	-10168.864963033277
79000	-436.05310149587194	-427.7810194300577	-420.465647130229	-408.3200558457643	-398.48049396197706	-377.0569019838227	-365.25903162042937	-354.11915481163396	-349.69479575099683	-350.986708571322	-343.9904358631607	-372.18600526680973	-452.350345386523	-337.0418674682018	-1002.9217436475814	-5853.426265122064	-9583.770219239841
79000	-416.54325817100573	-407.46968567089186	-400.3607548871565	-388.5480873994511	-378.453888799811	-357.29138837887353	-344.8199442396106	-333.8267849093055	-329.02099404071186	-330.9857070075985	-323.6114884957871	-347.8431769586777	-427.6771131070369	-316.8565727638533	-928.7008982760152	-5802.490080197678	-9330.738390647488
79000	-433.2992135299459	-425.46356299823066	-417.9664101959407	-406.127303262533	-396.02442689404324	-374.39830230511564	-363.2086249401662	-352.3270768283513	-348.9485758735567	-348.8086768374266	-343.49027692453467	-376.4844566743309	-469.21935303691504	-337.2978280449072	-1006.7319550293037	-5945.320878916199	-9639.509273723635
79000	-436.0287452929037	-427.67217109893414	-420.37517004606576	-408.297133261706	-398.7641487116307	-377.67555433929164	-365.7104431128851	-355.4496037933604	-351.09652604406625	-351.79798995878804	-345.55646856504006	-376.9241447876222	-471.1861368138196	-339.8465728260823	-995.5239053199731	-5617.734987089117	-9206.852880255612
79000	-422.6106848763432	-414.36355384893716	-406.6012900440373	-394.76289268521236	-384.5928731686005	-364.0042403911414	-352.0798391987399	-341.70881395360124	-337.0337641131331	-338.02714496977717	-331.95646437497993	-360.3874645523901	-443.2473339938111	-326.3189220520383	-941.26749616942	-5773.920632328975	-9448.53023702531
79000	-420.90864737078203	-412.000130400726	-404.51075126567883	-392.56001536394194	-382.83658417731993	-361.5649288508628	-349.2959144006713	-338.5978315180227	-333.8884899286378	-335.3520500305249	-327.8689800879559	-354.0003035293471	-436.95766098358666	-321.1219406217889	-972.340452584958	-5639.452000319024	-9211.519492118707
79000	-451.6858678765845	-442.8769636506748	-435.69699234848184	-424.37279581459313	-414.6118746900149	-393.3796839190752	-381.1435696124918	-370.21788066945544	-365.6749395755913	-366.8575385228212	-359.4145669750002	-387.0645009436002	-481.44095871677473	-352.88862814412255	-1070.102558765055	-5822.460454218313	-9441.24953084838
79000	-436.54024985414884	-427.85789984916187	-421.1060991155452	-409.82422698332743	-399.1121934954773	-377.0244146948211	-366.00617557090777	-356.50234274830075	-353.3033664503744	-352.4468046274818	-351.4885530507711	-392.5729057414005	-494.34729868435	-337.81508725528676	-1067.6607473409758	-6179.555773624606	-10051.286708705406
79000	-449.2438343167337	-440.94847398002577	-433.77992658334466	-422.1117287046302	-411.99400881445587	-390.5858388347112	-379.5206201820234	-369.94542299978207	-368.28719867113	-364.69756215717655	-366.4625834573532	-414.72495716355627	-529.854142258481	-350.3052852234813	-1152.5981093450946	-6361.846535185358	-10255.852941437292
79000	-446.36881755872207	-437.8412640230036	-429.84093903606214	-418.6488540356852	-408.1581906767058	-386.95911394828437	-375.167932564779	-365.68373999478024	-361.8312763679641	-361.67784028148907	-357.0841629737974	-393.2848211674236	-494.02238582653655	-351.3192032461013	-1041.9012517589542	-5847.423592482147	-9573.720533908121
79000	-414.24668164374907	-406.06292266062707	-398.5537266143967	-386.815721030188	-376.4378244546463	-355.18642177280583	-343.70534514558386	-333.41420066230035	-329.7970360698956	-329.9579664100178	-326.2585562974463	-361.0453982458558	-448.58633136618096	-315.6046919457158	-975.7388995941471	-5869.438028491836	-9746.190143526497
79000	-438.96871572780134	-430.89434116164523	-423.74045961777136	-411.57175241470213	-401.9007118664483	-380.15127832460666	-368.2141097312342	-359.3871630900287	-355.2080017230141	-355.41155198318944	-351.5572556638353	-390.2728207176701	-497.5861844856768	-340.66881310230764	-1068.4855883274836	-6053.623870585904	-9746.002457348372
79000	-437.58983937962375	-429.21212683752844	-421.65883165921815	-410.29082308181546	-399.57147343092845	-378.9337332458834	-367.3142906891067	-356.1758399762052	-351.7464299285846	-352.905690379947	-346.14160774867287	-376.4197638100049	-468.35912016344815	-339.48949892889965	-1025.8811209891321	-5614.74244812704	-9249.508504995827
79000	-422.55078884478337	-414.1771186519673	-407.58519588395365	-394.7812579421162	-384.8792747540636	-364.0328735414207	-351.8271621280321	-341.3399132126029	-337.4471501646417	-337.82877139324034	-332.91989299727	-366.0696732239773	-461.31785912026066	-323.74025294677926	-1021.0958331541816	-5870.8284797784045	-9596.273920852016
79000	-436.4963489668344	-427.63771590913257	-421.0751565728738	-408.9737608284165	-399.5132671135899	-378.16361894400677	-366.3707744179731	-357.0622638966723	-352.70557234689545	-352.89741198286475	-350.9230757216689	-391.89298027832336	-499.57888841332965	-338.3027075423569	-1094.914781256734	-6153.071996853547	-10011.830055692373
79000	-424.37988091174793	-416.12885660928055	-408.148818923982	-395.62461355615505	-386.10398002605507	-364.44177258763324	-353.5406489725609	-342.4020613430146	-339.28201301686926	-339.62227085351503	-334.03212119107394	-366.4118507162936	-451.99038247490864	-324.52628966578794	-1003.8714070776324	-5889.595835450385	-9545.131004213577
79000	-407.56968079846143	-399.463925904836	-392.00202183619496	-379.82051824252005	-369.9188416692699	-348.7008103010532	-336.7562121184159	-324.7713570830538	-320.5811110441915	-322.53054884087356	-314.034384746651	-339.76629995159374	-415.34282491440206	-309.1932051617823	-901.7594280381534	-5412.265854100634	-9036.281374817241
79000	-446.9537514507802	-438.7206294898078	-431.36162025740197	-419.04753927471404	-410.16603994374924	-388.4066331910018	-376.85279138626134	-366.66897567075563	-363.21520823943484	-362.7031330235653	-359.21058842287965	-395.7314291410369	-496.39837535239553	-351.22723127988104	-1028.6495751643843	-5890.645143695322	-9527.027855497121
79000	-415.14787624526974	-406.81285681544205	-399.57944982155044	-387.8271363744599	-378.0719209326988	-356.3915551035563	-344.38446724391866	-334.8599280541761	-331.57047867823275	-330.5533538544286	-327.0234747771213	-361.81827092114384	-460.26196701318327	-317.75980881179186	-961.7775590020802	-6111.464326631819	-9953.03800746867
79000	-442.4778122466346	-433.6076078534465	-427.0500278961288	-414.7781818513985	-405.2779832937617	-383.02502678948815	-371.4803204964583	-361.6278399104036	-359.3621670639836	-357.57577231170995	-355.10605213836374	-393.58925816015494	-484.84624811223034	-341.980011721021	-1089.813063085501	-6399.499811608709	-10271.438151300945
79000	-409.9525184115651	-401.80063195095914	-394.3585833690003	-381.69056399630745	-372.1082084437719	-350.7128117912637	-338.39926899541456	-328.62700849051555	-324.99676292854724	-324.55898258466027	-322.2026385534773	-357.5083158354001	-452.35470645895754	-312.7644814237733	-990.5751626176894	-5987.479293464716	-9808.66588611065
79000	-427.8055697305975	-419.06334869328685	-411.868341341751	-400.46615276539103	-390.30274461587226	-368.95274974373564	-357.56009178329737	-347.3128978242192	-343.363943365412	-342.8486654090807	-338.045971156835	-371.54461922520505	-463.9134860864096	-329.2848659045404	-1039.9843323008097	-6046.682803734517	-9773.98628246094
79000	-452.15461061254217	-442.9136877269468	-435.9174016491086	-424.9356116769634	-413.5571973139804	-392.96097563355744	-380.80549182240514	-371.69979707386153	-368.5317823339225	-366.5598058613297	-364.93107658121943	-401.60393621836226	-498.2297071893327	-351.9770758392752	-1135.459400251085	-6057.32173567952	-9800.575554837105
79000	-447.8005549575515	-439.86012975789396	-432.6849926870911	-420.51303780476314	-410.87103566093066	-388.76689359974233	-378.0047467481184	-368.8034762480483	-365.6693605442066	-362.9738351797076	-363.7899484661447	-406.41064697340505	-508.5537370929201	-349.1977021166164	-1110.4924652450945	-6230.574517766521	-10080.074181364605
79000	-407.3257160935148	-397.9188981291364	-391.60864474266674	-379.1492771851059	-369.6419267357652	-347.21164867634496	-336.33104778518475	-326.3020202658031	-322.25058299487375	-322.40803554239375	-318.2058893530682	-351.86196621804066	-441.6933331835133	-308.97681574727125	-951.9811507674785	-5946.284535860213	-9743.7924802099
79000	-391.4785328281425	-382.2613557097355	-375.3967591318323	-362.5455071801449	-352.9579312844907	-331.36842419894816	-319.57462106466824	-309.4950014624011	-305.8226209228512	-305.49201486013027	-301.01632483352523	-331.7563722811275	-418.78804078577474	-291.907289190082	-903.9161105508479	-5712.8560770688355	-9414.511263381934
79000	-445.1738334104861	-436.7628525634089	-429.66791179180035	-417.95615743346127	-407.7024641133072	-386.1996545083939	-375.0426851711432	-364.92716111806004	-361.779900702458	-360.09438404561246	-357.57265530946137	-393.40930694596165	-493.52180815631965	-346.9189610805027	-1074.963050574796	-6148.457207521686	-9889.492121600915
79000	-432.6182858825461	-423.98167402249356	-416.50728030413137	-404.59164287575095	-394.7470735343108	-373.41649214249566	-361.6406538055842	-351.52659731107997	-348.22843183832566	-347.2902910824287	-345.0636934880977	-380.5725243254346	-471.32736290150285	-333.50679196532656	-1023.6151547706974	-6196.7144154511825	-9916.82310631284
79000	-421.1914227975994	-413.33691568132673	-405.8965902531897	-393.7180094071024	-384.0998725676635	-362.94117906555863	-351.0488523904231	-340.9960004609577	-337.54568973780516	-336.5653318649092	-332.904915687373	-367.47953038341717	-455.8709898623935	-322.05501110200345	-1006.7988373951043	-5838.445763885172	-9538.812630559118
79000	-418.5003414249349	-410.15051153891784	-403.01236321084406	-391.13875540565164	-380.7617299391732	-359.5274819086705	-347.7454193641519	-337.9320741325947	-334.4753711733958	-333.2252133800748	-331.62912006688924	-367.05993511193526	-460.3597438662517	-319.26421991873906	-1027.8747621605055	-6146.626610967172	-9965.79092137886
79000	-409.9782072772933	-401.99896658884137	-394.40229221247245	-382.4398779623025	-372.98224830573207	-351.5534544268364	-339.9249345536328	-329.3120785222552	-326.1475832248487	-325.13578931973933	-322.47405509300506	-356.1619956583308	-449.5098877036258	-310.87211790896754	-1015.4163694653962	-5919.424603314342	-9830.324463102808
79000	-408.59119705270734	-399.94288262954865	-393.001560511019	-380.2938134311005	-370.8489444615583	-349.15310273728414	-337.25120890876815	-328.5988709011201	-324.3439477653745	-323.36547303854843	-320.8283219095444	-357.09239196738184	-448.4612093699798	-308.86776707566906	-973.1466549728232	-6032.024079890108	-10096.292594675107
79000	-471.4346396993614	-463.3011775949468	-456.4290780188864	-443.8727278030941	-434.5060846610024	-413.5646211229794	-400.73475423957376	-391.04835083065865	-386.46669131200355	-387.73567016151765	-380.8858750838185	-410.3544364784277	-495.5161124356212	-370.87273375612824	-1138.5570952501664	-5846.995639616662	-9356.969725202092
79000	-419.3132626083977	-410.9076700661102	-404.12195541536954	-391.60210557889627	-382.38638528474473	-360.91453511318286	-349.0206511282386	-338.3634666531472	-334.9614410531305	-334.93312313911963	-329.6091470015196	-362.09656871627425	-452.10965687312125	-320.9002167820987	-974.2260974980284	-5795.3164744089	-9399.770651740613
79000	-406.03259652907434	-397.9341206852821	-389.9345848186552	-377.76687080202737	-368.3040151459083	-346.7009989646305	-334.7780066561034	-324.755321184789	-320.0681841295527	-321.44193584363956	-314.6716286258549	-341.18145189233854	-432.34787611415123	-308.8549405501949	-920.5870170076277	-5678.718116258068	-9354.35562240239
79000	-427.0583116777148	-418.41378203186696	-411.20620846177377	-399.2569515337848	-389.7049089333123	-367.61273937459686	-356.3633541362053	-346.3515046026177	-342.4600753857002	-341.76320560297387	-339.33605220564584	-375.35233215263355	-466.52372722174545	-328.09096368182134	-1016.8519861495572	-5903.075867073309	-9738.88017053797
79000	-457.59805434110535	-449.57319665201726	-441.3447526756823	-429.8510446009136	-420.45983862845287	-398.3079528528257	-386.91307042811815	-376.91264691538333	-374.52500670813487	-372.9695178857275	-368.9984599501569	-406.0124092715654	-505.27701818535354	-358.48498237266585	-1102.7913892471056	-6008.246127934885	-9669.850698618515
79000	-402.62099624406324	-394.7346439624355	-387.43736813417826	-374.95276408152483	-365.5955834897126	-343.843243286713	-331.70973790311757	-321.2056142198961	-317.4976991199546	-317.640260362643	-312.25479904806747	-342.17723804219634	-423.1378243064424	-302.41913875373234	-967.7027619822527	-5828.092459205386	-9654.76978911942
79000	-429.50098787421166	-421.07553856080006	-413.9473788147895	-401.48829572985403	-392.16424023092054	-370.9018987941885	-358.63957820065866	-348.4543534108509	-345.0173618631977	-344.62995505027277	-341.543931260641	-376.5512173792196	-479.31274328944494	-330.06069503009127	-1044.3006817103499	-6105.82168315624	-9817.320850622522
79000	-414.48544021699996	-406.04878337464305	-398.8243546832419	-386.76913337693145	-376.6457565820905	-355.4045035407581	-343.4875865381614	-332.70347110009385	-328.76666222028433	-329.346635736157	-323.73325415301514	-353.4031276753011	-439.422666643713	-315.66159361841454	-955.8609631008973	-5950.608046392061	-9669.142543264335
79000	-410.504085751092	-402.72920982914206	-395.03916230865576	-383.08406533292884	-373.45980913758467	-351.38285362013187	-339.50070028236814	-329.06071481044484	-325.0646797121706	-325.79256402555455	-318.9075838243742	-346.94041046359814	-425.24292547651135	-311.86302883353045	-938.1566496604163	-5686.9626742965	-9418.653436692333
79000	-427.22307304886624	-419.15095431279855	-411.0637569356043	-399.52835098184994	-389.2343713481672	-368.4879403869164	-357.4743937384416	-346.4423840723515	-342.6716181617439	-342.0372111338761	-338.4356623867007	-371.35104011832317	-462.29911788410305	-328.4610669386625	-975.8181523511527	-6004.931386921188	-9704.264571238766
79000	-407.8143834506942	-399.023943349103	-392.5959338074103	-379.6975875268223	-370.3743847810756	-348.2111295853709	-336.3544207023675	-325.5946865381435	-321.83108165299524	-322.776309396834	-317.7228618386113	-349.8761564554505	-436.3531558430291	-307.53532877083006	-953.8816335331777	-5848.912657066874	-9501.65081619282
79000	-424.3920396554059	-415.7313774297148	-408.1849025615515	-396.1172984016242	-387.0323051770434	-365.86194201053144	-353.51122432321995	-342.88276055949507	-337.77749600012544	-339.7046681067038	-333.54789591362174	-361.9466385120082	-444.4557990186852	-324.3318638888051	-991.0164899940792	-5717.873593468834	-9439.55702025852
79000	-398.01050437289314	-389.62675416817456	-382.339782851062	-369.9303153691317	-360.46051868259383	-338.6934285655225	-326.56256206888474	-317.0353170624694	-312.8211683432074	-313.1253485008036	-307.093080308717	-337.3375045798801	-421.12633043727635	-299.7605370840021	-912.5597535237274	-5905.94707962648	-9588.546056861185
79000	-425.12586212337175	-415.92283364505414	-409.4517231109101	-397.3969498663405	-387.7346147062186	-365.9133966151949	-354.38366417827467	-344.11856454909383	-340.86098457727127	-340.10201123338777	-337.64362338766693	-374.0443691066125	-468.9436150233512	-325.56843755631655	-1055.9686329634324	-6036.866154285434	-9759.123753517708
79000	-457.2450029519046	-448.2843302281668	-440.98216097627204	-429.2607856686833	-420.5184263076871	-398.27821592032194	-386.5588737549972	-377.3017433897727	-373.3666343423738	-372.03179034162315	-368.37817194560813	-405.482945474182	-502.08428887657163	-356.93748595336814	-1123.7558222176463	-6134.392503691912	-9883.429680286925
79000	-400.04386658586003	-391.7811086424325	-384.24437809317607	-371.97776951135995	-361.5235810120938	-340.67421571650266	-328.98590710196595	-318.1358518390554	-314.18786842094227	-315.70394358224456	-308.11025670834846	-335.91108533969606	-422.7657025732681	-303.2505863959404	-912.6826504926106	-5647.981715248206	-9354.093563028748
79000	-406.693340223376	-398.797276420907	-391.71780372363565	-379.680975583325	-368.96322623363386	-347.97834889710157	-336.33965913830207	-326.1533821606663	-322.2242816549719	-322.18276818978285	-316.78591696109993	-348.1808738950337	-440.64631152763064	-308.3552452078341	-952.310072444495	-5983.647209873001	-9735.389780462094
79000	-408.8137057003566	-400.6576128766733	-392.79019273227556	-380.1339754112763	-371.3578977296921	-350.05870814098637	-337.4703456379495	-325.92192678885	-321.1026160811966	-323.87393660216026	-313.17138637135577	-333.7762958772674	-410.26911874522835	-310.1861282158549	-917.6832836239913	-5410.202063720577	-8948.25340800318
79000	-447.79477977358437	-439.74351412970304	-432.8994286559304	-421.22335747472107	-411.7792541690744	-389.0635991026064	-378.22866536111394	-367.66688905753745	-364.35724535534047	-363.8464623574367	-361.40541645938276	-401.267441394156	-502.6048444214574	-348.4965544435241	-1121.7012695957383	-6241.426232825407	-9982.578408847881
79000	-451.13623579535624	-442.8426200100313	-434.7573540487403	-422.74786788791914	-413.81713494833417	-392.63120352019797	-380.7514389510489	-370.32317449425966	-365.40741445058455	-367.0125362663246	-360.541213391132	-391.1706669231053	-502.92450759261163	-354.4798717299268	-1030.3035959519864	-5411.844297146742	-8921.729053913732
79000	-453.83109727940763	-445.161300661975	-438.7737031073926	-427.3480378430984	-416.89144630456167	-394.91613051736545	-384.2571308229048	-375.11855819891827	-371.4120672191705	-369.3997205394904	-369.32956579741654	-412.7161171278433	-515.2618971994278	-360.11572372183343	-1103.6784716355576	-6126.9402635626475	-9881.914334291234
79000	-424.3436976237191	-416.1605889332747	-408.10907956501916	-396.1846136996206	-386.4444045049239	-364.8686681426649	-353.7342099796896	-342.1529337144379	-338.4145029255952	-338.9453197526863	-331.9794348946182	-360.38092508484374	-442.6412473587864	-324.3551996779844	-985.38709607385	-5627.683018536022	-9200.52327612318
79000	-423.0863723316975	-414.6787127321626	-407.026844990917	-395.11382866703934	-385.25172329662405	-363.591662506091	-351.13294714283137	-341.0130807359245	-336.1413516088503	-337.7877158634852	-330.3066899235145	-357.36262956253137	-438.9968842882574	-323.49992748748286	-992.5573232032611	-5608.753627543876	-9151.674732278087
79000	-430.01613746515113	-421.38882570375966	-414.07128818074904	-402.6657992152449	-391.84825176697035	-370.98628411950864	-359.6005639515536	-349.4726669381733	-345.78875070613805	-345.23866960959214	-342.8258139127772	-382.1921628998886	-481.3875942516185	-329.71927704900077	-1068.145115136805	-6198.510854494512	-9984.052152494367
79000	-400.45932450982315	-391.77853629506035	-383.86225871004416	-372.5836038695011	-362.3189258959509	-341.08674890493376	-328.86797966007293	-317.72648945095744	-312.4554017151535	-314.93836794086207	-306.3785413636663	-329.65217112904287	-407.07175850251014	-301.1815986760321	-894.0320374028421	-5705.0093017058325	-9278.946997605044
79000	-462.2689668778384	-454.57708341687356	-446.7424201555762	-434.8740810061811	-426.07083091833425	-403.3611281594593	-392.536922091427	-383.72591370075247	-381.32416753857825	-377.9740819922768	-380.42341733206524	-430.4607756570221	-547.0509673571287	-365.7678308939082	-1174.9613343867309	-6422.424036857588	-10502.038911307063
79000	-387.7339236501242	-378.9714934725127	-372.28498392486955	-360.3071906128232	-349.8954866843847	-328.9439089645673	-315.4450905866511	-304.313035218204	-299.01569606307726	-302.32339215676257	-292.01770457258135	-309.7611643880894	-377.814985434123	-288.0114958172225	-841.6978672604919	-5484.534804211338	-9113.99282200142
79000	-382.5908362589397	-374.01033903156366	-366.7421804219603	-354.77445374407284	-344.7349785182087	-323.01593451028754	-311.460504869741	-299.7053791187346	-295.2947147079785	-297.5802547463809	-288.66893334922906	-309.9814774126883	-387.466470091768	-282.501689298629	-865.886672894098	-5661.539253901906	-9345.43617416112
79000	-463.772063904855	-454.9813699707405	-447.68052969175557	-435.60662108350607	-425.75039974512816	-405.25676412248384	-394.05188576507163	-384.37417164287353	-381.9377940334682	-379.1807668505871	-378.8655223833207	-425.86556725082676	-538.4674976794834	-370.5443860002702	-1184.0874464694223	-6046.891719097942	-9858.250750937605
79000	-457.41073379355254	-448.53439162382386	-441.45137572842697	-429.1128292668226	-420.5615218160875	-397.93591966866336	-387.1488385576041	-377.27220356988346	-374.00353332136115	-372.3998213814039	-371.4818219209242	-414.29249579374056	-522.7789572983754	-358.39743968217493	-1163.708409903972	-6226.2702827688245	-9996.124566519384
79000	-428.4383617229195	-420.51737708869047	-412.8076159096061	-400.3687145330282	-391.54197415575294	-369.4515643927931	-358.2371803067064	-348.9477617303672	-346.0205077599169	-343.91730980208825	-344.76180310873775	-390.50319410625815	-490.2974157663584	-330.42021743781777	-1057.1975066041878	-6438.220898907896	-10322.44587120719
79000	-415.0203504773217	-406.750073620105	-399.9342051190659	-388.26604033473825	-377.88779741623415	-356.0580708041242	-344.5143501730373	-333.9173382401572	-330.4604547094444	-329.8769456709094	-326.13707987194914	-359.78365516596637	-445.0287471906836	-315.9386295212238	-1009.3730658173188	-5882.692525157432	-9592.397408408991
79000	-426.01557961797675	-416.5900436766689	-409.9511041185303	-397.7209172595175	-388.063345249054	-366.1570381050566	-355.3195155580377	-346.1659172274278	-341.5198200233616	-341.0462507044635	-339.2493151722106	-378.89939381372267	-479.342535180258	-329.4465899545691	-1024.1251382872242	-6128.103838632303	-9808.041428744125
79000	-432.4661025166777	-424.4415369627252	-417.8513544638178	-405.64673489267966	-395.7053569897903	-374.05127410807995	-362.1068828302646	-352.30954465628275	-348.72326302239264	-347.8441406766248	-343.69642809570865	-378.09111466039997	-470.6541179346238	-335.1766390044161	-990.193406871509	-6224.141416034655	-9963.665347256045
79000	-448.78726247466113	-440.75539387897817	-433.81872303581116	-421.13420430880365	-412.0823083764593	-390.7615590863857	-379.7376649832488	-368.8994186837599	-365.4863834976598	-364.97538123571115	-361.63829211244126	-399.05534163810506	-509.9512823945884	-350.81881662486603	-1091.7373668268108	-5821.790785449228	-9498.951609041793
79000	-413.561674262653	-404.2593665365617	-397.606133246967	-385.56037810953535	-375.227316635259	-353.6992843127799	-341.7727113310163	-332.37113813561695	-328.5704161637577	-328.1968240238044	-325.5883970500153	-361.89010596377034	-453.45675233407155	-313.7922569004197	-1003.747567046116	-6180.30812427963	-9944.968914457508
79000	-485.721712785224	-475.751994834347	-469.7903996909227	-458.1890885035308	-448.10308222494336	-426.9638077464477	-415.5605396530246	-406.0811853729565	-402.35406615482776	-400.66702821821775	-397.7625662569783	-439.2788958389753	-551.1345560480132	-386.29463954635594	-1204.7892942000542	-5829.448814425824	-9622.5905957587
79000	-459.4899424925815	-450.07189932342186	-443.1593371250589	-431.5375280276803	-422.16638758585026	-400.8659747728901	-390.23767643779365	-381.1858480325536	-379.0944815939545	-375.24696889551944	-378.5194913432485	-430.8830281353606	-572.5869183215485	-373.11180904728775	-1167.484985464258	-6491.831219818778	-10354.416273147606
79000	-467.2604285592288	-458.656088900077	-451.37319175032013	-438.893410787313	-429.60432796314086	-408.49027219012277	-396.15668276722414	-386.5183244222816	-381.83258472521385	-383.8520473255108	-376.7722356776594	-411.677935422306	-510.0750252868011	-370.3845118123294	-1103.5668387621129	-5726.266826522105	-9240.746213971664
79000	-444.68711405274337	-435.9770774123949	-429.0115676855467	-417.068061480183	-406.543001897116	-385.59260122057043	-374.0658620960171	-365.15503114072	-362.46067979338267	-359.3114121707727	-360.32987528429913	-404.221361902568	-506.17300456843185	-344.47463511079724	-1100.5853752896749	-6350.093128073521	-10333.387506526482
79000	-423.14620718957445	-415.56974996007074	-407.8037108110548	-396.7741483566765	-385.9295544294807	-364.66500837600023	-354.0388136669476	-344.4455251500293	-340.9428399910377	-339.14998210994327	-337.30312084585364	-378.36178586340867	-492.1943611415474	-327.82956391017944	-1019.5576621207125	-6115.205299689062	-9939.792985317068
79000	-418.2751685516934	-410.35985273146565	-402.00419570239245	-390.81825108080034	-380.6348055882445	-359.53315379933565	-347.2593457057258	-336.25172325363	-331.48738182188555	-333.6844556397424	-325.53233776173676	-350.3366541637799	-432.09540052944374	-318.3227811905597	-952.6867038121668	-5654.335919593025	-9314.59952066454
79000	-438.2322496951576	-429.5297249904724	-422.8487248160281	-410.83963777251495	-401.09932601167316	-379.50418792713725	-368.1924796477915	-359.0951497553801	-355.6264973385758	-354.5973928341231	-352.503749118501	-395.1364952555177	-502.72397304823386	-340.97374506128875	-1065.7879618284617	-5923.137572520362	-9784.884076970518
79000	-442.78640964244096	-434.3106745519598	-426.9710636842661	-415.2740932785488	-404.88810699532	-383.7348679615685	-371.65188282088945	-362.25446125273413	-359.0801570664844	-357.8828692509401	-355.3593768157895	-392.3432658190711	-485.1448472931325	-342.4524912170586	-1075.1486090715346	-6160.961492893211	-9958.352005572184
79000	-419.56860516833217	-411.32291221288915	-404.00755165092556	-392.1325066519763	-382.2922429551741	-360.26574504151154	-348.8246414882238	-338.66831284001955	-334.86095665009645	-334.68403015153285	-331.3095177573304	-365.293699445748	-465.51858067406175	-320.91783054232707	-1010.8166241935011	-6037.0723270038325	-9899.130507790233
79000	-422.733510095	-413.675989871259	-407.04664167723746	-395.019221884423	-385.04797169568496	-363.669721310731	-352.05282474512785	-342.3014279850119	-338.3852316147727	-337.5443968610759	-333.611859307471	-368.49144008526963	-463.261539980074	-325.87525784538235	-1010.3803839113253	-5693.416771927121	-9473.761692409033
79000	-440.2383421693217	-431.5372570654738	-424.0213022759777	-412.33691875545105	-402.4908609701068	-380.8787034133934	-369.1862564125756	-359.53179775795326	-355.628686197074	-355.32517360250137	-350.95063636203037	-385.90705982568545	-480.258216528422	-343.93115690928045	-1011.2697455273166	-5887.536569487974	-9470.519110360989
79000	-426.6424798704844	-418.29283328917614	-411.3354614989623	-398.6497198524654	-388.59426697246926	-367.3719500626686	-355.808976840981	-344.8427391995124	-339.8643379394034	-341.64408677455185	-335.99104741785476	-365.61278564255093	-446.9829432593485	-328.32183259806595	-1036.6205893813233	-5771.350881111517	-9490.717802326935
79000	-457.24079864866746	-449.02449510281195	-441.85003530624687	-430.13763198912864	-419.778926069033	-398.03066972459214	-387.48096113706873	-376.9968461535019	-374.3720573721103	-372.90605796124055	-370.6553137820851	-412.8455936825022	-519.8479294678453	-358.1775201174592	-1140.5634033014767	-6064.487182414545	-9940.589403967755
79000	-427.4378537732554	-418.6565060163297	-412.15438215846285	-399.15664108392843	-389.71450021735393	-367.9795493052101	-356.6305959711394	-345.72098384743475	-342.21037466026115	-342.8118747451801	-336.7730873011092	-367.8918271577349	-452.60176256007946	-327.6480472021883	-1003.6366915109618	-5792.9445407371495	-9522.54655245457
79000	-412.8215897838111	-404.81152575446396	-397.55451470118084	-385.3798771632893	-376.20236685601884	-354.01680683112164	-342.07873725188546	-332.20954371092273	-329.07073824519546	-328.050693502981	-325.71578573936677	-364.697466991624	-459.2173961727679	-317.04823685042766	-973.7289971170202	-6069.078245915339	-10098.165388653128
79000	-439.9722968026726	-431.43940448580196	-424.4443513742353	-412.0026710351409	-402.5646665397774	-381.2656089804512	-370.29607720087427	-360.34689473723654	-356.61719244239026	-355.37078334059936	-353.7894159834843	-392.5587176299811	-486.9944228843617	-341.072686102957	-1055.2302196878902	-6153.3729218523795	-9853.905879553979
79000	-425.01692753482223	-416.22400411314703	-409.9213813455829	-397.8014831974863	-387.50740482682687	-366.1601837285733	-354.8163386076586	-344.8858247235528	-342.44563206618807	-340.1281603729964	-340.7756406185777	-384.12547683834117	-480.232282534243	-325.774924237373	-1079.3847823109588	-6181.279637062046	-10086.322530214054
79000	-421.31931288132597	-412.9974108374949	-405.51272118330536	-393.96473638571274	-383.98438615560036	-362.8040332491753	-350.81539673758476	-339.54406441331093	-335.6250746406122	-336.79900142398566	-330.1991002847317	-360.81697470247593	-447.9400763985665	-321.38430743562606	-987.3320084139823	-6048.546763139421	-9727.217947051067
79000	-420.67289264996003	-411.84520141768684	-404.7947777267844	-392.9272404562229	-383.2780038199693	-361.2211594370788	-349.79085921082924	-339.6429451291705	-335.9903460363105	-334.6812468911319	-331.4949751184116	-367.26212291613166	-457.4519960572651	-320.6119191264959	-1037.7191488560445	-6100.809017758613	-9911.722854490592
79000	-392.85137622488855	-385.42489990081106	-377.9826349049744	-365.16564929534525	-355.54193564516345	-334.58645625221277	-321.9129969797015	-310.8124729125492	-306.4452501217536	-308.1418287062863	-300.03964779302623	-324.36242481130694	-396.6102073879961	-294.31102340152853	-850.1019302956191	-5676.372318465057	-9328.756837134839
79000	-438.01493524538046	-429.24645138122276	-422.346005615293	-410.2443702327811	-400.6305907915731	-379.0356897246566	-367.16253567531675	-355.9898769130484	-352.62587528445147	-353.27461239539525	-345.9790757257901	-375.7151598983593	-459.22822120807774	-338.2205171757767	-1034.2711117965277	-5832.1444988571075	-9418.376524728712
79000	-459.53255206723935	-450.8999923387165	-443.97530347341063	-431.46669892056696	-422.1123580509422	-400.16890243583396	-389.0901971043088	-379.4608148715741	-374.9268238071351	-374.24691972428053	-372.94429628145775	-412.18728092067425	-518.7337951634341	-360.53836523878977	-1093.7580509045963	-6040.21080120072	-9756.115294374604
79000	-430.09446398795916	-421.6055712021274	-414.9127974476576	-402.11639532320714	-392.7044124468358	-370.6932210607369	-360.10295655821074	-350.541948411032	-347.66337216349046	-345.9526537920813	-345.8347805554386	-390.6825633308604	-494.988086603025	-332.6496714648462	-1041.2219690559773	-6163.039142354393	-10012.08564999072
79000	-410.1153656088922	-402.0963600373799	-394.14111119233047	-382.3108552734959	-372.27911212167515	-350.78410626393344	-339.3670432662482	-329.042352994153	-325.4750773970238	-325.1794853785724	-320.15523055715573	-352.36311083805265	-443.95749083538783	-310.72069208926007	-960.2182062497122	-5847.03670864831	-9576.059188339028
79000	-427.5445702598184	-419.45252994370674	-412.30623132727607	-400.09143585919946	-390.33959836227996	-369.4798515515339	-357.33046064601143	-347.565967998369	-344.4108382763935	-343.2953659637575	-341.0763524057002	-378.1894385187978	-486.9141109225917	-332.33897884947345	-1028.2006614451786	-6002.071921867367	-9848.262741341903
79000	-435.25329467990105	-426.8667210371889	-419.47157357827285	-407.76414500939416	-398.4266350916269	-375.45861274708614	-364.5641810226306	-354.247442575579	-350.4892113172186	-350.2266341319654	-346.52294858097423	-380.7306725047351	-472.640147799849	-337.5887966270877	-1010.120935288549	-6017.713630861937	-9862.961685879209
79000	-450.7353911239738	-442.9430891864541	-435.634234266174	-423.68489696295364	-413.6250327098519	-392.0395893820451	-380.8298655633084	-370.78073205788223	-366.7717802575292	-366.64894820404305	-363.8830489667817	-401.477633427061	-501.8984907881434	-351.42983849678393	-1105.1536579705114	-6126.835006434563	-9802.542062193868
79000	-442.39992526520444	-434.02183586101336	-426.83613532177384	-414.59890998674393	-405.0501604276235	-383.6026142942287	-371.21206734234215	-360.194637522006	-357.20039450860423	-358.2566379732172	-350.85524717678334	-379.7087573500346	-467.42200883801195	-346.37826907707546	-1001.8616849269781	-5897.967459141349	-9467.876808421333
79000	-457.0949312928494	-448.852781811488	-441.2708600838101	-429.7243668325099	-419.7160257447383	-398.19257858607295	-386.5641527239398	-377.7999771332645	-375.0748208080243	-371.94991028905616	-373.14151679563446	-417.0154370907304	-523.112709761994	-358.468090848084	-1134.3888501907527	-6403.1555141532235	-10324.192905026268
79000	-433.1077326248881	-424.5856790438703	-417.63756065783224	-405.47444558220536	-395.38330013696316	-374.1979852389421	-362.225305168976	-352.03627640390647	-347.6749886243903	-348.0157429175754	-341.99856520925033	-371.64146741742377	-456.67996952382845	-333.36959303416813	-1021.0980251828172	-5857.691134393152	-9514.992943132258
79000	-421.43127505211186	-413.4034858282634	-406.24273972866337	-394.7375351943209	-384.22997431211525	-362.34267673685696	-350.0358283494451	-339.80450458542686	-335.4851879477775	-336.72433504406393	-329.49261515994465	-357.78121521703116	-437.0147785224701	-321.9983812359368	-993.1050089206918	-5846.1754116952425	-9587.597731741724
79000	-443.26455961770546	-435.31113694257203	-427.6476365691448	-415.68767707366817	-406.33535855923486	-385.13525854941975	-372.8325956897457	-362.78771528701327	-360.6309993271353	-358.5761001159942	-355.9939853654065	-392.7457842053045	-494.4148694367093	-345.2305992712238	-1080.2446280433621	-5991.005798927023	-9742.635114517896
79000	-416.021001364664	-406.6416072683717	-399.6198049341628	-388.08300312584424	-377.7244510377442	-355.8288103750626	-344.0267646132246	-332.94351445222105	-328.1567707034815	-330.51799128299444	-322.0113849319167	-346.00081630722565	-425.499827379139	-315.9787990482272	-933.0574648906304	-5887.689939459539	-9509.957858085498
79000	-443.97623962604126	-436.072057740995	-429.29198899757995	-416.3991747405379	-406.6962562950565	-385.4597580991001	-373.26196233915175	-362.42456063712024	-358.54528341689274	-359.5245230214087	-352.1072037064335	-379.3938113383224	-464.866024531253	-343.8902880439982	-1039.8035171204167	-5740.018278027172	-9243.489517527969
79000	-419.5417701322479	-411.60940083302546	-404.32605954214745	-391.85684997798876	-382.02328313800183	-360.9196395973578	-348.7256054322636	-337.8455646203818	-333.32564923367323	-334.97439791471396	-328.32989419238083	-354.8557395455928	-443.40444830270883	-321.99875626452643	-984.4470603048285	-5692.026183569526	-9377.869142632011
79000	-419.85051543975686	-411.0013596189909	-403.62296542726	-391.60318805564714	-382.16489887378333	-361.25892957836885	-348.9262607867272	-339.24703521397714	-335.4306724326564	-334.5551801650209	-330.9192313817717	-366.74417259623925	-467.65110777359604	-323.25899384932325	-998.4468405960944	-5952.763945440852	-9708.194594805089
79000	-435.7940545959009	-427.227149814927	-420.2378930835626	-408.4241984682344	-398.0242486683839	-377.15692511098536	-365.2507639872723	-355.63077608935293	-352.14246353225843	-351.07589068094353	-348.1977421673063	-388.8026514805811	-492.51486716015984	-338.40438414723013	-1068.6421190903554	-6116.989647503305	-10009.376748521783
79000	-413.55326127952424	-404.84691550814574	-397.6812941082067	-385.3724509599391	-374.6554264476052	-353.67403397818487	-341.6673909957528	-329.96355980525163	-325.784694535856	-327.6876539041333	-319.3277607500159	-344.3606680829002	-419.2435014256517	-313.64817575475064	-944.0300138093627	-5428.609605730134	-9000.242430247263
79000	-444.7736443105541	-435.88396777174546	-428.83032076481544	-416.71875582882296	-407.2244086689413	-385.292617443972	-374.34248023853297	-364.9196744135166	-361.71157106743584	-359.4907355729695	-359.21178386277387	-401.5557688714455	-518.7005334096397	-346.43346168772297	-1117.1756726079645	-6031.5587593285645	-9896.088282393459
79000	-396.90047332132076	-388.713574330942	-381.0211803586532	-368.97224664185933	-359.13574067151865	-337.82897808943045	-325.62959240468814	-314.4131533797963	-309.6079729042869	-311.9079909540591	-303.9057008700635	-329.11387593195127	-411.43807175152523	-307.8714652869802	-881.0701383141262	-5592.790763655778	-9260.410494067944
79000	-405.6310002401209	-396.8444266741155	-390.22814234905724	-377.3187962220642	-367.27275473465403	-346.19333694240765	-333.8292501571537	-322.38639603788204	-316.8503809009253	-320.0912765796345	-309.17520862089015	-329.43398328311434	-398.1932764035259	-305.87504692938506	-888.4851939940942	-5555.538112673745	-9072.310681547915
79000	-452.1371421508439	-444.2104370249908	-437.3543885527244	-424.21193934007636	-415.13645638507467	-393.1286027657493	-381.52703212507146	-371.43736204720426	-367.59793896606374	-367.0344450333265	-362.92572884695664	-397.03242570964755	-502.82564047484317	-353.691731786774	-1086.9386342592159	-6132.518233771348	-9821.399677990728
79000	-402.46892264564656	-393.84485391513954	-386.0786624122731	-373.76418849332254	-364.37905049045384	-342.79292001554865	-330.33387844869253	-319.0560953075408	-313.91319689602676	-317.08706381231775	-307.02738895093916	-326.7519687957211	-401.01851836873334	-302.4764592056555	-864.1377029903855	-5453.7246549237825	-8976.079121337409
79000	-445.2432910740731	-437.40793105501666	-429.83126150091556	-418.0003840066795	-408.7408384449034	-386.4620749546275	-374.7133712640206	-365.039526488313	-361.43907508422086	-361.34358048263346	-358.3456122611782	-395.86522856414064	-489.1754751017311	-344.6431628990953	-1122.497052763751	-6170.298097825774	-9852.808012919719
79000	-424.68913107389216	-415.9611245288294	-409.1723061901218	-396.92642242388524	-386.8834322968396	-365.11606197108154	-353.43288606521855	-343.0211791811132	-339.47743785007265	-338.45174848067523	-336.0474010867542	-367.91639942427463	-451.36081554177815	-323.7235098767857	-1014.5114005007823	-6268.94715222591	-10029.213689986345
79000	-405.04857256232447	-397.3542253091235	-389.33052300321157	-376.97913896188277	-367.37663797140686	-346.0479628118579	-334.1489258068259	-324.1925458808227	-320.0852745150897	-319.60543347678686	-314.66652269531284	-344.7785726944887	-431.68043584377045	-306.65908697190514	-939.6120602754896	-5670.321222852224	-9468.847941732345
79000	-443.1026526325438	-435.0281927573796	-427.97300745428305	-415.7580826419646	-406.3290958834942	-385.1378142758329	-373.2386578920259	-362.41575239568505	-358.92348580099735	-358.6407594406045	-354.186653255341	-387.77777362327237	-486.30760249829825	-346.6109961171275	-1047.8678998340647	-6038.146232479715	-9689.860790703047
79000	-431.13917466113793	-422.56397879325965	-415.2927300902108	-403.33638146786325	-393.89838926750963	-371.9788705419047	-360.29172731745535	-349.76109570525745	-346.1527625321956	-345.680711579645	-342.52245041429507	-375.8089472447245	-461.814770620924	-331.55643155528145	-1044.4730242207927	-5971.9285914294205	-9754.964047875897
79000	-418.08593636969965	-409.9261725293643	-402.67709533263104	-390.5018734203363	-380.9359639127856	-359.2415628865102	-347.39199988905796	-337.36014276117874	-333.7019113743902	-333.19208992497806	-329.9828195029885	-365.63551501623743	-456.3379050884474	-318.2310793581924	-992.1973320188436	-5980.983762958399	-9755.331032399896
79000	-417.393742822428	-408.94986227271875	-402.48918940833363	-389.81557860908606	-379.8515249234988	-358.70666934655196	-346.60077797364283	-336.875027108318	-333.05433711085317	-333.3521887957411	-328.7884421903202	-364.02827747773176	-453.7166028033487	-321.29628629003196	-947.1917429675983	-6050.258901826182	-9831.40970095457
79000	-458.6926528807672	-450.6271116137228	-443.779978206498	-431.2852160648747	-421.6933044684545	-400.1640855907546	-389.51998597770086	-379.0516912814449	-376.60819489037766	-374.3627072887289	-374.7509640218105	-418.21571755212113	-525.3048925208088	-362.120685227747	-1119.4624646935376	-6158.468057465069	-9863.241713400927
79000	-412.5981417820629	-403.8510888560443	-396.6644475629228	-384.91322033417555	-374.00835422375616	-352.94949122486776	-341.4405986584499	-330.3152739688684	-326.3834489237521	-327.023653182641	-322.5388419489452	-352.841955936011	-437.30255286199775	-312.3801297344237	-990.0790363977853	-5836.757210213374	-9563.72390189811
79000	-467.3962365026124	-459.20154319893845	-452.0021441143803	-440.0093748591182	-430.0035446705913	-408.8712679999189	-396.58729329457407	-386.2194290416324	-382.90710891331014	-383.7526433716697	-377.3416309470251	-410.3420735906852	-512.1335075275967	-369.0054626642319	-1112.987041861168	-5997.411056817338	-9645.508999130327
79000	-455.6056754848848	-447.56346096304753	-440.01314043394456	-428.5910806194581	-418.8673372784318	-397.95823987334364	-385.5635571056539	-376.61107467528575	-373.5995135492321	-371.581465397815	-371.7079201730335	-413.90164963097806	-522.3613006947019	-360.5201582971172	-1091.9220488987698	-6143.439728965301	-9841.0772721211
79000	-446.6671522493505	-437.6464124626659	-430.77664287582076	-419.0737727620249	-408.65438868393517	-387.92958162339926	-376.2495810271785	-366.2584519614582	-362.9067186306089	-361.4870230613355	-358.1779438435695	-394.5004473686963	-503.5280498895041	-347.8974632761183	-1100.0523959011182	-5910.3878368261085	-9607.599358963462
79000	-439.45559738045114	-430.7561258171696	-423.3481446700153	-411.2357857729713	-401.9526664544751	-380.4152205474297	-369.23237917123714	-358.7608581421701	-355.27910089249986	-354.7234885882208	-350.6540992937194	-386.2697702038625	-488.8803971858711	-340.5718014927278	-1061.0766740323504	-5989.120393250929	-9687.226843880304
79000	-412.4496105968062	-404.42987251348575	-397.3311672793007	-385.20105719694857	-375.4805327196474	-353.7025371819502	-341.314344042975	-330.8941408148394	-326.9354879930812	-327.38003770798196	-321.0904256179483	-350.8547656414381	-434.12707093435915	-313.7183782560432	-958.1963004946986	-5825.811172253606	-9489.979408809937
79000	-399.9663170173117	-391.55502592091966	-384.33721706990883	-371.93545668673687	-362.52446538419866	-340.9959314965905	-329.7626273493284	-319.95662969864424	-314.87024751510984	-315.55514574584134	-312.40419671177403	-347.5098772143951	-437.116710720585	-306.76256729200446	-942.9482714187387	-6023.5804696560535	-9777.083314804295
79000	-396.86418025780995	-389.1629171810899	-381.4615471767543	-369.13644360349576	-359.9772809014181	-338.2602451165243	-326.47589519266216	-315.8092964862987	-310.8100497383115	-312.27349416651407	-305.8974040159856	-331.9821617937336	-417.9053231087363	-298.99566203204654	-905.725754736287	-5628.216881545874	-9355.255872427235
79000	-422.7205315145009	-415.1898935001074	-408.00101758214595	-395.65512212596786	-385.8707710248134	-364.17526106590776	-352.2487810490182	-341.9387363183179	-337.9586795798265	-338.9336491605853	-332.2890007812586	-364.9725107034654	-456.64009282740955	-324.99576520568723	-1002.2084564502474	-5738.927397894275	-9406.033122636522
79000	-419.99684498858363	-411.39821767804267	-404.5934777229507	-392.00734438778204	-382.7552329555653	-361.0742507150993	-348.675962187145	-337.5082370082549	-333.7228528621111	-335.04118557302195	-327.63464103720634	-354.39635071177383	-433.8242899898209	-320.1050393157521	-930.0035962286412	-6050.017375495398	-9547.132290748263
79000	-403.0204049780843	-394.76053663878577	-387.11783317709575	-375.92487129050187	-365.37928601775616	-343.75668464391737	-331.4164983533974	-320.872671618413	-316.3841634937918	-318.5246475654936	-310.26473536626634	-334.45271087466364	-409.2556344511277	-304.34411471378445	-912.3230946211568	-5659.765356890365	-9326.02436587403
79000	-497.05665217633367	-488.45683181830793	-481.74072721206034	-469.8348327589323	-460.40547010021527	-438.49168861357725	-428.3085886499886	-419.4761220847492	-417.81049868592913	-413.52491458808043	-416.85604878004403	-471.5878008198527	-598.7207802655888	-400.1310158583811	-1289.1323044498452	-6550.852676710984	-10423.307884552747
79000	-438.8897650109176	-431.0429163754984	-423.4656142534762	-410.8577517144179	-402.39907063412176	-380.0629858437037	-368.5929744367789	-358.8769965325812	-356.00968372236855	-354.76743412645595	-352.0591364077138	-390.37775076213285	-483.5723777177899	-339.9016572725225	-1046.0704420893692	-6132.942176106225	-9909.69836984013
79000	-411.0050965446697	-402.4136395327111	-394.6943058056293	-383.1752007943545	-373.2021804880111	-351.9292280642429	-339.52233360769105	-329.9941194932736	-327.3735705623075	-325.92201082591754	-322.57798768553744	-356.8341581055366	-448.0132777447765	-311.6489987757679	-980.303798190204	-6086.694332617313	-10001.433171736502
79000	-443.27927248865865	-436.21701961199756	-429.1826351426993	-416.64414669601365	-407.1958906756698	-385.8248280328949	-374.3756397297109	-364.61152454646805	-361.00506112759155	-359.02923509342446	-357.45377623871957	-396.10167753407956	-494.2034984786371	-346.0769036675436	-1095.446354976574	-5971.429356659842	-9693.978319553147
79000	-427.9953679835413	-419.15420505179856	-411.6749704164757	-399.794172591127	-390.04121705244216	-369.3564858305725	-356.51331462735925	-345.85304166820487	-340.4999898235674	-343.3841708686674	-334.20613041794576	-358.0480625091735	-446.73974757705486	-329.7170448705224	-952.2571271583014	-5541.204499654049	-9069.364059247515
79000	-444.7550379735047	-436.3789462274252	-428.8775684321328	-416.5461663622882	-406.3967812932281	-385.539098655391	-374.1426505067197	-363.5176732421208	-359.0872870727917	-360.1373552649715	-354.6505506078872	-386.4850459451732	-471.6067131025115	-346.1034357077674	-1061.7523536370873	-5943.639341234442	-9577.113349793166
79000	-459.11942255848584	-450.7011026700327	-443.27788869273644	-432.37219958698904	-422.8374735204637	-401.1076246330281	-389.85165090078	-379.8630030062826	-377.05999070004424	-374.7749282674891	-373.1713437760935	-414.5330524669488	-517.0317486273645	-360.31705439088717	-1168.0617424876002	-6225.080773668874	-9936.210267753671
79000	-424.88228524516427	-416.7350253164368	-408.96807533589543	-397.2601497573222	-387.4165338519854	-366.3266230179787	-353.72574426771047	-343.17652502862103	-339.791457153874	-339.9201723892552	-333.98763241964355	-364.28097395821084	-446.5907166978354	-325.30887421183854	-983.6687124431963	-5928.056814834389	-9636.545139367196
79000	-426.1535600721042	-417.7085156922429	-409.8509695096206	-397.64906331170334	-387.74629189264886	-366.8516712428278	-355.0026641356981	-344.8781559885237	-340.775280281698	-341.0798405750865	-336.00875825774835	-367.6616388611938	-466.572640905107	-329.7933503086023	-1002.7953692112911	-5907.860517723863	-9648.789304549311
79000	-417.4914889879291	-409.44439898154417	-401.60851666703473	-389.94875487839965	-379.6301418653751	-358.30046508277417	-347.0992438659071	-336.87748919461353	-332.8909516841435	-332.08370489744266	-329.182742846208	-363.3222183984943	-451.1930992844929	-318.43028696313826	-1016.7001409186996	-5956.449838796349	-9800.626985169358
79000	-414.5278744840942	-405.8903493829508	-398.65232933391593	-386.8516246853552	-376.46783390501685	-355.19654414916454	-342.40765843010587	-332.16783944996945	-327.9732967199536	-329.0288756743481	-322.55577236645803	-346.80290175908357	-427.55814726020026	-315.3371356851984	-920.6165206699587	-5697.139959264755	-9355.781926255682
79000	-469.4809885186912	-461.6523700510761	-454.3307036965377	-442.47780586307556	-432.76958644004446	-411.0373127489694	-399.7810937405024	-390.87164085812014	-386.5925711893974	-385.5056793224994	-383.10280208753596	-425.29000644903095	-536.1046960578509	-370.79125136224377	-1171.6689782670717	-6163.811859611275	-9941.839272720603
79000	-413.5001606751561	-405.21490485318805	-398.756658309623	-386.7415579788843	-376.8504135486541	-354.9702367903977	-343.175731933245	-332.8818734893685	-329.35086718921445	-329.1697252166075	-324.6834757765916	-358.5300231488526	-445.1724000653556	-314.0647025947694	-1026.4799330118562	-5888.955159305172	-9736.770271694191
79000	-438.948862201224	-431.24790467139877	-424.0305396114895	-412.1239558042065	-402.470406985271	-380.7027129321532	-369.19602056358843	-358.80123007045245	-355.1025594016074	-355.29676069061054	-351.12583301284764	-385.48657966239716	-489.56987148964805	-345.09165114118497	-1050.282960256431	-5997.413819229116	-9694.664700898793
79000	-424.25019464071534	-416.3795266309998	-408.60403902583533	-396.2659046764893	-386.6088328051068	-365.2015140618032	-353.2632472232736	-342.2915657587994	-337.7046934972599	-340.168619587194	-330.2725820097601	-354.6025351523271	-433.284418503239	-330.0996632365547	-935.7725937370409	-5510.066165728152	-9144.03545962797
79000	-472.5279744995593	-464.1331687060284	-457.0120989462395	-445.2964962066652	-435.45090951529295	-414.03489691968997	-402.8999169526936	-393.1743554157527	-388.9812281389739	-388.68289280331663	-385.09551145721963	-423.67015794504385	-526.155130985142	-373.556357831347	-1183.156196395007	-6136.008977784452	-9835.106312586366
79000	-480.5434147861337	-470.83189858902387	-464.12643610952426	-452.8074616618602	-443.46870683989664	-421.36793322990843	-411.14067964222215	-402.0686570253642	-400.6234379447003	-396.3181172514835	-401.3609739502894	-457.13366753946775	-587.406740855479	-383.40295567317156	-1272.8503300789682	-6399.225955793751	-10345.13691889907
79000	-417.74521293334027	-409.97729514193486	-402.4441487873817	-389.9200405630784	-380.51011042779413	-358.4963274287114	-347.47810442344417	-337.18439317117634	-333.34695257351865	-333.6532449966991	-329.6686791219486	-364.85682042450287	-463.0053808920855	-320.72838861662683	-984.0803355402797	-5939.425769528293	-9600.890040190036
79000	-409.2484852482726	-401.48679736661967	-394.1151654465662	-381.62349142260155	-372.16499614119346	-350.34916435476987	-338.8598349031293	-328.4095952402725	-324.88450013571406	-324.4726488624176	-320.54560261037176	-351.5378583845169	-445.24879910160865	-312.46210340533963	-928.3628777109083	-5851.210201598924	-9534.805305716249
79000	-431.17946809029587	-422.8214148930054	-416.20103783919814	-403.96778049499244	-394.35842755780567	-372.5013946601505	-360.98437066659756	-352.67704857359183	-350.2879170523463	-346.8568398230263	-349.59545677589824	-396.13808140914466	-500.75178558729584	-332.6667001933473	-1092.331499271377	-6615.803647599406	-10572.570710421065
79000	-453.1255072473504	-444.548795042866	-437.37394584243754	-425.68182209196493	-416.54018684784404	-394.9444126597146	-383.3016950189956	-374.7420054677297	-372.7061371106333	-368.6744242740812	-373.48687080314943	-425.36623451088303	-546.0962888864015	-354.3663227448547	-1177.1513848917134	-6535.759717506241	-10553.575414898558
79000	-435.26693542714946	-427.0056228606381	-419.2031923835436	-408.2389527658503	-398.20433793165006	-376.37816149180526	-365.0776812556135	-355.68488542117274	-352.2134468599027	-350.3689702085301	-349.0965842929367	-391.92616444330446	-497.6491010345083	-338.5171009032544	-1067.5182932209143	-6070.727465430673	-9909.692974439025
79000	-437.4609258913931	-429.6303570051466	-422.2944553808583	-410.2380024531469	-400.36787480781163	-379.49293313332083	-367.1644429501984	-356.0796674112722	-352.6549380676075	-353.4912140289719	-346.18677075191255	-373.4404843504305	-468.8986829497787	-340.13515288704093	-1010.0323820678902	-5746.475826181552	-9370.37073430695
79000	-404.9311403503321	-396.24420272411555	-388.82114221017986	-377.26689283107146	-367.9501904187745	-346.1056333537754	-334.2857297853927	-323.9226633656766	-320.3400263327877	-320.19010175067297	-316.4532671484431	-350.5892861389011	-438.8706776435343	-310.1414055769257	-944.4476734835118	-5996.685309352122	-9870.62587306255
79000	-456.3744967457614	-448.1466939383965	-441.4452575508929	-429.1177254146895	-419.4438172051867	-398.41086420718756	-386.50257372165004	-376.81010265393604	-373.1748611799526	-373.2413949523188	-368.0171262872267	-404.92242150425204	-510.12579275944154	-358.1753533587471	-1109.97681987421	-5872.724267589332	-9604.454441235996
79000	-433.4050408369695	-424.3863559886824	-418.51600745271406	-406.1292962072115	-395.5268083281064	-374.2629832082278	-362.87883448953437	-352.6469337279128	-348.8676807691588	-348.5419230821756	-344.3648580454701	-377.842283205192	-469.95123020337513	-335.5668497896734	-1019.9705590407076	-6021.3876800968565	-9717.200270065228
79000	-388.20170124021865	-379.5131684402802	-372.0646784439036	-360.45896181383023	-350.76233131581193	-328.78498077397825	-316.92169914614436	-306.45913354702304	-302.28207286405654	-303.07825164287954	-298.81041940778584	-330.05560297283927	-413.59823952409033	-287.94669385939096	-928.1636872812537	-5943.067378988667	-9757.822239002904
79000	-453.08983414919913	-443.8852437561538	-437.9566465951082	-425.0544602985482	-415.6352545765293	-394.641255333439	-383.37830585504054	-373.70430822433514	-370.03430513448933	-369.0036884593787	-366.18189404727536	-406.95314576274365	-528.7872814620889	-358.9210646491115	-1108.427167192573	-6128.231216644007	-9750.71129611629
79000	-451.4575940641139	-443.2357453591169	-436.5988126083881	-424.7057887002452	-414.37767738260646	-392.6018094876756	-381.53071008661345	-371.6135920672576	-367.8557277410482	-367.96704821158215	-365.206509642631	-405.4027947337857	-510.78483444623845	-353.5430049113035	-1096.3859156018975	-6301.359423706534	-10051.686766430725
79000	-419.8300084050107	-411.491199972195	-404.0826556631053	-392.0225457892104	-381.840302265681	-360.75133953652323	-348.2316114164349	-338.034146127948	-333.6992759514228	-334.52890211333494	-327.7610525393637	-353.3653543483005	-433.5313312238716	-319.86797941560525	-964.038416760951	-5805.399132134296	-9369.677620452625
79000	-433.9821168983118	-425.20705694698415	-418.3308439158573	-406.5949424068922	-396.11020076580746	-374.95653804472187	-363.403043317286	-353.22576961269465	-349.12741601431816	-348.48526136557524	-345.01753237231446	-380.21015386017154	-480.54906176683625	-334.26632253143305	-1044.7753457378926	-5971.144111581475	-9643.539779506802
79000	-396.24512310310246	-388.0816294965408	-380.6363701192785	-368.47452299500503	-358.3817037013799	-336.99138302335655	-324.9067165355681	-314.28478613340496	-310.1878053818502	-311.09058034446764	-304.68102662543913	-332.0738311413453	-418.95087734631977	-298.56640451226696	-907.0988273014876	-5618.700113979409	-9381.297049000292
79000	-472.495199072195	-463.1473120476289	-455.8432167395725	-444.4316036069697	-434.2343523108306	-413.59992966068694	-402.0770209081978	-392.29890006616694	-390.082538555598	-387.4537955524842	-386.53146476647066	-431.83438601448114	-550.6823045565151	-374.0742905530779	-1187.9568297973692	-6137.576390028766	-9947.123419740044
79000	-438.28129297356145	-429.73396849463376	-422.1269172536627	-410.97346092163536	-400.5644548027201	-378.68161318844625	-368.4633074054564	-358.2756522858576	-354.5224831297503	-353.4319340756521	-351.6530007649176	-390.1191740674062	-491.5136050884528	-339.05515519367134	-1086.7260893035905	-6102.900413311576	-9944.006195027821
79000	-403.1313979035521	-394.85719734517846	-387.7590423570952	-375.36415172722275	-365.56289506651626	-344.9192835240951	-331.9729116759896	-319.91740857189353	-314.8283210936685	-317.48062375664165	-306.5123210112334	-324.2082144836202	-397.350825671559	-306.88200968494766	-857.4930580612887	-5480.717073326935	-8979.41239723203
79000	-466.175435201481	-457.55615373704677	-450.78577563562015	-438.52275799606446	-428.80906197956585	-407.23251000268425	-395.92132536452385	-386.8651151765132	-382.76405446902316	-381.4298790003915	-379.7599401634647	-419.40598533285873	-517.3044646527796	-367.53609012317867	-1143.7380193035567	-6059.443714797211	-9679.037213745914
79000	-423.752145055349	-415.0943723782307	-408.6774652805604	-395.7498208698087	-386.65184397686915	-365.1112981681282	-353.5228349430136	-342.13258632219936	-339.2890602827492	-339.17480536692744	-335.474410856504	-371.1075220596884	-467.28254340362327	-324.61145812037375	-1031.1764341167204	-5902.894225650946	-9803.17571725996
79000	-442.3827230141416	-433.8480891379902	-425.88910898709713	-414.8443265420566	-404.8050404832274	-383.2636340902441	-371.99431367167637	-362.8336337837377	-359.80573786765206	-356.7011656289657	-356.6513277380127	-400.3224955880509	-502.7866430101835	-344.6913101381919	-1108.9019089839378	-6067.129702469348	-9880.200628016319
79000	-428.5762029407949	-419.6139962833906	-413.0340952718082	-400.4413019892403	-391.0383459031835	-369.2011324754481	-357.36993954038866	-347.05278986244343	-342.9970451325285	-343.68320965710586	-339.94065474520846	-374.3341417619035	-463.9376243881655	-328.81009703374104	-1036.080539522481	-6011.628138909994	-9735.894697027456
79000	-421.85120634620864	-413.22190982170093	-405.8910084253553	-393.62839786409916	-384.2763791956963	-362.78262520859084	-350.5614815937991	-340.51911681976344	-336.6387826869189	-337.0286144642504	-330.2306158459681	-359.9539282566576	-455.6996933642823	-325.0688055959088	-974.3465272983609	-5648.827015551576	-9340.35089790056
79000	-429.57880900944883	-421.26037369146536	-414.3317325219895	-401.9585535305346	-392.54948084531804	-370.86081849155715	-358.6777120684058	-348.9956142231365	-345.46256901388995	-345.4726752080645	-339.91138011318344	-371.76966804793267	-468.5389914114582	-332.08469759553043	-1019.8350396792401	-5863.062881783193	-9586.391499586796
79000	-441.918802332792	-433.73996555018226	-425.5261093972077	-414.29193041304416	-404.8629176615523	-382.84835737058376	-371.3153237092718	-362.1655163914993	-357.7670353811347	-357.1755962133545	-354.6879658422849	-394.01559108839444	-497.6359961819957	-353.0779759934834	-1062.6630852621736	-6097.331020642931	-9839.07111379134
79000	-421.34173375507635	-412.9240276662281	-405.918117061554	-393.8518897745388	-383.3926246956921	-361.6015967614936	-350.4151532419494	-341.43732617494925	-339.1669406826042	-336.4320729820948	-336.1643737934292	-376.81191359965203	-486.9074287292571	-323.2593654460769	-1025.4163068146886	-6267.488705225066	-10055.54382691491
79000	-416.48621025001995	-408.3424555414599	-401.51974088192566	-388.5864955519512	-379.4523227464973	-357.60567296602335	-346.0559741387174	-335.6387377993972	-331.09698179530983	-332.2064151837395	-326.79617469145956	-359.0055611785187	-450.5749164756448	-318.3181091474419	-978.7427555637851	-5857.7763444006105	-9616.16733551778
79000	-459.2142994545258	-450.44728811878576	-443.1151721712086	-431.5417227969634	-421.6736672535538	-399.7816900291852	-387.7128551883855	-377.69997858556343	-374.8006979096993	-374.1421494509436	-370.78849323956086	-404.83043772073046	-498.0171900767301	-358.71864429166106	-1121.1560045374085	-5980.100713954897	-9593.692168261296
79000	-455.9081036284164	-447.00425077333875	-440.09208321092643	-428.5137135041484	-418.3294301546241	-396.79579339637695	-384.54726042543024	-375.02432792572716	-370.95793952890267	-370.71032843181763	-366.92848168531253	-401.1602385255895	-495.8569687558418	-355.1813765195519	-1128.4487419292009	-5935.415975317524	-9639.553441310549
79000	-436.38709240468967	-428.28600741517704	-420.6343788955597	-408.8637144695912	-399.5168280021882	-377.6873240121812	-366.3292911429867	-354.88371800140067	-351.00138244329804	-352.0281400515231	-344.8936519741723	-375.2845778504015	-467.3709165742037	-338.58341179852835	-1007.2068679401657	-5827.700854167084	-9400.344602069503
79000	-443.0269328487826	-434.9487698771709	-426.831586525265	-415.2917684661601	-405.9360111500574	-384.1556174315539	-373.0365086183305	-363.7333480219046	-360.5319135959367	-358.72064889069804	-357.27449720122524	-399.7112410510422	-519.4882452590159	-347.46774853928576	-1079.7323232713263	-5959.907988066608	-9716.850223271298
79000	-436.1305370460672	-426.81117919436025	-419.7965862379861	-408.131601904272	-398.2993143523853	-376.52225367724617	-365.12457714621934	-354.78873174627915	-351.71865161142364	-350.95420051729826	-346.7474747940893	-382.0106501993513	-478.3826448163015	-336.0508937527288	-1045.2032220434876	-5948.2958978117495	-9592.094721392707
79000	-406.39584069648424	-397.67270514501	-390.7343905048868	-379.2680024661254	-368.9744504352297	-347.6998396254967	-335.2724327865904	-325.5475938173903	-322.050931654936	-321.1229984787472	-317.24287049146574	-350.01522480071645	-440.3629740280369	-307.6505847222737	-948.7154970880913	-5819.213112400876	-9654.008858414334
79000	-384.84471633390876	-376.02048706522055	-368.81072769761914	-356.3257596824735	-346.80629963823037	-324.7266394610673	-313.1483372883893	-302.7455388866196	-298.2988630476317	-298.48980692015095	-293.4501851353574	-321.05909544034273	-396.6685939015825	-284.065438536127	-889.6006061425745	-5820.460459776588	-9676.697738149314
79000	-437.61435366401497	-429.5427385008861	-422.4144091695985	-410.36338190685865	-401.02817567915326	-378.75159746148717	-367.130004166706	-357.2391505287955	-352.7002348303021	-353.41905953966085	-347.95700424657804	-380.067884012933	-468.1182946968132	-338.30989340637524	-1045.79725308565	-5896.623870973254	-9668.758715378512
79000	-455.6189891526054	-446.488382443377	-440.4426461751663	-428.0601300561174	-418.6953877748313	-397.2722494689084	-385.17124885370106	-374.6944704278897	-370.7002708128486	-371.3804577483653	-366.27274091003216	-400.62257778821055	-506.6401291775843	-357.8805590165737	-1099.675702703917	-5644.576252630128	-9230.04476904159
79000	-417.64935228449934	-409.39452697856257	-402.51897292733355	-389.82681141142814	-380.1609879702587	-359.480652668258	-347.7988263378113	-337.9019160211196	-332.66214021995046	-333.46018266471765	-328.0611420455189	-357.96907391377306	-443.55444399371873	-321.06204909374344	-965.2851820304538	-5589.930303198976	-9223.49445146295
79000	-416.9909251171099	-408.3115391649254	-401.2054225542617	-389.09164745146256	-379.91369925891877	-357.5438801418748	-346.3260680914013	-336.782191412146	-332.97986305262515	-331.91279410281896	-330.03957176289845	-367.02672098909085	-456.41635417931116	-317.4708919247288	-1016.4879482466873	-6153.56828188981	-9955.942918854194
79000	-448.3865918224408	-439.15741112051757	-432.7811395258064	-420.1282411915698	-411.0402325467286	-389.3886953586083	-377.5326209121845	-369.130069012686	-365.38371073679804	-364.0938304404319	-362.4831134357097	-405.5386862302544	-505.0261858094457	-349.61012641149733	-1106.0534790737297	-6281.681730880056	-10129.16699321481
79000	-440.6138347634785	-432.30272313250236	-424.9653040422989	-412.015293112333	-402.9560392385196	-381.5264548143074	-368.93398696205526	-359.0370876255124	-354.85529587840404	-355.5494311618387	-349.5701828016526	-378.6259120086039	-470.0555759720679	-341.9044410233612	-1003.5114771002661	-5822.718219634307	-9423.979617477824
79000	-426.2967735636197	-418.4425582545356	-411.09327158874083	-399.1440859192488	-388.81999867202177	-368.1306923800087	-355.56464215727397	-344.68337335026536	-339.6273077333591	-341.6762399513945	-334.3409684209517	-362.2063463583144	-460.232020688402	-330.0607347060055	-991.2949386146851	-5591.960876497144	-9259.817186104585
79000	-428.7535175671036	-420.33993598945534	-413.61117958981237	-401.67915609109286	-391.47557132052737	-370.6193625310439	-358.7130205481962	-348.47268787715	-345.07271457287516	-344.5972983379151	-340.8376862022156	-376.3446385590301	-472.9993174228915	-330.3605418581335	-1036.8457865354776	-5970.068325098651	-9759.464101267973
79000	-402.17375893484814	-393.52462649718456	-385.78140569904355	-373.6361276708508	-363.799091847266	-343.0371549789286	-331.32585114216755	-320.2525628910937	-315.8294594951213	-317.3294650912906	-309.2251892839854	-334.7792931010646	-421.69259787074805	-303.97502502241963	-898.95853406255	-5511.268465923397	-9262.962257439052
79000	-458.13786032462707	-449.41882354772	-442.8143609982324	-430.70316761255174	-421.06787958196685	-399.3188239480228	-387.79663600962925	-377.98404554970216	-374.8533053032609	-374.1009402208177	-371.0646012583907	-408.3293626454149	-506.89712667366206	-359.8439680220997	-1090.2007022209577	-6267.655769838034	-9978.986696568296
79000	-422.4666009265396	-414.5858043666766	-407.10397564656324	-395.4510772506072	-385.8804410226169	-364.2745269979891	-352.5152507994334	-342.2957934467095	-338.4015461359116	-337.91633312659314	-335.3849140482896	-369.0669671530366	-466.54232368777787	-324.51515280849793	-991.7145246149548	-5950.883216833109	-9671.571525460957
79000	-403.58934080427	-395.113337474795	-387.8676839428661	-375.30499607983097	-366.2223068741258	-344.3797672134113	-332.30767693373014	-321.48964312966575	-317.48787465592653	-318.382329666484	-312.0284354557303	-336.8582054545786	-410.60230493887394	-303.817066287201	-919.7022940414336	-5852.654250250744	-9593.279241054277
79000	-388.9181554001513	-379.9111753498872	-372.43671428688384	-360.7767348149157	-350.9141928422445	-329.1779407522474	-316.72184892486734	-305.2445395855529	-300.8343257312423	-303.0693790449848	-294.861570486229	-316.8846560354132	-384.667599015395	-288.507607387939	-868.9010879636925	-5570.130319299596	-9225.493350910794
79000	-432.05564305371365	-424.40156535737935	-416.61551344850426	-405.2382478628564	-395.35369096155125	-373.9811610535182	-362.7900651415068	-352.97574037776405	-349.17838508412706	-348.29159125312583	-346.6812477986753	-386.73213486283953	-490.0009593109389	-335.0970561100074	-1073.6087395539032	-5958.5758218994515	-9800.91568029746
79000	-498.074699859975	-489.64099126772237	-482.59714605143364	-470.9460900980512	-461.97601228213983	-439.7119312929175	-429.28987580398325	-420.36540944196753	-417.8870858618457	-413.83177636743983	-416.5270013215849	-468.4112565817315	-601.4480696190938	-400.9249430067802	-1284.1650387951117	-6426.241461390522	-10203.31211610765
79000	-415.9447959861461	-407.22018383252976	-400.2584826424639	-387.69222386931494	-378.4232078146758	-356.63279171230164	-343.67927645800665	-333.0709675670704	-327.9023052142331	-330.3750418193523	-320.8876093664852	-342.6530641833733	-416.6409577401029	-315.58161454681715	-910.0985488652848	-5679.884559997073	-9347.952294001658
79000	-438.403954731602	-429.2626813835269	-422.42061279322576	-410.0174775515775	-400.3536890195978	-379.29164854740833	-366.76796719027635	-356.604160196452	-351.4876057544329	-353.6619567171305	-347.1758508043322	-376.5865079453184	-460.115673361468	-338.66970838518995	-1033.5441819400098	-5756.415979982029	-9337.33345484478
79000	-403.4939537384772	-394.88774355339115	-388.2040776416208	-376.0093136066722	-366.0604854707158	-344.53762993324733	-332.52752941310695	-321.89849742083913	-318.1421857055288	-319.17715702542426	-313.6318748586437	-344.17712538844034	-426.18759678435396	-304.23746550632626	-947.9675994805427	-5858.456872556096	-9612.23011218104
79000	-427.7688889504074	-419.3120115053877	-412.023800373892	-400.26356011458336	-390.3544028539329	-369.08895627504455	-357.0762413713264	-346.64538774619837	-342.8154049247786	-342.91755365303726	-337.6852733172513	-369.46873500384237	-463.44046097935296	-328.3356332516207	-1035.797387589841	-5776.091371285496	-9544.929707638363
79000	-427.8117197321601	-420.2966316897837	-412.8551550668022	-400.6369945802254	-391.16980531160226	-369.4490611904564	-357.73619696342394	-348.48966024031176	-344.956733557938	-343.1363088980267	-340.97211346945295	-380.8089538627778	-476.1656921780028	-329.4661442891964	-1068.1759321318375	-6009.896973996653	-9953.262657569803
79000	-427.79101447354526	-419.85750325430325	-413.1074748720286	-400.48343156497344	-390.4151751175814	-368.5876143819433	-356.7233524470729	-346.3991865830858	-341.6895746894554	-343.4175200501392	-336.269288488878	-364.79129716102324	-444.1046132421481	-328.2560841066041	-987.5204934810212	-5840.241335225255	-9442.727640200783
79000	-486.98314056161405	-477.8224118403542	-470.4120029869567	-458.19928429443814	-450.2564542154873	-427.44041830604107	-416.3642431393112	-408.5695056520613	-405.27961337811934	-403.49779164239914	-403.06720615824656	-452.40121027772426	-576.872297726379	-394.66240380966326	-1218.4588012563843	-6201.965642499331	-10008.325011096402
79000	-420.46163778101055	-411.94994830939186	-403.9479112320186	-392.9915690303501	-383.6575490658206	-361.0820433864179	-349.9321970872068	-340.15967727678674	-335.8053580232552	-335.2639770512811	-332.6535195061498	-368.4447452130947	-458.0954559052265	-321.07778678230227	-1014.623884980412	-5868.115762860417	-9672.942656566314
79000	-454.36963745783925	-445.8539722034572	-438.66304562802367	-426.84000761723416	-417.9013057532098	-395.37912884863516	-384.2028391058071	-373.9382342966114	-370.29308669465956	-369.00552257257675	-366.73571593556665	-401.9669112639428	-498.5905773836532	-354.41676369902177	-1125.6197549215922	-5976.077464276379	-9611.358455396783
79000	-459.8148876571708	-451.3902172805678	-444.88502078159564	-432.7954440803778	-422.27145416771486	-401.9396888315722	-389.07667047465367	-379.83240112253344	-376.64428413272566	-374.82359413355425	-372.6740564691952	-410.98265585519687	-520.5233559269492	-362.3067813961421	-1106.0043415415278	-6090.255644306181	-9765.428696956125
79000	-406.8408928268083	-398.9079049499824	-391.53995002257017	-379.05452672921126	-369.8321610219661	-347.9306408561675	-335.56673804491635	-324.696018554821	-320.5285710150332	-322.1689884077273	-313.5823887187835	-336.8196359181898	-413.6459245462729	-307.3431920395566	-910.4852893067446	-5545.089571111548	-9216.690836747064
79000	-403.9418654019265	-395.5973034652085	-388.0770455376715	-376.1937289827339	-366.06129574454354	-344.21455716143527	-332.5731829826043	-320.954478588711	-317.40811702118793	-318.26660309699776	-311.70037455817106	-338.42556557434403	-414.9193391535742	-303.23831358237527	-946.6836500462348	-5696.992236402792	-9377.159550919858
79000	-472.3790513726657	-464.63990464932505	-456.8031500913483	-446.0205765929476	-435.95753353125514	-413.8211511603332	-403.1543347770026	-395.08510320747115	-392.0234392275977	-388.1647989778199	-392.13145607460757	-444.8844749616673	-569.282291050602	-374.31867264426296	-1257.9667679396496	-6631.244068785559	-10500.325249259275
79000	-451.7053794652728	-443.4712611985829	-436.12789684379896	-423.4367862236053	-414.86793224052053	-393.705751416992	-381.03435915822485	-370.970274728793	-367.9386645628313	-367.73168806295075	-363.06337445378296	-398.66003381603	-493.5685916949838	-351.95782420148373	-1076.3381980818288	-5988.931296281064	-9643.63094207191
79000	-423.1237843337779	-415.03515570570505	-407.9833932283536	-395.94757860633797	-386.1211227080847	-364.8917496901585	-353.24394415011295	-342.06342771091664	-337.62849606463044	-339.1761277291493	-332.45524627910595	-360.6870159471444	-447.7407141288539	-326.9701586436994	-977.6890222362947	-5690.3206633295995	-9383.475002587624
79000	-439.5331063635949	-431.1798578721911	-423.6706495810177	-411.8590607572686	-401.8638766863853	-380.07759856440055	-368.70604133320165	-358.3803319761096	-354.05352891674954	-354.9279902881246	-349.9880588981361	-384.4228054904831	-473.2298602779728	-340.31661425101055	-1011.5805928298302	-5762.460868377796	-9450.445781951508
79000	-443.3472504452222	-434.6521237825811	-427.3222949278815	-415.69624635225125	-405.5363286396802	-384.06106630151675	-373.6856897742251	-363.3304026121908	-360.0689612631818	-358.27444991775366	-356.46962669009974	-396.88342601758046	-494.367855506999	-347.32737509606017	-1060.6633001650132	-6124.5713369814	-9863.674903619227
79000	-423.67104076993945	-415.47090687105884	-408.0983900733468	-396.38873057433386	-386.1992778882019	-365.32201054241426	-354.1822534893899	-342.2677518034026	-339.32629969000527	-339.58005812188736	-335.4933600650512	-369.30342003558553	-468.31587162644684	-328.5097614990268	-989.6615083659572	-5895.061952918722	-9618.646109322064
79000	-430.5653066177668	-422.48989269177565	-414.68592061335477	-402.7946326631354	-393.03998333722745	-371.20083735113076	-359.7112392946366	-351.1848053791577	-347.92594776641926	-345.73627559438	-345.3612427796035	-390.3318546424056	-488.4511311315954	-331.5247545435746	-1098.5282753255551	-6129.502143199599	-10046.806966885688
79000	-430.8851725623509	-421.7281111993715	-414.5626611812997	-403.07187869077814	-393.42027750003814	-371.5546178008252	-359.5792091581627	-349.2405689809688	-345.2583631879192	-346.38348258519335	-339.35927365846186	-370.96401278645294	-461.2387523892262	-331.3675042514605	-1025.3091162878843	-5816.528709210403	-9410.44777312611
79000	-406.02806640655496	-398.3103404808544	-390.60244807269197	-378.20619898546386	-368.706278352677	-347.38371037079446	-334.84282990648774	-322.77801872064276	-317.3513131319332	-321.34769586478353	-309.16905669959164	-325.1799212066782	-389.4433469427854	-305.7189668932574	-867.1504822221186	-5363.032754003971	-8824.956256653835
79000	-441.850367711435	-433.05159833433885	-426.49851073887845	-414.22077860535296	-405.27512532021973	-383.2204614524737	-371.36889180437254	-361.12477917995807	-357.2605549107026	-357.0955452746917	-353.71312289079765	-388.38988588242904	-487.3244982430041	-342.8778619191969	-1028.6888837795666	-5795.650733289233	-9468.318658754546
79000	-437.52172908531026	-428.3874542066803	-421.2352375056667	-409.0135085861824	-400.15365281474715	-378.76937556531414	-367.01933775042005	-357.73560804251275	-353.43879260933426	-352.9258860864504	-349.9674090911455	-387.1646218287296	-493.3417387240127	-341.1814223601953	-1047.631462959987	-6029.611881974113	-9765.132094798058
79000	-436.34189392856564	-428.3613576334457	-420.20893479003445	-408.19760299523625	-399.0007439917972	-376.88154648027864	-365.138103742173	-354.4642309047065	-350.0972810171382	-351.42479229821095	-344.860218450029	-374.2019898633556	-462.8270835130724	-338.185960740696	-1027.9535574109168	-5671.474788738159	-9255.394581289413
79000	-426.6303340610829	-419.07062922248366	-411.7220541153296	-399.60493451080515	-389.968996246595	-368.0521780231699	-357.1153686439613	-346.8995603832571	-344.5126704883894	-342.59521910070936	-342.3738057594424	-381.83747648461525	-485.3488791978507	-331.3094474916887	-1034.6472257546602	-6024.463935171937	-9931.937230501422
79000	-425.2771831550911	-416.31012835672766	-409.18683028423374	-397.08574846453996	-387.0894841422502	-365.26259174258416	-353.4485528310745	-343.47157114286324	-338.99149516271564	-340.1017350182048	-335.3824619754943	-367.93883729112525	-463.6048972867117	-324.892364271317	-992.6271270075462	-5940.675549130023	-9653.140979419722
79000	-413.2089464962108	-405.3730883723738	-397.538327261411	-385.76455522450954	-375.6070302262407	-354.33653217707877	-342.58276285554723	-333.57571244293774	-329.57937907134743	-329.150205344394	-325.7930812943816	-362.80525148659484	-457.56040426444315	-315.7715008083493	-951.423575655218	-6008.341589391121	-9854.423817314913
79000	-433.46868916836445	-424.940216032263	-417.7011088351367	-406.00120224434113	-395.93748798505834	-374.91265904401104	-363.63014942815516	-353.57628417685135	-350.7147598985651	-349.05956877428406	-347.4857160346528	-385.9064275909729	-487.0058645150951	-337.467193457843	-1029.2465975642865	-6122.0745832500625	-9945.739893354106
79000	-442.74463341965475	-434.1480681561868	-427.14986885667196	-415.33200175165587	-405.987224181476	-383.8482995550883	-372.6437125436137	-362.3527116564693	-359.66973531687967	-358.6925665140624	-354.9405467108665	-391.1129698969584	-494.72969162930445	-347.1149631153061	-1053.41609507916	-6059.68745126235	-9907.729012748823
79000	-424.9325485148576	-416.8520943682905	-408.860915493164	-396.95858236350455	-387.38044157228785	-365.7422547334701	-353.6850947984326	-343.79310551032114	-339.89175285869163	-339.9172985077441	-335.72857351287206	-369.3107379598701	-454.44936709581987	-323.9800506742098	-1027.9694022480585	-6160.582304337507	-9905.03878153657
79000	-433.6208331535385	-424.70495803153096	-417.2172134848834	-405.39569354003766	-395.65044946825554	-374.53263376532215	-363.33905127493756	-352.7972785689186	-348.11553971392124	-349.5119916909109	-344.2343297980828	-377.57217416753787	-471.59211207910323	-333.9295103899867	-1027.3788762595477	-6056.067491596098	-9733.172577710462
79000	-469.7063945141397	-462.1557333447343	-455.47888589504356	-443.8704081305258	-433.8214451622981	-412.56613508398704	-400.7678151822305	-391.51105302821145	-388.4002278157091	-386.28877381036244	-385.23067333493395	-425.774235667188	-532.4096897219703	-370.762378683298	-1203.603704186629	-6065.376719499389	-9687.899004436076
79000	-432.9504121936838	-423.97928162384375	-416.9472996783764	-405.2281988198572	-394.49451027687223	-373.3338357561507	-361.63699110829066	-351.36221887316265	-346.74739418577144	-347.42730390983	-340.1757917553593	-370.6382725365775	-458.0394342878687	-334.5578394398168	-987.2016974020802	-5600.026785937891	-9163.999798337185
79000	-429.4727698152472	-421.5379534891859	-414.28330516953616	-401.842555991136	-391.9886329630345	-370.85559949499367	-359.0432831093731	-349.6063433198475	-347.5793460691808	-344.5253259028377	-344.1746273242995	-385.524476142617	-493.0414586431919	-333.8349582052637	-1066.5673880635845	-6362.098290483228	-10197.986543870918
79000	-466.3168489365336	-457.3084374108983	-450.5389455549144	-439.0067892654847	-429.0660084927629	-408.36238751851323	-396.322893980213	-387.7041137008114	-385.8141184155127	-381.941760661401	-385.28033154466556	-435.56790860306893	-555.8953155294753	-367.89486174241773	-1196.896822931483	-6409.108005907142	-10390.207179392522
79000	-421.8966497208441	-413.8477216865506	-406.00080478370813	-394.38456266092544	-384.15738498233577	-362.95236328529137	-350.98411647781086	-341.297006917644	-336.97332692542125	-336.69685839380173	-332.1667146188468	-364.74868889872835	-457.83356751838664	-323.65883583917724	-985.4362978826917	-5856.3625621526435	-9552.34890857165
79000	-430.0809098565753	-422.10014270433294	-414.6543926114346	-401.88429469702385	-392.0340960166679	-371.54411995971554	-359.511101566716	-348.96383600210004	-345.1141380613657	-344.859586980315	-339.6202842511315	-369.22268022190013	-456.89817420795407	-331.60398753624406	-1004.6421293260657	-5846.522020227862	-9573.843736221992
79000	-434.85700563499876	-425.70179674090394	-418.9088640138347	-406.98985926007083	-396.443735155879	-375.52530081327416	-363.00672264010205	-353.43685286248666	-349.39543081288923	-349.309259194634	-345.60327788386155	-381.2784239087736	-476.3993730154243	-334.3097191047184	-1063.3818884224902	-6224.6747276595315	-9913.84743166436
79000	-469.09874058436003	-460.46550055121264	-453.14573362183336	-442.1687064143249	-431.5890290355816	-410.91291276477676	-399.3271813329581	-390.2134766117393	-387.7614320616353	-385.61133046618585	-384.03365950522414	-425.09546813984366	-534.9655331817522	-372.5229373042019	-1168.0223225676807	-5830.835672295874	-9649.356876519529
79000	-399.690702361477	-391.40075481670056	-384.07550474567205	-371.82080687611654	-362.051746499137	-340.45921162374077	-328.4330688973627	-316.9997779318534	-312.3423312635427	-314.6885163539786	-305.6878813710971	-327.87140814731015	-408.84948956063187	-303.1433578633323	-899.1731974275187	-5457.185242360616	-9073.447462937584
79000	-433.8882081368063	-425.4140946280868	-417.56043931038124	-405.5563006391394	-396.2208621751113	-374.3477898240803	-362.86666038146154	-353.571435314192	-349.86500069708114	-348.1659613425538	-345.74861726542554	-383.01067691579345	-472.53642527591484	-334.90372642858944	-1053.5255314784417	-5988.5755454847085	-9853.237603532254
79000	-443.02541502334117	-434.7832155320381	-426.65558379194914	-415.3203855152218	-405.76769603276716	-384.2680797002646	-372.1212079719001	-363.15357941163796	-359.4936373056556	-358.61023433659255	-355.76087735897266	-394.52123070560145	-498.44326809107537	-344.25687822890666	-1109.3269434885674	-6012.9219807944	-9853.895731323819
79000	-456.182514397773	-447.5708655895413	-440.40820166025384	-429.0457231279146	-419.06141742871995	-397.0185439716374	-385.69074487675965	-376.483509364973	-374.82311107189383	-372.2503943040195	-372.35086328493946	-418.12374303513405	-525.4742918559824	-360.7756091776092	-1167.0852358957882	-6383.653164625352	-10346.150011897247
79000	-457.54647583092446	-449.80664644335576	-441.2730382236346	-429.9437710658069	-419.93634224397755	-398.25325554972517	-386.15414950067793	-376.9643067683319	-373.63396315003916	-373.2208508894717	-368.51771140422017	-405.4861094870285	-501.8972734329437	-357.9622414302002	-1109.5334457287092	-5967.588983047655	-9705.02820706859
79000	-418.2506559485633	-409.53180972297235	-402.18255709720114	-390.1048603141304	-380.2280463813911	-359.01953661952626	-347.06656178553936	-336.6695086556324	-332.6336384607309	-332.8503187926639	-328.3015595060135	-358.90070829243615	-443.44199193781617	-317.4556170373204	-975.4184389100006	-5880.419382843991	-9635.41127563444
79000	-478.29699333539423	-469.35910176335256	-463.3501355640497	-450.30495437508205	-441.30856775239613	-419.93367011064237	-409.0090953952254	-400.9600691019879	-399.1779058424415	-394.32598858995794	-397.9526781015664	-453.7714685444131	-587.7864147790439	-380.81557382975154	-1248.2040974447823	-6562.005840269566	-10513.129335094125
79000	-396.4545627463686	-388.736900631928	-381.3641272716706	-368.935043109709	-359.30440715623	-337.0344257870059	-325.3749647792179	-314.9785618374507	-311.3526915209424	-312.1120872057744	-306.5566450669811	-336.89450232499496	-417.98055276276784	-297.81305789832214	-929.8503488318842	-5884.02214940863	-9806.709395702828
79000	-429.7902794702131	-421.2776008271295	-414.4184948950247	-402.55103939315507	-392.83574263271476	-371.088674628081	-359.60488687963505	-349.5890426877809	-345.4180646524472	-345.2025318457234	-340.99369893251634	-375.85460160592754	-469.2134191660788	-331.52598598989726	-1037.5807573583463	-5847.3861453667705	-9631.430819119714
79000	-484.71210023529596	-475.35655106823964	-468.1250417196048	-456.026663097835	-446.82439224834945	-425.4765534805093	-414.26386978112527	-405.4346014229913	-403.210687201017	-400.2658260636499	-400.63233351925913	-450.0265871197595	-573.4001349042699	-391.41385855094785	-1225.1362308282867	-6230.036804173862	-9936.303933487488
79000	-436.16567036527834	-427.7200293279682	-420.952564426897	-409.0111999542755	-399.46492830119155	-377.08650693704146	-366.3553020780222	-356.95270721351756	-353.91479841863503	-351.7810520495115	-351.7945425227491	-393.4730055831186	-493.4496522357002	-337.53823397862215	-1048.413156887087	-6151.4535338021315	-10014.322313455545
79000	-449.8268489702811	-441.02753645771537	-433.9165124910873	-421.9709109848627	-412.60473686847706	-391.03106077280995	-379.9118527569137	-370.4257380482807	-366.84981239196384	-365.3172962698258	-365.0793849723695	-409.0135957426205	-518.5986589491356	-353.3865799215471	-1105.3069019343002	-6317.386798691533	-10100.87441925828
79000	-419.03875906852124	-411.04904723393344	-403.3114794438712	-391.5657998788374	-382.4297956952534	-360.36615208180933	-348.60034094578975	-337.2199487288983	-333.2412918797873	-334.82664846497715	-328.63420812623195	-357.5858251612874	-439.2290392823127	-318.8934992453372	-975.9271042349019	-5893.795061121848	-9449.357824358101
79000	-406.3221491812215	-397.23434075447756	-389.88037264358417	-377.76833211186374	-368.7197428645563	-346.88064791910216	-334.4850610082984	-323.7504267211005	-319.07561023745694	-320.971477195228	-312.5817974072792	-337.27515975849644	-412.56842707772586	-307.1909324174464	-913.8562480947393	-5497.451760063582	-9127.061067771085
79000	-453.09816744043013	-445.32887790228006	-437.4258761039951	-426.44969894575263	-416.1742340283759	-395.27724836914535	-383.0510493071094	-373.07443217840694	-368.3889041369092	-369.0662467422513	-363.81572565198945	-397.6104999607015	-502.68111517636186	-358.4817898516514	-1069.6539087568883	-5750.871931676287	-9523.171574645998
79000	-418.1039604675535	-409.2088061699542	-402.8113146278262	-390.30903519253457	-380.51895194852887	-358.8027640183912	-347.9181859827514	-337.40247399411874	-333.3748203638108	-333.2941603421573	-330.1012301473764	-363.9299864706544	-457.7502267560528	-319.6946328853905	-976.1799674847072	-5819.538128331481	-9727.503885986689
79000	-417.2016349324147	-409.44118298799646	-401.764993595814	-389.48954264001986	-379.68367554410565	-358.3282169619303	-345.655198532636	-335.9740554819048	-331.86206243919014	-332.01382622366884	-327.69817977717605	-361.3290285093435	-450.3181320913154	-317.5828121718997	-955.250775983322	-5949.231134476788	-9759.982974465864
79000	-397.7974287493107	-388.9783276714314	-382.06676720285526	-369.494891743176	-359.692533869228	-338.2409786568337	-326.30496419427794	-315.7005211456885	-310.80703064301656	-312.4473609672964	-305.8237513505786	-331.8157185942751	-414.08025009553506	-299.97216102106006	-892.7429550561599	-5866.299025787921	-9560.905111043692
79000	-418.5148097150739	-409.69418731642423	-402.84192676796766	-390.49208677312083	-380.53708745055235	-359.30256611257397	-347.2480751913412	-336.80444302531885	-332.53309486232126	-333.27495366300815	-326.90622520364866	-357.50115371084274	-447.37258363365794	-320.5325379045267	-953.9310314957457	-5876.007273428592	-9588.311402040932
79000	-428.69207269220965	-420.4896429770687	-413.4920105475978	-400.9645451335301	-391.61455964170045	-370.5669997531944	-357.31727134677436	-347.1892945154417	-343.00942436630373	-344.222638531877	-336.4041181950623	-363.8169788069105	-449.5016049563444	-329.47191506187556	-1038.7123401698955	-5855.139345328547	-9549.482188342352
79000	-436.04235115323615	-428.0456235223453	-419.9900334694525	-407.8014588636137	-399.0327950092747	-376.8451652012917	-364.87274720801935	-354.99311333259277	-350.8378393867202	-351.0479837324131	-345.8411107261768	-377.8169349575357	-464.4356062929182	-336.3322211582874	-1029.9304735241042	-5763.708336135478	-9340.81245406809
79000	-421.0238505804921	-413.28817138400905	-405.52261553881993	-393.6220057567781	-384.09698500815557	-362.0653370098055	-350.5355554182278	-340.58665005899223	-337.0275945399675	-336.6923773354733	-331.5370962535931	-362.64193986026083	-453.5231418462014	-324.81495646632715	-972.3440858028785	-5831.039250354981	-9494.41511654911
79000	-397.9725502421239	-389.8088276072794	-382.3393331920858	-370.2290771994918	-360.4484625059114	-338.410094545054	-326.56709962708686	-315.81223978404125	-311.5411537280885	-312.5716373767967	-306.1039771540967	-334.7879587660732	-408.77273198528496	-299.437649075791	-893.5772841817026	-5592.396938161752	-9281.36065079195
79000	-415.8947722419907	-408.11807943334577	-400.71190704913164	-387.53527002792396	-379.1005288358392	-356.9812178357831	-344.99553440498704	-334.16670140489197	-329.82203967314905	-331.6960805861371	-323.00459254886067	-347.1307210616358	-429.29518962467506	-319.6451187898444	-923.4187481046403	-5657.415072395633	-9292.35464130842
79000	-437.64981849929035	-429.44090747596044	-422.0057327788281	-409.6169950818612	-400.4953945907717	-379.2260209332165	-367.0187500439884	-356.530351383328	-353.143624680616	-353.0146016602214	-346.8846880729496	-378.30307841599483	-471.93593513217286	-340.3417224949294	-1066.2567824660223	-5871.128965405656	-9534.00468095869
79000	-470.744333849195	-462.7543895729928	-455.0350298740446	-442.9716866780245	-433.5533154367552	-411.88234991823185	-400.76411918484536	-390.36604445876054	-386.33179213107894	-387.3035180461997	-382.8620851120197	-418.15370194393927	-522.6906615920301	-371.39440473028657	-1138.5697334384936	-5905.126493673372	-9552.32221498296
79000	-432.83494400135004	-424.8138259290007	-417.20914339095617	-405.125059606965	-395.0619346444749	-374.456896748956	-361.926173353646	-350.835558995817	-346.81317532975135	-347.7315809274697	-340.7032623951015	-367.21864330616614	-469.05074277299553	-333.9958056315593	-993.4302591814812	-5768.474541164846	-9334.35353805604
79000	-416.231194201836	-407.5035468693364	-400.4345248264587	-387.94960619277333	-379.013210809896	-357.02866367539804	-345.0739706056101	-335.037674413455	-331.13639566250015	-330.54988597352684	-326.3232537022561	-359.7826119627849	-449.7833514257415	-319.4567000155531	-967.4237616787974	-5945.786634676762	-9658.169175639508
79000	-421.02173724029905	-412.33679097569495	-405.72624604546644	-393.6797210580346	-383.33665546578527	-361.97445217333023	-350.42705533042357	-341.374102873864	-337.9418913943479	-336.369285557323	-335.15367526880755	-375.0777059848901	-473.5929048743287	-322.63882432701286	-1047.7900965089298	-6169.643508106011	-10014.247668996142
79000	-471.13097718100715	-462.2255382798919	-455.5788267972072	-443.4302907005592	-433.4297452253277	-411.862929329823	-400.794392481076	-390.5394867915344	-387.06272605757647	-385.9475463602961	-381.99462990924224	-418.02805961410706	-512.4523282315017	-371.304218651805	-1108.3967332570369	-6099.356666626845	-9652.688592434746
79000	-428.4247689900315	-419.6908507913597	-412.8688851420097	-400.42082483962395	-391.28471879171366	-369.0478311543471	-357.52297937905524	-348.30206973265837	-344.02362039641645	-343.35881215594253	-341.20231440054005	-378.43304892457803	-474.8269313921441	-328.3161074033628	-1054.6411020826242	-6220.886240589144	-9993.51835463885
79000	-432.290803390719	-423.1865462167036	-416.6127363348467	-404.6676543392351	-394.6817985783279	-373.20893053052407	-360.788037742431	-351.21572619981185	-347.1908231099617	-346.7432799099689	-342.33913282489584	-373.5211789213318	-466.35046090024605	-331.5733787031807	-1022.5898115737383	-5988.890998446777	-9608.68796328089
79000	-458.2986435842811	-450.61366804447727	-443.29592934812814	-431.31878766578563	-421.425899214153	-400.2035845454396	-388.45112282050064	-380.2038607755311	-376.9296733196073	-374.0141118728173	-376.0945853438812	-421.25584501638264	-531.7859644240663	-361.46173203204165	-1163.6038490978385	-6613.019530102631	-10475.034260945711
79000	-436.46055748008547	-427.6025421593925	-421.118711432187	-408.95011901017835	-399.26959137525466	-377.85291274538923	-366.6281351203345	-356.4129427542234	-353.53513304789954	-352.1191018404312	-350.83775751530874	-390.29810983420214	-489.56235152400694	-339.77305267305667	-1058.5767901995494	-6143.824504958432	-9936.513954767102
79000	-429.27321267867404	-421.0039653686378	-413.94744235117304	-402.0575708671455	-392.3108798060012	-370.63466631607855	-359.3115896369605	-349.0648264219967	-345.90972432631276	-344.44740994467134	-341.5483415206214	-378.2010794720265	-472.6414400220095	-330.35769937530023	-1025.3542444892432	-6032.938646838613	-9769.262286294517
79000	-426.32219769999864	-417.6233614829402	-410.5086745978511	-398.5814132969774	-388.0330851744807	-367.5555727626145	-355.31660454961803	-345.69893392853896	-341.83222364349984	-341.1510995428138	-337.3501852137408	-375.6907677380026	-473.5964487970015	-326.6418592944171	-1039.4750358193699	-5983.285685749624	-9765.512742016663
79000	-437.77623240814046	-429.1760886473691	-421.8063817161756	-410.37257556321015	-400.1222717421905	-378.61287505365397	-367.21019890040503	-357.06363280377866	-353.08687732330367	-353.2715787490538	-347.86992963902276	-378.07893468415614	-463.55919641404296	-340.3847001207053	-1040.0477631445578	-5929.539470036462	-9516.218099702002
79000	-452.22366325088973	-444.0760019697554	-436.7290502894471	-425.182867531243	-414.86152859441967	-393.72553764061496	-382.09719164887855	-372.5959334148579	-369.79436762948404	-368.24917510418965	-366.28487752785804	-405.72936832022214	-514.4265135833375	-355.5669739927845	-1090.417568545497	-6004.488832467933	-9824.881049995727
79000	-446.0472893675142	-437.2080401711815	-430.7143866270014	-418.23250623384047	-408.83300399242535	-386.3497090127509	-375.01747371601545	-366.2024440134854	-363.3134330307428	-361.57618742563614	-361.43277454420644	-405.2384993687806	-509.97681135612277	-346.20147959794457	-1149.5971496303644	-6346.691640312015	-10299.064655796865
79000	-429.6362982933958	-421.166707300022	-413.48487177589794	-401.41779163125716	-391.68884687135227	-370.34507031037936	-358.5903676849974	-347.58934052845774	-343.4759920227637	-344.6676947494131	-338.09232900694866	-367.8728225501346	-452.74608037154087	-330.7563230555061	-1009.7423250702265	-5766.106853218489	-9307.139523116188
79000	-440.5430024224468	-431.0441828556222	-424.6407028888627	-412.4801782641216	-402.432556940431	-380.59490313580875	-369.4960092944759	-359.9356804584134	-356.65609962789694	-355.4391928749093	-352.8394001960204	-391.66650500369093	-490.8262422282365	-340.4411341000526	-1105.641901905807	-6012.3771142286705	-9863.595140905138
79000	-444.327163247531	-436.0700118842459	-428.43902837884997	-416.48143783960893	-407.17851349648845	-385.48742759964864	-373.3341557324635	-363.45792133760693	-359.8389705291335	-358.6080853310137	-356.2535238066078	-394.16291515563546	-487.53674331249476	-343.62324714372477	-1090.7197554286772	-6136.779796051239	-9954.859909766115
79000	-381.76721569977263	-373.2685107377336	-366.0830630270223	-354.45308795293454	-344.18374404533057	-322.5672489018757	-310.3628763682071	-299.9373449238138	-295.6553091117097	-296.7348268830102	-289.54008935348656	-315.56697161726646	-396.634121200722	-283.5748817826802	-837.9911863004322	-5690.43251754772	-9441.569708608338
79000	-455.1465665407147	-447.0377106589461	-440.77161618922213	-428.4146597109567	-419.2306979495435	-396.48036316403864	-385.3125663356859	-376.2295418840944	-373.257768027453	-370.86958185658654	-371.4056003220021	-414.9764910790362	-517.9788210980637	-355.69990836041273	-1158.414815963781	-6211.248840640674	-10139.842372718693
79000	-412.8920817873957	-404.3463689398345	-397.23665294056906	-385.09492040031444	-375.5899170179747	-354.00441278014773	-342.2975083182738	-331.32141279911673	-327.7162787906109	-328.0484445809118	-322.67033920086595	-353.8304728747634	-444.4807988311171	-314.0694511091338	-943.4271916000348	-5914.087199207212	-9601.75054264258
79000	-443.71736845951267	-435.43790743098106	-428.10548064501796	-416.11942939545975	-406.1978371819974	-385.1673703113425	-373.23941680842944	-364.83555862987225	-361.3817140336571	-359.3802227299118	-358.00690055805006	-398.5996380132429	-500.7017157079003	-345.2769859008123	-1129.1116783967934	-6060.46517659416	-9883.736185336227
79000	-425.4339332766087	-416.84409932475444	-408.9417681213012	-397.6721034806859	-387.290766822684	-366.29913342373175	-354.52752247797014	-343.35498648996025	-339.47726750239667	-340.1655870202447	-335.0029591700527	-366.16949871643624	-456.97874225593404	-325.00574502787333	-1006.453942809939	-5806.397059597304	-9449.354969671156
79000	-427.2950367024886	-417.61785679420456	-410.95010188113264	-398.9657126495167	-389.3903001303818	-367.725124867239	-355.98053579307225	-346.2343030165809	-342.2036345164334	-342.5273905519584	-338.68188565281247	-372.34497936915335	-462.5717847251608	-328.150065727126	-997.8594707229906	-6041.913814491048	-9825.766972933494
79000	-442.3450371389476	-434.31070181675784	-427.1528699925232	-414.53439413834326	-405.3411503037397	-383.9420442793876	-372.96021291054655	-362.6982432430575	-359.3405682431208	-358.00807260653863	-356.4763934231198	-393.9852720398337	-492.9845483264577	-346.22452494235466	-1052.9339065219528	-6030.943960479511	-9702.70825873363
79000	-410.563875956762	-402.52668032322373	-394.7652061418565	-383.2304046596756	-373.58168056602256	-351.72053373814555	-340.10976049156625	-329.82638082909676	-326.5403942120767	-325.4863473314191	-322.53960251582924	-357.9188236580577	-447.5812594033129	-310.7807797979266	-999.539965333076	-6016.736668342616	-9828.190050217057
79000	-419.13150800125715	-409.86051214992955	-403.21364216326066	-390.8826653886316	-380.56623034141705	-359.4346896402013	-347.81737675364474	-337.80830293881894	-333.65191865242167	-333.3972438969941	-327.47301171603954	-359.3659751191113	-444.9482909657488	-321.45971114900544	-946.5480097432545	-5633.212281068536	-9254.849473920169
79000	-409.43301107701024	-400.98662158429335	-394.11795930697934	-382.1309961197056	-371.3300108033703	-350.81410806571876	-337.7961317857382	-328.00978609602817	-324.2669475746389	-324.07454692551556	-319.93641509411225	-351.42188270294236	-437.81912402663664	-309.81291187216135	-962.2137376658712	-5785.243347745595	-9502.146775530771
79000	-440.95864335270426	-432.9161077448337	-425.2814970739167	-413.8578967905762	-404.2615709090365	-382.1498130378755	-370.72698165689036	-361.3681893432441	-357.1675161005415	-356.11031093228513	-354.53668279395305	-392.59344200926114	-502.52603455029094	-343.92569338930747	-1083.417674281249	-5904.480624241569	-9684.445061042543
79000	-427.93151758245597	-419.4638780398539	-411.5837502428106	-399.71252693150143	-390.4943066287034	-368.45080301948724	-356.8984883499739	-347.9005519277149	-345.34743469525034	-343.11717152483504	-342.74963887216643	-386.28955935834915	-490.6012801581615	-328.99185101500234	-1053.3806228679457	-6271.32272797766	-10258.358964526873
79000	-441.6776478330406	-433.18950330998774	-425.5774498092832	-413.56937468400554	-403.8471710538548	-382.7868894547164	-370.814753820636	-360.41116031665297	-356.927193236295	-357.0446251923283	-351.4837564415172	-384.7002762116182	-485.2406196496883	-343.3750311500083	-1078.9825080114663	-5874.199463356995	-9429.263935756278
79000	-433.7979607124108	-425.73039966304185	-418.97923750226397	-406.90217761471	-397.4430101642192	-375.20209690305	-363.2322151206495	-353.61939151022125	-350.9530713341034	-349.49252751099	-347.65694144574667	-385.3486776623614	-479.89784771725914	-334.46821495315714	-1032.6773162272207	-6079.34734517901	-9832.078200255084
79000	-442.1635994967815	-434.2240615995108	-426.52720864786176	-415.09439669421124	-404.4055594877197	-383.5128009698421	-371.8465532844187	-361.981283507644	-359.94036334009877	-357.55245666221924	-354.51423548337965	-393.74645383353675	-492.60226716511613	-345.75768821256304	-1070.3519740102633	-6056.663215763048	-9833.253164994683
79000	-417.1418833772099	-408.79357596121383	-401.5645290398823	-389.6564524875964	-380.0196835002412	-358.18381870622636	-346.2431991750569	-335.88488813581426	-332.0831828658829	-332.5601653919047	-327.570899961175	-359.73414861394906	-446.2744746435489	-320.17853412974614	-958.0229098809028	-5848.925630857418	-9603.063564437773
79000	-454.5385248001028	-445.9807236801116	-439.1500738418044	-426.90723898415706	-416.8950618302063	-395.39988402867993	-384.84249033592283	-374.9583701660883	-371.1762334891831	-370.13728424012965	-367.37184480874805	-405.82275395163197	-511.716812503717	-355.8930258551983	-1118.0822012712488	-5794.935176842863	-9521.22175957983
79000	-436.2440420597493	-427.126551759364	-420.64018783244995	-408.4191866428314	-398.6349186249953	-376.9476264302613	-366.0391691413883	-356.4155474271274	-353.08951543520914	-351.0112545987257	-350.0978595065595	-389.20198696276054	-489.5450269148763	-336.97292991732184	-1087.5742600422889	-6368.458847224189	-10253.983188332702
79000	-422.4772335395401	-414.1181795851213	-406.75463927419895	-394.509088098883	-384.20645205081286	-362.9480824109062	-351.32002815452864	-341.39834428804613	-337.2070150403292	-336.9798145651316	-334.0548774216135	-369.4314075383177	-465.1112581123155	-325.67997720659906	-1004.5327624018437	-5955.665097002389	-9718.322118292888
79000	-447.7067502018852	-438.7370856507007	-432.11566824111145	-419.75199983718016	-410.74718340197404	-388.3635716559236	-376.63528839620136	-368.11600736086484	-364.48653290495355	-362.7405111189794	-362.9334459787289	-404.44714365918077	-515.2587366822753	-347.8017938916235	-1099.5487048082862	-6355.1868620789155	-10143.327766705323
79000	-453.12678029669286	-443.98945967907036	-436.84612048867217	-424.328471007398	-415.2564296336803	-393.4791272390826	-383.53643593839183	-373.798386305427	-370.0564531013611	-368.3898127634626	-367.6885509826796	-413.4688990794816	-520.5173980979831	-354.1067188360385	-1159.5266796732149	-6284.345890495075	-10129.59380623627
79000	-451.81711472328095	-443.0866812886686	-436.1310564955855	-423.91551780749046	-414.1995019308759	-392.3098802950822	-380.60810217397	-370.743591279137	-367.3176278785328	-366.18024160847733	-363.01297784283446	-398.1500686015975	-488.69443031244697	-351.8778775678703	-1119.4257843356506	-6018.25067292268	-9635.394850992461
79000	-438.69610834497956	-430.18664075268805	-422.9322820187934	-411.07563741818694	-401.33849425935	-379.68179975696046	-367.4875822792039	-357.6350166842852	-353.24489774149976	-354.0066721232325	-348.4382611125017	-379.5363706884722	-461.1237021088558	-338.4908942676516	-1002.8570542797031	-6083.465833076168	-9723.017698066014
79000	-421.479674734597	-413.1452989408421	-405.64897119834706	-393.36446136631685	-383.3370807199456	-362.16349105988735	-350.03570241327077	-339.56858879682744	-336.11193163116974	-335.7546977779989	-331.5261524842571	-361.443344363656	-445.07654943779335	-320.1808547410528	-1007.2610438644142	-5885.78428436948	-9716.710589540566
79000	-401.4473739099368	-393.2831837999925	-386.53134745997016	-373.8411923505415	-363.5573411523832	-342.54773909087265	-331.300423678257	-321.2692835937657	-316.76677326020143	-316.26957997920744	-313.14678211418334	-346.2593307505445	-435.1119372259488	-310.5103853699476	-953.8294371257825	-5799.800045453764	-9578.340165363881
79000	-415.75308567893273	-407.5232652925633	-400.48015311415753	-387.81332599256916	-378.46409120376165	-356.7467710172033	-345.1034065753967	-334.24217560765845	-329.2166565667307	-330.4869735922253	-324.0088624286077	-351.9167759722762	-432.5975221646864	-316.2130873200904	-989.0613798655271	-5786.447805311972	-9502.988666578834
79000	-408.28256918066216	-399.67396273774136	-392.3415400825772	-380.0903981481696	-369.8376086472272	-348.292545495549	-336.6637149536154	-325.25070694160536	-320.98646609818695	-323.04351357417136	-315.058153539712	-340.2286929299967	-421.33498342916363	-307.85011627456294	-964.12388507544	-5639.790093135752	-9309.31912633266
79000	-429.48005339411696	-420.9266312304461	-413.67200548517616	-401.4591317160274	-391.88090265222473	-370.48163106663384	-358.62555910703355	-348.82676471347526	-345.5942567244807	-344.7918710091363	-341.77107986247563	-379.8024327781118	-471.4038384034537	-329.8900945980718	-1048.8628633348756	-6233.5256510433055	-10036.864625439468
79000	-459.7309869469852	-451.7593369840179	-444.1315579717099	-432.1417407257901	-422.1112851941568	-400.4545603504415	-388.3736175570656	-379.7263808668616	-376.0323757323686	-375.43317097238065	-373.8152108498438	-413.84512843707887	-513.9867110719416	-361.56587053366775	-1125.6296029993835	-6061.658009371109	-9817.45417976918
79000	-431.02657860598316	-422.13575227002246	-415.22914880400725	-403.0646398218279	-393.51414297469415	-371.848732175635	-359.85295126511824	-349.8380212369679	-345.9683267395546	-345.46829303669	-342.0957541060594	-375.12379127577344	-461.75017036345344	-329.3638210671255	-1054.2595686761217	-5963.9326456859735	-9851.799648392063
79000	-450.6136587269877	-441.45229910038756	-434.4380203928752	-422.34775894834684	-412.56709666335735	-392.05351714650646	-380.2456014613227	-371.5870976152419	-368.29626136640377	-365.9904478047398	-365.3196308205423	-410.0154968662011	-528.9023796862076	-354.918392032751	-1110.4305162531095	-6130.830859015069	-9920.408578996627
79000	-432.08877931337287	-423.88992581032744	-416.3279715286082	-404.6020803699897	-394.83997712717667	-373.62532770692746	-361.4982878720647	-352.48707419034173	-348.62367359901714	-347.5296007559513	-345.68080701070136	-387.31768556103043	-491.18906073041535	-333.93651138837043	-1036.790780636208	-6276.678388954381	-10176.823202822692
79000	-441.4224321751428	-432.27806861413075	-425.036724353273	-413.22789748706384	-403.48407587559353	-381.3795732509795	-369.8260635248272	-359.6402672745469	-356.2662728039268	-355.4460682361157	-351.2529093529481	-382.58050850891806	-468.3769599821696	-340.3914897536446	-1063.9442313600557	-6105.413622625746	-9761.06441114641
79000	-425.3192871878821	-417.3665916624287	-409.2301354144509	-397.63196852003125	-388.2126826531701	-366.39495000582156	-355.02170597653117	-346.29781206600796	-343.39504357053795	-341.3954512536155	-340.67859057239457	-382.3501185402178	-495.9168663520631	-328.2730270649817	-1027.9259667189829	-5964.566260245092	-9883.718524967748
79000	-417.33109814856084	-408.62065058150006	-401.33188009947463	-389.436307039706	-379.7502334286655	-357.79762169996195	-345.8491542707061	-336.02234182878607	-330.9707851274772	-332.1436588426947	-327.43551221691746	-358.97304695674677	-450.7088916077762	-317.71749063268334	-1004.135816253734	-5868.896795180851	-9684.85194399172
79000	-442.4537202274834	-434.26338879737665	-426.8679977898009	-415.04503577610694	-404.39858813526735	-382.5517999739017	-372.23666619987273	-362.90938794857396	-357.66967759895454	-357.60404618498484	-354.0537739472485	-386.8496004971415	-475.26512103893316	-343.59672432032875	-1043.0756895588393	-5957.56300679285	-9593.462992115796
79000	-407.3347356991689	-398.69034087360603	-391.3425741867895	-379.2343516138766	-369.8580466962818	-348.1402772334612	-335.673799988607	-325.30808796658914	-320.81317091377457	-321.9888044735747	-315.1032265018385	-342.8232306634362	-420.9889054624399	-306.7631922843258	-930.7979725465101	-5848.636106065089	-9676.18601073391
79000	-420.0214308296709	-411.5604199841835	-404.1676707811834	-392.0296357703668	-382.5007330692621	-360.9974400401471	-349.2875543618776	-339.5336496377325	-335.59107184197256	-334.562670555762	-332.8014481845924	-367.6471159954951	-456.93433925602113	-320.47668758662746	-1017.6975013662568	-5934.0994088932375	-9868.66958743549
79000	-410.28224650953246	-401.41055984504186	-394.55001960528915	-381.9383063661768	-372.3296753734074	-351.05306001545284	-339.21408857486784	-328.52319657425704	-323.83635918693983	-325.21431756659325	-319.10446031698984	-348.0536579062857	-433.5537943269372	-311.06843788681556	-929.9085218141673	-5693.86526591583	-9393.919947306696
79000	-430.9058374750444	-422.09183638580737	-415.5523464172862	-403.2231547319965	-393.1921194230684	-371.6414096904081	-359.8079131697246	-349.63795220187416	-346.2216683269473	-345.5912864600139	-341.6867761704307	-374.7896807338273	-461.89699991232044	-330.3194797790651	-1046.3273635235591	-6057.503629884122	-9721.45765416434
79000	-420.9226567767556	-412.6817838846314	-405.44236930845256	-393.3003287151611	-383.22939361791254	-361.4984321278608	-350.0559693630108	-339.70275436995814	-336.7465496107128	-336.02182711234036	-331.9968101372186	-363.137626943656	-446.02334091915736	-320.34326073962285	-995.1680010447612	-6177.261813394895	-9893.946832812422
79000	-423.6774424272086	-414.8608866035094	-407.90365526511135	-395.8950245316082	-386.0516068188193	-364.22001138685624	-352.68070433107573	-343.1415143583716	-340.4763065185576	-338.42782722735126	-338.3668470523215	-381.3449476411511	-482.0696799174937	-323.96722286003256	-1050.4308887672746	-6300.89402019901	-10260.296701898948
79000	-461.50041285101236	-453.91378787181424	-446.2258584522545	-433.57887567839487	-424.272157807698	-402.0054535458896	-390.97871639251014	-380.4737062187968	-377.38124185764855	-378.51587780504804	-372.21093761005346	-407.2252510296785	-502.72372415754734	-363.89813167360217	-1111.0461916678764	-5728.107254718637	-9380.069442302187
79000	-424.6612304694244	-416.28663820450436	-409.2214652275032	-397.114634619923	-387.69930133016135	-365.928308615359	-354.5221182903758	-344.0626551396899	-340.7885402434375	-339.95814971034594	-336.92514258168217	-373.5382098370967	-472.2769080333423	-326.69440357144686	-1013.6538751033823	-6103.589883051074	-9804.840223143627
79000	-405.1606519565289	-396.7640754088066	-389.85782383655254	-377.81537897188696	-368.03236875949995	-346.64142246894977	-334.0732324322384	-323.8491366036981	-319.9270923167738	-320.55592381304825	-314.98892010026907	-346.26586366114424	-430.0216272256385	-305.6384779708938	-940.4710875920315	-5905.613260633085	-9676.89384625487
79000	-447.51184612531875	-438.3971236495175	-430.9621027844283	-419.66363897815745	-408.8026630940144	-388.570733865727	-376.93218806601885	-365.42335193307053	-363.4648237739791	-362.1771978372624	-358.9722326801663	-395.2951317979941	-493.1503034550155	-350.3709852593842	-1078.398427801417	-5983.475926624793	-9584.105894589868
79000	-431.3252912974569	-422.48021411156833	-415.5761868903573	-403.8620059602349	-394.10735276026253	-372.4479590804201	-361.14846495999717	-351.3586447272721	-347.4766048604539	-346.9086495779435	-344.628587637755	-384.2530553886909	-480.8506869302864	-332.30001302440314	-1046.3559325392894	-6233.569173549613	-10116.513329897407
79000	-407.0416784275518	-398.4785581244026	-391.04775070638794	-379.0281107551988	-368.8533690159257	-347.20915288864194	-334.6880738057448	-323.67208265864645	-318.727992139189	-321.8018747165709	-311.93513086970194	-332.99351527769	-406.4707436758351	-307.2511436836213	-889.1842869280349	-5640.789969222596	-9289.54537554632
79000	-434.08939347759804	-426.8146023994651	-418.74660631184423	-406.9900607068563	-396.33261929335606	-375.43694551062833	-363.51851122676106	-353.6327222042824	-349.9973769204961	-349.4668983017019	-346.3365734792056	-381.67068744925945	-473.13541649502423	-335.5126451901237	-1035.7115593914289	-6298.443829403989	-10055.44410924196
79000	-427.4109962660933	-418.4212476161857	-411.4662507629036	-399.52063581580614	-389.91242524202505	-368.00657825945024	-355.6420891475685	-345.5936179542367	-340.3135060471906	-341.9814014082294	-334.8589683548891	-359.49510513045607	-443.32541445379843	-327.5304008183138	-1001.9528272945295	-5616.499221383629	-9257.609493288805
79000	-412.5713928921444	-404.25472625354854	-396.54950236758185	-385.19507565075935	-374.98770487264176	-353.39937464940397	-340.95985352552515	-330.8990548040968	-326.37067284647134	-327.6270370364285	-321.4238597147345	-351.6611254617793	-432.0113385733764	-313.0944237375628	-949.6701736020105	-5816.936155884064	-9588.955368510817
79000	-415.1846121413687	-407.13408480127885	-399.52189916583865	-387.4395660018398	-377.30917077108495	-355.9535042317707	-343.901345031028	-333.4086504355226	-329.01388830838977	-329.60399021582015	-323.6743277251736	-352.53840070509517	-432.45815857872424	-314.9557991075999	-999.5189529035674	-5837.089482078018	-9614.522726086805
79000	-412.0949556828636	-403.83546464065734	-396.744867676488	-384.87016038504703	-374.8980647781856	-352.93948786844106	-341.38389330199334	-329.5876842749838	-325.0123844679408	-327.42658052729934	-318.5385888855668	-342.52826728651274	-423.7707896818252	-312.6230281529922	-951.6437871682724	-5742.633306126971	-9393.371435721188
79000	-427.80630973942675	-419.91631867867255	-412.5758363471205	-400.87066689443736	-389.95130831592996	-369.5157958056489	-357.8384495748046	-346.86604770787585	-342.64971659458723	-343.4642546689809	-337.10255252168184	-366.77584761958286	-456.2621105281755	-329.3373160636503	-1008.1324321777023	-5650.509256261173	-9408.512823032652
79000	-466.7645764921945	-458.5846857900548	-451.82439755234617	-439.3347548621855	-429.2610800474593	-408.81880149724043	-396.90924805923044	-386.1138107541477	-382.6029431597745	-382.44424877641416	-378.4942636492825	-414.2091623043289	-509.6884130903412	-367.5451080428691	-1117.3616748886109	-6092.8171080905995	-9797.508966179843
79000	-422.71174016181163	-413.88881312058317	-407.19037670909614	-393.95136490641937	-384.4758699723575	-362.9487367006746	-351.00951986248344	-340.8297808830443	-336.70317843363495	-337.7727746801397	-331.960740252887	-365.8667395308047	-456.50926836996393	-323.59366650860755	-1010.6936693366621	-5869.612557556983	-9579.989844086458
79000	-437.836515311497	-429.7733398253849	-422.0478970434679	-410.0134098450832	-400.61029580958643	-378.7931928010537	-366.66032763183597	-356.34079738872396	-351.4618354392632	-352.6044739013321	-346.48043190175554	-375.6443201850067	-456.80966852664	-337.5467501652227	-1038.7544127815647	-5905.919006815825	-9582.632393242322
79000	-470.93695202020757	-462.2603560690646	-455.0906633254435	-442.6487683047393	-434.02004453876884	-410.90066438230065	-400.6629435967804	-391.1948310152269	-387.6311352698088	-387.1444209691656	-383.89167964148737	-424.0867916151895	-531.8946994334166	-372.6066746381344	-1147.5348112440704	-5939.705090626909	-9611.177197794546
79000	-428.56459933978994	-420.0339225539095	-413.10279096865924	-401.093236160272	-391.0765055349107	-369.08784555092507	-357.48929986599904	-346.65324480599816	-342.91562307592636	-343.298232581667	-337.31407496252115	-366.132628692719	-446.3257102064257	-328.55281427038517	-1005.2603994305629	-5835.460979704592	-9402.509147492001
79000	-430.9719311291371	-422.4238994851733	-415.20599573659075	-403.3672923494564	-393.34766775481177	-372.3083807706497	-360.10165659543554	-350.37073755690716	-345.99381978872185	-346.6530613336304	-341.17287769690444	-373.5878326372644	-466.70533892437464	-332.6470232796955	-1004.2885502635139	-5955.5053364932355	-9683.023817354251
79000	-417.9201031607192	-410.56854676040757	-402.4225026482007	-390.5206061764243	-380.5909477479913	-358.87659546517807	-346.4771235144228	-336.2482985852567	-331.72834439285685	-332.48246536347034	-325.76484224831216	-351.13283250805654	-431.336820019183	-318.4825339738121	-949.8432704959471	-5696.810473323213	-9308.243469781404
79000	-427.5950612938327	-418.957173126327	-412.1429589535766	-400.14595158927375	-390.3713088030228	-368.6580868127837	-356.7330516286667	-347.7251463744978	-345.24223652842767	-342.7398555075323	-342.18066237273007	-381.640823212399	-481.8886291971889	-331.6633260563039	-1032.959139591776	-6169.20521249935	-9955.431593399953
79000	-447.0463233956897	-439.18163305736	-431.42370135861444	-419.6495958227367	-410.1881960339832	-389.08487498410506	-376.6502074371208	-366.8531455860239	-363.6566584303143	-362.94178775155996	-357.8899439164922	-393.0786508247632	-492.3092980386988	-350.6324780661844	-1082.2446473162863	-5785.468867095332	-9398.60507136882
79000	-466.2059465813592	-456.8552935418361	-449.4209015001657	-437.9761131829898	-427.79014684607245	-407.0051818839503	-395.10858865897194	-384.7922902462486	-381.2915030058461	-381.036311371274	-375.8600887130573	-409.6265749901886	-504.5109512427209	-365.4790786176484	-1132.795470639429	-5892.237131656321	-9453.994089906084
79000	-456.73793517428663	-447.97515204583704	-440.4533904432872	-429.41455263172395	-419.2141393124154	-397.5546908096267	-386.1985235965351	-376.3419686822379	-372.32106849805984	-372.15417586171253	-367.99393505219734	-403.32192485155036	-505.1917452042239	-358.3181872032116	-1100.967044676198	-5788.824357787485	-9438.785374193067
79000	-452.3346007018226	-444.3086061030665	-436.18844755176093	-424.80052703555316	-415.036023750241	-393.8614496413127	-382.3557088316992	-373.44886744351913	-369.26753995700074	-368.12656529959264	-365.759460023358	-404.3937492272666	-529.4383659477214	-359.08198571870093	-1101.3206893979007	-6148.629201464193	-9950.145582627012
79000	-444.19518891605105	-435.70071624901095	-428.8341082745647	-415.42466980618485	-406.7610642579298	-385.52892581670267	-372.7210979626112	-364.1318508403921	-360.32616328594673	-359.10634150409874	-356.3805821771171	-393.70953656689977	-501.8382384666139	-348.4903780052222	-1033.019844016818	-5905.864023518911	-9654.22544755577
79000	-404.99682047259046	-396.90312327118596	-388.57922804328456	-377.1793774361478	-366.87143251459236	-345.21881185344046	-333.25017110992934	-322.0466179800858	-318.52941897134997	-319.29248912368143	-311.89126697149214	-337.3159591474324	-423.9657097573317	-306.0059808126501	-883.8677737250483	-5463.45001358321	-9165.802339930338
79000	-439.0292654523093	-430.50735643842955	-423.28460162516996	-411.5502491689001	-402.0063695157301	-381.67888583915146	-368.486009153711	-358.95698765263984	-354.14875031381774	-354.54262603140035	-350.84051970254603	-384.93847594228123	-488.6264252360255	-344.0239718955152	-1010.7031995179298	-5902.18420979881	-9695.838226701295
79000	-422.14877965511596	-413.81414858613266	-407.0542005261098	-394.5799588542815	-384.3396257668887	-363.6682556839522	-351.45229954111653	-340.62117112703254	-336.4762905146581	-337.8348900004734	-331.9029945918191	-359.97192872362575	-443.4789674361529	-323.19568354132645	-963.6882248484465	-5751.916198137073	-9472.45709766437
79000	-447.54826072346765	-439.50824658119194	-432.28134153629077	-420.5045563783809	-411.5759449693628	-389.03637078750944	-377.92117455469474	-368.1848787263121	-364.1239221139579	-364.19591923518203	-361.03711548190927	-400.22099123812416	-504.3192038343973	-362.0206931637745	-1071.6651438352396	-5728.358294670954	-9535.686547391897
79000	-423.40460921421	-415.1521923854467	-407.61515681297163	-395.86706910509554	-385.75266060302704	-364.62316577377493	-352.3374065450125	-342.5265008274882	-338.4078109497417	-338.7413637774394	-333.7043625599166	-366.38256137661034	-455.07798990758675	-322.9992820418623	-1032.777332478698	-5908.113235607223	-9698.277300324326
79000	-448.7563280868397	-440.5569865343553	-433.5114563192507	-421.1448482614686	-410.8263900926464	-389.9713456998755	-377.863403707571	-368.2623068780436	-363.4566427519546	-364.363308809244	-357.5102202585561	-388.8133683023059	-482.6667567063899	-351.02088717995974	-1049.1306238836428	-5795.9859923518325	-9367.59140991532
79000	-417.7473683495373	-409.14524943456377	-401.9112817822094	-389.68236821254436	-380.66747820831296	-358.2481675762456	-346.60267134251774	-336.7126664345462	-333.01979188067486	-332.69587926329484	-329.47872366710584	-363.5530369184469	-454.8342852174034	-318.0810042562979	-1000.082509429109	-6076.820210161081	-9835.70403752312
79000	-407.2312867161034	-399.2254003707967	-391.5481309617414	-379.9211144916352	-369.49541895058525	-348.07846544441765	-336.73104717260475	-325.1064313588695	-321.402872816825	-323.02062367263954	-315.7347458844079	-342.8485289238026	-429.83006467373457	-308.4829697291971	-957.2815900394312	-5621.080301009807	-9314.695217650786
79000	-411.14715707445725	-403.1545015820326	-396.1169667373785	-383.6966053861105	-373.37005831565034	-352.1078086575677	-339.4622847913599	-328.71102995161135	-323.9786064953921	-326.3059145167375	-316.1293849731595	-337.7584516492813	-411.254415254514	-311.0611145996925	-926.3034242250886	-5728.293429329749	-9340.110735092916
79000	-452.68472938369604	-444.2778488915243	-437.10136452742785	-424.64478531655936	-415.3807550295624	-392.99293179289856	-382.07424158697944	-374.12154151365564	-370.7259634429158	-367.4213458125364	-369.80679776434766	-417.86369489412596	-532.4839042118675	-353.71768329324124	-1127.7719775291553	-6435.928535658145	-10307.984155737795
79000	-441.27616197229315	-432.6172787541879	-426.5488187166872	-414.2633968940753	-404.1264226493389	-382.4966700018114	-370.9716641089767	-361.3744207961786	-357.5321557792471	-356.3141398418584	-354.8040166972515	-392.77159337989565	-487.04232467987856	-341.5348535127062	-1074.2654756564657	-6014.194239220143	-9765.207656889854
79000	-409.6256865919426	-400.33192944979356	-393.80629848990503	-381.47735398296743	-372.1352290371787	-350.1344165782098	-338.59993995767644	-328.34792571521695	-324.8894253374477	-324.1034960187434	-322.06405806108313	-358.09454653099283	-449.8507963755204	-310.89423233121886	-972.4480213308703	-5936.544984982544	-9740.20886631336
79000	-439.13801076772864	-430.8290633128039	-423.8071059671127	-411.6338241829649	-401.6611239616168	-380.82725157796744	-367.94479284094564	-358.62934515873974	-355.29214585761736	-353.87720304745255	-351.9216923609553	-388.19114298853214	-484.59242306273694	-339.69949911876625	-1061.92860802951	-6213.58790588126	-9837.124256054347
79000	-440.00972314929606	-432.0613006267018	-424.3458318021101	-412.5122965465906	-402.1826534355682	-381.44697598649117	-369.394658170806	-359.23810317496367	-354.90103903912905	-355.54308595492466	-351.2603179008438	-383.01040364004245	-477.023695619886	-343.37533994805295	-1058.3391966256706	-5893.463676002608	-9509.674888039795
79000	-400.71040479705454	-392.26193739521426	-384.8507920180968	-372.53679382926646	-362.7542386304686	-341.3059266096096	-328.99126945859314	-318.66376237040015	-314.3150647511992	-314.727984434741	-309.12344881627746	-337.04737696458335	-418.83446325982504	-301.63396858949886	-927.2789408873404	-5716.880468154331	-9310.728775277905
79000	-425.21855104758134	-417.0544918609129	-409.44581749476475	-397.41606118301956	-387.09232787012866	-366.0964223450027	-354.38000012404797	-343.35709796758755	-339.0017421766578	-339.6461989075981	-334.1698439625835	-363.3952081801565	-453.3933053294499	-327.8988029548308	-966.7530524216994	-5894.352475437091	-9567.082250754278
79000	-434.20180916456303	-425.8371691850199	-418.94569452623847	-406.92169518695266	-397.31072609364935	-375.5662605523234	-364.267509925104	-354.0044044775613	-349.4886841297907	-350.1093012893534	-347.00402231065306	-380.01008294666013	-475.77040493224536	-335.97304699448904	-1040.6832781268558	-5895.465148284302	-9644.481206968592
79000	-383.76045423384136	-374.52430878773924	-367.90795294179367	-355.30635961715836	-345.5510331741617	-323.9240829650683	-311.5287506088339	-300.19906009423215	-294.87086889271535	-297.99497031023134	-287.36278501469474	-305.77544758652266	-369.4516677966459	-282.9134709040117	-825.9907226516738	-5585.9097400276905	-9234.291293796252
79000	-424.1997117877792	-416.1660605128158	-408.90133636575405	-396.658627316349	-387.46777076268006	-365.78792971294786	-353.8675633763355	-343.4386377813535	-339.2477016106009	-340.2117784681419	-333.8894338358537	-364.8188652070368	-452.9410810567469	-327.3281889136308	-975.7694967383583	-5669.9262348197735	-9284.33807428949
79000	-441.118004121056	-433.80113230815726	-424.9596858826465	-413.6601488531778	-403.7285871666437	-382.1409728017538	-370.6059430891113	-360.63931968532484	-356.65192128309377	-356.4388291339496	-352.42583695269525	-385.7746494139343	-476.7162111680643	-342.70197780920125	-1048.983743378845	-5898.7686736606465	-9517.588537439227
79000	-433.2866148273709	-425.012452639878	-417.9565546510833	-406.062094588509	-396.3333358038068	-375.02138130042806	-362.7149197367784	-353.539311146872	-350.3584689178162	-348.4651637508318	-347.2612777267695	-385.789964247018	-487.8137399105519	-337.940825327664	-1044.143245220572	-6092.252264438335	-9877.604520504861
79000	-463.7040862709003	-454.99204603277997	-447.7473371685731	-436.17782870240455	-426.38736370984066	-403.6608413684911	-393.0163363702331	-384.3540960275325	-381.30352729322664	-378.31911901375673	-379.034810622789	-424.81454791181073	-531.4638802347738	-365.8489753433092	-1127.0937998787954	-6481.285446963203	-10336.190219995973
79000	-410.4838199979163	-402.01683080576424	-395.06334185620864	-382.15566605649326	-373.0203895162835	-351.4700151100289	-339.74761145475145	-329.9879122025819	-326.50567991115923	-325.9249986927883	-322.74975712827796	-357.97147375867775	-457.1008301495078	-311.89862897476075	-985.6241307727728	-5930.03880791609	-9777.409747183883
79000	-379.4404139937039	-370.7236104413591	-364.2845658952869	-351.47286747018677	-341.9736523710023	-320.4839363030768	-307.42714573734077	-296.04207102827803	-291.12207718020807	-294.0085404456895	-284.1847882223573	-303.05379508714185	-371.3983829529615	-280.0117070117364	-821.9817779090929	-5376.733226456259	-9165.114866281017
79000	-417.40906255864934	-408.855079904887	-402.16273898213484	-389.6345487594798	-380.1614900729911	-358.10592500169804	-346.24993693755334	-336.70331192566755	-332.36824963971776	-332.4310348742882	-327.6570337813126	-358.6838456035647	-448.01570413469557	-319.6244715779348	-951.4887066850256	-5884.138972477628	-9580.202516287869
79000	-447.531552439476	-439.1554719071916	-431.746604946585	-420.148077062123	-410.2227785027514	-388.5250969675804	-376.8719393370335	-366.53121269472854	-363.51879984301166	-362.9045187723501	-360.6332464528891	-398.73809459531833	-494.6862303643691	-347.9457654562528	-1094.7380643612855	-6118.27709081046	-9807.599022376862
79000	-395.11615851137736	-386.81086341077906	-379.7602981466602	-367.6978303851055	-357.48295526319095	-336.1237356581354	-323.99755632562875	-313.81327646685247	-309.0711331270298	-309.7758578085505	-304.13242991574526	-333.0981458427209	-416.792687500741	-296.7616157218695	-901.5841150471136	-5855.997251236673	-9682.608048970407
79000	-399.062342735766	-390.87954110786126	-383.37973892383974	-370.9991039709952	-361.0848659377475	-339.397080139716	-327.56980063719635	-317.0834386846643	-313.13406025054144	-313.84464611812524	-307.7848049814919	-336.51643363320625	-419.2725191292822	-299.45338923499594	-941.6610974066534	-5715.604373329059	-9450.839762945967
79000	-426.93890686982485	-418.2126121691105	-411.2773398939067	-399.58625733341853	-389.88711662553345	-368.06044705400495	-355.6404402687587	-346.23109754270337	-342.6788974892852	-342.3380079392718	-338.2369622775597	-374.0766254242835	-475.432887021516	-329.3758373091062	-1027.7394782062622	-6029.0672104610485	-9758.986467806033
79000	-427.7507224828459	-418.6217548012793	-411.7683778726443	-399.5273157844249	-389.8257122473722	-367.7167034612925	-356.09300923388395	-345.30337646375847	-341.22755092747377	-342.2315694309966	-336.6795327543468	-365.5164439123239	-448.08544217053117	-330.70178524331294	-996.660868403172	-5813.346202934263	-9501.145687483822
79000	-453.44070519124966	-445.0671170318835	-438.26754867365906	-425.916440062652	-415.88403334803616	-394.7132721252497	-383.5563204445543	-374.0279734482796	-371.705072821013	-368.88957431223184	-368.89636422673374	-412.20369702498266	-517.5450387464731	-354.01509054301516	-1138.7478672220564	-6337.541743240889	-10037.376251391204
79000	-483.39189353369795	-474.620865498702	-468.01777347280637	-456.3813041322778	-446.72076344060713	-425.2679351776916	-414.1015878524676	-405.0728070539333	-402.4327812591293	-399.87376033521286	-399.64169586091134	-446.7429345271466	-565.1435586325846	-387.7748118767759	-1210.8712939657178	-6324.873990080273	-10023.947553784405
79000	-442.35481146031634	-433.7867479647868	-426.0177274797248	-414.11673151133357	-404.63527693794646	-382.9753043254548	-371.7979335485724	-362.4854202965667	-359.57257558813217	-357.1886983350308	-355.78713556444177	-394.79956595328116	-501.80542177531237	-347.15114251107445	-1097.9221159795607	-6022.582192468176	-9794.021575027326
79000	-426.1709109099281	-418.21344505336924	-410.32132828263417	-399.427326977682	-389.1912771135485	-367.23736301492517	-357.0863847121722	-346.8373935778768	-342.79448500802687	-341.6657368029936	-339.75908479669135	-379.0480138222498	-479.81940048327533	-328.38965531929074	-1069.2396109905692	-6295.031666253851	-10225.034326714367
79000	-416.7295861603348	-407.3386186760638	-400.79522579697795	-388.5454909865009	-379.19752600586264	-357.652715316059	-345.0429223714584	-334.9013141914063	-330.38611013037723	-331.49214993254407	-324.88734772683404	-350.26120763258973	-431.567318198875	-315.8271159556387	-964.351329842614	-5944.239376983107	-9652.001018449811
79000	-437.18530190811725	-428.638504017364	-421.12206669042365	-409.3900135620246	-400.53438689126386	-378.3811740695491	-366.62937555174847	-357.3735187086375	-353.57892186162815	-352.3208858796278	-349.9020686480897	-386.6076434208582	-486.32393011654216	-339.46295264360697	-1048.5942263578993	-6114.565130352449	-9913.737376984085
79000	-404.8160734724464	-395.52104613330226	-388.62870910929456	-376.16042840302055	-367.21476971143306	-345.5625223568262	-333.09401661176076	-323.4152045658566	-317.9966135439842	-319.70415622486706	-313.3866627884517	-341.9691262708662	-436.90589955428385	-307.1137892844857	-910.9640940077536	-5901.68987141043	-9575.232339359824
79000	-449.70359471736657	-441.0615787657155	-434.13878421380804	-421.6096279845441	-411.75153380380334	-391.4736486876716	-379.3758899024099	-370.2683428587848	-366.7975200519226	-365.1510593713255	-362.9846799283951	-402.0913075274664	-507.02870469713724	-351.5457246094425	-1083.8390408924047	-6149.159652382707	-9881.462954700719
79000	-402.0809357086635	-392.8300584386682	-385.89445797323486	-373.52073398463926	-364.40879124724563	-342.01438714452956	-331.3938238411104	-320.951221020688	-318.2239668979388	-317.0525564617365	-314.46564285406333	-351.9288461941512	-442.8259221181005	-301.89862379196614	-986.4097511479902	-6228.853817240109	-10083.777344288266
79000	-450.8994147622556	-443.49014870003396	-436.05482740032977	-423.3485566008595	-413.9509606698778	-392.5520608409573	-380.8921171822487	-371.34818726584365	-368.24874880492865	-366.90342163931683	-364.72853815469665	-403.79909697898347	-502.2752132289577	-351.3380066224071	-1108.5414192727737	-6146.4311938590645	-9978.106740532974
79000	-430.3629020300957	-421.8124869694937	-414.84616875802334	-403.26722474688404	-393.0613412662889	-371.35434043617715	-359.21764167684887	-349.7893410502563	-346.7432339454861	-345.3207587860639	-343.8212931188742	-383.1009487983305	-477.48963417024555	-330.82270675503906	-1065.8516470467462	-6208.799229540949	-10062.143699774328
79000	-437.6351455699274	-429.56944804169643	-422.0238116688409	-409.40606420635993	-401.01417590791687	-378.7428577292653	-366.7469511365931	-355.929741211883	-352.501785431325	-353.0487474862213	-347.34860166895163	-378.064853801689	-464.36693578740073	-337.31205831350127	-1059.9011676004523	-5815.581498131951	-9428.193798314145
79000	-435.7631109834279	-427.0680620219605	-420.0191895441358	-408.27261215716703	-398.4923483474163	-376.1808626293404	-364.2857747372578	-354.9305232479005	-351.5183224548936	-350.75965132329986	-347.671508553526	-385.58448475231074	-482.20464595952916	-341.63159390578227	-1043.662861314058	-6119.281680746024	-9982.178204705777
79000	-421.3574356878283	-413.46991513023914	-405.98108226420874	-393.961295794884	-383.8485013805476	-362.7833732100472	-351.0750549491567	-340.25610783474207	-336.7072083452113	-336.97523663438335	-332.1475748837775	-363.1432904401347	-451.91786710182356	-321.5134409692396	-1023.3397483592344	-5754.451159683028	-9476.868709811166
79000	-444.8350022989253	-436.7321200747526	-428.76321171807837	-416.6566313670887	-406.98397060345593	-386.17827543451824	-374.34612779994376	-362.9646522684351	-359.1760851087128	-360.3301901614817	-354.18086672887	-384.59815878630445	-492.33247036483556	-347.56103313211304	-1032.8657058177655	-5763.927361369518	-9499.106339771954
79000	-426.6087786161188	-418.4279510274625	-410.5501562509052	-399.07763859350723	-388.9072616232186	-367.6005839277852	-356.72392896255064	-346.02221052459373	-342.1414117919602	-341.70479781251396	-338.41380634829414	-371.6631470623418	-469.671481905085	-329.7762288433763	-1010.0725227195884	-5827.762784325687	-9611.208533040155
79000	-448.53938427304456	-440.3790065503725	-433.27660347757745	-421.2789534508473	-411.12075170820094	-389.2604437222283	-378.0544627470928	-367.6919716098486	-362.83257919391815	-364.27552214637916	-357.87323673350863	-388.9210410297251	-485.04812478326727	-350.8433002146594	-1088.4118383476055	-5962.1217559892775	-9607.73593884692
79000	-442.0588909543235	-433.86507452341124	-426.3821878985554	-414.85898182982487	-404.7910426222322	-383.49826987264083	-371.9533063294779	-362.4686460278964	-358.86033482277594	-357.7968611945712	-357.2686337933013	-397.66276917367014	-512.3540365613214	-343.150598358135	-1081.7320720686105	-6264.278123624121	-10113.939176409458
79000	-419.93583595459774	-412.2591392337861	-405.7111526821038	-392.4793236361261	-383.12252472589864	-361.2214044811301	-349.9524160874366	-339.9625867547556	-336.7628866286457	-335.65226681990316	-332.8976232660861	-369.7765026638956	-463.5863741975923	-323.4361769674081	-988.040352396245	-6061.614236256221	-9865.623518301429
79000	-444.31660482905824	-435.9771769346184	-428.9114197918789	-417.07741837477	-407.42346945210306	-385.8225364753234	-374.2674634007771	-364.7960985120361	-362.2948462399752	-359.4000692822814	-358.5781207366655	-397.30440140968403	-503.0825912658518	-346.4824016776689	-1078.5082449814938	-5992.081637276127	-9813.714484409093
79000	-446.745587865072	-438.98105689576124	-431.1911565647511	-419.5832199156466	-409.8323811492039	-387.9222480009339	-376.1151724716878	-366.4424038341559	-363.0127836025094	-361.9629139943141	-359.52347172093755	-397.5316105244167	-497.2216849923001	-348.07543317081667	-1073.7359069359015	-6112.402348563802	-9916.047477939728
79000	-425.7991913059846	-417.29420267065586	-410.5915804645621	-398.32390171331804	-388.8232041007655	-366.6376309313238	-354.9054148842245	-344.36897888847636	-341.17758376875025	-340.9551563075207	-335.78016636327465	-368.43488877493877	-449.89994742846955	-325.6207885246806	-1004.6314812536749	-5848.904318691107	-9597.424353934117
79000	-409.6154921006842	-401.52350282951403	-394.407740410959	-381.8529131892175	-372.5394016906116	-350.64385475948933	-338.4754714038803	-327.766718833374	-324.41553153492185	-325.02093595143265	-319.0327031013523	-348.563272333684	-434.8752350795238	-310.6893523137139	-965.5456091856141	-5706.401479823389	-9500.74092918386
79000	-421.90246157391397	-413.48221075426113	-405.83553660634055	-394.39545350812125	-383.62546917548383	-362.78897298769806	-351.2731588217061	-341.2840652442616	-337.6758431956227	-336.9893696897269	-334.40465804528134	-370.0658064715305	-465.92654530553784	-322.31968815057405	-1041.3766943826674	-6105.276033501126	-9969.848929844631
79000	-405.6431454456116	-397.15209228038185	-390.0451526152029	-377.2490620813297	-367.95655885763676	-345.87627931339244	-334.41506981788126	-324.00764700911685	-319.99587228477213	-319.89796814736894	-315.3076919302866	-346.09496372405135	-434.5434661356088	-306.1290227198396	-943.1150560630447	-5996.775013015814	-9701.25885941032
79000	-407.6513045042037	-399.3645554025566	-392.5217772763379	-380.86534082308174	-370.37562867680884	-348.75153770730225	-336.86949515808374	-326.2136730823983	-321.7383533051934	-322.6186577956973	-316.56531035449603	-346.202565425637	-430.5229146148119	-309.4797578808609	-954.1447560714728	-5716.933852562253	-9493.762492632823
79000	-440.4539524086303	-432.2141979973175	-424.5539561054341	-412.65877263527466	-402.3158250124454	-380.98701441576316	-368.9162812772163	-358.89035016562775	-355.290010949388	-354.9017794342546	-350.6108727999622	-384.62908413558154	-472.4402548082933	-340.4520300754321	-1063.5472186214404	-6102.450822513412	-9776.423381616643
79000	-445.2720349651207	-436.9094306766876	-429.89551140935276	-418.15198372239456	-407.88077618945533	-386.89708328323024	-375.31712047944586	-365.8806575808787	-362.37345020666027	-361.2116743248291	-359.5590340928282	-398.7869392821071	-503.3223219369902	-347.54276539295734	-1077.9948197066913	-6138.830086460807	-9858.69417353878
79000	-463.27902380093127	-454.73195416480525	-447.610061887026	-435.35085062336805	-426.06871146846197	-404.19455714578027	-393.72707725632546	-383.9076930337059	-379.57556396710817	-379.40000259188866	-377.2349652698481	-418.5417618564711	-528.4139707686005	-366.20501992956997	-1108.239600813107	-6232.171192026009	-9825.404972473163
79000	-434.76215848286284	-426.1472390565707	-419.1120973966286	-407.32840964398963	-397.89401732272376	-375.9829949848747	-365.17623995723375	-356.0934498128197	-354.0651689526953	-349.3759006240538	-354.5692350639408	-404.51537236307297	-513.2145214666145	-335.8353346849654	-1092.4054281125216	-6680.427876027214	-10718.849655479296
79000	-431.82327681012816	-423.07016653700134	-415.85011328606794	-403.8708534001489	-393.935031883227	-371.749423356681	-360.9064214768237	-350.90556420159754	-346.1528618338011	-347.1841597211827	-342.4216575928965	-377.5503203505242	-471.05931942062386	-331.3308179637925	-1045.5493116218188	-5722.318641282457	-9492.60804778236
79000	-424.25727758426217	-415.7221960727577	-409.16023738874964	-396.71745428942654	-386.99574348359823	-365.0637461314761	-353.93979886861774	-344.4157695162634	-340.7149599648639	-340.19281248956946	-338.449643331847	-378.4677242393195	-479.6222719470995	-330.4068514985087	-1001.2648770596746	-6133.7352428248	-9949.17833542733
79000	-449.9722099550061	-441.39846274838214	-434.19705192347516	-422.6248753469937	-412.7112263248507	-391.22565374736035	-379.8462462370025	-371.08587787639897	-368.0839541850577	-366.16116816911773	-366.0267970337599	-411.6326644976061	-519.809165873368	-356.55723699002107	-1097.7879857524113	-6123.831598477071	-10018.885703306756
79000	-400.54176175520337	-391.6620736668117	-385.0266430344737	-372.6889808963938	-362.54634933672713	-341.58011673092824	-329.63502655092753	-318.77736087545145	-313.81627189815663	-315.26908608280155	-308.36467370875295	-335.4958509310634	-423.08869723501	-302.23326434904766	-893.8384721533643	-5742.628311317702	-9469.034224618965
79000	-418.1501628848107	-409.7841512715625	-402.4474898055218	-390.39266553634013	-380.2018991032429	-358.9449486083184	-347.23060955492775	-336.38518506475447	-333.2467456975666	-333.1581400339596	-328.95664828507597	-365.0089883396078	-462.15316038783317	-317.96948207629896	-1026.257025463586	-5962.566845338163	-9746.955909515777
79000	-469.2759478802219	-461.4824150985482	-454.2517206723341	-441.97223696139076	-433.05456697295034	-411.3923338963285	-400.38381738731744	-391.65098339935554	-389.28969367676154	-385.8468606571316	-388.5567089718104	-441.74499451538856	-558.3001477810581	-371.0791888577975	-1214.0207685686435	-6547.635554262001	-10423.525689346628
79000	-442.03574056189575	-433.59209326580026	-426.39747161599297	-414.65873235109086	-404.71499392901165	-383.26379743384723	-371.75260549049835	-360.62418288361056	-357.4333279373896	-356.95687879132817	-352.94614381825954	-386.7028260743519	-476.8465795244367	-341.8336939296808	-1073.277247094844	-5970.1559583114995	-9542.439499075175
79000	-436.32556768893	-427.49632742572163	-420.3902220654017	-408.0825317955864	-399.2156237658767	-377.76107634999596	-365.7633815922264	-356.17491650316396	-353.6661410527986	-351.10333550701233	-351.4332543550626	-392.68080158467023	-502.3606299731246	-339.65918629855844	-1102.6570045209257	-6247.6049912106155	-10102.070787716513
79000	-440.3433020325138	-431.5474459477645	-424.17051283031157	-412.78919967857667	-402.17263476075186	-380.6134646221578	-369.4171369998846	-359.87276230218174	-355.3363018614534	-355.7222731468004	-350.8587230923503	-385.2860854012755	-480.5419075082845	-340.9769024169891	-1017.0174426207395	-5950.1443202910405	-9613.425375564364
79000	-427.6849991930055	-419.89709261537905	-412.3896109933118	-399.99554953342613	-390.24775986720414	-369.2750787471795	-357.53582029610817	-348.34370534532457	-344.34278767235935	-343.74921043388787	-340.59022009037886	-376.57555218865446	-494.2367601657119	-331.88882691484446	-1022.655129962356	-5826.798886239337	-9492.391500119977
79000	-489.77310096798703	-481.1394153359868	-474.33350775740286	-463.3068156682575	-452.46294847030515	-431.73639657224203	-420.6927544627831	-411.87608770062053	-408.4459309627563	-405.9215693557192	-406.6555438758102	-451.7397301810844	-573.9799592212446	-396.0427281850088	-1226.355574791067	-6061.044733505338	-9730.012951702014
79000	-453.93687101968897	-445.2632856409734	-438.06759765372743	-425.4174209737349	-416.14022851059644	-394.6822562546452	-383.9500931550336	-373.72717600534	-370.0285278106371	-369.2241182628134	-367.0129979152955	-407.34237724859065	-517.7909852435947	-357.36370550042056	-1104.7918043663385	-6153.005106756743	-9932.902415104312
79000	-420.81393190777834	-411.8548995168913	-404.54087535325044	-392.6931196930959	-382.4318758986872	-361.4834750124983	-349.4967278210957	-339.39197997224346	-335.333761084916	-335.56056004215634	-331.0373121233537	-364.68483764873224	-453.9382489421334	-321.0062139119111	-1035.773208015065	-5954.335088039295	-9701.984893561561
79000	-434.3656245497653	-426.0990894497923	-419.38886304173474	-407.43336707908475	-398.09250935992384	-375.59249491865586	-364.2693029857439	-354.92471325558444	-350.84135864399184	-350.2544577155481	-349.17199546229324	-388.3498850376128	-483.20148897568	-333.80944149872386	-1099.107419903207	-6189.7153689891975	-10031.381648608067
79000	-426.07146797264556	-417.5930386160042	-410.96654527313973	-398.885854848337	-388.8500450413397	-366.489395822956	-355.7572336115774	-346.01703298190716	-341.5046772759967	-340.9895876271382	-338.32724115823135	-375.25100135816746	-468.24985675470043	-327.5417845788722	-1022.5876004001724	-5961.733713712781	-9676.127429858334
79000	-452.37202145426005	-444.23447126515066	-436.9098987465995	-425.61909709476106	-415.3275540769471	-393.8824163885476	-383.30478880397663	-371.58929946838913	-369.53967619141457	-368.82206883416694	-363.79898290334177	-403.54525928147547	-503.7717026784807	-356.84979358291815	-1084.0224808131225	-6082.224672869727	-9763.715740798947
79000	-448.2195294393793	-439.36073498880603	-431.8353516740203	-420.3938113002097	-410.69638963580053	-389.4354348921337	-377.6690002204667	-367.7622025141891	-365.26050352848716	-363.6141314973324	-362.53495918097445	-404.26942312202715	-519.1540945363258	-349.80272243822907	-1122.1018466109454	-6114.741550647974	-9924.811104975151
79000	-430.58177181094453	-421.56255368472137	-414.4506642129507	-402.3368825098761	-392.7451130460689	-371.3506930451863	-359.69824610814095	-349.4541983755054	-346.20832704162797	-345.38394874418947	-341.386978324101	-375.9488449487211	-465.3449027349434	-330.6739577497093	-1057.4081251001633	-5930.325668258348	-9609.440673337309
79000	-445.93935511036165	-436.97050131076344	-429.77468858846777	-417.3318542191504	-408.95883534649454	-386.4546249253948	-375.60000063327243	-364.1048337874756	-360.96950638076663	-361.44681552655766	-356.1607317343975	-391.2091901852638	-488.4494816412637	-349.73714739986485	-1048.405050432275	-5951.862468664145	-9633.763999597577
79000	-440.18629205567936	-430.95339911006494	-424.13671340234447	-412.1609605050734	-402.8808034388503	-380.4426455833286	-369.8115470012683	-361.31726284576564	-357.4899829200665	-354.9906475755746	-355.1044397954846	-399.1178785021253	-500.0527013167382	-345.4384483680216	-1097.1180714718641	-6315.521426783608	-10246.377124258845
79000	-455.21298639170175	-446.76094414053915	-439.549697514299	-426.75400392899326	-418.08652708051113	-395.9105236073275	-384.76160234199807	-376.8267662214221	-374.10822315543857	-370.2955329148337	-373.12015300474354	-425.9155437581014	-538.5688038597694	-355.53607470591584	-1177.388932119791	-6385.741984598962	-10356.040909271747
79000	-424.71783444463574	-416.7696629582331	-408.6748919088769	-397.081189269843	-386.9235101858293	-365.49890589190113	-354.0894333597804	-344.0329940603766	-340.04600647718263	-339.31338788518286	-335.8542323135536	-370.03263819771655	-456.5861321808881	-325.6000653099634	-1018.8694035525342	-6014.386692025305	-9806.73536959427
79000	-406.359129167334	-398.64985415859104	-391.6306615095122	-379.51856550211676	-369.68423715497863	-348.02460449659054	-335.6983194636492	-324.8058152339302	-320.048174606071	-322.52216224659963	-312.3709652566746	-334.62705437541837	-412.71766109822386	-308.5142747832284	-887.9412728010391	-5410.487952314691	-9068.016176005596
79000	-441.56617084364433	-433.0029357735963	-425.6546286006865	-413.3061950216577	-404.37989863651194	-381.9363916402042	-370.6224118142124	-359.7815706775307	-354.96740141598775	-356.2702661676928	-348.170516741021	-373.09026522601687	-449.58600797687177	-342.04121233350367	-990.3704149065167	-5557.494676002876	-9092.521870251363
79000	-416.5104944696118	-407.9424720252884	-400.38177741937153	-389.0016983206932	-378.4039153194883	-356.57708864661527	-345.412425950501	-335.01052709954445	-331.3851175837374	-331.7044751355384	-325.56982363384964	-356.28911111148005	-443.6965166505514	-316.55218443748697	-975.3253953471044	-5775.959604936325	-9547.107011531183
79000	-429.192622036459	-420.79542781889865	-413.5926013025035	-400.8639432677836	-391.9972390004006	-369.63155022181127	-358.996883296424	-349.1281949101992	-345.6049752245831	-344.7294098752598	-342.26882137938026	-381.68974382846443	-482.24803911147495	-332.3861313250338	-1034.1675663453757	-6061.9256019118875	-9877.20628191483
79000	-437.30892955042026	-429.0016293271469	-422.0958004575245	-410.2176721939022	-400.6652585333727	-378.91062394584395	-367.3226352138667	-357.4263201448155	-352.85458030801135	-353.74821836615837	-348.0747575870721	-381.45479868560557	-473.80355672820684	-342.2682446252376	-1026.6425103562906	-5785.973407691498	-9439.110656903564
79000	-406.85121947669626	-398.1105620816442	-390.8118482123745	-379.02470735775455	-369.3256690432842	-348.0453880044175	-336.0572076366036	-324.9217891609681	-320.98293908752225	-321.70992238134806	-316.6380335699798	-345.31041950993927	-423.01714453752015	-306.43777473528877	-956.3846010010545	-5708.762653621591	-9363.207365080732
79000	-423.4596195998089	-415.497212019281	-408.49737611888946	-395.8200369473101	-385.5927942894388	-364.66130381837814	-352.3065535160711	-341.98515721922183	-337.52957719404037	-338.55656471197716	-332.4659678242635	-362.31082710967786	-452.76931281254946	-324.4562498384692	-992.30964856647	-5857.172850184181	-9540.097252587511
79000	-444.2118762690776	-435.83586693229313	-428.66825990562353	-417.4139446908706	-406.6630467249575	-385.64137567750987	-374.15718946707113	-362.88937413277404	-359.5410558807142	-360.79465807371207	-353.38284503964513	-384.0301457459157	-477.48559234774734	-346.0186731747393	-1073.37325159873	-5857.80542620051	-9386.499552803145
79000	-440.3039641644481	-432.2511907001736	-424.7048685800724	-413.3019881354695	-403.211885794752	-382.12773067167984	-370.18296682811456	-359.11647104467045	-356.1530248742267	-355.7968184252334	-351.4879402539212	-386.2435458009921	-477.73588551195286	-340.93993626427687	-1080.5873586958292	-5868.095254972509	-9579.825698448967
79000	-442.095777405001	-433.15557532967523	-426.6444568904994	-414.5992877397663	-404.94274168049077	-382.4742242625138	-371.870772064484	-363.0252296719833	-360.5036468965727	-357.3700982253898	-360.73741448765406	-411.2108631429562	-521.7484857256609	-342.79436023937905	-1136.4477648653092	-6592.038616240224	-10632.855850968826
79000	-446.0050818193958	-437.6408096105506	-430.5103361606563	-418.508046481511	-408.3654535793654	-387.23203240523117	-376.1880477943863	-367.4715766727155	-363.4632155200953	-362.22125793484025	-361.5279803312135	-403.6556131014228	-515.503435138394	-350.39823090799064	-1077.8551598956092	-6166.181011828235	-9870.440600033226
79000	-501.669033719378	-492.41031060566246	-485.43955244773446	-473.9679265018452	-464.2107382022288	-442.4382352478201	-431.8550244570613	-423.57839756743243	-421.85409090958734	-417.724411130321	-418.8513960296527	-469.3383807543774	-592.0184731554676	-402.78642938669526	-1314.3114900199248	-6618.763964638339	-10444.291284080899
79000	-447.8572718542874	-439.8126215024623	-431.71807532503516	-420.312630161641	-410.6668320389199	-388.9777279778958	-378.0070298088762	-369.504077378804	-367.07180423836445	-364.11902435879824	-365.09748213083753	-412.5577263201447	-528.8019970755231	-350.3417386383012	-1115.2574064913713	-6385.0105068507555	-10313.368002880463
79000	-411.86238463682304	-403.02381324246517	-395.06982006084417	-382.98129407924125	-373.6859846877026	-352.1552882731833	-339.85904024346877	-329.6205518313373	-325.06714932256466	-325.9160735354499	-318.4750304114822	-344.42187871278037	-420.88640099332196	-311.2724392233631	-960.4771194780315	-5611.598939115625	-9323.417613165455
79000	-435.1737249807029	-426.61520996414833	-419.85220902147483	-407.48261639456496	-397.31844724303545	-376.718666961919	-364.6561968207094	-354.6650948892085	-351.3018971313972	-349.7978006104465	-348.26884051332837	-387.40395725428533	-480.98201515100146	-336.0779834296102	-1076.3035581040492	-5921.451368058503	-9730.343817065881
79000	-437.4472032454407	-429.5042490325486	-421.7095739304643	-409.4840121397991	-399.9071927629126	-378.5824899732259	-366.68360404364154	-356.23942157358147	-352.1908620851702	-353.01697571246217	-347.478388295244	-378.319651268802	-466.96165803842933	-336.58184020235166	-1062.2428380582314	-5916.823581575465	-9617.373764232369
79000	-434.6012854098568	-426.42598384183833	-419.22288106819093	-407.01900091229163	-396.64882685679964	-375.6987520668781	-363.54158029198044	-353.16100933214506	-349.56864683955575	-349.68526288055546	-344.3190285772853	-377.7074541857532	-470.6602923766008	-335.3790298556442	-1049.5600855534756	-5836.3759135199125	-9555.295096585345
79000	-403.42214400671656	-394.89458675923623	-387.6666066805207	-375.5502318599504	-365.5756372663172	-343.738116574227	-331.7917549685155	-321.5615858082836	-318.20707233821275	-318.4529888713023	-313.1017177192946	-342.4342056822358	-434.3312240104338	-306.64593738560853	-920.2097753814338	-5760.497377837488	-9460.180977914624
79000	-467.64168565376326	-458.4611537954013	-452.49698809732587	-439.9256758415926	-430.5995504311618	-409.016854948305	-397.1280156541568	-387.13651008062044	-383.1337780149267	-383.23971175951834	-377.79637736187914	-410.66380813251754	-506.6366435961284	-368.9058584155592	-1104.223317391531	-5971.537898642597	-9625.922278084168
79000	-390.31628990944165	-382.2733956913092	-375.11116194935113	-363.34154890338095	-353.31115989923006	-331.6620426102224	-319.6633033907905	-308.85139172549714	-304.5757364057933	-305.75664298994116	-298.59487492502564	-326.5128697007572	-400.2413133021959	-291.26302399516817	-872.0849207003846	-5624.611624065808	-9311.155274701548
79000	-501.4612720555725	-493.53972982529194	-485.94696861998733	-474.2864625174782	-463.786270687144	-442.7326966924034	-432.1432693625134	-421.8047641811749	-418.1028672578556	-417.75045754313385	-415.71271374224085	-456.9737060344381	-566.5229336832614	-403.17605560521986	-1270.098301935639	-6345.443068269931	-9996.505292125605
79000	-461.9758667708146	-453.2437245870533	-445.9255234973123	-433.79598621980654	-424.38699331942854	-402.51107541925745	-391.7456511255155	-380.5197907497801	-376.1134991754329	-377.5757705392088	-370.8615449271887	-404.2033148525625	-508.2209157935447	-364.3286033963704	-1108.5963885967758	-5704.850763818366	-9293.322494636484
79000	-442.5349988908561	-433.47570481380603	-426.66729172732136	-414.438959737545	-404.89441077409623	-383.1754053193839	-372.21387492726257	-362.9277197096012	-358.96695464898204	-358.4362340486285	-355.7321676423044	-392.0031019343473	-498.44285942037186	-348.43138902615436	-1053.144234427594	-5955.362310334074	-9694.991501801627
79000	-425.0028345122746	-416.7567447085336	-409.4485411639179	-397.16147549164725	-387.00785932469904	-366.244394293127	-354.5170646079754	-344.6775762226517	-339.85355695079596	-340.5435466401519	-335.386427847882	-368.8450035654076	-468.65384717988326	-329.22933674214306	-1020.8932322701634	-5746.096301089906	-9460.658440635652
79000	-440.4059073408115	-432.1629616132177	-425.00328720663396	-413.71000947055256	-403.5358421781369	-381.6033145416588	-370.1562976516671	-361.11822213642756	-358.3283209472059	-356.369953462373	-355.40956220360755	-402.29065087848886	-517.6315171393303	-344.779008463312	-1144.1540664563356	-6253.2427948372415	-10088.18386878724
79000	-439.6246448920147	-430.66551025847264	-423.71353516056166	-411.667709323126	-402.5268408073509	-380.8743136648248	-368.2780134097857	-358.2716111420009	-353.604265686319	-355.1807005218745	-348.3191040425954	-376.0122498650772	-460.0540353525132	-339.5132489242484	-1022.5105361316707	-5759.382315535611	-9448.570501032611
79000	-427.5862289979509	-418.7352017199724	-411.33707189672197	-399.56010403913956	-389.7311249272001	-368.25304238443795	-356.3785444380538	-345.3990690097838	-341.01645819818117	-342.0847456526668	-333.7150461948853	-359.6401181765854	-443.4153672754052	-328.20696390778517	-981.5809463741864	-5634.331094614629	-9096.982046240248
79000	-422.8595402193078	-413.95566741392713	-406.9106193593403	-394.6631970453957	-385.31794868926295	-363.6436684365899	-351.5877636625664	-340.3222681501013	-336.10381262616227	-337.3321914796017	-330.81916632512576	-358.56172113476526	-438.73378420953424	-327.30758398121327	-955.9549689197291	-5694.18774393443	-9206.56070911406
79000	-436.6931794543707	-428.7367159878192	-421.7956037456151	-409.14344209246747	-399.04736148661584	-377.77420625036166	-365.4127962233778	-354.72056366354434	-350.5612832557163	-352.02599499307985	-342.6348626282333	-367.30446124388703	-449.5595482586653	-337.21046487180183	-996.6038197744855	-5606.726265756236	-9154.27875060317
79000	-437.6162000639229	-428.8958881941783	-421.8474343128416	-410.1548907980616	-399.67518014482613	-378.46028308532493	-367.16290245919254	-357.19494471149034	-352.96257441079393	-353.5879211368306	-348.3083794954934	-381.91305562286703	-473.2101572926398	-338.77488755828085	-1017.8843860998088	-5861.9247579397925	-9564.064096158387
79000	-457.54472208056336	-449.32204127719785	-442.60382533574165	-430.1817596040495	-420.8452157042439	-399.6946236228913	-388.01250283580094	-377.9738622574878	-374.32173248812495	-374.0067134432965	-371.42316195683526	-408.10281493937293	-529.5551017559658	-361.5665395093944	-1087.7613486308016	-5975.945059556385	-9670.220790650463
79000	-411.21157438906397	-403.11660793210666	-396.0133724173807	-383.8220934029332	-373.43853102121835	-352.05371529473234	-339.78387118333734	-328.2946517727623	-323.88284105236426	-326.45130800165134	-316.57590041523787	-337.8672574472788	-406.664226196324	-314.01487625773433	-895.0020166303863	-5609.718030881116	-9248.509765193723
79000	-442.92850056731226	-434.4029793082378	-427.1841104131565	-415.44014315214747	-405.816759670442	-383.8050622969858	-373.07353829462835	-362.8094006623367	-359.14762476250354	-358.66921215633107	-355.4069887026958	-393.6339667399137	-505.387407860929	-345.02964173084246	-1114.5623690997602	-6012.922566301294	-9780.593503420272
79000	-402.1110087690524	-393.5343967672389	-386.3128908194488	-373.1693407845486	-364.2542868674376	-342.9942228450094	-330.04974387566847	-319.1421683709509	-313.43625298537887	-316.6674381836235	-305.6751978493936	-322.259014450447	-391.5880307780081	-302.34704881469565	-874.4333267613794	-5368.731023173494	-8783.621200388132
79000	-415.449048847265	-406.86388366844744	-399.70195805276074	-387.31585062560634	-377.6834351807282	-355.7701509890806	-343.2220046817214	-332.51482878666883	-327.59453511371225	-329.5230657101892	-321.0383460830515	-344.76572573028074	-419.7752219170472	-314.1378309599292	-944.3649256473416	-5653.220096207697	-9366.113895611537
79000	-408.1084806062236	-399.4362266726956	-392.4129842894061	-380.3730780870287	-369.96437683565057	-348.4805661210901	-336.2404265847139	-325.58947425556704	-321.0934645690344	-322.8476575804064	-314.6527019389213	-340.412720641734	-411.8714307404503	-308.0723929488982	-907.9011523713597	-5820.157970737643	-9425.270282367846
79000	-439.5982160124386	-432.086065480886	-424.9679953019898	-412.4027621958028	-402.6846814195677	-381.28705594661204	-369.62355870311825	-360.26884205733626	-357.9128842503651	-355.50384607422967	-354.4119763684643	-397.10468956298917	-499.03828750381075	-343.91609419873004	-1062.9836521746138	-6154.1391991534665	-9969.707878484898
79000	-412.9654636640656	-404.5428295442539	-397.1230000741588	-384.9899501532915	-375.3877757231824	-353.42148393850294	-341.83218590210413	-330.6379494984089	-327.0673496060987	-327.1759778911761	-321.7912760090938	-352.8915015988381	-435.8281014625485	-312.33033333197983	-959.8240558522186	-5738.786664613481	-9320.889242505644
79000	-428.3694814608893	-419.56203315617944	-413.109789182121	-400.9624717601439	-391.5520388762417	-369.9731740506844	-358.00518541587604	-347.868298903024	-345.38180365653125	-344.3722247375507	-341.72758287404275	-381.4818433979331	-481.7230430703837	-331.23187748375716	-1044.1854086897704	-6027.201373264629	-9828.211690809141
79000	-466.39249414714885	-458.30478209974035	-449.4260017039198	-438.1188036204743	-429.67469107759507	-407.5742680051254	-396.5013685624547	-386.68192316989587	-384.81797549898477	-382.1680698945707	-383.40617894196214	-430.00725089107675	-539.764766562101	-367.1174041612005	-1197.0295679731892	-6350.529538163844	-10164.77963891473
79000	-438.8896453948024	-430.73452193357946	-424.20044969631005	-411.7502406508478	-402.27602122252006	-380.7507443108039	-369.01075460575186	-358.1668208069161	-354.8792213374494	-353.9258218842091	-350.5167248131039	-386.10982154853167	-475.57059557588605	-340.0126585207301	-1048.1707112095676	-6045.923513264341	-9803.758425363398
79000	-455.8824705451346	-447.6629562306609	-440.4214331237425	-428.9957640324275	-418.70676026115007	-398.21234028025526	-385.5883713907005	-376.2074492333981	-372.90100846727336	-372.0903339155532	-367.25526380167287	-403.0555984788515	-515.8505693739195	-358.3319408540078	-1140.4266740477021	-5747.786386793107	-9441.200305435106
79000	-440.673367502129	-432.4671791726376	-424.95859087336186	-412.9856167708408	-403.15800403189706	-381.1482223045353	-369.7866272950752	-359.2207129306607	-355.43966518935866	-355.1729491868257	-350.89750678479425	-385.13336674677646	-472.24103864882204	-340.37778732883896	-1059.6456741483119	-6154.1067293281985	-9847.239366034968
79000	-422.21246639821106	-413.882454477136	-406.69373357798094	-394.20688902805966	-384.83041048994454	-363.77257057928887	-351.4721681793462	-341.0428207400854	-337.1483534339348	-337.4075436359466	-333.38537531943945	-367.4897875671234	-458.25349889174026	-322.14709203778995	-1017.01938419544	-5953.187067298148	-9662.201586033456
79000	-436.7764405262704	-428.1469974261827	-421.67075441284265	-409.6639753508599	-399.8219856170657	-378.2742672231282	-367.6843768326513	-357.67173556848616	-354.8549282857752	-353.07036921305155	-352.1460210497334	-396.86261064475565	-504.18023822588714	-341.7041228899742	-1062.317087189258	-6189.223002251819	-10034.277099006733
79000	-436.9578419047538	-427.81732931458936	-420.3614353541282	-408.6680003703142	-398.66107063491614	-377.23319386043966	-366.16135322167895	-355.6266086290449	-351.5654156101114	-351.204922268666	-347.08086830956796	-380.6286600202695	-472.9664625665114	-336.4262323015459	-1070.9609958207373	-6049.096003995016	-9798.19413720167
79000	-445.19659363905294	-436.5957208174648	-429.94514402420606	-417.2954596803843	-408.42252582102293	-386.74750199269533	-374.7473125626212	-364.156763279134	-361.1509556681747	-360.9253139777849	-357.17349578391725	-389.7635258294916	-491.3278153357726	-348.52239905860586	-1064.1145226604751	-5642.287537002348	-9367.935488117393
79000	-450.46312345681866	-441.48416768719795	-434.4327058000369	-422.78568838065314	-413.18026502048673	-391.4743428668776	-379.8792809782056	-370.83600325227	-366.67040116949437	-365.93656981911727	-363.61603785641984	-400.86234506937075	-506.2694028856148	-350.8525309152162	-1086.3270063504312	-6217.48321365462	-9902.642423796984
79000	-455.55510606383444	-445.7366153361231	-439.07169543552624	-427.4139303263455	-417.5203671598597	-395.8820943958807	-384.8005779011338	-375.10827077001386	-371.64842415700633	-370.50240955334624	-366.94876069342905	-405.83566396948584	-504.1377764513228	-356.5891854491195	-1095.3031049062904	-6269.941125963026	-9911.821804049756
79000	-402.8756959337171	-394.2461509163693	-387.01774162340274	-375.2605539504983	-365.32663375156767	-344.09763076135846	-331.329378060074	-321.27959647592417	-317.16000111333403	-317.7745530173448	-311.9917604810142	-342.24298613886486	-424.620535863587	-307.5007352782889	-902.8026635769987	-5744.828752780934	-9371.660820507472
79000	-430.76022057437956	-423.3301763589506	-415.9111092057871	-403.89202630031104	-393.40132823767357	-372.01071042984404	-360.8798644482769	-350.73782494227237	-347.2786141786584	-346.7111058979889	-343.97899199678966	-381.8480143281495	-476.92309195169656	-333.25346721475086	-1028.5609871967285	-6338.317008304775	-10127.22855850915
79000	-425.4195144467073	-416.39954268520876	-408.71370769653817	-397.025104721214	-387.4419791796908	-365.96151002686895	-354.38130427705295	-344.03356415011547	-340.46177306217754	-339.98836403721214	-336.8554032020971	-370.67240776332227	-468.1842395921909	-327.75660854495703	-1007.1111573702617	-5960.4297165271855	-9706.308158357571
79000	-450.49318361886907	-441.4239115569546	-434.97999761105535	-423.3906958245857	-412.6154482435572	-391.2091844024748	-379.42373609426437	-369.1409348904831	-365.154237494786	-365.9084754148803	-360.3573220906174	-395.1375904394267	-491.14985486239556	-354.1025884481611	-1068.9981647735106	-5852.486599002528	-9502.110514686245
79000	-451.16768143638643	-442.10640341530905	-435.2488470251125	-423.17737587919714	-413.3383236155474	-391.5901114796143	-380.4183273083169	-370.2395922135633	-367.10478719274096	-365.89724602233537	-362.87654015446583	-401.5818814770847	-500.1892170945595	-351.26547077768714	-1118.137073728843	-5835.427127756592	-9608.548839006658
79000	-402.5175593299079	-393.74762673872607	-387.0554967875691	-374.47865586530315	-364.9764373689879	-343.17530980856293	-331.06281688591616	-320.7089156076539	-315.51767830920943	-317.1157841633977	-309.71916690322297	-334.629339930904	-419.22643374988934	-305.1367594025553	-890.1315220678111	-5719.872750903909	-9295.673481331793
79000	-427.28461214284215	-419.111735966159	-412.5518815433899	-400.62791165140436	-389.8284548171331	-369.20364409229603	-357.5696878072314	-348.2089993899565	-345.60312160351737	-343.48270679951884	-342.8137606181601	-382.1002845070973	-480.12728011120487	-330.67652551219385	-1049.6212494613574	-6080.133439901621	-9925.081306382992
79000	-416.5821307600974	-408.54027162663783	-400.9894944739529	-388.6026928525647	-379.18391424201604	-357.2920720587446	-345.88364103804855	-335.21065736154884	-332.23492717311103	-332.4566820464664	-327.3782705304092	-360.69108139251523	-449.7299090365726	-316.7383164573138	-1001.5968619430474	-6031.749047646056	-9865.007422594399
79000	-442.12842624823213	-434.1088793164292	-426.9741627447932	-415.2102003648655	-405.075077284941	-384.0116558248914	-372.1806525184138	-362.5918743328316	-359.5590905836405	-357.88029857308726	-356.3697700304156	-399.3608851875219	-502.7579220092595	-344.51328317089093	-1064.1531025564861	-6262.697961673938	-10043.523994796258
79000	-435.3403812412136	-427.3392167353845	-420.4592485657117	-408.0502623120775	-398.82751435617763	-376.9224733637023	-364.8228850011987	-355.13433497259206	-351.08875079530026	-350.77536281543536	-347.640914622063	-380.2230547470113	-470.15225937044323	-337.41055900805287	-1053.9931570208714	-6070.304255368097	-9667.835231665531
79000	-438.7319467462459	-429.9834882192482	-423.0837879170762	-411.31453722990193	-400.68138659886995	-380.2293029414432	-367.57731688189466	-357.4548501613067	-353.22088712508474	-353.688233369768	-348.05041275839284	-379.13315237185617	-469.995672505424	-338.8910079750554	-1020.6207984112505	-5850.435293106684	-9532.413394030596
79000	-445.50086426958273	-438.1560791734083	-430.4527471964515	-418.43910610014836	-409.14396426629145	-387.58535547549076	-376.1391018829033	-366.57707611157775	-364.0524058809323	-361.60170963713153	-361.6386846698373	-404.1633223273865	-512.7897396624669	-346.64813654135594	-1131.0893068349867	-6250.790539887476	-10227.718213862065
79000	-461.46813471839346	-452.4230857765058	-445.51335730841214	-433.5115040855426	-423.65972353213016	-401.9879823564996	-390.44704879819824	-380.6224977168737	-376.81024446067187	-376.9317258208453	-373.24007541534286	-409.8640011175145	-503.67206263744777	-361.747654491043	-1122.4094134054885	-6029.639084336915	-9650.746690731941
79000	-477.8989061781974	-469.3722662964315	-462.65931227834886	-450.63367613671403	-440.50309066884853	-419.02063756458716	-407.7879083773834	-399.31110072122584	-395.54374063296905	-393.546071313915	-392.76189966425795	-437.2863084168287	-549.1174840263805	-379.3987263631113	-1210.419304825447	-6081.6828752341735	-9773.841819761414
79000	-433.857065907703	-424.87537544207896	-417.86118860396215	-405.95878362153803	-395.5341821825572	-374.2757652065524	-364.04694070053984	-355.2844511037126	-353.68875673760425	-348.7435135007642	-351.9710762691158	-404.2270881484187	-512.3015166062197	-334.48798946687214	-1121.477356248024	-6620.67978087243	-10710.03489399918
79000	-451.42326195527744	-442.3226594939208	-436.18965915009215	-424.1632917921909	-414.13337807854754	-392.25780877704875	-381.04830597026086	-371.92495178847196	-367.3517614590854	-366.893242258046	-363.6737118325033	-397.3972678555131	-501.4539325773964	-358.0575418093094	-1088.7200307117841	-5789.056846752536	-9324.354580142062
79000	-406.34063352873045	-397.59789032320157	-390.12216025728657	-378.25370647645866	-368.70814053441836	-346.62079310545687	-335.25627476163083	-324.80804911966567	-321.52597718203515	-320.97757308479976	-318.39436388980357	-353.65579118447386	-439.897772211332	-305.74005477227496	-969.3741824847002	-6200.467010310905	-10056.146445133438
79000	-460.8569643022514	-453.16414434253073	-444.95819597966096	-433.4987361686226	-423.4376652865353	-402.6351785851989	-390.42493423115184	-380.88301549204533	-377.1723447983091	-376.1919448437842	-374.07499309650547	-411.0018752586165	-512.3080890622056	-362.2480618538605	-1143.628965357867	-5977.384590797248	-9699.333950805538
79000	-423.7015090581051	-414.8039742895918	-407.47274714132465	-396.2030021166911	-386.7062356692795	-364.07908741907806	-352.5754636603157	-343.0363864123314	-338.82644187552614	-338.7495130562167	-335.933384968156	-372.774383605926	-460.5321233327294	-324.48665611452947	-1007.7363099639857	-6013.762196322315	-9928.855496242759
79000	-433.9966894695441	-425.2268239696539	-417.7114139179094	-405.44600991178913	-395.6360018487218	-374.385696380973	-362.4761246966181	-351.9980646990365	-347.6871428719512	-348.02069646442243	-342.80824799628857	-372.6591902623615	-456.47622632140167	-333.24363955471193	-1028.3541953395452	-5885.506968298941	-9599.720538210464
79000	-449.35706128872005	-440.9990130591598	-433.2461605719213	-421.45930730033683	-411.37736317023064	-390.28237555192516	-379.2589053940978	-369.4464284386431	-367.11859772779314	-365.17648916947246	-364.43565430144673	-407.71755778415815	-523.7913647779152	-355.5762722472622	-1095.3988124923405	-6156.144101005722	-9790.116826658164
79000	-428.42630417309607	-420.1201069361816	-412.65593212389166	-401.0722602623074	-391.24663157277047	-369.43850204883995	-358.2922949152612	-348.5427398074273	-345.6414191099054	-343.7409182115452	-341.8527292785173	-379.89558617278897	-481.10174916746934	-330.63791916948134	-1040.4514107857096	-6060.733770706784	-9856.869345100698
79000	-414.22968508238245	-405.8702799272758	-399.03087031655406	-386.54796060892284	-377.6369351805119	-356.0308675821694	-343.9191207913848	-333.55860510901226	-330.2270655898353	-330.40706854022017	-325.5588559969898	-359.06678728047814	-452.99689133339007	-316.1220610363901	-978.149610572322	-5969.040998814715	-9654.868850337081
79000	-444.03767234225677	-436.8443083295955	-429.15985554060154	-416.5142612022264	-407.4298507585261	-385.65177770459894	-374.34203501647295	-363.8861195487894	-359.94923978231986	-359.38987250809765	-355.20693981009646	-389.2781123884827	-491.07788258612544	-348.85228732086966	-1044.4992875923163	-6049.666621889284	-9648.492771405412
79000	-422.158171314761	-413.708647867527	-406.6174114506369	-394.68040844732195	-384.5685367561551	-362.9853548387507	-351.73736697912506	-341.9144366010718	-338.99527859473335	-337.5162629683038	-335.7339895560436	-373.1999178682366	-466.98615760595067	-323.7379871754745	-1014.1294066205252	-6079.020440729378	-10055.961606051485
79000	-391.3558891033654	-382.97872951909227	-375.8231218819837	-363.1243732602395	-353.56084449257315	-331.9170401348182	-319.25034576172715	-308.6570014409994	-303.62999141744905	-305.4640822068763	-297.0647311728655	-319.7615402202651	-389.26573116606886	-290.359995446018	-894.7144831180619	-5715.024810106373	-9397.397555861397
79000	-448.58508164618655	-440.2092866483123	-432.96271565896797	-421.37990190033895	-411.3695739541664	-390.12257902392724	-377.75270266683486	-367.94700649722233	-364.53050861988027	-364.1803837458437	-360.3825121009282	-394.440493309135	-498.15737036379284	-351.80094259698944	-1083.0566755644875	-5986.323134262571	-9592.317485178748
79000	-416.0204548587208	-406.9573943845387	-399.5187663465579	-386.99727532686893	-377.4220059894451	-356.92233172606643	-343.63265096433406	-332.87987045362974	-327.9203352029665	-330.0171619717652	-320.84567626369125	-342.87273598995387	-415.9214289838106	-314.05643063066617	-947.2676635909656	-5685.737696395856	-9247.463449589914
79000	-437.72824799569554	-429.18335029546006	-421.35305280930476	-409.52978307351384	-399.49229545035706	-378.10999513157185	-366.87581713687797	-357.0863151498296	-352.30242470620976	-353.03613747228906	-348.2414604253421	-380.7124216163966	-472.99770907878207	-339.52480094289524	-1025.2103098583086	-5912.917651849415	-9629.807139376344
79000	-447.2745222622378	-439.10971521394583	-432.1236338747091	-419.439919609454	-410.02723621431227	-389.0595065995268	-376.609829313356	-365.79955114969533	-361.6162856041298	-362.99707349097804	-356.8822584475669	-386.07497864432196	-473.14112452176994	-348.191877779167	-1072.09993059508	-5833.270133583506	-9519.160036192936
79000	-428.76845540642705	-420.3823075336597	-413.476392283801	-400.9659857184689	-390.7229793782929	-370.14329492773174	-357.3557288324579	-347.0775695043934	-342.964647973973	-344.2790459053712	-336.2723946116578	-365.06492690913063	-444.1245399714025	-331.47270191982756	-1005.3459673986173	-5510.788266809814	-9119.201483587292
79000	-433.9848744110914	-425.588116487703	-418.20166164662913	-405.83606303837973	-395.97925230422635	-374.99209403475265	-363.1594488253815	-353.38068644813313	-350.02679903412417	-349.1035620270615	-347.43668730737545	-386.31385562386936	-488.666904921635	-334.75696140988515	-1085.4154349947464	-6080.929057258097	-9997.339440315081
79000	-436.44376106856686	-428.18468209337516	-421.6744598318217	-409.52096098798006	-399.61000155193886	-377.38416572107155	-365.9726010643313	-355.5874440713497	-351.9074608937038	-351.8455860523673	-348.30322939113904	-381.4248977576716	-475.6328301944361	-336.4035467770568	-1088.4947829427788	-5963.44488251975	-9735.519420411694
79000	-422.0230023372482	-412.9968854253812	-405.5551296389904	-393.6421174381743	-383.9070059038715	-362.5134421380216	-350.738195510987	-340.52839985095704	-336.41383995402566	-336.54339349508285	-331.898258091091	-365.0090589952587	-452.5462553206189	-322.3491490532974	-978.119863587708	-5819.746711499828	-9556.438159304405
79000	-445.55550119586877	-436.50263071687874	-429.30611768183184	-417.558507704611	-408.3155194696502	-387.13818440949916	-375.3513974472377	-365.2664239905454	-361.25422834563324	-361.2101139648027	-357.11829948286174	-394.7413577432016	-500.0918194968257	-348.43134795609643	-1066.2870716041293	-6064.854736380661	-9753.42780272869
79000	-423.03869759042175	-414.66297151687365	-407.25879850754455	-395.59883371088256	-385.839171084285	-364.3062110949522	-352.7516896202924	-341.2215121982591	-336.55361952495696	-337.37672206192155	-331.9829925909546	-361.41699429848785	-447.1772792208189	-324.66702803913705	-984.9792181961418	-5915.831864619618	-9639.04419883962
79000	-444.222694454518	-435.62448106687884	-428.9615750500374	-416.4972142534265	-406.95888573143174	-385.6424051698425	-374.3854852944909	-365.1894879355289	-361.1212200710378	-360.5589180165514	-358.7781161971027	-402.69715236754365	-513.1129625745232	-349.4256581218528	-1112.824235052431	-6117.576005997058	-9899.511766084404
79000	-401.687772800825	-393.1221082924522	-385.9455983232829	-373.6945543356828	-364.67925573663433	-342.17534231059017	-331.40608689090595	-321.7737612960819	-317.60933626383235	-317.0973562216452	-315.6476529382987	-352.60364727962985	-448.5730368561419	-303.16777356108895	-981.2122127604032	-5969.56499474219	-9993.261734861935
79000	-435.51345599665365	-427.1400937520552	-419.94914882275003	-408.3284571960952	-397.5764947397395	-376.9148575728614	-364.5028922347665	-355.4088863635402	-351.68591543499974	-350.9426129733714	-347.3774575143678	-384.6953259988614	-476.4110831212249	-338.48842662303764	-1052.8383032457552	-5833.702828506242	-9645.902800817152
79000	-423.36372951126737	-414.2364722621757	-407.4930449932543	-395.32379467070905	-385.43070618803	-364.7464379674714	-351.8932463626314	-340.50112219598896	-335.89579930455045	-338.03230536468	-328.9196741539703	-351.39458413298047	-433.2227108154326	-325.39176729287504	-955.9065438908148	-5519.285428890044	-9125.468180319362
79000	-456.19164169519274	-447.6491818861562	-440.3022245246929	-428.2291359194692	-417.6195505695837	-396.82229390573985	-384.46092862780785	-374.932845140092	-371.5493559027537	-370.57397349209015	-365.74114148497506	-396.20232035468354	-483.2758889109205	-356.0108712742947	-1067.0131300908904	-5839.207678692801	-9428.78213041341
79000	-415.82155617958995	-407.447455455679	-399.33353181043486	-387.75217753470986	-378.29579799324506	-356.24425727681063	-345.09351101920475	-334.6889908979637	-331.1506324540523	-329.4480882140131	-328.5810390381221	-367.98811185731284	-455.0173535755799	-315.0603281892455	-1023.485702157832	-6253.765603068706	-10226.819306882515
79000	-407.9899350515361	-399.4462610213302	-391.996626112284	-380.61603823367966	-370.38494329248863	-348.3539427037751	-336.8948199562006	-326.7766302944041	-322.883598611754	-322.5322327493844	-319.2562537590682	-353.78223282311575	-442.8237068194869	-309.12982067979516	-965.4648725715944	-5860.873644698434	-9677.583430631928
79000	-429.9568710704879	-422.50063985684943	-414.5749056838451	-403.01970859104233	-393.20444379675706	-370.208486026461	-359.93211623498144	-350.64621968061357	-348.00194551174405	-346.0310876456759	-345.74039516788173	-388.6789573295527	-499.42495616309543	-333.0054652010828	-1090.073196926185	-6201.886479597299	-10095.552685049532
79000	-459.42676887914774	-450.91358124035906	-443.8799867458187	-431.6599591112366	-422.12537533842016	-400.95414359956595	-389.85781205145037	-379.6186972203837	-376.8021741809774	-375.22578473170813	-373.5213350716689	-413.181915649055	-520.1540261583972	-363.5846621274035	-1107.5630471389402	-5724.967723510512	-9467.68220593835
79000	-397.9462430952267	-389.27009710056427	-382.56548922935445	-369.7523534379101	-359.9613903454415	-337.8811223400727	-325.90556953187536	-315.5056370710453	-310.70165991545025	-312.5265098187842	-304.3249914636394	-328.2803049539214	-411.8732921702339	-300.46124039084833	-874.5256833214265	-5588.980169889376	-9166.058123885994
79000	-423.2018433086222	-415.118039610933	-408.0512824285776	-395.6945904007797	-386.04058839761205	-365.23378341139187	-352.8459854640253	-342.26397182672497	-339.49399105239894	-339.0542021702608	-335.0365389876765	-371.604294693216	-466.7470500461923	-325.24575687127805	-1052.4369520250127	-6086.085040754751	-9931.327034128453
79000	-447.87017322388857	-438.52123243499204	-431.707979221912	-419.20547633438434	-410.0943170850703	-388.11449773585997	-376.660531730368	-366.9841503222192	-362.76767369892303	-362.57959396807274	-358.6311915111388	-394.6827715725869	-494.6347280552241	-348.598628880412	-1095.6246773673283	-5611.494809006499	-9328.498868920986
79000	-425.98084173736476	-417.06374255270083	-410.161192424831	-397.75886198052785	-388.38871154210995	-366.64575197596326	-355.0771056044635	-345.6691058394258	-342.07014050866127	-340.2870847423285	-339.37871637932795	-377.2748703947902	-474.75954367532194	-326.20784533247434	-1028.895555038696	-6327.814416299474	-10124.215107130394
79000	-433.66297028631703	-425.0810150561636	-417.7155959600372	-405.1071356536536	-395.6133884161182	-374.2123641805756	-362.5158507073424	-352.1192953822477	-348.34249686832675	-348.4941365542808	-344.5935515042993	-375.74254597640856	-463.08715445464566	-332.58875303387043	-1062.5970912548596	-5879.567639510549	-9663.401908217786
79000	-428.67936106852306	-419.7612937660567	-413.1235229803695	-400.33522302267215	-391.34102758374064	-368.73019682923683	-358.0394331993967	-348.0127702731031	-344.93433151202044	-343.40199034157604	-341.82285644582333	-380.13336525120064	-470.417305973627	-328.1061644522179	-1052.6130869961992	-5907.547120973383	-9741.418354816062
79000	-453.3668905470808	-444.6165824208562	-437.6342358844318	-425.0829983539667	-415.24819744432205	-394.41487031418103	-382.35286187255554	-371.33714675489597	-366.7332830452708	-368.6531440946553	-360.20238092243324	-386.80181383815903	-473.7715919925626	-355.6981923216976	-1028.2273186144969	-5709.900744936071	-9371.682447918067
79000	-484.7840442085141	-477.4081334952151	-469.9022008842275	-457.2676916093658	-448.2222900717073	-427.11017518439013	-415.1532562335932	-404.9224705288195	-401.8501977869955	-400.5675913590526	-395.32912169427385	-430.1041598674107	-540.7703314668582	-389.9264905060701	-1173.7882613786521	-5792.062840260408	-9352.927891749492
79000	-419.36739605498667	-409.92641175451837	-403.5712136658353	-391.11482723515644	-381.2504047633978	-359.8874533099521	-347.7967136559798	-335.9625719343006	-330.6237248315754	-333.83577689569273	-322.9019353944104	-342.9298209284878	-420.69640368804926	-319.0725236319165	-933.6090172956486	-5463.753869371295	-9102.920485480996
79000	-452.90941012897053	-443.4802788893135	-436.52605182185454	-425.20402401062734	-415.5562992500465	-394.22810173180545	-381.5189683526305	-371.29304706385744	-367.0877118679639	-368.4657437553685	-360.8849491758238	-390.3854810530614	-483.9168871698514	-354.0110901245742	-1044.6750350061534	-5441.403540917374	-9003.06625192032
79000	-461.5133392284049	-453.0263536166272	-446.15976724137596	-434.04902947816777	-424.512940435869	-402.87913317088635	-390.99994527585767	-381.1992069234407	-377.3162772702483	-377.51202538075535	-372.5628317316347	-404.36921864311785	-510.01658521015673	-364.4790960903389	-1111.652938089315	-6003.255131068791	-9604.864135608503
79000	-416.93297562103015	-408.93874013910045	-400.847713730297	-389.8955494913457	-380.1081171814616	-357.6218144145602	-345.960578403015	-335.874588368461	-331.6847220812277	-332.1856308352829	-327.06684913384953	-360.5496690749909	-445.77415018506645	-317.23886877062836	-996.6298418253351	-5929.237746769237	-9731.885082795088
79000	-415.6928862302223	-406.56398879947653	-399.69823426894396	-387.6118155066614	-378.13948208570514	-356.090875727586	-343.94131275852186	-334.25600371476395	-329.98523852793363	-330.5618409524155	-325.7659551152765	-358.0046326358232	-442.77178154251254	-315.73025743051016	-988.5621546739603	-6001.106538823193	-9649.97376305313
79000	-430.26886829914275	-421.60787597482874	-414.12568154279535	-402.700374339419	-392.839873119817	-371.28353853833664	-359.19336025197674	-349.64720758658007	-346.6652117243966	-345.5303050952088	-341.6966641928967	-378.6584888765569	-474.99738138610434	-332.7573661106408	-1032.7648047338887	-5887.623824789473	-9562.770265038787
79000	-474.82671044284933	-465.536307071422	-458.4394133824356	-446.68943361027755	-437.2692718521925	-415.85163983956426	-404.1293615474813	-395.2273113729478	-391.4833346938793	-390.2083822561059	-389.3163125314416	-431.03028813332236	-539.2894814829968	-378.0886389360451	-1152.4477638381625	-6281.003102964161	-9926.040020960289
79000	-435.287532056839	-426.38487814858354	-419.07335494623425	-407.1847220115678	-397.2352691578832	-376.7611814016435	-364.9948299758145	-354.91664502997554	-350.91934189407306	-349.8670136907783	-347.40517757115254	-383.52013609625857	-485.2942841599945	-336.99399179957135	-1037.1318445035238	-5909.957167495875	-9635.458630762261
79000	-402.30663909884004	-394.0504397868533	-386.85822076100686	-374.7036710710081	-364.6456459275549	-343.3374140777299	-331.7337650448495	-321.1938619604841	-317.46180795992296	-317.85458781271797	-311.8352068347317	-341.35702523049116	-423.4179440844923	-303.1062258898438	-931.0311270891619	-5780.93452157169	-9563.603447628517
79000	-442.99402866128764	-434.3028420694788	-427.76961713060217	-415.40379069506525	-406.2914287889552	-383.9922266650815	-372.83017130322713	-363.25714102996994	-360.34669522425986	-359.63571303918167	-355.5178149479566	-393.8404508128249	-493.6203168161205	-346.46442042840545	-1071.657268262888	-5834.875443328683	-9641.52287171935
79000	-403.90278906887227	-395.76185728050336	-388.2946200087277	-376.5366696946095	-366.4712609157698	-344.723345737446	-332.5411768042106	-320.66633310802655	-315.3168431174272	-318.83289234992736	-307.7528359580211	-326.1462985161693	-390.1517597050774	-304.20451121319684	-874.4486525877816	-5386.2096667962205	-8868.697490123308
79000	-395.8927786309009	-387.66628477369346	-380.2247250463071	-368.53209624696376	-357.5184283734123	-336.8082715301908	-323.9354773722542	-313.1067512262913	-308.4613452359938	-310.7103836169249	-301.3899031177943	-323.4832839840935	-392.3362814514625	-297.023501917444	-879.7737226274357	-5443.642751627546	-9153.319422475091
79000	-425.6007299993516	-417.19907327062134	-409.5834866731197	-398.2488417163471	-387.75170731964005	-366.6819800717745	-355.9286834203213	-346.28950559696233	-343.77024213432185	-341.85097523381137	-340.1670528225332	-382.98070690155214	-499.6134171019267	-330.15297943918523	-1056.5669280302418	-6079.654325559478	-9910.896699866471
79000	-441.13313844696603	-432.03745817368616	-425.27153382660475	-412.9841227284768	-403.6336691435481	-381.8738160008254	-370.2054643354641	-360.03568200995784	-356.1258219575253	-356.6464089724447	-351.4817316925612	-384.5473746702973	-479.492893790819	-344.0206306114954	-1035.0010130694407	-5900.569986246022	-9667.262023776626
79000	-441.2119402965062	-431.81349369421224	-424.9422717475732	-413.0401933150695	-402.846091945949	-381.6060943665782	-370.40047657344684	-359.61914065224613	-355.71082746240523	-356.06721825522465	-350.35813492632064	-384.95153900544864	-481.2710453676039	-345.61804570410436	-1051.8920027676204	-5763.197493824014	-9455.947918606656
79000	-428.8068572589459	-420.68930850076515	-413.23328463932415	-401.6128330908558	-392.29738275690937	-370.36716815356453	-358.979691198556	-348.67009442592627	-344.34703196955223	-344.2280247710836	-340.60345492792106	-374.93163881311864	-468.73909124463466	-331.35455938578906	-1026.4061845036235	-6006.755003172109	-9632.48196632008
79000	-416.23388440754564	-408.2102063669001	-400.20404575029755	-388.7391475715448	-378.325274343137	-356.67819177794684	-345.31843366698394	-334.7462886781583	-331.36522172475105	-331.2355667658191	-326.32547032254706	-357.25088214049407	-445.9300701185006	-317.50697225046787	-963.1532092773256	-5960.81222319013	-9831.560710289585
79000	-426.12594108178746	-417.51533944115624	-409.9432057466834	-398.47569885279984	-388.98850247164347	-366.9581076458303	-355.01055701466856	-345.0945951288157	-341.8669144573058	-341.3564988807887	-336.5719172409539	-368.8752472994935	-457.6653867871136	-327.3930946806764	-996.6339748459214	-5884.7375579390155	-9534.68891362965
79000	-478.59541918194867	-471.10213959224893	-463.37829397356387	-451.44739492237863	-441.88486108028513	-420.2185446412307	-409.40548699721893	-400.0686961732659	-397.39798576805174	-394.2548079575367	-394.97870619370985	-442.45870401954824	-570.1886220440622	-383.52067547589246	-1210.5286292415074	-6425.936204578413	-10222.847138287601
79000	-416.57036961417066	-408.06610091696734	-401.20862509182	-389.0133263113506	-379.09215617696657	-357.06619433298454	-345.312733634335	-335.2276672020517	-331.8396665524153	-331.6022424926544	-327.03777239780226	-357.9054220130993	-440.3298196145819	-317.1174327724883	-987.0628605838183	-6024.8355347345105	-9806.692159261504
79000	-426.9290800325843	-418.29922359956566	-411.7797202425791	-398.9392166828211	-389.20380140731936	-368.3380350103425	-356.9559694539386	-347.2516961371997	-343.5499681309549	-342.76155124593845	-341.35267351503734	-379.3322403449723	-481.1824161349597	-331.6476601152328	-1010.0399956467738	-6006.782326836127	-9778.49107544173
79000	-411.69415903180004	-403.223897470786	-395.9503063755654	-383.9871525341025	-374.0352092203697	-352.0858077917052	-340.4123070088208	-330.30181001537454	-326.2777102542886	-326.8736961077026	-322.4017840449525	-356.05193692688533	-441.6644763978623	-311.3313938829055	-969.411634128476	-6083.440578819324	-9875.945781546196
79000	-404.7085955666196	-396.3325000975352	-389.8768606022564	-377.0025046317637	-366.9313358586174	-345.65400799665065	-333.4990777364274	-323.40877718917847	-318.96580982466475	-320.0478070740799	-314.10532758930464	-343.3328649683393	-427.11145746268096	-306.12824207567843	-945.9660649962922	-5798.892450323146	-9440.98823832871
79000	-431.4412230896633	-423.7299072844713	-415.97214510213536	-404.142320630203	-394.81324137570414	-372.76910454186054	-361.1321072862841	-350.81364617499435	-346.81279032910214	-347.18621248221837	-343.41019343773945	-378.8717427740392	-472.12723964494336	-334.4993987455096	-1045.5122711916558	-5889.177734758897	-9770.721622115552
79000	-420.89932688311046	-413.3872813089783	-406.2171299502407	-394.2205204642079	-384.6504141377689	-362.78210452768883	-350.9630191755138	-341.1738816824564	-336.9026618527664	-337.5634632182824	-332.4930129265953	-365.24580756061494	-456.2502676713747	-322.5091246955628	-1011.2707611446715	-5854.27704549412	-9597.421231404516
79000	-403.88560859401144	-395.3257421577991	-388.66209162890146	-376.45429392003666	-366.45912574294306	-345.07649363293217	-333.07976305425626	-322.38832196843333	-317.8981317839566	-319.2755336336881	-312.9381818362973	-341.35796584507915	-421.76654639797573	-304.2815179186366	-948.2601184718603	-5876.735048381617	-9560.179800317943
79000	-460.1867012401204	-450.5949579258261	-445.00182538079224	-433.16483814117817	-422.6655430837322	-402.17857675828304	-389.51602625069603	-380.22834897621783	-377.0288258170743	-376.30992356445523	-372.8889916543316	-411.3031801502968	-520.1842421514406	-362.95708665924286	-1127.7408630454158	-5778.610883036268	-9587.389689881082
79000	-434.2267141318053	-425.5729771762839	-418.81260608505187	-406.58102808889873	-396.7354109447379	-375.13967978003996	-363.6998458196774	-354.07601332866165	-350.38208221643674	-349.00640874956434	-345.19808439990646	-380.5923356881111	-482.0666687204795	-336.30031756360717	-1030.1791180337361	-6087.698975872742	-9828.705827313988
79000	-452.4072266663922	-443.29687851517656	-436.4722965751204	-424.19273796405776	-415.06974946344013	-393.5972520615337	-382.10454900325175	-370.85570385051244	-367.68655028100216	-367.23315342771997	-362.8142507814433	-397.8573467651088	-493.0490986882949	-352.8630417383911	-1063.0197196456493	-5792.304897508994	-9417.691106818793
79000	-447.8964503600738	-438.8434122376369	-431.69689567285087	-419.7041641028105	-409.77365978285707	-388.57111695570745	-377.30599771846227	-366.3662837889274	-362.2392674722232	-363.2495684458857	-356.84902841467806	-388.9398613603458	-480.36662898317616	-348.93476438347494	-1077.6445051224061	-5696.528943446708	-9241.801486297894
79000	-459.85832138697384	-450.91673438733505	-443.7781605827557	-431.9965234169424	-422.32233420334677	-400.9401126382037	-389.592349448395	-380.55837233100436	-376.8984671509941	-375.32286248021256	-374.6771447789067	-416.6990393754117	-527.3241961255047	-361.4581887671672	-1132.4186314446113	-6212.553223829213	-9949.307478443356
79000	-434.1448926937576	-425.76443207035715	-418.58743487043586	-406.7763053863232	-396.878780819272	-375.2087425527951	-363.5762465459148	-354.35881157980214	-351.9348420316721	-350.1201014722092	-348.95093463525365	-390.78769708662173	-489.3120585630162	-334.4883805158492	-1109.841089839682	-6166.040517419231	-10103.738249984744
79000	-411.0367864815918	-402.71715178699884	-395.46412178453414	-383.2217726552242	-373.7828563579708	-351.4491968168867	-339.6686653023434	-329.1743512083249	-324.7922464917709	-325.83936082506335	-319.18562641165516	-347.45223972792553	-425.9577005064807	-310.78889629896673	-922.1369185611534	-5962.181065906639	-9663.679718492633
79000	-426.05508348549387	-417.7044670826674	-410.0136752501091	-398.4126963821383	-387.8460936734637	-366.77668085395135	-355.81127728955613	-344.56226958577867	-340.43794733950574	-341.3943234500611	-335.4244148218849	-367.85230297294066	-462.5423868112148	-326.3400205328208	-1010.2614052994122	-5761.33816754637	-9447.170609504175
79000	-415.5402938799512	-407.56212376548865	-400.87548774251167	-388.0091658069874	-378.0803209269257	-357.32426505313856	-345.4918450993933	-336.0748573689185	-333.60493305461944	-331.3376174998471	-330.0144314848423	-368.2523747270767	-466.1937228776704	-318.4660168065342	-1015.4791345608523	-6042.349410288886	-9985.614784773012
79000	-474.67457164276084	-466.7860552733044	-459.14162522799853	-447.4794385238216	-437.97203896496205	-416.39013180387207	-405.4050373416007	-395.14486759297154	-393.5298978446168	-390.37974988568595	-390.6037602693013	-434.75434333417957	-549.8789140589768	-378.94589978167744	-1172.6539012815551	-6024.28403757384	-9676.991023592444
79000	-433.32770914161046	-423.77346349983424	-416.54625360557765	-405.3198971770297	-394.9857202781436	-373.450255602226	-362.01075970145183	-353.1891706585704	-349.3520313934199	-348.1060321492499	-344.82503219004207	-384.9243911594667	-489.89561078768156	-335.1543817636229	-1043.9647517810245	-6059.552606733795	-9849.953012783704
79000	-455.61287819527246	-447.0584848220407	-439.43507357844106	-427.68957447275864	-417.9995727527972	-396.3677775545702	-384.63237895812495	-375.1403150279969	-372.4295654346438	-370.8315757177111	-368.1833015488914	-406.87485956363616	-516.5943229079736	-360.15640974750596	-1080.9586532889718	-5995.038443523924	-9682.252074448128
79000	-449.82040520797744	-440.51477641471536	-433.8721154886902	-422.4718253246019	-412.3994736317326	-389.8942788254331	-379.07719453352973	-370.5906011592309	-366.519753587081	-365.1895252322839	-363.96685081067864	-406.37540159178866	-517.1815322874149	-352.1467137054065	-1107.9763015809053	-6044.576278565497	-9964.623846453425
79000	-442.9107588041009	-434.0286056252504	-427.6257297572491	-414.7869818918524	-405.25980797698435	-383.6928138280604	-372.74504675103066	-364.6070501525044	-361.86582318066854	-358.13881409729726	-361.19026119453713	-409.0332265284107	-520.7144719531321	-343.70303847446286	-1123.867639107532	-6421.356565949738	-10374.852618230407
79000	-429.20531289982483	-420.11901795335757	-413.1416941576686	-401.59008585836307	-390.94478180918713	-369.34149100669356	-358.76232785174443	-348.0999913769088	-345.08021752392415	-343.98328940777196	-341.52565662640797	-376.41108941349233	-470.03594769146855	-330.03804986142677	-1025.5288095296485	-6052.758038583642	-9692.859970441954
79000	-446.7954979969265	-438.592833940903	-431.2800393362119	-419.65409535156675	-410.01123062314826	-387.8301369874619	-376.1035462695047	-367.75274094256037	-363.36113856924374	-362.04908057003934	-360.0507486163091	-397.39124299255553	-500.0509884063792	-346.8183983179242	-1100.942779863983	-6119.8499492963565	-9842.351051259811
79000	-473.75117508424955	-465.5939496397969	-458.1826402756431	-446.7223787291621	-436.31191334011595	-415.25367963217053	-403.6433101674398	-393.63298512963394	-391.406988557045	-389.2057378418861	-388.8489626648157	-430.05463941378287	-530.1693398181153	-372.6712123974311	-1189.3014488780232	-6382.70007088689	-10148.30072778091
79000	-447.60566331724635	-438.9926195417814	-431.7056990001692	-419.34641475347564	-410.2188837541306	-388.93250810970585	-376.9239034231466	-368.0460469855416	-365.75461940421263	-363.2186286533293	-365.3949789726897	-413.951945593442	-531.0611851249932	-351.3174211859448	-1122.253716226091	-6177.07402246212	-10223.2368335729
79000	-412.0427712006638	-403.3240789383377	-396.0868911062534	-384.109753370788	-374.1567516294606	-352.3276921412736	-340.79066477053675	-330.96807951998255	-327.5675814681093	-326.42866935324173	-324.4192215836276	-360.98728790532147	-454.7219085409829	-313.3965662431264	-987.9689869496877	-6276.475925896338	-10109.179816002546
79000	-428.9241416346875	-420.6435413337338	-413.4861534142771	-401.6248198160804	-392.0848647466403	-370.17493759576496	-358.5449885698064	-348.4055060397113	-343.7665003885432	-343.8335659076797	-340.42433703710907	-376.17367654611854	-471.82685995181265	-331.47954129253543	-1013.2701830834206	-5964.46950025758	-9863.168388403727
79000	-399.07912246409444	-390.83543662443486	-383.12531926197045	-371.34070706384375	-361.25330669203396	-339.6136151172625	-327.65072438435277	-317.11345217559614	-312.6611263526205	-313.4623073070838	-307.0973385271421	-333.58599926313985	-409.1570438580349	-299.3438850939075	-891.5586644831641	-5880.793558126298	-9604.070977903364
79000	-431.72009077596937	-422.95281232135846	-415.79687114347274	-403.7040829150642	-393.0934714101509	-372.56561854271143	-360.6217757091038	-349.7928182129107	-345.5404241383953	-346.4290144938372	-339.7577378103494	-368.67448158522984	-457.0330673225618	-333.18494162986104	-1007.2417157043847	-5863.443628537204	-9461.26080513022
79000	-422.25317394095885	-412.9159678352752	-406.0165737995249	-394.75678520550275	-384.7296835464124	-362.7264416925642	-351.7579086866643	-341.5400478607024	-337.9670708393913	-337.64901636111796	-334.3802070467592	-371.0604498311031	-462.5808834002689	-321.95702210992005	-1054.6765120250284	-6078.939705491436	-9881.39906377212
79000	-483.53546378317594	-474.9602157332313	-468.25877183371534	-455.9741474060984	-446.59848922446287	-424.9452617114774	-413.7848054957484	-404.0906615321537	-401.41245459031154	-398.43217981621575	-398.8198141492761	-442.09720278472236	-547.0337594865126	-384.3863860632379	-1244.8444841098553	-6289.972653252014	-9993.293870767273
79000	-450.28560654179563	-441.5463621986803	-434.66693334009966	-421.67559609811485	-412.892717376517	-391.090704252851	-378.82988532099216	-368.05174059436405	-362.37611272958173	-365.21185004923365	-354.30834092443666	-372.1802829763503	-448.33121376163353	-351.05657717879006	-982.5479479836442	-5583.397811614602	-9066.160756991963
79000	-432.42382039399007	-424.06318954604166	-417.3865310387611	-404.4094645755523	-394.59060578706703	-373.44337269393606	-361.45001216096136	-350.4129456545057	-345.7609386609831	-347.1696409619827	-340.2179947698669	-366.94427633521417	-446.6735578496533	-334.40828257030216	-998.3542549736374	-5840.442705139045	-9395.395952560748
79000	-453.3628569859379	-445.5525155804607	-438.90119655493896	-425.75041260163187	-416.9565577217665	-395.453293354031	-383.63346821304884	-374.08885296901974	-369.82264862702544	-369.0381769455788	-365.8574349106286	-400.833093834954	-507.60581795319547	-356.9745629325912	-1057.6246647461394	-5835.185079370896	-9611.688858536838
79000	-385.2715735096694	-376.8994263198629	-369.86218826399244	-357.8997327093947	-347.6163603553387	-325.9376863732609	-313.26921564420365	-302.9558200157448	-298.996619697095	-299.8477893142865	-293.47038475824445	-320.22655229020273	-396.1412791099184	-285.1855144989232	-888.5858715460565	-5861.1604965252345	-9662.373960764939
79000	-419.9883276752614	-410.9887147879999	-403.66222798077223	-391.91534666344114	-381.98995739891495	-360.66202719806876	-349.21666426626535	-338.98639855881237	-334.92870700319037	-334.6966587494545	-330.4807945909304	-365.6267430741126	-456.775035175261	-321.23580770805125	-966.7849456750765	-5936.465962208178	-9703.428778336796
79000	-435.02270464562986	-426.6674395965888	-419.26121061178986	-407.4102957583848	-397.73310884599465	-375.4955817938047	-364.3934284948221	-353.69632506446953	-349.765718837929	-349.27575872820836	-344.59479464151667	-376.8271858685737	-460.94485851877954	-334.34615446471446	-1025.712595245227	-5917.821786271793	-9700.453185833108
79000	-437.0888701318401	-428.02283032976493	-421.2740002045413	-409.6301654078238	-399.7517030691152	-377.50598396208454	-366.4407346522192	-357.27395264200385	-353.8725492461186	-352.0086844548961	-350.9947318418077	-393.94747206175344	-494.2364679092384	-339.30190582406	-1076.0089058427445	-6187.210466131645	-10055.398864973164
79000	-405.95777271986873	-397.84537011787586	-390.5139618542153	-378.4635242212754	-368.4339528572728	-347.4680302260725	-334.7484957807568	-323.3232972118027	-318.5999050165671	-320.98773274463235	-311.96516315825215	-334.8515839348933	-406.57767355800775	-306.4226389537025	-911.8678453672334	-5636.710763921633	-9290.806888456005
79000	-437.368704333353	-428.94666738196975	-421.1789214923746	-408.78404053112706	-400.2278603502526	-378.7652493914697	-367.1077502777208	-357.01310707332635	-354.2212399406841	-352.8056668597352	-350.2356830004803	-389.7906400959992	-489.96856190957544	-337.6678711998019	-1089.3964049226524	-6093.946348651789	-9903.45422026533
79000	-450.58983603153064	-441.55841878825595	-434.4200404527223	-422.52043657200284	-413.035777319057	-391.40214393408644	-379.5485971145717	-370.12914452078746	-367.16181468211647	-365.2036285230195	-363.92354093094946	-403.81049474283304	-507.7947193586223	-350.16793382393877	-1126.3257659578308	-6151.748907436467	-9983.925938723096
79000	-427.93264715480416	-418.9836376948986	-411.821646500791	-399.84922806661586	-390.0981666893223	-368.548686327313	-356.7912552579208	-346.8796425139056	-342.98667835728884	-342.82355276059576	-339.1836913149541	-373.4034762598085	-465.5614692779384	-327.7187727824681	-1048.7163570065193	-5979.034263522034	-9692.680155956541
79000	-428.24065875271214	-419.5598725736225	-412.95528340362085	-400.11012132366784	-390.63224989761386	-368.9530541415242	-356.8884083095371	-347.246423521455	-342.47560816416507	-343.4472937816215	-337.81223067916284	-368.67145695044394	-461.5944526336006	-331.2605063554188	-1001.1000376571288	-5862.400912728507	-9500.217716666024
79000	-402.79750825115957	-394.44102376829915	-387.58014763899865	-375.1784798570575	-365.7163931051454	-344.5975627166442	-332.54557591143333	-322.04137145008303	-318.8264735953174	-318.28248474922793	-313.23447103628763	-344.3147405794118	-427.77303069044416	-304.2106222196423	-959.6009329394645	-5852.625296519823	-9609.66958020844
79000	-431.7306110274386	-423.5302623260498	-416.4272788124094	-403.5180002801202	-394.1530667601726	-372.57475023922535	-360.7437921409044	-349.69751506645736	-345.460202738774	-347.05301511913893	-340.03440868228466	-366.65242705593755	-446.246609290981	-332.82454293222247	-1015.9222183408577	-5643.519546010613	-9245.451200559024
79000	-471.2933474639124	-462.24290162705154	-454.90006314100236	-443.37020149982015	-433.8907921230687	-412.07042427326434	-400.4897291541034	-391.6338738419718	-388.5729170684162	-386.53020277561654	-386.14264146730653	-429.9151045938352	-544.0166049267605	-372.42267987375095	-1179.1446271877662	-6335.5456675516325	-9980.43587585883
79000	-467.5842187985336	-458.38081927788176	-450.7682307372501	-440.4718413739271	-430.28630769186924	-409.295850627752	-397.5191940236304	-387.7266758321429	-384.31908593110836	-384.0275186150531	-379.93685354059147	-420.18235253272024	-522.6604737900824	-368.87750447589156	-1159.1529654389703	-5934.949325869967	-9717.399877503454
79000	-434.0354954827418	-425.55666217069904	-418.4274162393835	-406.64193936556387	-396.93344259662547	-375.2776443735681	-363.3130046428648	-352.9836236882781	-349.1864417313185	-348.37784744014635	-344.83128164799507	-375.4463810411699	-471.1570846635137	-336.78628097723384	-1028.391120700907	-6062.594123890038	-9736.40624948113
79000	-400.9264178535194	-392.46049123253863	-385.62495355462255	-373.2305965129682	-363.1879877633364	-341.6284663621708	-330.08914225929897	-318.8180987034269	-314.15003987700356	-315.540406728368	-308.5116292060185	-332.65257186296486	-405.77226892968105	-302.2015123957168	-893.02613075865	-5549.900220817998	-9250.557220676974
79000	-418.9351627093015	-410.626122317966	-403.16725431323965	-390.75862499687616	-381.5299078350451	-359.6437540343011	-347.4996887655282	-337.3356603088732	-332.2458793808077	-333.25632030540953	-327.0205306820536	-354.04577819468363	-438.6801065061372	-319.1526241508985	-956.4416839055895	-5761.189410330972	-9534.653705937253
79000	-465.9142758023309	-457.11919862307815	-449.75736347584944	-438.8719270847931	-428.9287512092743	-407.3760491177593	-396.8968743133342	-386.9196463836034	-383.57028339510276	-381.5717866985699	-379.97253390226075	-422.1430449800716	-531.4969830883543	-368.9873421099467	-1150.0519853236729	-6038.760812818976	-9831.83902128086
79000	-457.7323218632308	-449.21059834939416	-442.30397702249394	-430.55480361496154	-420.78562719771094	-399.4048397680117	-388.46344954651903	-378.7076724009303	-376.10977507492004	-374.8451892706151	-373.01427976722715	-417.93580605234513	-529.3391494383615	-363.3081707260398	-1141.5050189230292	-6222.465118788981	-9953.552747773325
79000	-417.006805986027	-408.36785200792093	-400.69305982603265	-388.64894370411525	-379.04826158607	-357.66014495775465	-345.2081034358229	-335.4693648041335	-330.4529323410858	-331.63142260788925	-324.2085787929524	-351.58995352154125	-432.6096179868351	-316.4279620010837	-980.8704198595581	-5713.068803858509	-9435.567272704797
79000	-432.2871467446495	-424.52458756049276	-417.33795914581714	-405.18400115906206	-395.5222403578146	-373.7864096107519	-361.6418604411945	-350.8434988379769	-345.20369216409046	-348.0550841891575	-339.49259444037233	-365.40152717585266	-455.971525673562	-334.85739279738306	-977.838933811896	-5602.9259825625995	-9091.677448938426
79000	-444.10629416764374	-435.6651325836424	-428.70915757412416	-416.68353842328975	-406.9295746169684	-386.0881741449495	-374.0902174580799	-364.8013620569688	-362.2438542705183	-359.1558575998153	-359.7720572521722	-403.6500298233369	-519.80942776638	-346.9563779364502	-1112.182068759941	-6104.331982459625	-10005.100111202275
79000	-438.2496153924366	-430.1413360760426	-422.8080734517102	-410.5702394090255	-401.5565911611475	-380.16993801602905	-367.84401829487115	-357.911372795894	-354.9800463954596	-353.983756075439	-352.74309017755695	-392.91385461112856	-497.39473743242155	-341.1276411428182	-1066.9700930804952	-6085.429592066888	-9978.149829322172
79000	-451.0332257988594	-442.49198666358404	-435.21768843269814	-423.5118409803839	-413.09981681454167	-392.1537076540347	-381.0488569875367	-369.4752728043749	-365.06935003793967	-366.08069043041274	-360.57169897961245	-391.0074119394048	-481.1171835789506	-355.2081314973043	-1076.430457469322	-5807.994074981831	-9460.108757459584
79000	-433.0630545491756	-425.2918783722523	-418.85883359184874	-405.99691266482364	-396.3906838982744	-374.9201190137146	-363.27573555888466	-353.5260541338874	-350.9260172493336	-349.27827383755726	-348.44216257221086	-390.8468413391761	-489.25418640521013	-334.49801523081993	-1101.5635436166501	-6173.369412110149	-10072.624594353169
79000	-437.08189531020895	-428.4078557892218	-420.93233689807226	-408.9185167599361	-399.0285734683522	-377.5609220458306	-365.61307679862045	-354.8795784399691	-350.4058875575262	-351.4810209458496	-344.8626438171382	-370.6295574834047	-459.42352960744813	-336.2025380907583	-1027.8289430484683	-5836.756810807987	-9439.737158506894
79000	-423.86727806414405	-415.9537791235966	-407.8319158458799	-396.399476033185	-386.439261536881	-364.52561602289717	-353.18134226946944	-342.7086363427197	-339.1327338722756	-339.7185153787025	-333.75454872462876	-366.60353888409134	-452.1739432266362	-325.3712817298111	-981.8214113759813	-5831.601674726756	-9598.333128504779
79000	-403.9606523003753	-395.514579574766	-388.2078186388091	-375.83931482080936	-365.1694272090356	-344.1112829141981	-331.8288010548062	-319.83460834830413	-315.9058812185253	-318.3361563191896	-308.81982935335463	-328.03901820131074	-400.63034267881955	-304.4767350857642	-877.3986287470904	-5584.176249332772	-9153.766485171984
79000	-403.19172947874017	-394.90835347364504	-388.0074483372401	-375.6711611089505	-365.3143864125522	-344.00480847232774	-332.03995485676234	-322.13434664235	-318.1253996126912	-317.5706716781139	-315.0312713820556	-350.26639156669626	-435.67838409158014	-302.8503418338319	-957.488843226566	-5965.830294263635	-10015.131798102444
79000	-439.3716175126039	-430.7258704720893	-423.5618815449755	-411.60407187469093	-402.25936041157973	-380.05337901645964	-368.57962146590995	-357.3312940529623	-353.537380721309	-354.488294111466	-348.5299146923696	-376.5573596038204	-463.89055519475215	-339.89317302822457	-1014.13710199046	-5799.161450313107	-9390.389080117564
79000	-449.5962608639332	-440.92969220499157	-434.0373774453504	-422.1743865945306	-413.3133430239943	-390.32698054533824	-379.36029438827217	-369.63692777382437	-366.3747347151621	-366.04640357057167	-363.225892674526	-404.0030446264446	-507.19175294204905	-351.76300866033745	-1105.292861569659	-6038.131318110607	-9878.158898924343
79000	-435.358455682377	-426.6823391166553	-418.85005402735084	-406.65933626163326	-397.6901988045664	-375.67360185701784	-364.4345738934878	-355.16385861201076	-352.5987446645852	-349.81157121035386	-350.9592232340326	-395.3825533242334	-495.4340084419685	-334.0422624181863	-1113.2295592482383	-6467.458089189319	-10535.633292622351
79000	-457.53475677920676	-448.8045560576852	-441.8851653404459	-429.0770109751289	-420.38952882890715	-397.7932446236223	-387.5590596194976	-377.86834377580897	-375.42684109116084	-373.03790796953007	-373.2765390757641	-420.21710986635475	-536.47680141412	-357.46111522714756	-1155.4169958611392	-6385.413818542931	-10213.930120341307
79000	-418.8037736019137	-410.7238985727541	-403.5587691311618	-390.80726024025137	-381.711763629928	-360.5134159830046	-348.2594815417332	-337.78417867658726	-332.84980444418045	-333.86029839074627	-328.1622171704946	-358.3179190946023	-458.0845298498701	-321.37505010145435	-978.056532942852	-5704.411778311366	-9371.959138596925
79000	-432.1243259726777	-424.58401131589284	-417.0383609618522	-405.1726982006878	-394.50694503109486	-373.4467413719046	-361.6189742422926	-350.2744556636348	-345.7919368864166	-348.1044100852195	-338.8499283288133	-362.8108013767537	-441.92054570645826	-332.74215559515915	-966.9002352109457	-5550.3325492928425	-9110.161230086283
79000	-388.35281226834434	-379.1579935299152	-372.41406844710906	-360.3206788316992	-350.69799800034565	-328.54641990529416	-315.85611959967383	-305.3971423407333	-301.2009171275969	-302.65539515978486	-295.18054620449993	-320.3352661893784	-393.5996624812028	-287.6376310819126	-875.5514214068224	-5757.276393779449	-9527.211870221467
79000	-459.086554112504	-450.5927222325988	-443.21324015143085	-431.51708327609094	-422.2771363088764	-400.84644466772716	-389.51256814446816	-380.486527769041	-376.83019729108855	-374.58153874379394	-375.32570251960027	-418.98444093815345	-527.1047441663834	-361.95236955931375	-1164.5889407473278	-6144.319398833291	-9957.3602191906
79000	-439.53695300300365	-431.7235613926901	-424.61217389641496	-412.88008423196663	-402.85910633990045	-381.37973347887447	-369.75975053851795	-359.3390472084961	-355.64199706429633	-355.5794472909473	-350.06360345566867	-382.68678043296734	-472.20151255156856	-341.31825987915727	-1052.3523739337516	-5892.762340603905	-9545.445228376559
79000	-453.7028551048888	-444.9720983067863	-437.77048501083544	-425.52163223988794	-416.0603140829215	-394.6498789153077	-382.99880431407837	-372.4914608583669	-368.655117970155	-368.48430997834095	-364.105271938694	-396.6779939915702	-482.7526796378377	-352.3236847109533	-1093.115064531851	-6090.680977073632	-9757.135839602195
79000	-454.3591084199838	-446.4949119890716	-439.5784591777778	-427.4645454117516	-417.4253372269235	-395.7419012628644	-385.30435488945227	-374.634762357451	-371.4079194559686	-370.66631592229123	-366.899046132867	-402.40039833712115	-495.5623702897875	-356.26165102473067	-1081.8833898633488	-5982.017709331833	-9578.938419349686
79000	-462.6374322332003	-454.1496374015699	-447.1273012968482	-435.1907416067146	-425.76275361640165	-404.7803995195439	-393.14731935691793	-383.63130906254776	-379.8291675125682	-379.3546915946549	-375.3799091484408	-414.65492374413117	-524.4208054836038	-365.2134150574136	-1119.8936112682982	-5883.3742381792135	-9479.050425884985
79000	-428.7619535783384	-420.3949013308859	-412.7919135679471	-401.11975349650083	-390.8813606381343	-369.6340050482194	-357.7496531553898	-347.9843145415393	-343.43151435317856	-343.66696934765866	-339.4325526438785	-371.5175192266889	-457.66672910495566	-328.0143790111243	-1050.657806763851	-5947.286366644402	-9834.564519806323
79000	-422.89338303231096	-414.4215023564212	-407.5461514827679	-395.3323295227475	-385.63131544486845	-364.1743885535287	-351.9950473136156	-341.7204148849128	-337.6812688968327	-337.8686761577293	-333.1927785422658	-365.0315391821604	-449.603444247926	-322.549583502452	-1024.7049913076114	-6011.859645543597	-9756.488403995483
79000	-418.19156647975547	-409.443193504904	-402.9391886921192	-390.3024711188814	-380.7127352676241	-359.5787382253271	-347.7351913816555	-337.43869755357787	-333.01672483081984	-333.1181042422614	-329.264235567425	-363.5934202929667	-451.6815639460292	-321.4259332871868	-970.703600692411	-5983.881389218444	-9738.090394755838
79000	-392.1586169052838	-383.97922056623344	-376.401552330116	-363.6418442145431	-354.10612734783757	-332.0114973642259	-320.54733989608394	-309.03020480037105	-304.11841010096833	-306.26660230679346	-297.8728006356106	-319.710777846828	-388.79833041227795	-292.23400890696	-847.1565184186253	-5563.0134347500925	-9223.437444458334
79000	-440.40188600390707	-431.4487965156602	-423.92281333739476	-412.5918837636715	-402.4999616394695	-381.42891817071995	-369.1201057241426	-359.42267447261133	-355.6859021971594	-355.7076598558618	-351.4057658062408	-388.2056264454998	-481.6563781881355	-340.8870620924901	-1054.808879877468	-6028.189032752892	-9881.280090157916
79000	-418.86397554320644	-411.1644792997927	-404.11111228574765	-392.1377798396534	-382.0530177923308	-360.684140860517	-348.87594609078957	-339.091689091638	-336.62775813758617	-334.5893844593674	-331.933051611641	-371.38054373817084	-463.8734613688036	-321.9657081389549	-1017.0122570999247	-6093.217574668995	-9827.641654454186
79000	-407.18979883139946	-399.52571914143977	-391.71279167537676	-380.1909685865155	-369.62560573461064	-347.87254592371977	-336.5371713062836	-326.59970424660185	-322.5305107998854	-322.02268042563986	-317.7178018152914	-350.4728920636029	-442.6928957030174	-307.6766193199197	-980.5060234557126	-5943.089187056976	-9786.535074225822
79000	-430.484407280311	-422.05801445709153	-414.98737702055683	-402.48000543294836	-393.1801945986377	-371.36283357029293	-359.3276175096837	-349.3384156816989	-345.72898538808835	-345.94618663242125	-340.7002696092256	-371.8382710201128	-464.0699122851539	-332.9853259208334	-1009.9749980085177	-5999.199205415194	-9729.07732905373
79000	-408.08251402749016	-398.40516456365253	-391.6088891843444	-379.8175261173932	-369.3968350692319	-347.90951170247575	-336.05097753542685	-324.5222615270888	-319.48391351203935	-321.8874875082265	-312.3214256132316	-334.0089614434716	-405.16837203767443	-306.77882563949305	-918.1198989689154	-5607.934100722786	-9191.560899493168
79000	-452.62036613661036	-444.0365560171615	-436.896356930095	-425.0885879399568	-415.5941718378379	-393.30539948938207	-382.59548286000955	-372.9657813385607	-370.1887784735625	-367.8234344436414	-366.34422834291297	-410.4126166959822	-518.380568699343	-354.5090709890756	-1133.329781769024	-6168.639478942396	-10018.479350262023
79000	-429.27258259265324	-421.4241446207862	-413.7771741146343	-401.8494998269015	-392.12198670838774	-370.4882207406773	-358.8900523793696	-348.15357322918794	-344.40394750903727	-344.74456194870083	-339.85416885130417	-372.4850026110777	-453.84715078886217	-328.73158214146724	-1031.7061996226116	-5987.450281166929	-9676.424689030986
79000	-476.9491720781123	-468.5472318072946	-461.40463984333593	-449.05133500078534	-439.7054739487543	-417.7511214605619	-407.1264067930797	-398.31146666290874	-394.32502939977337	-392.1690624543707	-391.9481364810806	-436.50259875776504	-552.9129074453194	-380.8085608722707	-1190.7737192371105	-6034.893349992705	-9792.33509447146
79000	-433.16683310334565	-424.2063782653251	-417.24896085433505	-405.31032556620744	-395.2849791007752	-374.08359103859254	-362.1163308166723	-351.1106445081513	-347.91241041374167	-348.2950245870659	-342.62202574328546	-374.8368374274784	-465.8880784363602	-334.0075013972739	-1033.2361360332884	-5886.117272853358	-9470.266201916364
79000	-427.8899232071572	-420.0168715448951	-412.1855793095103	-399.83359160755754	-390.29473401139336	-369.60282836372653	-357.3002567440198	-346.31122818171247	-342.9222516910404	-344.1931875663259	-337.16434525629234	-365.9191566760999	-461.33184517733656	-337.73286778787855	-985.8229118653906	-5484.527634431523	-9163.107034079196
79000	-434.07479021988	-425.3385184443757	-419.4433090846871	-407.1484500251247	-397.17936481455024	-376.275568424908	-364.41677363751995	-355.1484063993331	-351.3034900831141	-349.9388370084759	-348.76683288574594	-391.77117272274774	-494.6221195894678	-336.7929865092066	-1070.4091001736042	-6273.245950551181	-10116.428295920845
79000	-431.55796873089685	-422.41003423300197	-415.6746990514143	-404.09211788944003	-393.2799879662878	-371.9728312051112	-360.25774762336283	-350.06710933571077	-346.05721660867255	-346.3819613841771	-340.9586001925863	-371.38610957550196	-451.1677086772661	-331.40567716050214	-987.7026655713812	-6097.43471242151	-9700.612165326376
79000	-415.20721207818957	-406.2977588031112	-398.8654034918607	-387.04655230904757	-378.122283407739	-355.6634274530567	-343.4772640203007	-334.2542330005903	-329.9904365626299	-330.12934830721	-326.5563437390289	-362.24412600489	-454.98789102455004	-315.67113234421794	-984.5135777337312	-6022.556913230828	-9912.580028229142
79000	-437.01584226636396	-428.53300707258796	-420.74293658611344	-409.5537366937789	-399.54160884104067	-377.31923955066264	-366.00035898898415	-355.49817891161723	-352.0613845024611	-352.33347373360147	-346.2889341117236	-379.4558341067475	-477.7838346712783	-344.4619565326657	-1015.1980383023972	-5705.0566358730875	-9386.497396774304
79000	-425.8876316407957	-417.6844094015083	-410.27130555501145	-397.9885847379935	-388.3695928753658	-366.3838505060022	-355.2101162551919	-345.6019798706126	-343.04287203134174	-340.80060523169305	-340.1089290917211	-380.4212610267655	-473.8709490978908	-324.8329390777619	-1074.313934190687	-6183.208321630918	-10186.100656684448
79000	-449.5426788691983	-440.9873110003757	-433.9768520120678	-422.8522081734196	-413.38449587401425	-390.9625397343347	-379.2478060001929	-369.32880027301974	-365.89268400153014	-365.3818532264744	-361.2378389071908	-398.3406417677724	-492.53525307402003	-349.9003543398044	-1093.4572805263433	-6145.642516984118	-9901.223818608954
79000	-439.5616623665014	-431.03998211508065	-423.65615819899193	-411.90096130750976	-402.6265365680191	-381.02100982026553	-369.06820729522275	-358.27838322048734	-353.90510430458625	-355.24162401534454	-348.41907986707105	-378.66384152086505	-476.9188013238617	-343.75304652139755	-1018.1998542990881	-5845.079108703823	-9455.40810309972
79000	-402.5307760703461	-394.4695947081414	-387.44193075172967	-375.0415122575224	-366.00707979613037	-344.31270110116327	-331.83682063632546	-321.4155592652061	-317.09249909915786	-317.360518478955	-312.05309950283566	-339.73481887539293	-426.9171654345534	-304.8315900514763	-903.3186296025954	-5928.447586258693	-9590.337829359043
79000	-457.9477020232844	-449.98858039999743	-442.71730386123414	-431.11108791015147	-421.87165143169864	-399.7370797343182	-389.6686998822293	-380.12904363078457	-376.8872206325912	-373.95735312546316	-376.2320238878341	-424.88886595159926	-543.9027218913668	-368.8803902957882	-1149.6733299963084	-6407.0729499396275	-10353.940910105814
79000	-428.9207240914951	-420.2047041215695	-413.5254337797941	-400.63802762529326	-391.62651126980705	-370.0042754626742	-357.8941304894409	-347.5386421385868	-343.31264803941576	-343.60001439077826	-338.36653356921823	-371.5924265210629	-471.16488798977315	-331.7371794923617	-1007.0271221841878	-5885.328100791561	-9585.373356769922
79000	-443.494126824668	-434.820469527978	-428.0138481030995	-415.2681273569117	-406.4022132820526	-384.95347824440074	-373.32111936767336	-363.42690518838384	-358.70413755642846	-358.73643186351563	-355.136954635937	-391.1073900079929	-482.61375222409725	-342.3518687915483	-1119.7929997611145	-6041.491323806483	-9774.56138572183
79000	-455.9403442942571	-447.8924169394977	-441.01581378869736	-428.5604628139513	-418.9966322983395	-397.5322745934995	-386.4568029819992	-376.0044028862484	-372.0659931179691	-371.4114858873772	-368.8067244484551	-406.00853615696036	-503.6973781122891	-359.5087604292481	-1121.4298295300277	-6104.442649408155	-9669.513470513433
79000	-416.88626301044314	-408.1666969723654	-401.2392117006862	-388.88340971369496	-379.4966596300568	-357.6772777932471	-347.0741951279942	-337.572866701801	-334.21338130409066	-332.63844906290086	-330.6018945503202	-369.0701667300872	-477.49175556540865	-325.6294924633864	-988.5704075645873	-5962.802891925967	-9763.182511361496
79000	-439.6220002866545	-431.69848302777467	-424.5863294251231	-412.2362150786523	-403.13079160006816	-380.803107209004	-369.4378542327021	-360.2802112998942	-357.5267064799266	-354.9295966805568	-356.41807221693716	-399.4532063122518	-501.3261531536804	-340.0664546494722	-1102.40820780111	-6562.326649708457	-10469.571751644686
79000	-463.93052420362375	-455.87944668684116	-448.2289579979176	-437.17074238417047	-426.1885883812616	-405.3221522087031	-394.2457441903347	-385.1145524231198	-382.68187180898815	-379.97785936627093	-379.19832258076866	-423.8405841912662	-527.2121055952779	-366.8088000648075	-1126.5887366019567	-6180.234783522179	-10056.127991759124
79000	-440.4817843057543	-432.2609857390925	-425.67774462598385	-413.5314806117557	-404.0891034767645	-382.6227226077053	-371.105036827448	-361.2025780488435	-358.7890982437126	-356.4275185037012	-355.6503597302302	-398.7512702405405	-505.0517568949566	-342.48775740055606	-1080.3959754666819	-6221.489372063467	-10190.833788691956
79000	-423.60427212585813	-415.2514587756604	-407.83346475971626	-396.0325764109425	-385.98499698882677	-364.3196215751382	-352.38903368961246	-341.904801664214	-336.7442064443075	-338.42299007207754	-330.4882558222574	-356.9640204269559	-436.6589779811265	-323.70250578210863	-988.366976323288	-5642.094780778791	-9289.204650046915
79000	-456.43900089127	-448.32953753743897	-440.7787967387381	-429.2173653265444	-420.13065120499044	-397.6326671296672	-386.8842655193619	-376.7119634614103	-373.292534280041	-372.3406670656791	-370.86756189924324	-411.77133586286635	-511.7288330811678	-359.1151842342759	-1135.415405066761	-6096.05225379031	-9843.481057236257
79000	-444.89798568297016	-437.5897236973814	-430.1541918766797	-417.5920538440997	-407.35896520318676	-386.03176395983434	-374.72353613581555	-364.9482250780912	-360.9709676887379	-360.650502350561	-357.8208392236192	-392.8755377952031	-481.3206824285263	-345.4168505099666	-1078.4989002113416	-6014.115247449026	-9631.021751701166
79000	-405.64649231776593	-396.6975270209742	-389.71563022581273	-377.72441815247	-367.46686482142445	-346.0266375411018	-334.40826230924984	-323.78202644237047	-320.9601791705481	-319.82350494362163	-316.60640494624084	-351.09818866156223	-437.6023768122498	-305.13518075646226	-978.0871031048134	-6019.384425294562	-9847.389696571609
79000	-471.18340170554177	-462.8807358551846	-456.2526274344836	-444.0729251936036	-433.8951170062091	-412.70646535885174	-400.9374691845217	-392.61231003584237	-388.47200636066026	-388.1848743635848	-385.9300193065164	-429.8670935735859	-530.1980938604112	-374.5167217082337	-1171.429811429418	-6167.227246860302	-9875.063028120278
79000	-419.93293365191647	-412.36170113073024	-405.1660687262766	-392.86595505457296	-382.82676524510174	-361.36727410554073	-349.0999764977442	-337.832685577763	-332.7694788939096	-335.2313825306783	-324.85564215911614	-344.62902125578324	-417.4268989038566	-321.1997468163768	-937.2300603967946	-5469.930879207113	-8962.330453100984
79000	-432.1882340557375	-422.9917006848505	-416.2732266410182	-404.6407732933021	-394.64362067040776	-373.1642994181316	-361.985131656515	-351.7202019463013	-347.9942772905022	-347.44643853860055	-342.75695558012	-377.4223162248344	-482.82990303840734	-334.17971046200097	-1021.4820818559763	-5808.490084155879	-9543.494184691557
79000	-433.3330977081291	-425.19631885031595	-417.5948916732737	-405.4615394785825	-396.04444509641837	-374.55350973739417	-362.4305641092433	-352.0136169680637	-348.2267664164015	-348.4401387533514	-342.31829994011844	-371.9366886595497	-463.9750465745049	-334.3077536495643	-1004.369359950043	-5739.248001920816	-9275.181471480191
79000	-463.8629184957581	-456.0997597318091	-448.1804680883982	-436.2578765689153	-427.20652140319754	-405.2068341972492	-394.57982920975815	-385.5180407751473	-382.7800578588487	-379.2426544595169	-381.02439381606297	-429.70067887336234	-555.2974954576649	-366.1962030267612	-1170.2107784917175	-6298.945284565363	-10213.396563578159
79000	-448.9492083827817	-440.95793314839665	-433.0725831650705	-421.36757692290166	-411.78015734998087	-390.3100218261515	-378.4241276499116	-368.4619551695568	-365.26828418476896	-364.33977854529564	-359.9350378951024	-394.86046374866686	-487.24992293838915	-349.40119279812177	-1084.8335033622138	-5824.881103202241	-9686.721728285107
79000	-418.29827180563484	-410.22203899336756	-402.7572537911911	-390.3900998052005	-380.83402420368975	-359.62776244015663	-347.5976548990168	-337.87937732279937	-335.4182948876332	-334.10859289107145	-331.2039338895461	-366.3895098032955	-462.7478528393088	-322.1391929094482	-1009.773717928835	-6001.773179197704	-9866.261973232056
79000	-449.8127128544082	-441.80992943045476	-434.6946306944055	-422.87114269069923	-412.6884562802686	-391.4422299990267	-380.1569138477056	-370.06911491802657	-367.52045105379955	-365.4946478793179	-363.9923766938609	-404.71462502610467	-504.4981183378528	-351.14265393548084	-1112.7005478007568	-6146.606933765178	-10026.649576733233
79000	-458.62428108734053	-449.4024956435256	-442.60964039000686	-431.2070993376444	-421.547505460197	-400.4353607897543	-387.78379920105544	-378.76567904300606	-375.057338305981	-373.4936943473326	-371.9138867080222	-410.9249664383856	-522.152111570686	-362.28910489401443	-1128.384979798952	-5930.908125562889	-9645.4953386512
79000	-446.3496792768839	-437.1615251358058	-430.9660407643017	-418.41587412196793	-408.58884240880695	-386.95533058771935	-375.6066730676378	-366.0981193879219	-362.24370362353625	-361.70076300594155	-359.9229203385355	-399.1085308547203	-502.0814896573558	-347.50408194272273	-1117.8160632189838	-6182.090403425525	-10031.774150481973
79000	-454.48139107457035	-446.00764185439107	-438.6028738823073	-426.4491118452421	-416.06174873037645	-395.8899380473976	-382.98507098115175	-372.5120157700087	-367.8001170863286	-369.85766632056396	-362.19140942397553	-391.0807958688056	-479.8847836313185	-357.34834511322	-1052.5200585425678	-5559.06539018633	-9142.014367686148
79000	-417.1489029302904	-408.5120280060083	-401.3815041188971	-389.2310507994906	-379.25578973587824	-357.82026390685644	-345.6227706160228	-335.3378986648056	-330.3446308817268	-332.22785515020604	-323.7112485298041	-349.6569510244313	-434.70602443690075	-318.1967756133677	-937.4458792961309	-5523.108300598037	-9197.003071427032
79000	-465.2490585183929	-456.5828076367306	-450.109355228726	-437.0399171668595	-427.7745784124779	-405.9332209055294	-393.9867437683894	-383.9541472752246	-379.45309219168314	-380.64688780375	-374.3311748799243	-403.3918410084651	-494.9619880633612	-366.3815567136093	-1104.833341854991	-5901.821527850917	-9522.023678368187
79000	-457.41658158362975	-448.91691899503064	-441.5336454816633	-429.7468709181022	-419.93846196525243	-398.4676468110666	-386.87889036950105	-377.90049380574897	-375.01757722782736	-372.63818588783425	-373.49665820643264	-417.4369378173725	-519.6481888178472	-357.74189567872855	-1175.3263695006397	-6264.280860642242	-10089.819205178757
79000	-412.1914171864709	-402.6944041568268	-395.7402264114358	-383.63740945644554	-374.02491144364325	-352.4786277080465	-340.3913083384193	-330.6741528552616	-326.6049164833412	-326.4195549836923	-321.7424257539442	-355.12922325676163	-439.5966473952927	-312.19214151489837	-963.8604514756692	-6015.9921358657375	-9838.114499839927
79000	-491.7790683065108	-484.222156662609	-477.13329602869356	-464.99956310529365	-455.70535859909455	-434.7451481988251	-421.9776663308244	-413.7970099792489	-410.34831694127257	-408.6119603161394	-409.1407226365322	-453.9401999937295	-563.6534376694951	-392.2476650288805	-1281.7486749955904	-6148.210579160463	-9922.695011093414
79000	-440.61546803211235	-432.39885547950354	-425.12956862119785	-413.13870306524166	-403.4855772358565	-381.5409454835267	-370.7690687087224	-360.97692127372477	-357.10393497362537	-356.79842971142483	-354.2922887434547	-393.22482656259325	-500.4180456257592	-344.40374310854577	-1042.1092742666322	-5850.296893814071	-9666.849045006846
79000	-454.16204727195026	-445.83506259271735	-437.9282544901726	-426.6482315010878	-416.06235081784155	-395.1103506620846	-383.43198401190506	-372.69857717886873	-369.1726445942943	-369.6887221798609	-365.04551130956315	-399.4566970965712	-495.8439691989958	-355.8178804352341	-1089.200333541516	-5975.739391754209	-9709.831093508074
79000	-465.303688038366	-456.84614945861176	-449.54779652398184	-437.7968154064596	-428.3874323201983	-406.3455935089399	-394.644843671707	-386.20059557874566	-382.7851585169195	-381.07021332836365	-379.41920288982783	-421.2089368544166	-522.0072278782575	-365.4746899320522	-1122.0396255715796	-5972.565945482381	-9704.031983953279
79000	-432.8007791613618	-424.9080533317126	-417.99578981827966	-405.64260886509294	-395.86166504080074	-374.3462723026659	-362.9170614604053	-353.41624590414784	-350.1362418879526	-348.4287011273113	-347.4737237046927	-385.9077973172471	-485.9538636428967	-335.6647339275347	-1058.5157569662554	-6028.033954284598	-9811.77118535887
79000	-461.9244508208216	-454.1817969717871	-445.86216434283114	-434.8555943215316	-425.2470447825508	-402.78344220597984	-392.32046353352627	-381.7830412069675	-378.27490086352094	-377.66996076285784	-375.4659915817074	-412.22438897748196	-510.9739673877732	-363.056853829665	-1141.2314054227666	-6149.589267400511	-9820.29574887389
79000	-448.6503110704602	-439.6048297594426	-432.73287171254475	-420.9455275968629	-411.65497383291284	-389.8091375957453	-378.96893205834516	-368.3143289277022	-364.78577842459464	-364.04554381992625	-361.4949991358095	-400.00162016319547	-498.95275959547473	-348.1888125203273	-1117.145527592531	-6029.944246599886	-9744.269337923899
79000	-425.8048770554282	-417.03192512989597	-410.44283267048996	-398.8429045891355	-389.14818730652615	-367.3219013716393	-355.672412244587	-345.5000932714408	-342.74403276384953	-340.68379136531513	-339.2874005076528	-378.92225770911784	-474.96031861575995	-327.0730237828628	-1053.2932677153337	-6376.462792171574	-10180.041600016119
79000	-478.50803983367047	-470.7067276040591	-463.0730219415123	-451.66810876950854	-441.87961868388896	-419.8997747071267	-409.1497338302726	-399.57396057351525	-397.26129010636424	-394.2655080841108	-392.99029974147896	-436.3073505019361	-554.7846876151774	-380.8462863729378	-1207.2152655978823	-6139.217630531048	-9880.19926285627
79000	-463.01797350158836	-454.9187984858231	-447.6450120062697	-435.90687693107316	-425.7041728978146	-404.4530242762215	-393.0724772146871	-382.47566624418585	-379.10793297115947	-378.3666731519397	-374.6969481922175	-409.03567151111923	-510.37502984630345	-366.01883833233904	-1096.1548508524374	-5899.937124352903	-9570.944422361914
79000	-437.11668485189426	-427.7776913207393	-421.18736222704393	-409.05296518143166	-399.82169845336546	-377.477078954121	-366.184291802957	-356.7270372183045	-354.2907608916594	-352.4313413804326	-352.29625599703905	-397.3054362091989	-493.6037800032221	-336.2821901369326	-1103.1365094288544	-6450.761444888222	-10336.45034731069
79000	-456.19196739904896	-446.29436423998794	-439.89141915583303	-427.8793287844803	-419.17020904041783	-396.6956776534379	-385.0323527325293	-376.1461555039851	-373.5035560311053	-371.44558267349015	-372.0433623508234	-416.50657065401083	-526.6778059869044	-359.7684910431245	-1111.763305299099	-6243.382567768129	-9975.935219610059
79000	-423.0347621127675	-414.1147182959365	-406.8896193945722	-395.5173271015865	-385.0788208339137	-363.49410459262947	-351.8174401399237	-340.9128984543337	-337.30821053115875	-337.8307560981563	-332.3909810659839	-362.90730085977003	-450.2012042887757	-323.21651226719706	-996.3504492568753	-5896.25183670498	-9605.00959997776
79000	-453.4652217663283	-444.6338888331579	-437.39984700541726	-425.58085261843587	-416.04951489252653	-394.01462459213	-382.8532675786308	-372.4213714794073	-369.3449130482128	-369.12486904726524	-364.40080735249484	-399.94950177933936	-495.99002682358383	-356.37162267695913	-1058.404244629174	-5787.09789977429	-9423.55865703095
79000	-461.52434904131957	-453.5786625963715	-446.0665075232669	-434.3482641331932	-425.05173360398214	-403.23233697462905	-391.5251185724129	-382.51820924007586	-380.17873366451454	-376.9564168208843	-379.16774779230514	-425.27997994164144	-532.8395502558449	-364.937744467767	-1180.7917490217906	-6252.5109040009465	-10110.579050902315
79000	-417.0987656482794	-408.74119252507245	-400.896319292245	-388.7906803675538	-379.2400075568023	-357.4428996190903	-345.47941843268586	-335.23947357865956	-331.3668511378082	-331.152807039595	-326.78366002476827	-358.0040877256775	-441.2860175249426	-317.11091120897515	-977.7642400716297	-5774.01220482355	-9474.187456883768
79000	-411.4167638922261	-403.6675224415349	-396.04990850634914	-385.0024085310489	-373.9065084022858	-352.97267266091984	-340.9737948852935	-330.0679685852664	-324.9819229489817	-327.42806143457807	-319.362862214214	-344.7933180931112	-443.614241736837	-316.9536767470209	-924.6402375231926	-5553.285355476441	-9270.766275318934
79000	-430.77308514158454	-422.3802518596226	-414.9656270329519	-401.9859490419616	-392.8331324695303	-371.12653616746593	-359.7806762817952	-347.87649896707234	-343.2557966755799	-346.1846971478363	-336.4131320116954	-359.9586560420401	-434.4164572743569	-331.0871157320493	-952.581528665388	-5851.888326079774	-9392.780635345338
79000	-398.1307846735954	-389.4821259765925	-382.30587848470844	-370.14213201557993	-360.2973705585569	-338.71954881072924	-326.1735176005692	-315.90986458328047	-311.68493516119133	-312.14413923116854	-306.79792506358564	-334.971362948541	-411.1509365211099	-297.8374984427445	-918.9103230647635	-5878.656645423762	-9652.785197369984
79000	-415.86304819646125	-407.4284893740607	-400.42982208175346	-387.8079664153395	-378.4836275601778	-356.07460311364235	-344.99102601326257	-335.30222417439995	-331.8484481454141	-330.757382395439	-327.5100692563819	-364.18214351990764	-449.7190574922162	-316.01745308844164	-991.3021857190529	-5938.275528034813	-9766.802073711588
79000	-461.6681332066974	-452.74544589337614	-445.67565316109614	-433.751964326407	-424.12455129020066	-402.8342305645721	-391.3736446083407	-382.4284540277338	-380.1435344597109	-376.7766488267105	-376.9975628679763	-422.2329761449225	-539.0015366228271	-366.40014054216215	-1136.1210964377728	-6266.48667052641	-10088.019643883907
79000	-470.9552830208132	-463.79433773052017	-455.6317554484053	-443.41709210506383	-434.22713670613956	-413.4179904713995	-401.0963509515414	-391.4102120753793	-387.66284396285175	-387.78701631620015	-383.4697242196906	-420.7151678953143	-520.8534093991987	-371.1802456215203	-1171.8256290590352	-5937.377095526596	-9583.599098762968
79000	-439.7191876398323	-431.8312371263808	-424.2129716757751	-412.6813714631767	-402.6486352830051	-381.13459664373755	-369.39927298020586	-359.7385813997928	-356.63926479923657	-355.25204984842316	-355.30740012778017	-395.99943244496694	-491.839634879934	-339.692185224603	-1109.2457277564947	-6379.099896731241	-10243.909296509868
79000	-384.1074761891426	-375.7985131487684	-368.1134385024587	-356.2737938524979	-346.34702287613055	-324.7493412218424	-312.4490292344631	-301.3645019329599	-297.3715486704292	-298.54940059040337	-291.77337163344305	-317.0341191626039	-394.7615141082594	-284.2883423543027	-869.7031354859234	-5596.412053755888	-9302.194850961972
79000	-416.68022613406015	-408.879739574257	-401.62262111661363	-388.80584951174865	-379.144244039922	-357.9492881358211	-345.58773622235395	-334.1758940565036	-329.4099582727149	-331.3473482792743	-322.2771770412348	-345.10373816342286	-416.8480720790578	-318.27969258224016	-940.227441161416	-5511.503439132654	-9075.146733762194
79000	-407.6984207792365	-398.38520073579	-391.1833633334888	-379.50578020248474	-368.93259620749257	-347.7539244193326	-336.1174024244445	-324.3751378010066	-318.9877324415955	-321.9485674661355	-311.96200404477565	-332.7206107055639	-414.93033441908585	-310.21656570982606	-883.2035111813672	-5424.529229645749	-8876.351965386342
79000	-429.0416761818567	-421.00994527904646	-413.1691517247197	-401.17354709927884	-391.8355943105138	-370.2122002251111	-358.24643786230723	-348.5989597766265	-343.46130471704174	-344.50371438777165	-339.232022073005	-369.16185405610526	-461.01527238414366	-333.257530915855	-1005.4071445252761	-5922.523301493385	-9582.511368461763
79000	-462.1629750350092	-453.10362647412785	-446.1853910212256	-435.01299403562007	-424.49888832351206	-403.52903719491746	-392.5105492236662	-383.14008651515957	-378.99654097865874	-378.12018605994524	-376.68674720584755	-420.35471686861257	-541.8362162444517	-367.7442703417791	-1107.6888838373338	-6049.107174480461	-9736.947904029486
79000	-415.84337358146206	-407.6534553919802	-399.64372731873453	-387.71069686841395	-378.03827398941	-356.9823103209787	-344.2062927339339	-332.97650222972317	-328.57401064191635	-330.2702946854243	-320.9440435741347	-343.44765901453815	-417.1937503516942	-315.5494960878636	-926.1516301008381	-5519.337305137131	-9047.117631944573
79000	-422.552812745972	-413.9548858403545	-407.01322736460696	-395.1596571817556	-385.1432500220418	-363.3020743981765	-351.19002296419677	-341.6920666588339	-337.1131620933554	-337.8216077190944	-332.8983968419925	-365.32506795337594	-449.6219958510352	-322.02247073791693	-1015.798139655598	-5970.33582875028	-9748.199510276754
79000	-459.95323668140287	-452.1386431286012	-444.5102041159283	-432.88905536313814	-423.4526178838652	-401.621176986578	-390.24169996469516	-380.880531424397	-377.1982395897357	-375.9944251115276	-374.52394461142245	-416.9935876082232	-517.2996709711389	-360.4535346198818	-1170.688941698352	-6378.944514198067	-10111.212997299002
79000	-429.7661544967831	-420.70686652095395	-413.55252915110754	-401.42987623127465	-391.5752281501108	-370.5990179980062	-358.31697019759844	-347.94724825656755	-343.95112221026034	-344.2964580486991	-337.31283023285806	-365.0095182505843	-451.379383693313	-331.45298799969584	-969.6751398858644	-5661.278083647095	-9216.068666635225
79000	-411.67728623082024	-403.7283900046719	-395.7861524689684	-383.4820892282157	-374.63278776436454	-352.5115935484676	-340.3621872083757	-329.4168462521801	-324.8706041273288	-326.6193599723774	-318.51010193633135	-343.0082481628535	-418.10404044779864	-313.34082022100966	-922.2660422498245	-5675.669456215022	-9277.167007114514
79000	-451.8998777865091	-444.0617174739959	-436.58281770905245	-424.4458999332361	-414.3956371622578	-393.13991414540385	-381.4972442808194	-371.8623832870098	-368.7124577661814	-366.73290340032975	-364.4980743473196	-401.430937025931	-496.3604933556083	-352.70379935959505	-1072.4928742753348	-6057.075223155969	-9801.966226586528
79000	-433.54957734226247	-425.0918102361479	-418.17746256459344	-405.29213981835426	-396.25159885129017	-374.8816034160623	-362.9284188163799	-352.49287070416995	-348.7755128911081	-348.99171227413507	-342.75714916893367	-373.90567075731207	-465.45796427692915	-336.2475283055485	-1018.6031995840767	-5762.17702690025	-9410.553629538546
79000	-442.30617679233785	-434.2882248244451	-427.2922022794417	-415.2133772641464	-405.72151628495135	-384.0145668341528	-372.5089237794665	-361.9906404475151	-358.6963170930703	-358.15204114570173	-355.5647186010684	-391.7688070407553	-494.1509728325708	-344.92898481400243	-1078.6533753522046	-6077.109660519702	-9781.059612681862
79000	-403.7869845803221	-395.23560268210736	-387.634654019058	-375.4582763935081	-365.8928966486626	-343.7137177126705	-331.92241419628874	-321.40120714299394	-316.96509938762216	-318.23539379275974	-310.5571403952306	-337.8661889815741	-415.11973903011835	-303.89120874599246	-918.2251653768334	-5692.88821283561	-9319.142052059642
79000	-438.9097464448193	-431.57134597292594	-424.1512957550843	-412.56971514400936	-402.83069930867737	-380.57167889838627	-369.5190541782924	-360.32421754070697	-357.3239602128566	-355.02649221217393	-356.7815698636813	-403.4666638473688	-511.86544195342765	-340.38294557681996	-1117.0936491305429	-6316.774752350489	-10283.007148155837
79000	-448.8256903608569	-440.61386530025754	-432.916639654323	-420.52977628849965	-410.9010793871868	-389.6559222938226	-378.5102426289927	-369.0941873471491	-365.57700577206873	-364.15364133136154	-361.9810402240007	-403.87073490947984	-502.0797297439292	-349.0852355372485	-1137.7990952039597	-6213.813299349784	-10041.311881139534
79000	-433.51857073052616	-425.57674967087803	-418.1004569867437	-405.9476273864607	-396.5299552372439	-374.36409218182956	-362.86539656319786	-354.1175368285759	-351.25552440649875	-349.0639400035299	-349.09394448469146	-390.05548537440575	-494.030154555995	-336.1563251636082	-1074.140166146209	-6204.805705835404	-10024.64339666166
79000	-432.2704343696698	-424.18479265471575	-416.63318161247975	-404.5480271764312	-394.86662255631643	-373.48898405553143	-361.82546781045266	-352.04262260821207	-347.73044276085363	-347.96733712119095	-344.11987125388856	-380.4982305548126	-481.5005295940861	-334.20689042043364	-1045.2202778783558	-6065.576196551484	-9740.098642599416
79000	-396.98019389611943	-388.6599679581667	-381.0854337888814	-368.8549210158484	-359.2417292598319	-337.32285906339115	-325.6092695928529	-314.8152152520179	-310.33024029224595	-312.67486209674587	-304.255101126428	-328.91811589686876	-407.71441332058384	-298.5006504860095	-892.4440018701105	-5668.2181423688735	-9405.76534002071
79000	-480.2177538131951	-472.18437896795155	-464.93371054065796	-452.3899394500851	-442.89224488271475	-421.803536137733	-410.5119986778206	-400.65437356413645	-398.18813631088756	-395.9524782142512	-394.6094328968875	-437.55405815351924	-552.1386058361765	-382.3226068758339	-1217.052837087815	-6186.20281670673	-10018.783324258671
79000	-428.50994022508274	-420.1943760903324	-413.07688132473044	-400.59987316341903	-391.01674018930663	-369.1410520755949	-357.90115593970876	-349.1400597425446	-346.2826408157442	-344.14536474228584	-343.1896320344533	-382.9581378756242	-488.90640829863383	-329.65183793246774	-1042.282325554843	-6208.950861833336	-9981.002338997172
79000	-450.6217250846606	-442.2087580946657	-434.4617113923252	-423.02049278296647	-413.71382116453185	-392.08817236342503	-379.9873970373172	-369.6777878161688	-366.09900980071797	-366.0232826295666	-361.1792647563821	-395.703609649436	-485.05071860241054	-351.2850803671112	-1089.2473051154623	-5876.977447854972	-9565.413247415618
79000	-445.8837698118535	-436.9156402874346	-430.07821091304817	-418.38463148928804	-408.620920594986	-388.0114666260247	-376.5449017956661	-366.7532305181946	-362.82767634045496	-361.7945035131016	-360.4868997146466	-400.70212547802544	-512.5900181465773	-349.60331091792887	-1073.382456976207	-5986.55396416276	-9741.255529162965
79000	-404.2097295332059	-395.9823365262634	-388.6956739800166	-376.24605180822437	-366.79498902483346	-345.26961642203554	-332.39403832195734	-323.22886624574164	-319.31478276414714	-318.5405622708849	-316.05954382432446	-351.86153166129793	-441.7358605297115	-304.0951434444007	-973.173672958373	-6075.971671725587	-9922.898675050434
79000	-463.1217625286656	-454.63343924025384	-448.0377070740364	-435.9342279918434	-426.215237491378	-404.2353732935802	-393.2318571818852	-384.87079620372015	-383.2807194080213	-378.2974256668589	-382.5121554995519	-434.4618122291303	-546.9369439951324	-362.67012267588194	-1245.4060620611915	-6639.834026407283	-10662.723017138875
79000	-444.86165654293217	-436.674960673584	-429.7420936897245	-417.37475963698705	-407.30991130501826	-385.447508074693	-374.03342888907866	-365.77917864863747	-362.9053486212407	-359.90739232527545	-359.98286389042454	-404.5474916788554	-504.4522928314098	-344.93919686334283	-1115.8796111028348	-6277.431270969553	-10217.768731394135
79000	-397.8703198127608	-389.02563242647085	-382.12880351350253	-370.4623387948211	-360.21646512425923	-338.77466828781655	-326.8263398119608	-316.28704679614043	-312.70002210014076	-312.73893819077455	-306.9960008223452	-335.50950481001206	-413.2294937178646	-298.7926214390207	-893.9108956166011	-5896.065154176807	-9646.94008613355
79000	-401.1287546845771	-392.5811045491886	-385.07252307548407	-373.3963365474143	-363.15135478828233	-342.16800716133076	-329.77474364462296	-318.62656642982495	-314.23484150986496	-315.58633427809957	-308.16762942672693	-334.14940844445084	-419.251970191001	-301.7538682012411	-907.8979390945925	-5748.1527335935725	-9531.894574864318
79000	-414.7026892632482	-406.2581723292582	-399.0142592282661	-387.01093121682004	-377.3133340582299	-356.10930859420296	-344.4212917397061	-332.8485206828212	-328.36931872133704	-330.2452685934602	-323.3091564225615	-349.87117636818977	-436.15452480649367	-315.1536783344613	-978.3668224083756	-5590.499351435172	-9164.373915809878
79000	-400.8626660099909	-393.4169027922203	-385.52204877424145	-373.4012452503106	-363.2876233962358	-342.62314130738775	-329.66814686227315	-319.6862880960044	-315.2720246151105	-315.8717432782822	-309.4746118535891	-338.33208827454916	-419.00216217037377	-302.6298596908924	-928.9570764075322	-5716.104698006802	-9507.021331502217
79000	-445.3296383718254	-437.3218991975201	-430.0395856809433	-417.4990217410483	-408.05430577954957	-386.8252480689449	-374.84595848226155	-364.5207777744156	-359.7790639374918	-360.5020367721343	-353.1968308393104	-382.8796375753857	-467.4720414426414	-346.8707986956598	-1031.9750705360195	-5738.073587042778	-9288.15145777303
79000	-443.2271934409944	-435.2951426190274	-427.74753395780937	-416.04374795743	-405.94871253010126	-384.8287789325501	-373.3898283146763	-362.4268376146305	-358.4610826617861	-358.7936617992461	-354.15626370257166	-387.5085823705366	-476.47659181898143	-344.6762487739531	-1059.7996710467105	-6035.9930745750735	-9788.050327665856
79000	-461.1949813431684	-452.6126949902319	-444.44135222122617	-433.12255986973344	-423.899039707658	-402.2162239739983	-390.4706391030754	-380.6440545581043	-376.38187721449935	-376.24209639946133	-373.28036082888894	-408.39608535089394	-514.6470898446145	-363.29404690098727	-1107.1838922932025	-5863.640783977929	-9513.68242691422
79000	-427.561714055873	-418.9876786656287	-411.81755648557197	-399.4209551424934	-390.30572947567885	-368.6150637044892	-356.91390218761876	-346.4321958622023	-342.86592819828707	-342.1734200022265	-339.2376033321461	-374.4107253378583	-464.283790339151	-327.2984128475479	-1052.1917400086206	-6158.704114540858	-9959.707872809797
79000	-476.8534389192583	-467.822748948591	-461.13861716870866	-448.464944035264	-439.76053458939487	-417.667237935026	-406.5698207940008	-396.748710081794	-393.45974265127285	-392.08175914616515	-391.60450728683014	-434.15886706310675	-536.6385852514829	-378.4016844930865	-1176.9142627952554	-6147.2505869182605	-9937.85349873721
79000	-445.5785213149481	-437.91915744892395	-430.6523819643714	-417.60290670474035	-408.24392888705574	-386.7103523111947	-375.13880319909555	-364.1331144050553	-360.12792952797355	-360.3966261550852	-354.9334295170772	-384.81789791568895	-474.23128768008496	-345.65402591302825	-1034.325097555365	-5871.001193509006	-9488.405596804536
79000	-433.781733700409	-425.36181631320187	-418.0523199722979	-406.44727587940883	-395.7218096930971	-374.20223140077564	-362.3112999381918	-352.5316987007541	-349.4550108458535	-348.57372766723375	-345.98191906650777	-383.07644761973427	-471.0835346234641	-334.07360202289414	-1038.8754220093917	-5968.908218440963	-9727.698711336643
79000	-414.5012934410226	-405.9413457811107	-398.7709040038106	-386.16724588085583	-376.33789463388536	-354.6394772172708	-342.9888510914913	-331.7296862698788	-327.40763996627277	-329.061495453175	-321.4138129118739	-346.6898226214972	-427.56167022934807	-315.6849573865991	-973.6031237886137	-5719.319673636976	-9417.80171232903
79000	-456.495213423915	-448.20347581219335	-440.76148200157235	-429.10863841559194	-419.5813133636401	-397.2615928816584	-385.97645733648335	-375.8904423976288	-371.8574369545531	-371.5765132173621	-368.73189737890715	-403.55774451109164	-496.97622083719585	-355.9278817252638	-1133.9649915725217	-6097.378093722454	-9746.704458980745
79000	-449.87660160406614	-441.2463674152638	-433.0976117329828	-422.147713815365	-411.8749414941532	-390.7082808513897	-378.77909577888073	-367.86634869100794	-365.1278950387285	-364.97544215080336	-359.8103721732458	-393.3606955146276	-489.8486362766866	-350.762203710924	-1099.7322877981046	-6045.117759298713	-9623.228377439458
79000	-481.57047106379196	-473.77605660478804	-466.06874873612725	-454.6627772208726	-445.5770870819555	-424.3716744191373	-412.9811803857948	-405.71453715872406	-403.278981569144	-397.39557107148244	-404.371525700677	-463.43770735078164	-592.3669598501025	-384.3893161516942	-1265.4250133015032	-6700.178755298413	-10727.439113175533
79000	-425.1863720639995	-416.3141542031644	-409.32768898596345	-397.35578873845486	-388.1377674890899	-366.4040040812465	-353.5722326446696	-344.03788518990433	-340.0698580123332	-340.7510101642989	-334.62481921307017	-366.1364266139588	-449.4971971347763	-327.64054283463656	-976.8884331286838	-5662.9212047370365	-9362.610490281695
79000	-420.579934834258	-411.9815899090496	-405.30955940518703	-393.3902322432932	-383.38237486745925	-361.40866985885333	-350.29202430692527	-340.14315336766543	-336.1258660108646	-335.5826980895246	-331.7020583843643	-368.1059017403859	-454.38668996562274	-320.8702121550893	-1018.9764865218128	-5989.166728101805	-9880.645834976243
79000	-426.7427636040554	-418.0877639872548	-410.4493373925937	-398.9039912642045	-390.2208286944954	-367.1548768947351	-355.8230550075444	-344.6097653263358	-341.1644163402458	-341.5079219794512	-334.84562203485484	-362.63048769577426	-441.85156503165166	-326.1431026952156	-986.0529420727455	-5732.593276112381	-9345.56472948383
79000	-434.635444770328	-425.7963407218552	-418.5246842046767	-406.33431653613854	-396.5646511939847	-375.4333724504849	-363.7658303748583	-353.51889081674784	-349.56932060285214	-349.4079664565731	-345.0774168190721	-378.52641492836665	-470.362815425945	-335.11434996606863	-1073.6683566377908	-6138.6476553066395	-9921.312297285554
79000	-453.45591065318587	-444.4065875739316	-437.2160419929532	-425.34797657670083	-416.0199150259575	-394.9737669425042	-383.7241861592907	-373.1261477106401	-369.6201244559787	-369.55142047384913	-365.47575461269173	-402.2713675974027	-516.8473496789854	-358.47048643184604	-1059.4689683095557	-5870.673142328305	-9572.569308432932
79000	-383.33717104687247	-375.0581931037612	-367.73382039031486	-355.4951150141791	-346.15421207393024	-324.22654865067904	-311.5173996662147	-300.3567477462322	-294.9395886868136	-297.96359910014525	-288.63385330389326	-308.0070932672599	-383.92869270011636	-284.9474733714162	-817.6057707148303	-5667.514120565115	-9317.311155266678
79000	-435.5158739969305	-426.6084475981288	-419.5803443304272	-407.6661613613154	-397.7323715387057	-376.98669712549736	-364.72003200840186	-354.6913553623694	-351.3663849975746	-350.0607410416453	-347.7201698792102	-383.65342163051713	-483.0947892247413	-336.6406258235246	-1068.1363377961839	-5954.910726393146	-9753.514254823243
79000	-440.7452128441479	-431.55313754720714	-424.1193041629295	-412.138779842854	-402.54269184661774	-381.1039950652077	-369.43897643195	-360.0917770149718	-357.4419414335907	-355.4616965026846	-353.6479271129811	-391.66177126164905	-487.4903269672774	-341.3815561618128	-1076.5280307190378	-6094.922297805355	-9819.232825267689
79000	-468.47882407995036	-460.321730332436	-453.20450474396597	-441.6656885245128	-431.834596269424	-410.3900222387673	-398.8150540108976	-388.40772634173356	-384.9631575974017	-384.81779271614187	-380.63880681571743	-418.1773999579793	-513.7749200319407	-368.23178260488095	-1184.8180292477912	-5999.4392960214	-9692.202144434827
79000	-422.1312591898205	-413.66351719221365	-407.2557063179964	-394.12752602888236	-384.5943132636746	-362.8776570392132	-351.3083381493964	-340.7889100620314	-335.8839379185743	-337.9243173389118	-329.3616022833854	-354.16452277352244	-432.8340175601047	-322.5886680178869	-952.3130836069569	-5768.152363155504	-9565.59733627809
79000	-450.8990102932155	-443.3336441296883	-436.1177622893044	-423.92180311796164	-413.76302139931965	-392.89194212380613	-381.25342377987727	-371.85600791520477	-368.39170119342265	-366.72883295076946	-364.8573137040507	-405.56745529883847	-504.84012176516285	-354.2695306573636	-1118.2950140027285	-6172.270732528572	-9960.451057252389
79000	-456.1060987453393	-448.37114518238553	-441.36561897478526	-429.3648370237073	-419.33940753815796	-398.1414708774544	-387.0948913500659	-377.04001119277365	-373.9093616839049	-372.4566038032785	-370.4844215284224	-411.9348768434696	-525.0458562127942	-359.74954368241015	-1126.9522458587167	-6073.16226480012	-9762.458801994466
79000	-397.18319227134566	-388.75787642927185	-382.0438409912127	-369.8340791528316	-360.5793410655244	-338.3257976304977	-326.94607259412913	-315.9191971789638	-312.66089379234273	-312.10960856266263	-308.4340475219952	-338.8346762793307	-420.4743057604891	-297.73894141312155	-946.2659019203675	-5914.198222079147	-9700.662663605362
79000	-452.83901429404665	-444.7166990098367	-437.75348312934494	-425.9455537131885	-415.9297258272703	-394.2885292988364	-383.86911917542693	-374.37303267464847	-371.07934158165335	-368.60993807296325	-369.519960996121	-414.4027920625173	-533.5952476599565	-357.9439414735057	-1111.6038867302095	-6366.093718994446	-10240.294513812578
79000	-450.7044005744482	-442.68190846343725	-435.1139156013816	-422.8083653636352	-414.09348704770343	-391.8100130710472	-380.4244687409232	-370.6356081926898	-366.33655003740745	-366.88682472383096	-361.7533752188694	-397.4464051438643	-489.13505503666096	-351.88183572345014	-1080.398544036306	-5976.830014341672	-9705.61307223888
79000	-427.55428765981276	-419.1504020638013	-411.58346958745557	-399.84917828790685	-389.3444015132777	-367.9965487766926	-355.52084568505114	-345.3037946986171	-341.0050994407577	-343.1632118438681	-335.3301524420796	-360.59518736154814	-440.83140645206606	-327.18270956820106	-979.5802961807854	-5750.959693918032	-9404.924020767901
79000	-473.68076895170896	-466.2158189131672	-458.64858081368965	-446.3115286027794	-437.2686121506325	-414.96147391638493	-404.7269487872935	-395.88104239767114	-393.43722348508686	-391.1898497055769	-391.2360974404666	-440.6278184880148	-554.5321167528722	-378.87163692736345	-1169.1533611612028	-6324.00948190707	-10255.019033676424
79000	-451.7702296155335	-443.7581466641243	-436.32586379957496	-424.84614760122463	-415.23550745675203	-393.51806029936927	-382.7274795948401	-372.00696665653015	-368.31898396895616	-368.0701478125629	-364.33028975043567	-401.17398395459736	-503.9186254645222	-356.32853822595393	-1092.9294714986609	-5903.106277579728	-9567.211348681514
79000	-429.13551622198935	-420.8619786351728	-413.86344595547274	-401.5300175504326	-392.42193589262433	-370.08338809354154	-359.0040866564243	-350.05579183261403	-346.9162521287365	-344.3483383773101	-345.3829313774407	-387.8222537032323	-486.5672846373588	-330.22012650043496	-1049.7515815382942	-6427.1162412458325	-10436.28834363903
79000	-446.9625189065299	-439.36757489386736	-432.09300579745644	-419.46066028706	-410.1483627590558	-388.41313309925965	-377.7006479765275	-367.6461038273305	-365.5537214223099	-363.186183045596	-362.6214797810853	-406.4257645177735	-519.2239993470095	-348.9253453957736	-1106.2065352599334	-6207.577502263871	-10078.18659845719
79000	-464.48257861701774	-456.8913561181147	-449.9842227154242	-437.30140387551614	-427.6668991384752	-406.7237452617403	-394.42301674252	-383.67695741341424	-379.0007627670802	-380.75185366918316	-373.2317485770776	-403.83759329471894	-499.6183395308635	-367.5469870197249	-1119.1911019635513	-5617.231186692472	-9140.15977045265
79000	-447.01765862696715	-438.7683522642298	-431.2561395031824	-419.6438809512181	-409.4926467879877	-388.2841946414503	-377.4116218265567	-366.45577446920856	-362.9398422858326	-362.8417292476399	-358.0192040032729	-391.9254190463065	-490.4495402617343	-348.0750312350578	-1099.2254863455885	-5870.2160907704865	-9520.57514923449
79000	-441.4179823650102	-433.40022775345506	-426.1310355157388	-414.8057566392275	-404.55375731965285	-382.19188682014664	-370.95953810730384	-361.4833610138251	-358.68680196752234	-357.0597389515261	-355.39640562489706	-397.63286134515477	-495.2956975602764	-341.16430754884965	-1094.1744003102035	-6133.984635613027	-10106.014087895437
79000	-432.6317789368783	-424.73538436594	-417.75745990869103	-404.868505211522	-396.385772270628	-374.8235920105326	-362.6224537055897	-352.694755538997	-349.3388102018488	-348.59491853864233	-345.12964696875036	-381.4550481601781	-483.6077044240713	-334.98820476698285	-1047.4162804003156	-5930.939182216804	-9714.209440868599
79000	-469.50906547276776	-462.2419371241586	-454.3505791502868	-442.1503653173311	-432.8223425045831	-411.2827381825768	-399.6293599113551	-390.6964942846375	-386.8644819059147	-385.6320359128402	-384.3043709178279	-425.7253681157917	-526.0014850907761	-372.20026476814115	-1173.922142861551	-6002.83426340874	-9730.938634393226
79000	-396.9923169417931	-388.6163328482446	-381.6214516565772	-368.8976120489914	-359.4297230645366	-337.6087362553156	-325.5592342218107	-316.1523634320094	-313.12327150494525	-311.3815814471507	-308.83751586694905	-345.7730817310938	-434.6173915035533	-298.5348490614823	-948.0579675952149	-6037.760675357053	-9919.828990381473
79000	-421.38498575806307	-413.49633885561735	-406.877309798878	-393.8684483892903	-383.61283790115357	-362.9119847976894	-350.8939650334255	-339.62623290006616	-334.0656940647091	-336.3572714884914	-328.2656736681342	-350.0849346082922	-433.1519893997829	-322.8164108153433	-914.9083485739677	-5746.33336015071	-9181.773230595816
79000	-450.02103876435365	-441.20161045272874	-434.3627811448346	-422.4007381495111	-412.280265238178	-391.15480883846135	-379.9389514370083	-370.55840060122125	-366.42149474050245	-364.98212675330257	-363.9917400761308	-404.59342080377604	-500.1200913187749	-353.1230714915973	-1114.7649299007398	-6210.546055925421	-9981.679488595422
79000	-434.63298637813944	-426.5029223746941	-418.80404033074393	-406.85498418161274	-396.7568130447088	-375.6091601220928	-363.5702813975443	-354.52604648099765	-350.8931844880217	-350.21327798739765	-346.3735847427302	-381.9832894515521	-475.36534704404494	-335.36209462447863	-1039.8158719868463	-6050.858763895867	-9789.656778750037
79000	-446.7673629529393	-437.64085009840085	-430.5904895045555	-418.4153866405421	-409.51033308611113	-388.2300877977705	-376.27602148787145	-366.583243349559	-363.34745086328434	-361.77694804173774	-359.2233558959757	-401.0062872036093	-508.52604509163757	-349.85142684053056	-1106.3452631895125	-5860.0665633872895	-9620.835140498086
79000	-410.1914161919044	-402.5104592368976	-395.3882743350842	-382.81131536297335	-373.3525352208472	-351.28446175350723	-340.12159914448205	-329.4893591873659	-326.40212624623683	-325.87341421953124	-322.64972439449923	-360.8531014389271	-451.5549065822289	-311.6642538405027	-1003.6177193285098	-6002.762281120167	-9837.582567047884
79000	-457.7529408522518	-448.8008376530667	-441.9430761679433	-430.4303445338097	-420.3714288853888	-399.3297341257871	-388.02254248210625	-378.78588764920744	-375.0322688124589	-373.680288113618	-372.1217131183213	-414.58218474982334	-527.5601282431859	-360.4286201243553	-1124.5736843468983	-6017.0421288547295	-9786.699639968718
79000	-399.65865423901664	-391.55359114389177	-384.5102145145834	-372.49288483744897	-362.682807751837	-340.95878565235165	-328.61489378844453	-317.3950142895916	-312.135384527285	-315.3251887082237	-305.6501565911795	-327.4604893704163	-402.0679051345449	-300.9042712605625	-876.9992866017893	-5438.933090769741	-9133.826877429141
79000	-433.03070233664846	-424.5754560115946	-417.43889965740465	-405.6322225593751	-395.40763383049523	-374.59097969595274	-362.3200422607226	-352.8209874939297	-348.71758114886666	-347.7925162109178	-345.19776602487013	-381.64704514885375	-479.5898607701725	-337.2168184078817	-1062.7238104739506	-5991.032010369083	-9888.77780552006
79000	-446.7750050057924	-437.62535324878496	-430.58384018076066	-418.9853374002696	-408.8377427219883	-387.3764937221804	-375.7211110365565	-366.3949075994033	-363.152161561145	-360.9121579895892	-360.02845490336944	-399.7019831329929	-497.59744741775995	-346.0547108603938	-1084.6954718614675	-6205.422965648138	-9908.795058714171
79000	-484.7310051427306	-476.0325429589221	-470.057793308337	-457.5815122838392	-447.9790377762399	-426.2458613968255	-414.78507164043276	-406.3725852900579	-403.2199868262531	-400.3056879801064	-401.1288424879513	-448.6889648875266	-561.5730230123908	-386.2509732644308	-1225.6818679670544	-6510.6415938224945	-10197.230732907072
79000	-463.364052698843	-455.2244500915376	-447.63593594210164	-436.48824339201326	-425.6229432193032	-405.11149606347215	-393.38030611133877	-382.50560416822555	-377.91526871609557	-378.424288069966	-372.224011325071	-403.2701464176387	-495.4872818433849	-363.79976064491024	-1112.7285486380085	-5796.871267051707	-9356.060490412452
79000	-424.6281106384266	-417.04263830807423	-409.40826544546275	-397.40338962689157	-388.06801131570467	-365.96453324447117	-354.2700453678107	-343.75408265033747	-339.54477153859824	-339.7332903188303	-335.4537851333744	-367.89410803346647	-456.95413080657335	-325.29234103796034	-1021.4925163130738	-5841.555046279106	-9614.596105802757
79000	-389.5965698588234	-381.1139260730366	-373.99089129504256	-361.0500601629734	-351.79822976952585	-330.2888408594555	-318.19412358011346	-307.65983727260556	-303.79001215316737	-304.5701848993271	-298.03130191626474	-324.7528781990915	-405.35886497738665	-291.4207313574757	-849.4028470581904	-5647.469584060879	-9354.001881015813
79000	-421.27660700631145	-414.2645006005251	-406.4399344735917	-394.517310528729	-384.87110485257	-363.0592085250012	-350.95054850664934	-340.0967318540653	-335.60022664239256	-337.11028555153234	-329.0721078464915	-355.73032508828874	-440.6910798424822	-323.7462257881519	-972.8683258815761	-5536.087587976348	-9232.518571999348
79000	-484.1604870009109	-475.8276715144871	-468.84342647195064	-456.1828678746091	-446.8452008208549	-425.2096780322185	-414.6700026159394	-405.4352362334848	-402.1320707178809	-399.9557727445597	-400.2636047188655	-447.0942836117163	-568.9707998694373	-387.49548400416467	-1192.6704043239188	-6202.203509891213	-10014.57602152531
79000	-413.84551355066225	-405.7292271815389	-398.4094430212145	-386.33448093768345	-376.4960558046824	-354.76633274697684	-343.13664961355295	-332.0053741070359	-328.3133279534658	-328.7260406006361	-323.49406004799124	-352.0105548304619	-435.05651848714155	-317.9080421106574	-943.110116192202	-5863.499838555261	-9516.284478252288
79000	-452.50398683818577	-443.60593247378705	-436.32196921062194	-424.3105095171336	-415.21543206271724	-392.92223909291005	-381.2500905462748	-371.54576564574165	-368.1152925836075	-367.0271398774339	-363.84482622658305	-398.5891998625615	-487.69706604136354	-353.63116916637875	-1096.6003595558175	-6033.021290530694	-9687.895483628781
79000	-442.4092437553652	-433.70049895790714	-426.57899989928393	-415.53525281305497	-404.8625269112412	-383.71511302253657	-372.13189848601303	-362.5210702500638	-358.92438297782405	-357.8231217082831	-355.2010524529932	-393.66400367974967	-493.1072565383217	-343.1744909747874	-1083.1565099816098	-6180.293901447892	-9957.562241470789
79000	-456.53268732270743	-448.55295767818836	-441.460699047673	-428.83362570794645	-419.2939409108649	-398.2414682480561	-386.7335463050929	-377.0664571610767	-374.70247406688526	-371.69526462227174	-371.32313621871333	-411.2119624639196	-516.9428023701579	-357.57204840407843	-1141.0042122466862	-6077.759458062181	-9822.616271418025
79000	-447.66941540202305	-438.83970489540724	-431.2624907777884	-419.8944855554572	-410.1186671753241	-388.3974345085771	-377.4308399659738	-366.6556541879287	-363.60737342664146	-362.7695234021474	-358.92926601167557	-393.9618017322019	-493.4637555736272	-349.14386845869467	-1083.625521563134	-5824.600608416842	-9494.591559376971
79000	-433.63969665555777	-425.8964018918483	-418.34722545741766	-406.4532987188363	-396.2577698104806	-375.27725913394886	-363.1392054533219	-352.61685682284553	-349.06819483749797	-349.73017439844006	-344.00832189215913	-375.07886678983454	-475.22430018876105	-337.2829114304489	-997.165694376588	-5879.175984489668	-9377.842728982694
79000	-410.030607013111	-401.13579012077844	-394.52653258796096	-381.9523642176524	-372.05371067667534	-350.63359143343365	-338.6538068717346	-327.39248763798116	-323.8750558113089	-325.32246681618176	-317.56975011166793	-345.83001772652045	-433.6503529385932	-311.2099449668956	-929.1666323489026	-5777.2765245932005	-9325.953368604403
79000	-462.6188741535066	-453.88975065783865	-446.6561031861666	-435.6047289947601	-425.37623961524133	-403.85981047033084	-392.5264282250136	-383.3559048222595	-381.59096450888774	-377.1316896777568	-378.44292417740735	-426.0699230872971	-543.9005146223952	-364.6524664634657	-1151.0010444900659	-6384.516982280552	-10202.500576134853
79000	-419.35707789367655	-410.99497999281687	-404.115824431971	-391.5910926708028	-381.8996868421103	-360.6871303933993	-348.576078622554	-339.2127735563589	-336.3762978985494	-334.56526454099543	-333.2835186125656	-371.2765959829335	-473.24971625432977	-320.8432663817156	-999.8394100575915	-6161.455047048976	-10042.061562094661
79000	-430.36506343184266	-422.2303359288891	-415.70616004723894	-402.76724115043567	-393.41606024169675	-371.6455908611115	-360.76306656693015	-350.4070875347743	-346.4714951531451	-345.8562016903269	-342.7958288269282	-377.21833127171675	-478.3955566249568	-332.8010933325036	-1055.5525396742828	-5867.583670482445	-9678.707442417754
79000	-439.3625091090744	-430.2064716297629	-423.5942166952338	-411.31650412326997	-401.29873675607786	-379.5384226337019	-368.83100462208876	-358.3174853029432	-354.6419015650669	-354.2867434239974	-350.58913313493	-385.23343699212717	-482.89704125693976	-340.1553429054119	-1065.8318813069095	-5961.957952825304	-9658.048432810294
79000	-425.5191073154425	-417.1054430905363	-409.7317455894179	-398.22540740741465	-389.1834685651778	-366.95215454689713	-355.4631646195383	-346.0728175247701	-343.3716141656274	-340.72658521797746	-339.3997319143787	-378.620147421892	-488.20507956964104	-329.17805037439314	-1011.5055506049745	-6025.203946848909	-9807.860383468467
79000	-455.93881447539854	-446.9525073503065	-440.20350338045915	-427.88171952299024	-419.4268212766991	-396.35839875123645	-385.9701903322035	-374.975288419911	-370.9506946218755	-370.86405662276843	-365.99990245483707	-399.8176433404094	-498.62981442012847	-356.3682787315378	-1113.7414806044408	-5803.597630620678	-9542.138752348354
79000	-409.5249942554355	-401.4715180879241	-393.38786019300113	-381.20508955401453	-371.5882917585308	-350.0077726330381	-337.56980031035505	-327.27732995603117	-321.68396330803654	-324.4878240047151	-315.2687248297836	-336.9794407296915	-420.33844358000675	-309.4308169103112	-915.3341681185823	-5535.73234834727	-9164.713814164463
79000	-450.9319435632049	-442.7465307449163	-435.9203828176273	-424.0347744937718	-414.67528860803253	-392.8345595747801	-380.810707842974	-372.1139091808103	-368.9509749726028	-367.1169837202956	-368.12918120194956	-412.28337144860615	-520.779666838738	-353.17156054093306	-1136.1883771523082	-6253.4255262648285	-10190.018718591002
79000	-438.3593674024536	-429.3204758992038	-422.09957442964816	-410.10491598208887	-400.77637264827774	-379.8852825679442	-366.38691688810883	-356.61946306021565	-351.85202246458846	-353.8889830284353	-345.5979590355027	-371.6002953176471	-460.8577063438743	-338.77854076552205	-980.7477042370974	-5475.5846429059675	-9189.092700365776
79000	-431.7390081835449	-423.0503111439085	-415.0247027011423	-403.5604727463667	-394.09811424756765	-372.01963707467786	-360.71955138153766	-350.9480081802746	-347.54875447545703	-345.6653605528918	-343.41529943220036	-381.692763322732	-474.25822866858596	-331.70670524495756	-1072.347008212487	-6093.712306501989	-9898.393832861346
79000	-402.53536534686856	-393.9973079213381	-386.7373891460259	-374.51642041959167	-365.2390009080181	-343.4366991153269	-331.2531748076273	-321.94349486770335	-317.8969022758068	-318.02056169335606	-312.2751029741373	-346.99961584688157	-434.1041826119144	-303.43324206979696	-949.994426822573	-5841.746504129263	-9652.013761476168
79000	-415.0312376192455	-406.00623584050396	-398.6044404974728	-386.95064856886404	-377.1341953616206	-355.72689547160155	-343.1002669082895	-333.2056490353675	-329.24242552372925	-330.0707315567238	-324.2124205278508	-352.251770981228	-441.0759605875533	-316.8248060691568	-935.4032095397821	-5675.21274348602	-9413.97080936699
79000	-416.75233274578886	-408.2566019983227	-400.5687301044374	-388.5498815331656	-378.8227018932888	-357.52105299701105	-345.1815257241237	-334.9265879515485	-330.68552465566296	-331.2702289300347	-325.5155177561525	-353.1817119869095	-435.3650595722944	-316.12201785137023	-963.9161740090242	-5752.595687558906	-9520.987566490967
79000	-420.759591478094	-412.91881800820585	-405.2725198716599	-393.1464210737556	-383.30055617239213	-361.7655423276434	-349.4731350422176	-338.0076835927973	-334.5154672199209	-335.2987907264244	-328.62016849862334	-355.0511730509543	-434.62076624469455	-321.0067377604194	-964.0115427449111	-5651.766933332629	-9339.593028762594
79000	-404.506576282485	-395.69402178720816	-388.6058181467528	-376.60852897369807	-366.862538512214	-344.73637363376946	-333.06252910293244	-322.376395515852	-318.6714152963368	-319.084162529396	-314.0836454610692	-343.79797499429293	-423.2393943992757	-304.1854725363985	-955.0960694471794	-5870.217186373462	-9604.631443601022
79000	-411.25047373403106	-404.44121283595774	-396.1100589423847	-385.0010045779662	-374.3326168717971	-353.36180948249154	-340.7834012724549	-330.8141810120595	-327.1637859687385	-327.5722491324167	-321.00744807114603	-350.774156849509	-435.64612593224234	-312.7127508379098	-982.8619407384831	-5725.642267607082	-9449.622197376162
79000	-439.5324769819198	-431.0359827950265	-424.2531313630819	-411.569073749778	-401.7644882021597	-380.78031640960273	-368.8098063978302	-357.91057890591605	-354.04691784840924	-354.8600712277202	-348.07792418117873	-376.44555410575003	-463.5148513450014	-341.0518614348096	-1017.0116980643272	-5622.59504527749	-9167.668590720794
79000	-438.5854393326247	-430.14932174040104	-422.90779474589993	-411.11915136525613	-401.4068562917711	-379.81049567432996	-368.2839188969338	-358.446162064141	-355.2083316390527	-354.6803664174286	-352.34689965596533	-392.1642404802241	-484.62445274435817	-340.591614721563	-1074.0400163818972	-6082.076921729742	-9951.256490476155
79000	-435.8514171805961	-427.4972268263874	-419.4316407585264	-407.62503209072827	-398.09750086315313	-376.3618378964463	-364.6024838058417	-353.5999972918654	-348.4157503083387	-351.0538310127239	-342.6089296237786	-367.8768309547293	-449.00389791284067	-335.9502245524309	-1024.5800021158766	-5858.0018540530145	-9542.489584424884
79000	-458.67406515239816	-449.31693213831585	-442.482055178758	-431.8487457639967	-420.76863358986935	-399.8579382093037	-389.46469773099193	-380.38038471469366	-376.640133358903	-374.53903783106773	-374.43923960829534	-420.09500288886403	-554.9756391477063	-365.90298697580863	-1109.9673332821033	-6044.892677114413	-9784.376041007812
79000	-431.88593016335903	-423.1827567398022	-415.6337234689012	-403.7128398540177	-393.7602844157964	-372.28354553282605	-360.52453680166514	-349.20809146269517	-344.7918529727562	-346.3706876396606	-338.39100990856247	-361.8591809744894	-442.77961994132954	-332.1119227012855	-955.4441867190956	-5668.777344767193	-9215.092822446064
79000	-399.1012598147237	-389.7441409658482	-382.75883633107543	-371.33472860053337	-361.65576902685456	-339.88665690101453	-327.5245380807013	-317.33038067740716	-313.3601970517406	-313.3439638187079	-307.1412943862907	-336.27852098730324	-423.7832535700124	-299.51797162577935	-924.2788048527273	-5716.887816459215	-9420.28339014869
79000	-456.5734997157	-449.02852502879784	-440.62800134680646	-428.6336204468114	-419.53312144957226	-398.20089218854747	-385.44285634666716	-376.4041405689194	-372.0939057965812	-371.74775844572116	-366.9843280876883	-402.89826813757367	-513.0810684010908	-360.4539573055623	-1075.8882085490154	-5794.701748279737	-9422.320920556618
79000	-428.0863147255924	-419.74507770704037	-411.99831435328	-400.059523144271	-389.99638792674244	-368.98604260425947	-356.77486567030354	-345.61161342055834	-341.74850200647114	-343.12693786052495	-335.1379451320545	-362.04619383864554	-443.6459160238057	-328.18227861526293	-1018.1153472445529	-5793.394319081151	-9441.384281590956
79000	-457.1759128254838	-448.9856431101405	-442.170440713148	-429.76664188021164	-420.90387366600845	-398.8189652528888	-387.5477268345719	-377.95544006086766	-374.3482466321877	-372.0504845368683	-372.11787015780635	-413.6378399149929	-522.7872642983805	-358.94744670060817	-1110.229709040993	-6057.795990161901	-9731.738989739533
79000	-437.8828777398248	-429.26741867296056	-422.10850400682403	-410.0256334157142	-400.45577538447276	-378.65439184326533	-367.8073967724406	-357.10676734976613	-353.716613816739	-353.0968514947924	-348.8757255111677	-382.34214536072153	-484.9101333474376	-339.46127892451716	-1054.27983752468	-5871.143325716007	-9524.528759976616
79000	-439.8568177866982	-432.20558682760867	-425.5077878005654	-413.0793443000308	-403.16032707695337	-381.4088768502337	-369.84973860426896	-360.1377711248078	-356.25681810007416	-355.55629727212124	-352.19213767028265	-388.31165626333586	-482.5070716114804	-340.29062737223535	-1068.7842839920072	-5996.684917833187	-9684.525646960983
79000	-416.5252544269403	-407.8949934480779	-400.77829943424496	-389.50000846432897	-379.34422408732394	-357.3059624775511	-346.1634210250114	-335.17693731855513	-330.5476361060042	-331.57816975873055	-325.9970481237986	-357.14410699527497	-443.1270541759942	-318.87895269033584	-994.3264398878855	-5978.351886729249	-9664.597712130015
79000	-406.3360929916775	-398.30009021830125	-390.753522077685	-378.8892247246105	-369.01981986784637	-347.21932133036	-335.555840564031	-324.3125160975533	-320.18461262323143	-322.1728244752313	-314.9642323541548	-341.56178147883503	-425.1088614737333	-307.50202437317085	-937.5061724623	-5762.786159269668	-9512.106256554498
79000	-423.6001935816389	-415.6591911247294	-408.57539011594525	-396.65167620776685	-387.12144481590474	-365.14370255231006	-353.9824426618311	-342.7500646519275	-338.36197668135543	-339.983039408308	-333.86964885817326	-363.4399781957923	-445.89495617972915	-323.45380470140515	-1001.9076376476542	-5708.626936110234	-9411.66397743599
79000	-474.43390632255864	-465.6637116635029	-459.19870799960137	-447.2674283409651	-437.701717412477	-416.6559433479413	-405.8931838052961	-395.69143931064934	-392.80095949759965	-390.85818166274464	-389.27771984368115	-431.4550305710439	-551.9828652817048	-377.7695704997662	-1181.7049680905345	-6032.371169130446	-9658.194191784154
79000	-432.7114648402656	-424.1668671518142	-417.306253837882	-405.59538386417114	-395.36668741136765	-373.9793516012478	-362.50445604809323	-352.67265347955276	-349.3867291336759	-347.38715584758353	-346.59386357504764	-385.72493793755035	-482.98605259405247	-332.4055931456333	-1049.3535718170058	-6328.130395739638	-10166.854508708895
79000	-429.0774699983453	-420.75122533989867	-413.11688003025546	-401.77371892367864	-391.5706989519414	-370.2704516323973	-358.55201635797056	-347.9875630698151	-344.4553459514884	-344.6041742965204	-339.9070305019945	-371.649570949513	-466.4302073023434	-332.28418830768663	-995.507693521558	-5897.798635026099	-9585.17851524883
79000	-406.9057880029599	-398.71493278316774	-391.0444797239491	-378.9779502960504	-369.22152282304023	-348.41286824668293	-336.0184192852716	-325.20252824365605	-320.3934830145304	-321.4942297236341	-314.148579294335	-340.76750383926185	-428.5408340851099	-308.49416586605366	-904.0013481480698	-5498.956797672441	-9079.083265691048
79000	-441.4722949583074	-433.1313731564392	-426.6559944153466	-413.9720711017918	-404.095649130384	-382.5316155393578	-371.34008685750626	-361.51473150039584	-357.84947200567785	-357.78925763051063	-353.3228378775524	-388.641325342912	-484.5792462520359	-343.2413753546422	-1066.6274429997138	-5914.162832797187	-9673.616964216511
79000	-415.0804874978481	-406.7329482872564	-399.9770461538022	-387.53342185437157	-378.200954676983	-355.9138797894148	-344.52343697082176	-334.53906495872826	-331.4697292226192	-330.5119008892834	-328.36757890214665	-364.44461064126807	-455.6287021050858	-315.1671657908549	-985.4206961299562	-5992.029284645319	-10033.956060571996
79000	-456.10034371951934	-447.9918622904957	-440.2717156790971	-428.6519239646632	-418.64698031333705	-397.1145356654206	-385.1826553049123	-376.4977313468676	-372.6295819708016	-371.1616137523315	-368.4247049916671	-405.8212771049725	-503.86592318137264	-356.85133213150255	-1110.3750426029537	-6146.853212421506	-9846.269972947735
79000	-456.6264711301449	-447.8575602090588	-440.8160631675209	-429.3338131498044	-419.78947808263297	-398.3528555443041	-386.8588704834651	-377.1276453959969	-374.1299982722492	-373.34650731131836	-370.9996007953186	-411.5363718428194	-520.7832531174844	-359.6567769099806	-1122.9129240907473	-6067.468689350697	-9816.459192270995
79000	-441.7534264933048	-433.6070116028235	-426.0863716899332	-414.1615101097848	-403.77338223847295	-382.2569268902244	-370.71579655366577	-360.2917329429619	-356.3477010066813	-356.55075216247195	-351.7113038776286	-382.4818864914747	-467.525449053522	-341.3978030783137	-1050.8958421262164	-6105.953960943673	-9673.922918163027
79000	-472.3646962384314	-463.7849527526945	-457.0060376710748	-444.596608006741	-435.6683555839003	-413.93258480359657	-402.1015173554664	-393.0306178257224	-389.4018848399225	-387.6180602440674	-384.9529408546901	-423.9434782106439	-532.8519144976319	-375.24147209707616	-1126.5113390354393	-5888.849615415921	-9594.314540329564
79000	-456.8573098965497	-448.18293039237614	-441.38558874610527	-428.9597153565071	-419.8440019019269	-397.5267105632623	-385.90208252816444	-376.3747321910616	-372.8531562011624	-371.9860516294149	-369.47089862622835	-409.2870397293481	-504.11112799394704	-356.89335658884784	-1109.7345790350016	-6228.442583014734	-9919.113491662996
79000	-445.81674908486303	-438.43978806396717	-430.58128735415033	-419.1870200063487	-409.01600043514065	-388.03011324247996	-377.0873999346052	-366.67510236711587	-364.05357711812667	-362.4377779837682	-361.22756651754867	-403.1780385752632	-502.58768395449744	-347.8302669886763	-1106.320655798072	-6255.692142574428	-10030.624963105161
79000	-410.93836616085633	-402.79361182374663	-395.8825032870955	-383.3829141638736	-373.74328595544745	-351.8487637097776	-340.6726629210206	-329.44011583902176	-325.9861316167385	-325.4198556803279	-320.7841181459539	-352.2735461896154	-438.2100472033936	-312.41246976766024	-983.9866237048444	-5999.424965383477	-9832.1544099043
79000	-463.1264291900335	-454.2774275650961	-447.8416646390496	-435.1633992455826	-425.9883084644228	-404.3743193810024	-392.90511519102597	-383.17827516991173	-379.448140658142	-378.97615906021986	-376.01276196521076	-415.39468490316784	-512.5062746847344	-363.1761316484916	-1162.0470503741872	-6213.871214112865	-9893.595702195194
79000	-427.20533666010516	-418.69248450323494	-410.9546704137319	-399.61582183546034	-389.23245360897903	-368.39728322005567	-356.3376528196302	-346.1312443242016	-342.56482027701037	-342.26323884384936	-337.8640157720729	-370.591028446193	-471.5438076593539	-328.1160602803863	-1020.687304949541	-5842.870825491765	-9542.228350756144
79000	-457.2790013079389	-448.55016560338026	-441.75828143963344	-430.0390468011252	-419.5478505616329	-399.33697160357724	-387.04633895906056	-376.22549961327394	-372.1360925931374	-372.88835414601215	-368.04098194736173	-399.18407460739405	-505.2724050132698	-359.4387547374666	-1059.3826126220968	-5633.110783943239	-9254.528659203537
79000	-454.30443262002956	-445.76194109195217	-439.4456201913245	-426.5461514631627	-417.151338719532	-395.45547660492963	-384.91259348795893	-374.86867406654375	-371.9563197329019	-370.5115298174689	-370.8155466428368	-415.5340648587836	-534.0665259838701	-357.6272354107122	-1137.547263251774	-6115.427731674238	-9892.338427555394
79000	-419.88123080110853	-412.2907103907681	-405.3098487444964	-392.7590518059985	-383.3013234607311	-361.34680549786503	-350.12465526888985	-339.9364752773299	-337.07091413034544	-335.77495699111154	-334.83372511433686	-374.74095412312585	-481.8401412794757	-325.3840763256926	-1023.4826825803862	-6026.755507153719	-9958.09294120635
79000	-459.77863129228	-451.4836210968571	-445.2647191262841	-432.10952437379296	-422.5664673976094	-401.13796596245186	-390.2877671484016	-380.5752375068998	-377.78278947919745	-375.72874977013913	-375.3927901173559	-418.5872463712749	-536.619766222786	-363.5594006110922	-1130.8353167678965	-6177.132084785243	-9911.654597240913
79000	-431.20931909473876	-422.58500942970005	-414.9499794915975	-403.806171452503	-393.2264088732724	-372.5197784169325	-359.76323038080284	-348.3118913490557	-344.43781737297314	-346.0149631305832	-339.0754010286665	-361.72631096249745	-441.7692603655994	-334.72279026304557	-948.3463884310929	-5682.677025723989	-9148.682864509767
79000	-445.11651048242675	-436.5070727951637	-429.1154219658145	-417.25505766513095	-407.6732939853984	-385.83153305440015	-374.4641142795072	-364.9793062112381	-361.76851569254165	-359.48910397375914	-359.2974127685405	-399.6831509467527	-496.43522815469305	-344.31115992124603	-1097.473032917956	-6166.075258286116	-10023.10598435833
79000	-399.44154632125793	-391.1185510343959	-383.6419656927798	-371.5997945344918	-362.44525135048417	-340.290073351941	-328.202237748453	-317.27547271340234	-313.34185985327736	-314.3825109532127	-308.3772459562567	-335.6641266764551	-411.56970015268433	-299.5275345605463	-906.2204772417037	-5753.197007346118	-9531.830996745715
79000	-429.9191217801816	-421.0348780268393	-414.265127200309	-402.8926196580568	-393.2958792305188	-371.0258268934836	-358.9346054427706	-350.1030977784432	-346.34216630837994	-345.1547899629332	-342.97631633061275	-381.7086528277007	-478.701143436567	-331.6182737865978	-1050.9509338646146	-6173.821210410165	-10080.720233240649
79000	-423.2069454581721	-414.707414447695	-407.56195986410404	-395.6971347283901	-385.48265771637364	-364.54497688672166	-352.32642358711416	-341.45396456094113	-337.4426252066696	-338.1968923602038	-333.3759646500493	-364.4063913456114	-447.85945868248723	-323.3774282846525	-990.3104113263859	-5848.730753697869	-9594.511890053573
79000	-436.16189713983795	-427.1964910560589	-420.212048226062	-408.3663700891781	-399.07358548052656	-377.2245226447507	-365.74161971423695	-355.70523893074056	-351.22126949138544	-350.89902539697783	-347.88491437501335	-382.86976802015056	-487.2747957688699	-337.923846310418	-1069.271049980777	-5932.963424284117	-9609.205642872266
79000	-465.6140704148995	-456.8951112673906	-450.0373095010138	-437.4680246788082	-428.6690074584482	-406.8360041729133	-395.4810673737572	-385.03073153467886	-380.71362230508396	-380.86065681205486	-376.07444925677004	-409.54165328264264	-513.8771116219164	-368.8120530142309	-1099.4064601468579	-5827.53004257434	-9323.048566801452
79000	-463.4181853327725	-455.78179343028967	-447.9406985084326	-435.0606690376352	-426.12396807707813	-403.93038926832384	-393.8426646176169	-384.7509779191571	-381.8146145147305	-379.1757259466648	-379.70872792044355	-424.513659093188	-539.2891436483793	-366.07597388935585	-1151.640285933449	-6191.629462119312	-10068.438844027916
79000	-442.8514339166846	-434.1195453559517	-427.0215503287779	-414.8252989276517	-405.4819962554759	-383.9451259528098	-371.59018980457944	-360.4917078765039	-355.8933976865891	-358.22213873105426	-348.09070659264574	-370.57640873508393	-448.4786872649955	-346.44606107454047	-949.4674176614693	-5421.076306927863	-8868.906498137687
79000	-479.67361163495747	-471.70996297756494	-464.73068546690905	-452.722720374455	-443.18893918174075	-421.3498259621805	-410.63201093077316	-401.52653428467346	-397.98548539504526	-396.08575544350987	-395.27375058022017	-439.4316317081617	-562.2602516974824	-384.7537026683123	-1177.5374042588921	-6245.528512041224	-9920.96115788101
79000	-423.7012950952077	-415.0735413560381	-407.68367824565036	-396.13900215795627	-386.8371934891013	-365.1949412831228	-353.6574211605669	-343.36200076571726	-339.9373939155631	-338.979203927782	-336.40178679382564	-373.60086831467623	-467.6201257731296	-324.8095007694387	-1017.2421974100133	-6058.679663087278	-9885.558139205654
79000	-425.3809278309116	-416.6454279744783	-410.23393250406076	-397.1332790600627	-387.7776497309092	-366.0395028405279	-355.0035673383255	-344.56195701628684	-341.30517265105556	-340.03984165677	-338.26855729206653	-374.6178392454761	-464.9624774993738	-325.565071873527	-1001.7727126362959	-6036.023054213895	-9755.562522279475
79000	-401.6117485834986	-393.9568823749343	-386.4562412919466	-373.7330830124929	-364.42515735360445	-343.11359834922996	-330.99118495994236	-319.6011672080647	-315.7049059475639	-316.8108337022309	-310.42178984841655	-339.2522771828966	-423.343446505132	-305.4992314930259	-910.9413729522147	-5601.645847678291	-9362.228581953152
79000	-403.8402028579858	-395.815610340051	-388.4003212233583	-376.0589748574673	-367.03169681097467	-345.19629486317785	-333.52338567925784	-322.4210507823519	-318.7485479954369	-318.97802216173574	-314.0921453068706	-345.7286827065576	-428.9299294203669	-303.8275169636921	-944.2791628400173	-5876.8945767959285	-9739.477636356758
79000	-431.6216424223686	-424.5110285450593	-416.62799755025065	-404.25037608273124	-395.2154136212702	-373.2237682061695	-361.499745114007	-351.7161503738265	-348.3600568745914	-347.80863545473943	-344.8988908117074	-382.19974831722675	-476.5480143628674	-333.7214430541058	-1032.1784637948474	-5959.734031562617	-9691.741468118791
79000	-435.995158027934	-427.65566458504463	-420.05770681056316	-407.55608299719256	-398.59187794347605	-377.4670561236478	-365.4501617102476	-355.5777955822603	-352.8671639434491	-351.3283238361132	-349.1951909676549	-387.3725514481215	-484.0913671075355	-335.7717788200811	-1069.6566299579201	-6057.662270427494	-9895.446457232687
79000	-407.27287351668423	-399.03394423567755	-391.84534887688056	-379.65907665852535	-369.70865607234737	-348.71902521882026	-335.7985301725538	-325.34208940323134	-321.3470034152924	-322.066687627583	-315.2676594498735	-341.41728712537605	-421.674850913519	-308.29769848776596	-932.4085469593047	-5731.163505735208	-9326.428323240634
79000	-457.29297397306703	-449.35210745445033	-441.8714896841256	-429.61701952400745	-419.7509025722449	-398.8616763656531	-387.42565832957155	-378.48219083257766	-375.9384565832237	-372.85047161774673	-375.2809780074801	-422.17918516339915	-539.3438034727681	-362.3043814759311	-1168.9170863786496	-6185.106068329123	-10156.080413218719
79000	-431.90685156707684	-423.1949802264198	-416.7340043017918	-404.2692769952704	-394.5631137177559	-373.32009014245864	-361.8864996345134	-351.9329497798131	-349.67441674986213	-347.4308201066219	-346.4867750421585	-387.3141005619019	-485.0910185299359	-332.87015179687717	-1077.4714272179644	-6022.859837529555	-9895.956375650145
79000	-421.7356688288697	-412.9640354873345	-405.75695155665477	-394.01942414773737	-383.6937362972778	-362.2387863345649	-350.1126112670679	-339.88271496424136	-334.97231488014626	-336.46083008634434	-328.3734138896895	-353.9941933820844	-433.7151745050933	-320.80842786298666	-973.9830950276545	-5668.145536899283	-9338.566975985521
79000	-437.7588783011761	-429.14486562010114	-421.7982853839116	-409.51992380030447	-399.55163602862416	-378.45435092066157	-366.4224243719615	-355.850168662482	-352.32273351648803	-352.19284001872495	-346.0780136039368	-376.38054534941017	-460.753881563888	-337.388029848348	-1032.4129515596096	-5819.349063910163	-9453.23678932725
79000	-447.7142777118015	-438.9827087759093	-432.2187430610184	-419.80518545863833	-410.7595086145067	-388.0527526804104	-377.0205620053955	-366.4550512603081	-363.4506938511824	-362.6442868208685	-358.32157909844386	-392.62292143638126	-481.5201974490996	-346.86845043256113	-1107.0679470499233	-6152.456009693169	-9905.744701790913
79000	-457.8899562515513	-450.3113186181427	-443.04060272148814	-430.3828556572014	-420.62979678871767	-399.2649791340293	-388.3941513275484	-379.615817178685	-375.9327202120029	-374.253515809508	-375.01031328107706	-421.21937832582705	-539.8917145659495	-359.8612737577479	-1190.6107656793806	-6205.738736517148	-10119.995140885154
79000	-460.75917919659	-451.6828520163395	-444.1704236516221	-432.1867529055779	-423.68424803433237	-401.72089091810597	-390.58425098838643	-381.0469853494102	-377.8939845550331	-375.66790319278	-374.97171697897676	-416.42823517865787	-521.7400298706494	-363.0102437642026	-1165.3121483818866	-6103.632225093683	-9939.730389991686
79000	-424.684389140681	-417.30277994554916	-409.22649901898336	-397.74999445104083	-386.9021496964494	-365.92096128117936	-354.4088736611846	-342.5259128007904	-337.4152103641112	-339.80925148946284	-331.4779898636771	-355.0334117717669	-437.92110145014726	-324.0476765079744	-995.1498703648635	-5764.045095991448	-9415.799536695069
79000	-486.22071423754795	-477.483355899885	-470.20720787243596	-459.1677423783527	-449.0882432986623	-427.75945983264256	-416.9045883971544	-408.27596778459093	-404.8447889648059	-401.329883200689	-403.8513344050399	-454.03223323389795	-570.2335280482091	-387.7798623120614	-1275.6670204312359	-6422.275851264532	-10276.635172132681
79000	-418.872507679418	-410.0757936211396	-403.23287890904777	-390.98640611461735	-380.9654210593346	-359.9438930973301	-347.7093200918944	-337.6888160721053	-333.19585934772135	-333.0078443050192	-328.0553722344869	-358.2994692495756	-440.52751656695074	-318.9173352285121	-1003.0309683900502	-5801.617255685591	-9526.270435440445
79000	-438.6011284986059	-429.9580144967389	-422.71353557797016	-410.5576775371045	-400.877663440609	-380.0944567871043	-368.4685899476533	-358.715558627075	-356.10759372932836	-353.87179245656876	-352.2171685399328	-390.6629089967742	-495.82257300247363	-340.4438238786732	-1056.84822498858	-6151.50759749353	-9859.207013164805
79000	-465.76553534154226	-457.0580925574413	-449.2956554925012	-437.47284245594415	-427.08528461835925	-406.9859846515576	-395.02303252719196	-384.9575666286191	-381.05246337207285	-380.99045094771475	-377.78451016894576	-412.1228161202851	-508.7945767716851	-366.06372830115606	-1121.7823390938963	-6019.26957586264	-9642.564520318992
79000	-421.78767170387795	-413.4545990812427	-406.06639120399797	-394.418607182434	-384.7241461821617	-362.4358295936792	-351.47153478712926	-340.7790630403924	-336.43327036037584	-337.5900775193671	-331.09089723230153	-360.56906696245164	-455.77718433688943	-326.72578006194664	-966.425953977089	-5569.67407413818	-9199.974160230378
79000	-432.98194131026275	-424.20530656809257	-416.8572958431277	-405.23062356128423	-395.1594716006347	-373.4038280610982	-362.1779409798288	-352.1182111978862	-349.1494198765386	-347.9671151914531	-345.2114802429929	-381.71933607639613	-475.2337267278276	-331.18758628458255	-1104.6379579633367	-6192.990444978291	-9947.106326421943
79000	-434.6166460591973	-426.5360777263534	-419.3467525876094	-407.32749355828923	-397.8999580859737	-376.11237646392107	-364.51587046616896	-354.4756870010935	-350.5404956436247	-350.2908405183432	-347.1319554369705	-383.3844053210955	-471.411285961948	-335.8275629783249	-1066.2002881451826	-5831.455857224215	-9612.209072563579
79000	-432.8111092169908	-424.9271604133885	-416.72848309183865	-404.83732567008303	-394.94175220276566	-373.47176957364434	-361.66917956497224	-352.343885618238	-348.45860257715924	-347.4069079135731	-344.74253007434845	-381.21677834835805	-474.83525836090587	-332.94764063479477	-1062.956752884392	-6044.742003589789	-9863.843747526318
79000	-443.52215983593436	-434.9054944513846	-427.3895765342142	-416.16209992100255	-405.9287060835535	-384.7719801521965	-372.5852900527669	-363.8082006674097	-361.4116849939848	-358.4728972943922	-356.210769310541	-395.46473469632144	-506.46726662324176	-345.1648486406464	-1092.150112774083	-6014.55820871342	-9843.369255734506
79000	-440.0690796980347	-432.39437036468775	-424.86934273464243	-413.57971313701375	-404.23481291869814	-382.05336345843364	-370.599322120496	-361.0290853396241	-357.55465359776326	-357.1644856219349	-353.83555142555116	-396.4653265798005	-497.5986856296488	-343.1708599205485	-1095.7241533870506	-6092.167301473085	-9924.32265323885
79000	-470.3730977011183	-461.95835567417765	-453.86633477297545	-442.27501775368125	-433.25832439182005	-411.6556884760057	-399.9139063266688	-391.3430434849506	-388.0686285454076	-384.88937954324723	-385.8415779265923	-431.9952650339583	-538.4153566822943	-370.90105066646953	-1189.6082476787296	-6499.931916674283	-10297.380176720204
79000	-419.3772454802149	-410.941953837348	-404.1375335331123	-391.778615023308	-382.5318715152417	-360.72041403357974	-349.21015247172005	-339.9526202473419	-337.02725071880985	-335.264142204219	-332.6758631705427	-372.9777713089788	-463.73952878549534	-319.65600573924405	-1037.1020707858738	-6128.825644672176	-9988.440788096052
79000	-428.5358018230038	-420.8242358943638	-413.1389251871694	-401.7537692914791	-391.5215526980886	-369.88026794643156	-358.65971490517813	-348.36208120051805	-344.7998623090121	-343.2171881751166	-342.0579042942275	-380.59799338977774	-472.28212652871304	-328.199951659423	-1088.2386298042231	-6159.486393601834	-10105.807553485436
79000	-470.4114614378486	-461.5484500294019	-454.556644353919	-443.3102057725911	-433.1655663259151	-411.81160864610933	-399.5238286170468	-390.23007920908765	-385.3244098538512	-385.4660010479754	-380.6815260893577	-414.4134815784334	-517.5473172574702	-374.3594900886191	-1160.1067356552765	-5673.191454730749	-9258.153899868541
79000	-436.4364804699081	-428.06570770213216	-420.5670500709336	-409.06523575034873	-398.75057770787663	-377.8710189503108	-366.0000553890465	-355.6501013569418	-352.0877176513662	-352.4482003739253	-347.5373172335199	-379.94564468113305	-468.55803507513235	-337.01259579576435	-1029.6743254433652	-5983.097176023715	-9731.034541748933
79000	-416.3183083202087	-408.31973030664835	-400.7559427425925	-388.83844229283557	-378.31081697274	-357.20333793709756	-345.4242676327283	-336.42176345468874	-333.1673637680764	-332.17558769035315	-329.34618273558607	-368.0803482713981	-472.84914881250694	-320.6921102479993	-950.0372911607718	-6024.856797527437	-9905.303417763575
79000	-403.81560312437574	-394.81960241508153	-387.9235800147664	-375.80008751386583	-365.4119294943632	-344.78505306208086	-332.5197442821531	-322.45996741778356	-317.9971239864672	-318.3842768996301	-313.3391943699883	-344.17167633096363	-446.4463901421089	-306.81521078829627	-934.279235662873	-5924.90976604509	-9695.334826067347
79000	-443.0224463197091	-435.0687797941312	-427.4924593098007	-415.5517562755783	-406.3066565811188	-384.579441020029	-373.75613609205743	-362.7028900391739	-360.1788409099425	-358.949317069214	-357.4924000396618	-396.64284239809416	-496.6627619267579	-345.0618204519695	-1067.881743871147	-6191.628412821647	-9852.853425204483
79000	-455.1077587435032	-446.24163559495634	-439.82584732367746	-427.5735281342123	-418.36364029165725	-396.55615219493836	-385.0327058612341	-375.35938023822536	-372.32784733461625	-370.6921144797739	-369.38864168487055	-412.15916094627323	-525.0698777968905	-356.67672468128507	-1124.0408604260201	-6268.174868780752	-10127.57233921081
79000	-452.989227651162	-444.60387765412304	-438.648045767817	-425.7515827560086	-417.0547732726134	-395.13912339038336	-384.1013684205262	-375.1436335274936	-372.82134734901086	-368.9304236562893	-371.5518922953801	-420.90317889358005	-533.5143947521265	-355.0524095238464	-1187.8099147009902	-6587.105336226995	-10514.968389857295
79000	-425.09382746576125	-415.8600704745142	-408.5890935565695	-396.98552011171034	-387.2584417515165	-365.4551061507967	-353.8421846619304	-344.30807914797316	-341.46867620857086	-340.1706758284298	-337.0660027320692	-375.0458084455883	-470.293692506763	-325.0141302999445	-1055.5190856793745	-6082.688399794585	-9994.726423116212
79000	-435.55926543204515	-428.15902572952115	-420.28868796944454	-408.43675963356486	-398.02839506106113	-376.49595541660386	-366.0444371300693	-355.3547139586787	-351.9062176890441	-350.60075767317045	-348.12821627642677	-385.67230716622004	-482.92339176316347	-337.61390506882634	-1030.0217758933723	-6096.062952484499	-9847.175443503516
79000	-412.77462008211415	-404.0656794504214	-397.3092282221692	-385.0248752229445	-375.4042165707223	-353.6873942091378	-341.71843197862336	-333.00265252675933	-328.99752633329314	-327.4048960775119	-324.8853907040208	-361.97140227695866	-462.28404360552935	-313.67915867225867	-995.0895066982183	-6023.721219020208	-9818.249777788587
79000	-416.9284870019393	-408.93625402786716	-401.6371146035502	-389.80523537499005	-379.78093918259333	-358.157528277024	-346.4873133816849	-336.8794631976743	-333.4722983370787	-332.7346139086875	-331.0495841325836	-370.22157643019256	-475.81354248488145	-324.1421425148139	-989.3712147032063	-6012.608216172808	-9718.757878543824
79000	-448.11542244514976	-439.27508315684105	-432.61948494394875	-420.6404663945232	-410.7889393614332	-389.6042786380026	-377.40946182354605	-366.95268931630335	-362.81302941009255	-363.87776086761335	-357.5470532881872	-389.19305757707457	-481.2118412979486	-348.2318977423067	-1054.051049996409	-5852.606537168896	-9341.550578710963
79000	-401.9340555548625	-392.5161572018122	-385.6713717547007	-373.96707166767226	-363.75991077686217	-342.5028276614907	-330.6114335871227	-320.07555007632476	-316.6959819885618	-316.448154995528	-312.01826556223426	-346.06617892624666	-429.34578386904036	-302.0595721133817	-936.1190118748848	-5909.241445740567	-9708.895555082285
79000	-397.79985279785944	-389.6487166740513	-382.1950123417086	-370.1098859097974	-360.7848300674411	-338.43564396684224	-326.85386114368845	-317.027990520977	-313.23501760386057	-312.5446681450832	-308.6378395617831	-342.07094603695526	-429.4915193617638	-298.58147480500025	-934.1805829474993	-5934.693173557082	-9737.292278492856
79000	-402.92108999322613	-394.16644662597565	-387.7617148447269	-375.21076496816806	-366.1049188663659	-343.9765497328214	-332.16448249667235	-322.24090244058567	-317.75507052482925	-318.2136679291016	-312.86806438489356	-342.1614409325456	-423.6316374063832	-304.62641509944757	-927.4301705222822	-5641.869599978007	-9405.889947132386
79000	-415.8987888622898	-407.22317735934473	-400.38981117066845	-388.2923466090382	-378.3659315892502	-356.91497194773984	-344.68456990864894	-334.24313954118196	-330.003871856117	-331.19150464429487	-324.5448712983257	-353.57674204103955	-441.8282979249247	-316.99954719484595	-962.22125253374	-5898.187818578508	-9479.131434221523
79000	-445.7939012603466	-437.5525571826055	-430.1590005500514	-418.4118442586082	-408.85045798939467	-386.56326582928784	-375.63664902848825	-366.8672873890469	-364.4644570598273	-361.3200703568199	-362.0801166889676	-405.4796754390497	-522.0614714649229	-348.09378759477136	-1121.8586751100906	-6153.161733553006	-10036.508252072337
79000	-439.2400924502464	-430.12036003272897	-423.48874488333325	-411.14840388729556	-400.97823584586604	-380.6423976996865	-368.2723831609763	-358.86126222427185	-354.20616577645364	-354.80243027344386	-350.53066331149256	-387.78597467507916	-487.4133038339372	-341.6496118128077	-1054.3341278795883	-5819.500453027629	-9641.82574375162
79000	-436.03288804222564	-427.25854947625527	-420.41317508501385	-408.4045558939106	-398.44591432718653	-376.8618675818784	-366.10403432792094	-355.4595784822614	-350.178721335579	-350.8340937375318	-345.90999041854275	-379.5763402543567	-466.2291061918758	-338.4081214154275	-1013.6243595171679	-5766.804825256391	-9449.498037395724
79000	-452.8127166016796	-444.53364910328236	-438.2172220585333	-425.5021767421596	-414.56388449708965	-393.3257671385935	-383.59483496565434	-374.10934018495215	-372.0894697635529	-368.57688346609797	-370.27950563909184	-419.44106782328447	-522.2476839658498	-358.613707310946	-1142.1691226922535	-6338.342048647357	-10264.986964975078
79000	-434.46048554497247	-425.0015680487378	-418.51714808681953	-406.11695727714687	-396.59765506119766	-374.5202984491897	-362.650948031102	-352.75297292487903	-348.93390904049005	-349.08731266842767	-344.04383754396446	-376.9849203845586	-464.35425437476556	-333.74262798905175	-1035.5090511534263	-5980.503912779234	-9639.161790368895
79000	-456.11977352347657	-447.1981870980673	-440.11977161739986	-428.24308870799484	-418.6848106335658	-396.62740378672635	-385.6727007975142	-375.9413017355032	-373.73352603474666	-371.73485071803765	-371.0562000374717	-414.73926962441266	-516.6650945403734	-355.7830160791561	-1165.0802274254197	-6351.507175120933	-10203.324127574864
79000	-428.9666264699928	-420.5758239262739	-412.8245226224885	-400.38976433813264	-391.04056119767336	-369.77081890979673	-357.8722771015544	-347.27959844815837	-342.6829682204839	-343.6649680382854	-337.7708301434661	-367.4751608518033	-454.011316752762	-329.78159865169806	-963.8961124436343	-5988.1260699071745	-9541.244019662292
79000	-434.9519858456878	-426.5094141016991	-419.11945382719097	-407.68882372223095	-397.819007525122	-375.99794769379355	-363.6138423895277	-353.92282999244355	-349.30419583546166	-349.68272030060433	-344.15726181135557	-374.76836628746855	-459.9444177113554	-333.8354763254567	-1051.3149457564496	-5868.023955430423	-9670.312397143642
79000	-440.0640393872033	-431.7157410677779	-424.59583637280724	-412.32762598376553	-403.2025030527117	-381.66875341222016	-369.91111404444734	-359.3512545515542	-355.7606764155386	-355.5389323324472	-351.8626237310076	-386.9461720650136	-477.7891901840012	-340.16894483696086	-1074.7003969793343	-5972.002456955442	-9609.813860023318
79000	-441.4075842376223	-433.6240248910812	-426.38734496553803	-414.3140682385309	-404.2731444450752	-382.82873001002656	-371.5439342165536	-360.57707534811885	-355.85530364214964	-358.0129382974705	-351.43519882286773	-385.19973683289066	-480.1034793920748	-344.43628389603913	-1065.6462756913763	-5774.482218333274	-9358.406557059741
79000	-447.0106352461597	-439.21062737987506	-432.2579096496153	-420.0618252519969	-409.98330819293835	-389.3029061185723	-376.9044326989749	-367.29611660864043	-363.90096631462296	-362.6292220996256	-359.4345828246423	-395.26742517205304	-492.51098624463026	-349.2979704349904	-1083.4683070404421	-5959.115292528856	-9651.088322670956
79000	-465.1387690146193	-456.5837328219703	-449.15863533347687	-437.3286662421124	-427.8802086840722	-406.6502845989287	-394.7306962220005	-386.10180569041154	-382.97528328812024	-380.67526734336093	-378.87940770971636	-419.7385147697671	-516.704416668746	-370.3490060201885	-1146.1628940937262	-6114.987898209634	-9794.6897517875
79000	-441.31727629054967	-433.1593338229714	-425.60794444366576	-414.1767056350121	-404.0598992461019	-383.380074855109	-371.66244174812385	-361.2348224376186	-357.57276866567486	-357.44152078284225	-353.28570400924866	-387.736330346833	-490.2562575484508	-344.6879596924232	-1055.7067091257327	-5859.51680686651	-9638.52078798568
79000	-382.1296246979274	-373.4187520083006	-365.95547999026525	-353.78732608376663	-344.4452206657048	-322.3319892958149	-310.61987242375983	-300.2412144665442	-296.659667302419	-296.1173913385769	-294.36904263239103	-327.51294011860034	-417.9370506693403	-285.0069763050233	-881.818773146472	-6032.856023381015	-9911.797440160175
79000	-455.1389514597254	-446.00651354794155	-439.2710629114096	-426.5708593792257	-417.08806147168866	-395.79269100183245	-383.7289652397669	-373.1901065481522	-368.2541986659271	-370.19736101415043	-363.0576659255717	-392.6501244541013	-483.0676573717443	-355.982747015279	-1054.5322892974327	-5653.770481578207	-9244.998274433852
79000	-420.0147899847919	-411.26538545296705	-404.88239847241636	-392.48545884107955	-382.2208930039921	-360.276261122873	-348.5758074171685	-338.3208130373667	-334.62076184592576	-334.6098114522838	-329.6676683502313	-360.82865920899036	-444.16793698373937	-318.7974446456667	-1000.1671870811008	-5906.820464838831	-9699.140399506108
79000	-434.1619204307679	-425.79062556653264	-418.58571757723774	-406.512022769767	-396.57809216488636	-374.91613598576475	-363.5197750863735	-354.43184054516246	-350.3683474420134	-349.56978927703227	-347.7214188102476	-384.9439801709563	-493.62823452310613	-337.2087038270033	-1029.5583727534356	-6020.11061014725	-9803.443236553765
79000	-412.59934306209897	-404.5395373677567	-396.58104707689284	-384.40200483003366	-374.2579444718134	-353.1102082302279	-341.49482482563906	-330.3877754626027	-326.0484450552799	-327.06500838091756	-320.79276826887343	-348.5536378134917	-434.00707190766167	-313.2943324473966	-968.1464105528303	-5813.808994999084	-9584.551314088882
79000	-402.25329612883735	-393.8931124056192	-387.1437595153939	-374.6153662942154	-364.44342234834	-343.0120918711965	-331.1497958304767	-321.57368270802687	-318.2262197843414	-316.99439949871265	-314.3079061892704	-349.3539465378537	-436.74516367426276	-303.67181324630843	-944.9508888286747	-5929.398497871766	-9661.100890020321
79000	-421.4428523994272	-413.3080326590219	-406.0609508011681	-394.13536553705694	-383.7017278754176	-362.83479018649257	-350.8744448938083	-340.44965633379013	-335.7010267422523	-336.9262811829445	-330.8118926196389	-361.3593921138119	-445.03018923120317	-321.66938588144404	-976.5610783694452	-5851.093099010153	-9471.593827973516
79000	-470.11300013832044	-461.28025887362304	-454.5095967021288	-443.04802200170934	-432.2775952502551	-411.07690898631597	-400.43386949426326	-391.1299240943919	-388.6172901521916	-385.2123034392485	-386.69389944025056	-434.306060375932	-539.6642662891694	-370.12612637454663	-1196.7835598849992	-6652.87858022493	-10368.188337134856
79000	-428.14400563933674	-419.32382007000007	-412.9046050092118	-399.84610411252993	-390.5062719533231	-369.113054611266	-356.4219921712561	-346.8753424528552	-341.9084086734923	-343.46999675686584	-337.65703109870134	-367.9539359734428	-450.8419110435073	-328.1033490238374	-991.4878253273724	-5827.471004248197	-9582.291836567387
79000	-452.2489369049633	-443.73587836207105	-436.69752149612685	-424.28578721623103	-414.17935683024905	-392.7703369311039	-382.0089004410295	-372.5446099996768	-369.5973932212544	-367.0727476924756	-366.1981707335645	-407.5277410043128	-512.4989355517816	-353.08114237749186	-1145.9436317329282	-6276.252346840684	-10101.204349326832
79000	-458.2706904459048	-448.9379664712392	-442.6153576219768	-430.4680730833736	-421.3854459083124	-399.53500730504066	-387.8318797792421	-378.2195125150454	-373.7973994695545	-374.0598787774708	-370.09163450426547	-405.1318316089116	-498.9398399088572	-359.89784494874795	-1116.3067050843329	-5872.616059981747	-9489.80815411178
79000	-401.1605219002486	-392.8692895697962	-385.6833209243511	-373.54145635109467	-363.9988945082883	-341.7141420953597	-330.2225459956661	-319.5079986720397	-316.6324128081776	-315.77363322937424	-311.8731771068435	-345.34752672051684	-440.6070897641004	-302.53291387701637	-933.4550475218356	-5808.653312940843	-9678.688857315645
79000	-423.57813142725195	-415.2214342528507	-407.36400498601694	-396.5735124708161	-385.6383709164241	-364.2839640757432	-353.3440745614086	-342.1178925185765	-338.59234164105555	-338.79894206476257	-334.89558640047153	-370.13797921293786	-460.30654431871613	-323.30328672340846	-1023.1149734922327	-5837.017553056624	-9567.115800595497
79000	-439.90460741150446	-432.17552972870965	-424.9926304090639	-412.5408310540507	-402.4402590150472	-381.1820334460556	-369.40113904844617	-359.67615877280997	-356.13408827876367	-354.54723365301044	-353.3380573551263	-390.76916861913077	-482.51124013395406	-339.8358938208409	-1101.6442985348433	-6284.309090928657	-10020.288780997318
79000	-431.88967662966087	-423.06306160617225	-415.87904706869887	-403.48625314486094	-393.8147488818711	-372.5986522955764	-361.08086901660283	-350.37484039801575	-347.0971941881014	-347.0415897754048	-342.94205636252974	-376.55761263395897	-474.6267715300022	-333.6405246725473	-1033.3522515904413	-5858.735486244325	-9482.593230209886
79000	-468.78240023009874	-460.0281943211322	-452.85311162247586	-441.2819542698047	-431.2488725000625	-409.5436430785029	-399.06288848627975	-387.9707053197146	-384.7203472640037	-384.9639347433868	-380.97403612794574	-417.78093834338387	-515.911378745193	-369.61327982481913	-1150.8140423608666	-5943.11807060637	-9700.89067509674
79000	-410.668553629334	-402.3743054395928	-395.2059154605142	-382.9865979526427	-372.76760080285993	-351.40358485776113	-339.5456868730562	-329.5878565243986	-325.48357047308923	-325.3400767285182	-320.3018276501189	-351.1318589613398	-437.03173540912695	-312.1125775903357	-972.3210018363405	-5969.944279579292	-9683.118548041419
79000	-404.7187883051683	-396.17155719242163	-388.6750392421034	-376.48121319627285	-366.6673713929993	-345.8293998155489	-333.07471867376506	-322.0128898574671	-317.95641323437405	-319.12656832064386	-311.60982099344596	-336.1566878017684	-417.27803731187134	-305.5256896731453	-929.6509857127226	-5572.359882787973	-9180.748228125462
79000	-426.5019640576408	-417.80935605154383	-410.7251281830141	-398.6116673205188	-388.92673741087935	-367.1613794055673	-355.6194185129625	-345.96698029828883	-343.06890139926213	-341.50787609228104	-338.7600805203097	-376.15030264163926	-470.39512364027615	-326.25173438749965	-1062.2167179593982	-5862.122401421616	-9814.412419716436
79000	-453.57687099163536	-445.4137571816161	-438.10619119646213	-426.5513315629918	-416.63775498447944	-395.73752201686136	-383.6482578530481	-373.96860863250015	-371.5238834670424	-369.74723538978475	-367.323475377209	-406.69726501578396	-514.2644783206248	-356.7074949654742	-1131.1889178340518	-6014.68296266969	-9862.703129905462
79000	-424.97799619488717	-416.942209926498	-409.04093471499215	-397.20476968265655	-386.8815515072346	-365.720663483818	-353.9393495805245	-342.9689101307277	-339.12317510733317	-340.19127400744503	-333.4620284805813	-363.4634791851479	-448.43900167899614	-333.3104546981523	-984.0046907107653	-5822.333429723418	-9449.659087179873
79000	-436.2428562288874	-427.4804574084161	-420.7004872402443	-408.21816670125804	-398.69156630614737	-377.5406867317557	-365.2757141512885	-354.76606603847296	-350.7949762930179	-351.1418425257814	-344.38659417984576	-371.93629322896203	-454.1418358758977	-336.6897310360722	-998.5260379807215	-5709.899701087766	-9248.298825104404
79000	-433.03277797428984	-424.670705809161	-417.6214082263554	-405.39382703828073	-395.81073729436116	-373.98000635638044	-362.8596511958966	-352.49939481922917	-349.13693447117595	-348.9777489659845	-344.48024869445874	-380.12307302993753	-471.9569640278578	-333.2751884556678	-1080.051630894054	-5902.896750509943	-9625.167655989082
79000	-415.2140980193338	-406.35116352263793	-399.0076881757731	-386.863772644106	-377.4036087492589	-355.88391293767756	-344.34418880167146	-334.159308781469	-329.9955365259982	-330.542460561637	-326.17093130640563	-360.27684774762287	-453.3533593094288	-315.0535240406408	-970.3324006025351	-6073.064288474971	-9818.870918273173
79000	-446.0798092117829	-438.48112737161136	-431.13700982480174	-419.4129300490166	-409.3147291913445	-387.629560936893	-376.26374355588047	-367.0257832891782	-364.11427445043057	-362.2224613796114	-358.63432471192783	-396.4036130258134	-487.6025268287968	-349.40771090545843	-1089.6765157186073	-6010.5858577128365	-9732.281823678632
79000	-444.4939819055432	-435.91527326844135	-428.9842710598411	-416.30139913172763	-406.3767191766203	-385.5230970538171	-373.2197656449426	-363.2151179548528	-358.7223119921882	-358.91622212255186	-353.67835682189394	-383.9820440725071	-477.35775685388637	-344.53299604452775	-1045.478385573044	-5728.84852073595	-9518.934868032817
79000	-429.269270703784	-420.6505346290389	-412.9991741063264	-402.21457892840544	-392.30326725482223	-370.6107227235952	-358.71061153001136	-349.47131711694294	-346.66438282159794	-345.1164966390881	-344.0775036869068	-384.4064559606018	-494.7083780796847	-332.73980011698916	-1043.4304830375481	-6077.568246487991	-9885.777976510064
79000	-460.7557455528533	-452.1451431689567	-445.31803901517725	-432.77983099425023	-423.5248804037701	-401.76028533248126	-390.20026952405607	-380.4022846624865	-376.2124483248038	-375.4965742415535	-371.920855085348	-406.47303859684877	-502.2244655871574	-362.41605356695	-1099.363728527267	-6062.739084976941	-9662.043590855948
79000	-466.9432821522656	-458.45433536181054	-451.09694248271813	-439.46393464762	-429.67657704066437	-408.65663976751387	-396.8360097957562	-386.8989525122945	-383.9942208943733	-381.9861974093454	-381.025903613708	-421.4389038864486	-524.4255723078297	-366.60234882331434	-1168.6861167442014	-6151.597666597828	-9936.59236000342
79000	-452.3087712417334	-443.9648548439204	-436.7034405864892	-425.1574698553194	-414.49567269580547	-393.3169940042715	-382.03022762822087	-372.60994635858606	-369.19325688676065	-368.8876909679633	-364.95037912835613	-406.4658083880746	-525.8942617240142	-355.43520629975745	-1122.4221473394107	-6063.4254858895265	-9808.837435168698
79000	-465.83519440393434	-459.0340668302737	-451.8146983305408	-439.83805561166685	-429.47107540191274	-409.57581901909714	-396.82973640927685	-387.6337766966578	-384.53846632072657	-382.8546621905455	-380.38463339993285	-422.25204566053816	-536.6372345930241	-369.8934219391528	-1127.6083862100475	-6115.602855227131	-9916.274527857016
79000	-386.3455463660534	-377.21565943407325	-370.3173394649626	-357.7573962171664	-348.3464773495929	-326.7452949244829	-314.0051269776292	-303.09368561108045	-298.5692132507894	-300.3794945164769	-293.07184759989104	-318.1140125289061	-393.07807463630434	-285.7183405200409	-874.409903119183	-5700.938877510551	-9380.950766731761
79000	-447.5964088849359	-438.6487938478926	-431.52689129395395	-419.82417892850253	-410.4112189503036	-388.8504754398699	-377.00082182463495	-367.41431648375	-364.02095420871905	-362.4713321291488	-361.4741974292886	-401.1872637967269	-504.06892273455423	-348.5665301970006	-1115.2480231813536	-6222.50669065502	-9982.925891011851
79000	-414.7686887040594	-406.35778455706435	-399.0123937033639	-386.94318917088776	-376.57779644043507	-355.873775886499	-343.13774036091894	-332.08769289089844	-328.7177928790162	-329.0565932229626	-322.7987473109762	-350.03808480143175	-428.0452194510225	-314.68224990421527	-988.1396813037986	-5697.297395135375	-9412.636919729275
79000	-406.8483915093997	-398.0443105986892	-390.96050286705434	-378.6746994509333	-368.86153196296976	-347.1142320727151	-335.43280710130074	-325.5314778463324	-321.4416445435828	-321.3217120937105	-317.2012458836743	-351.18419243184337	-435.1861942766923	-305.84974160840716	-967.3641667737987	-5972.998727266974	-9800.01972617515
79000	-447.84127923607537	-440.03148973080937	-433.2407970841343	-421.39309260075765	-410.575647697288	-389.6468389433936	-377.4982236218819	-367.8214408027092	-365.07868307417044	-363.8750965449752	-362.01830640987083	-402.26222021471773	-502.18756382539584	-351.8217738393871	-1100.9067155743453	-6255.510428425615	-10158.577698838126
79000	-432.5788739924612	-423.92718642334023	-416.97036897422817	-404.2382898292909	-394.66574875768777	-373.473627055461	-361.55090406408	-352.0428230860396	-348.561002730732	-348.2908775622621	-344.6793009849352	-381.3394722843968	-479.5411449093922	-332.69255074510596	-1031.2503756375777	-5959.319308428126	-9798.854313908934
79000	-432.2682324067369	-423.8098725262185	-416.6836567631182	-405.0220277703031	-394.608778572064	-373.1129988903504	-361.5673624064702	-350.3643344726821	-346.5343818723483	-347.191211661448	-340.1930398677946	-367.381101215659	-455.6831840030911	-332.6866235261607	-994.2784841797938	-5800.344430263773	-9334.462109362343
79000	-429.1603262454801	-420.58039199035113	-413.4905499000218	-401.79458921481023	-392.07081650986714	-370.61705989681514	-359.4285593656137	-350.047237386895	-346.239940928826	-345.1630099770169	-343.70240090398	-383.925597798368	-478.24694574606485	-330.2566509147159	-1088.0700418691222	-6119.288863687131	-9993.4438414042
79000	-443.1322527384819	-434.71852353422474	-426.94514528575525	-415.0558621528917	-405.99246553344494	-383.987163355474	-372.3915331504335	-362.7188795645886	-359.1081467156276	-358.38060000224215	-355.3301628155655	-392.012739125255	-491.83466460469396	-345.1021660230194	-1081.3311946941608	-5998.8406967031115	-9713.626106726822
79000	-472.64710954684165	-464.69094782110744	-457.7160485384639	-445.4962869083937	-436.1424410691877	-414.7498872605729	-403.1797537647593	-393.76460434799236	-390.7852466090778	-388.40590634859024	-387.75876426966425	-433.2973143569249	-541.9088773057942	-377.1452800022023	-1201.7495735483897	-6316.25764641671	-10180.714614751621
79000	-407.8437315393476	-399.663513292114	-391.8878834316495	-380.53253163498334	-369.9607421350016	-348.5894383985355	-336.5156372834171	-326.61521697621447	-322.68142675767706	-323.1590006011674	-318.17109020285176	-349.59488937821925	-438.1319838811131	-309.1726942168476	-967.9597181497813	-5814.72962320083	-9601.272769138952
79000	-474.3495035479231	-465.3982977138127	-459.0520406057124	-446.6353189096359	-438.12692396893334	-416.2312927120775	-405.2978607280168	-396.2661948917639	-393.8521686845608	-390.4844507063049	-391.91612391589314	-440.56205269577697	-578.5116605216566	-378.8461194732903	-1195.0937744941373	-6414.512006266191	-10132.003523442389
79000	-401.16015462744906	-392.9193164741269	-385.7516382278015	-373.5549291649463	-363.6557447211737	-342.7884344523732	-330.1783126120307	-319.103417630203	-314.89602043555084	-316.6740553878739	-308.7452789149778	-331.80096677061226	-412.19814298295876	-301.8762295849535	-900.9355501504269	-5697.9302687997315	-9281.278812989494
79000	-396.45314295684375	-388.08766709571336	-381.6135110654706	-368.58537424056567	-358.76903092456416	-337.5555756925376	-324.95459825853936	-313.85841582517	-310.102048399642	-311.5669152362372	-303.5670858471483	-326.29709371105025	-406.9240474262551	-299.90662499984916	-862.8015613510306	-5576.457175879906	-9224.123375445106
79000	-453.0295998086316	-443.8196517865341	-436.8299310584908	-425.0373414771657	-415.62996077780974	-393.4717144129705	-382.32084194353774	-372.58318748838093	-369.9057097371006	-367.96483556535617	-367.5007698939608	-408.45831714463594	-505.6552783648543	-352.53866571580465	-1110.1419051424893	-6326.32124508132	-10169.001488547503
79000	-463.15012753880757	-456.10628114775557	-447.9572785640426	-435.79720665385116	-426.86454203482685	-405.1950288485416	-393.6298784421759	-384.03555657535173	-380.6882501448387	-379.75261719237045	-377.3991759122535	-415.33198287626345	-518.0292443386302	-365.6875109045219	-1123.7640364032513	-6080.77198306464	-9829.576688784879
79000	-442.73196204909686	-434.31977109092287	-426.76592579471134	-415.02395231485855	-405.1484495780389	-383.9019320475855	-372.4103329530162	-361.85966565580577	-358.843448905016	-357.8181850415663	-356.387118504262	-396.63773751950765	-503.2191056089634	-343.4412910765989	-1109.7525796412274	-5985.610784170294	-9797.640770491655
79000	-439.17370262852444	-430.32155966664993	-422.9982489924345	-411.6602314044587	-401.2146973412964	-379.8801715402675	-369.1101413042952	-358.16437640583433	-353.6570379602427	-354.659656293333	-345.8217647614494	-372.28951662461265	-462.2462307143127	-343.40556552406974	-1009.3824443903449	-5451.110678714088	-8974.157500952466
79000	-412.0679374834921	-403.9753602935414	-397.0204467509398	-384.1421369095274	-374.64055899268766	-353.2281596923509	-340.5612347667723	-330.13457265513136	-325.2990330201164	-326.93213300492556	-319.6652576586084	-345.0640731471508	-422.8920821751781	-313.3721654184163	-945.5048765582843	-5484.668355758642	-9134.796696696963
79000	-466.40216204138767	-458.6448631626075	-451.7908871320655	-439.2653971948174	-429.34804122216354	-407.7360839780268	-396.68879720087017	-387.1936692722138	-382.82021054023573	-382.56531425658847	-380.1033226524241	-419.51108827795605	-514.7152244285638	-366.77343852358644	-1180.106512920126	-6192.173008667871	-10013.35895513561
79000	-442.5777672464816	-434.4898627797911	-427.02260327758717	-415.4206373242728	-406.45956478041586	-384.02363604018876	-372.44092159535813	-363.5131732324832	-360.31136534162243	-357.82875681983046	-358.1626902489719	-400.36004581744515	-506.70699795828654	-344.08128513343763	-1092.5954931494562	-6245.324438316261	-10146.174180171853
79000	-424.2562086251534	-415.68200954056437	-408.69306531705155	-396.68918731337453	-386.71827489396486	-365.229676858761	-353.47461215139793	-343.99174814533444	-340.88261871738547	-339.5309163671529	-337.46734109605245	-376.57222568678645	-469.71512860129525	-325.3287115223136	-1068.846641055035	-6224.444866660926	-10172.085503387803
79000	-407.09636234695205	-398.5882764474675	-391.2561571358298	-379.45451152187445	-368.8545977625301	-348.10842741261206	-336.2116927759329	-324.9539757468095	-320.7438128866162	-321.5714287528616	-315.36152571140025	-342.28758301091875	-422.5099418065023	-307.23101543376254	-939.6969332749355	-5736.996768966372	-9391.983986761597
79000	-433.7140526363914	-424.56428025300664	-416.7873050957747	-404.89035744805983	-395.92179533071453	-374.6564415691157	-362.66549795817826	-351.9558853670745	-348.6121853423364	-348.3090121016614	-342.8292135316974	-375.83099528926954	-465.71205858976924	-335.15072827886166	-1019.930518548508	-5904.662097439973	-9622.850070262
79000	-430.1194504941061	-421.4909651098841	-414.1025673385615	-401.60447248457854	-392.3544034250803	-370.63247808049584	-358.7012886014274	-348.5332707607892	-346.3930286354326	-344.56276151962305	-341.5365164424572	-377.9836055536703	-468.4140368216519	-329.8599867486474	-1061.5559619633766	-6157.637042422495	-10130.058117758037
79000	-404.9945428871399	-397.3388462639392	-389.9768694945827	-377.901760992754	-368.06797456411635	-346.0535242298866	-334.31770513494035	-323.9011011592823	-320.3534697085222	-320.43965826682006	-315.41098575452287	-346.9892174029675	-425.88831057473277	-306.55269274577586	-969.1543604989585	-5863.735923570218	-9519.6796207967
79000	-475.81581306547156	-466.8085194624774	-460.05258248615047	-447.5961462091017	-437.9196036901335	-417.15173496520794	-404.7448628723058	-394.8741093950672	-390.28422650717664	-390.7801013948231	-385.67031565191564	-419.8018153994025	-517.2647540717356	-377.24859042917586	-1147.1865923487494	-5949.341812268351	-9574.777371203285
79000	-402.026029163955	-393.2300829928826	-386.3044397822304	-373.7500634684061	-364.2898264782443	-342.8748593439564	-330.8563432443681	-321.1290961224005	-316.4851861532291	-316.8815141128097	-312.6612887090643	-344.38571132442246	-437.3414651836576	-305.26292727266843	-928.9975252245197	-5734.663817958094	-9616.610465394648
79000	-435.8180604346939	-427.17096196864856	-420.1841124094662	-407.62400705817186	-398.49813307279226	-377.3937588704575	-365.26096198123656	-355.2158667139648	-352.0780463875867	-351.2222786192872	-347.4250263420039	-383.5270230046614	-480.74436693813095	-336.40671246285734	-1068.5560384342166	-6023.67581057434	-9771.235824179552
79000	-419.3461661119161	-410.24909066097024	-402.45822390510415	-391.5837430405462	-381.11137342941436	-359.91632589875223	-348.22966425687093	-337.2052607571898	-333.66515298521443	-333.93046884328976	-329.6281104413237	-360.9369045837527	-454.9291623208324	-319.99298588836893	-972.694406051841	-6037.041025621768	-9780.317643276767
79000	-420.0021908657442	-411.5041603659062	-405.0826809330892	-392.9066976181123	-382.1448122088349	-361.1347991338782	-348.8616653842513	-339.3252044099614	-335.5558231511686	-334.80260744660416	-331.0021410539707	-364.36724123593865	-448.73432858400554	-320.67513861033865	-987.4736752294366	-6051.88127580017	-9789.710612637286
79000	-432.62910603988917	-424.8725985672416	-418.1682002086979	-405.5550939209827	-396.30206382648856	-374.2373328232434	-362.9370106920791	-352.4388721596702	-348.8150132584649	-349.032794334134	-345.00775624509976	-376.872525507982	-478.54948946413924	-338.55577464835017	-1001.7947063346815	-5781.817806286177	-9501.942386003964
79000	-441.1536836120608	-433.6313824280342	-425.7338362938909	-414.18536355002027	-404.07215727230573	-382.39611362752544	-370.6541892220244	-361.11986656862155	-358.82674964099107	-357.04593401111185	-355.37578401063564	-395.9474706594054	-495.9822129896696	-345.3351523888427	-1069.762724374943	-6261.37150407963	-10133.155269500607
79000	-465.67254881616805	-457.07021268991355	-450.3657335450369	-438.5339253826892	-428.6047723638972	-407.75982630081296	-396.3937895120533	-386.7684364537929	-383.5325970168096	-381.3685824268877	-382.76163642849326	-431.45138124922084	-551.912248070606	-367.14717670339365	-1190.3017102237302	-6459.558108845373	-10305.891412296165
79000	-415.17339748870927	-406.4536071861418	-399.17356996058385	-387.3387014157689	-377.874345920094	-356.368103913985	-344.78554008617675	-336.59916184804024	-332.74968104737934	-331.17763119177334	-330.10097016507626	-372.4709427234663	-475.27876257056073	-317.2410656751858	-1027.776538610292	-6079.018574651194	-9927.642873571767
79000	-429.01639162878564	-420.01031862475	-412.99819227778136	-400.95823799699474	-391.68304669811465	-370.00723402925854	-358.17091408083166	-347.5689828187223	-343.224078680159	-344.8907083038509	-338.6548929802209	-370.89445382398935	-464.3938849552372	-330.06493468064576	-1008.3611709162318	-5854.991735350456	-9479.242284021295
79000	-426.2253425006677	-416.98942486693335	-411.18888421262835	-397.4049241071274	-388.1560915797083	-366.60337377512457	-354.99884287906065	-343.374211285677	-339.6284641628711	-340.6003967186829	-333.5070013537272	-359.4307549085353	-442.4659171456344	-327.62645693375384	-973.1329867318499	-5603.7888851541065	-9247.054850707487
79000	-430.2473288607193	-422.346485091383	-415.74962346107435	-403.5845450350498	-393.11828856851287	-371.80793146314136	-359.3574143775399	-349.4960695759588	-343.60178344346633	-345.9889661309544	-337.62999125668847	-365.09246764445885	-452.11120632247	-334.70635793912965	-971.5701833601688	-5622.911405206359	-9274.600931534344
79000	-416.66262856227905	-408.366397082549	-400.63751235921274	-389.0904428518967	-379.2529198130521	-357.51650190722575	-345.6554304653645	-334.1448270767319	-329.456219668573	-332.03233926437275	-322.64106919456543	-344.9998323772945	-424.59894184341005	-317.14407630790464	-918.1219245089984	-5645.345219822856	-9195.333221521354
79000	-403.8242391273938	-395.09645718563286	-388.10815781362993	-376.05393040909087	-365.83275733962944	-344.5684775693495	-332.36891565700876	-321.93547564302423	-316.9645628830545	-318.73773422924285	-310.43840270565045	-334.05747275462113	-410.94880296031704	-306.32247420452325	-877.6230684011852	-5504.474877057368	-9061.164448200596
79000	-418.8441043187988	-410.6516014967958	-402.80834182888003	-391.6129638295632	-381.50302811654007	-358.62398881941664	-347.7205211377547	-337.4140470170696	-333.7159365973826	-333.607310312022	-330.3045405480008	-363.8814865297927	-450.27189648909365	-318.6327223789949	-1013.557416259342	-6055.834347930596	-9778.677155891666
79000	-433.51764312809723	-425.0982493168817	-417.74976128446184	-406.6885823121372	-396.2979208841495	-375.0706380746903	-363.8743179662944	-353.11788022217263	-350.9484446798577	-348.82632657759854	-347.1231263244139	-385.9161288547883	-492.66281379285556	-338.1558030777502	-1031.4486609981413	-5891.810447774063	-9792.908317743842
79000	-432.2068475129408	-423.33874410258034	-416.09296033353104	-403.7374811183473	-393.7777530483619	-372.60481760906674	-360.2664317026975	-349.8227252826831	-345.45824409833546	-346.8469240227435	-340.46922863232487	-366.3543185894726	-453.17466574145845	-332.4696521544146	-997.0143479750818	-5750.840128646263	-9262.402468018316
79000	-415.57587415755967	-407.96907916834465	-400.29045049294945	-388.50426657204605	-378.6958668391691	-357.3939025075694	-345.21775818109154	-335.8328590320823	-332.48188767759274	-331.6123995774895	-329.95193995469697	-366.8015841351878	-463.30720535683247	-316.8866471862586	-1020.9789176226815	-6098.254131005204	-9940.00842635982
79000	-442.8237148806899	-433.9225688601884	-427.6396454054829	-414.05377953795266	-405.0050070283785	-382.9439308007884	-371.20726467694	-360.9219984217207	-355.63551354471673	-357.3549175592537	-348.9827636341168	-371.90136887289117	-449.7674140136333	-343.95588041511047	-991.8848599168793	-5613.8989698611385	-9200.57752848804
79000	-414.7128102065017	-406.0595380209467	-399.1041152528223	-387.0329345584146	-376.96366254893377	-355.74091256437634	-344.2062386925375	-333.6650452258843	-329.4707246017332	-330.36802579632405	-324.00439288042355	-356.1781047343235	-444.7161048941651	-317.0994392321825	-957.7460902393032	-5836.620214349303	-9523.849815645615
79000	-389.22623300376733	-380.7765279378195	-373.66241748588124	-361.5273549997373	-351.68337018183956	-330.06570181054343	-317.6177731884104	-307.00022329152716	-301.72500958000467	-305.09173018623795	-294.33160130221796	-315.1183730117375	-383.9070884616278	-290.37840930073	-851.8592774105281	-5303.7972868483785	-8934.703823435058
79000	-421.62070778490175	-413.39690773485034	-406.19340059816767	-394.01899044825404	-383.8757724102325	-362.71918618177904	-351.9953177369946	-341.9004209272132	-338.24323042708755	-337.34802643135544	-334.56517461201076	-371.2578335281145	-477.7036196512399	-324.64690098162924	-1010.8494672930073	-5984.367843731388	-9831.756367911648
79000	-439.7763903019083	-431.23947699094805	-423.50907687723196	-411.13344604264785	-402.6523883808762	-381.0267117954799	-368.35793392983743	-359.0888714173275	-355.2389335408355	-354.92991571386887	-351.75761822298966	-387.92987316076676	-474.93588924646747	-341.4481001991225	-1049.4996542590045	-6032.014809443887	-9761.176223334733
79000	-452.3721638412977	-443.1556202946786	-436.53183909944977	-425.16855076070055	-414.8018399709924	-393.5290371900195	-381.5122255920206	-371.4538512392809	-367.36674113109467	-367.50829975427985	-362.8778804036834	-394.60010745731574	-486.6606187953014	-352.63274791220107	-1097.8436650610058	-5869.408277500655	-9436.483684732146
79000	-470.4347077056308	-463.2943557514147	-454.772061846732	-443.31808857521446	-434.3151899837612	-412.17915517576586	-401.6488566111589	-392.8573470510064	-391.02137394511436	-386.3336148765936	-391.0347660948679	-445.8998516368078	-570.7681932137032	-372.03415518569665	-1230.4092712831223	-6585.784873291348	-10581.258661645463
79000	-433.9907801848706	-425.2821263950846	-418.2706928436307	-406.69999535263116	-396.72982402492914	-375.1099829088152	-363.3572795807562	-354.00119998318	-350.96756377121693	-349.3557823156359	-348.13662058961046	-390.2756757309771	-491.93711369329014	-337.72967705355904	-1065.307745428899	-6135.774542805077	-9854.757212863939
79000	-457.3953747530627	-447.87355917827296	-442.72713106424663	-429.53519179454224	-420.08254962571164	-398.13264922981637	-387.11954559680214	-379.13295246851595	-376.52277648579263	-373.1481947075678	-375.63807066074855	-428.5959033553731	-545.456872848335	-361.66461406916403	-1158.1813735458304	-6496.315044764676	-10428.488188553409
79000	-418.6436507625053	-410.5670368827963	-403.2161989060642	-390.8318669116304	-381.53649693891873	-359.9328320657961	-347.7583636341559	-337.76769945462433	-334.50022788777085	-334.1968561621809	-328.63391292140216	-361.07672137621955	-460.0158944891999	-323.9450420995049	-966.352624503229	-5850.88079091859	-9579.363856294744
79000	-432.44430189587587	-424.3689690876639	-417.36288619346016	-404.7769802042533	-395.2636733733646	-373.5640356538589	-361.93635506506615	-351.56891215709175	-348.11278340675244	-348.1414600479806	-344.6467487057173	-380.144111214908	-471.3467493226669	-332.7886470266519	-1045.8845153588459	-6037.487025104991	-9781.902691338573
79000	-441.9238287160863	-432.4099061408263	-425.3867501904802	-413.5218912792841	-403.67581829618535	-382.21007761877695	-370.63551237737425	-360.5448364418357	-356.5244317800999	-356.462981557526	-351.7117038467141	-386.1221108448512	-488.8067546560496	-341.5412061900512	-1072.7334530193227	-5893.8300729128605	-9675.7050322132
79000	-430.9848552273141	-422.91743873840056	-415.8604504398865	-403.04054087179304	-393.60104585190294	-372.5541941156551	-360.4224838113831	-349.23063292483937	-345.6581674970988	-346.66145265995465	-340.3394380483491	-368.85634219484604	-456.05802614877126	-331.93644740290574	-1003.3278773753402	-5926.701310532354	-9607.9715187932
79000	-450.2845878310376	-441.78651795661483	-435.18181094421203	-423.2683232730077	-414.2318648605389	-391.95954838663096	-380.4147254134275	-371.0866515235555	-368.1737724506975	-366.86014908810114	-366.0206243745682	-407.2989134780014	-516.1601305501279	-355.46086002505723	-1080.9031377662582	-6114.868258808026	-9902.744950209766
79000	-446.5675965802974	-438.63743138361525	-431.78159902155227	-419.26601952333976	-409.71979944013765	-388.0244888813177	-377.2113466778726	-367.558798239713	-364.7365110385977	-362.2436863251892	-361.8698889635412	-405.21788450205105	-518.3808332630407	-349.2666852581336	-1089.9251595530789	-6083.71518582543	-9873.149352411448
79000	-414.02651016684604	-405.9595512066	-398.36250522311053	-387.0338426832742	-377.37410592856116	-355.26869141039884	-343.7004119713405	-333.39490382905245	-330.09819148467045	-329.4235138668531	-325.62543236462386	-359.22582401148316	-446.4333124725371	-314.6050466290191	-1009.1046214233652	-6071.633929794091	-9861.808192991431
79000	-448.6344051469333	-440.110968526983	-432.76322605198897	-420.9553740467179	-411.2655041059248	-389.68195116835994	-378.6395881443064	-368.84289033562015	-366.6031593099963	-364.0256051696697	-364.53095759161226	-409.4897149939933	-517.2968342528313	-351.4027143660543	-1102.5332258021974	-6449.553232587469	-10231.997568387333
79000	-429.24995472505344	-420.6520411143686	-413.53450853672183	-401.3669746986774	-392.10617573138796	-370.09013382040433	-358.7764605718508	-348.9917537658656	-345.43566668212856	-344.7084017129259	-342.0805220214584	-381.5239045769111	-474.4014692014725	-329.209354789947	-1055.3503187321253	-6088.737325711905	-9940.7326174192
79000	-429.23578492643577	-420.93524450390316	-413.98109103612086	-401.9600362899308	-392.42322969339955	-370.58281961898524	-358.6893849330554	-349.26553449175003	-345.8303972443053	-344.39203227844945	-342.662690336731	-380.7995049307629	-472.1405801218135	-329.817916778081	-1024.9384982598635	-6110.620143869655	-9942.53992713861
79000	-406.83723697461573	-399.0521516342191	-392.13426820638125	-380.18002478691574	-370.3001461398783	-348.644911447494	-336.83602151081516	-326.6453581151174	-321.1717317269106	-322.78107016987815	-317.652001603083	-348.3711841498514	-437.00393876570797	-312.8598567369939	-924.9757496048957	-5691.781705364815	-9403.75063140304
79000	-452.08477498509416	-442.9434189519088	-436.56397375294017	-423.9660400881469	-414.59610619647685	-393.3223852846306	-381.7164301869068	-372.2971456911277	-368.49031953356666	-367.1284855533618	-365.11784150300707	-405.58822341953334	-502.8435046091836	-352.4071930843444	-1129.8603776796183	-6245.042272500237	-10121.13757002259
79000	-447.37416384268363	-439.51639255970156	-431.93380738720833	-420.0809105067498	-410.5400542413404	-388.32850155073663	-377.6504090723268	-367.57926985591826	-364.05900498029786	-362.9501819992547	-360.67423277060834	-399.0368415503616	-501.5210217905025	-349.17577459225333	-1093.0401830274013	-6057.7255584216055	-9866.843792693948
79000	-457.1880072954167	-448.1930806759471	-440.75275381488024	-429.355671440273	-418.78103605663205	-397.52421657600104	-386.7129582771501	-377.4876298491399	-373.04903531398645	-371.59915147771204	-371.2476792947355	-411.47648563059875	-512.4563463143713	-356.76810915149787	-1126.195082035827	-6321.810880220303	-10144.654851099462
79000	-435.9440339405538	-427.6180252543248	-420.29167383295027	-408.0461388930788	-398.13929192205705	-376.4875946413003	-365.59164195562727	-354.5226913834839	-350.73488205417925	-351.2347337948847	-346.79693491958955	-380.9530923994865	-471.99815351361053	-338.0762531235203	-1011.1651205895301	-6046.66844174243	-9850.274204889922
79000	-450.38529146694776	-441.9957802424353	-435.5625273111579	-423.3006546057287	-413.2255708082012	-391.8125682803252	-380.244559689879	-370.62918972811565	-368.66372314101187	-365.32610604602183	-366.3179064612825	-411.403678048437	-512.939269135525	-351.43123756597345	-1131.444931039034	-6485.118548642339	-10396.753427611888
79000	-430.7816629749572	-421.9750842619734	-414.99379395082263	-402.5251000199594	-392.9834623903458	-371.97987873141625	-360.19944250930035	-349.69707837992274	-346.0413151966363	-345.83374867303655	-340.8654767838689	-374.24318597290556	-471.29897948009886	-332.9658287996776	-1017.9929061456834	-5970.317892218663	-9671.711509199684
79000	-440.28459857932927	-431.23274998713947	-424.0849337125921	-412.57721055877903	-402.30317982268247	-381.0732962969431	-369.7439621696808	-361.4578293469102	-357.30212931203573	-355.4372538145117	-355.73322052085325	-399.65065723474345	-499.8068990062695	-340.27472228303253	-1116.0724515427876	-6146.998520438137	-10062.02306035622
79000	-457.7093634419703	-449.3350829586878	-441.5503382516551	-430.4425861578824	-420.32411884072457	-398.9705341505879	-387.45826031705275	-378.0405140220503	-374.3592395270799	-373.53458411715604	-369.4224149040573	-406.2000418221903	-508.5550796141221	-360.1806887251568	-1100.6236309195028	-5953.829486721164	-9662.722492257399
79000	-413.00972513884244	-404.2371740253554	-397.4074855077833	-385.1358602748236	-375.6335734748058	-354.01349629925267	-341.98012273014274	-330.89680721880177	-325.7541659873485	-328.1867900656083	-319.2550561572835	-343.87980366912103	-418.54278143955787	-312.4636916904436	-942.8713930006518	-5578.928330072473	-9225.339321705742
79000	-443.8640861258607	-435.62462557829656	-428.6097176827746	-417.2497176084546	-407.0497285784671	-385.2960967626426	-373.65836366880893	-363.9572058366357	-360.87003174398757	-359.69254270717306	-359.15680557778484	-402.26289776524095	-499.96901455066563	-344.08664983788884	-1113.8161029574953	-6396.608984637953	-10340.961114147365
79000	-471.2781637228641	-462.66606911505653	-456.01572588720643	-443.4672324328734	-433.90387755513734	-411.8511495603066	-400.7835063611865	-391.7745078773723	-387.249748127464	-387.06319268521787	-384.64570848378656	-422.4224657544078	-533.5024770498671	-377.0432807786463	-1171.8412391194458	-5928.977198550354	-9626.244659118642
79000	-407.50884683097144	-398.87795793704197	-391.7703468726009	-379.6274616650227	-369.2769043061086	-348.34702165466297	-335.74567497884084	-325.3976997897851	-321.83273754231425	-322.23737376802717	-314.9026628427954	-340.662960425007	-416.7004135357492	-307.2490173221091	-922.7019155400461	-5809.969400640403	-9464.676158973674
79000	-452.0476784151952	-444.26308245230786	-436.8406668645492	-424.48080709166277	-415.0065999253417	-393.77748036707607	-381.4935785307288	-371.9945767894053	-367.20294158109954	-367.8962352322376	-363.60375521738837	-396.9710091471802	-487.18180862114707	-352.2403011871983	-1124.7787363481843	-6013.931494782184	-9761.947441700735
79000	-464.4266819990322	-455.6794228426827	-448.13695584279066	-436.3446027793741	-427.34903379418273	-405.50637574451605	-394.39910073091954	-383.98193436095636	-381.1781366777342	-380.43207745039456	-378.0933699288428	-418.3726167688363	-518.4483272272192	-364.0120451222385	-1168.8613160437712	-6197.428740685395	-9925.951417670618
79000	-482.71570475686593	-473.6557090706832	-466.82045373528643	-455.1784946346621	-445.13170223833566	-423.9294516181997	-412.4592529548243	-402.90499985059535	-398.98625361076193	-398.0453816046434	-396.29764426730077	-437.500901327522	-545.0009884321848	-382.25820908417637	-1210.5979265146282	-6278.042752919962	-9927.68710545117
79000	-444.8109850402481	-435.970187381936	-428.77928555096065	-416.7415042682152	-407.4835799717011	-386.25048408391007	-375.1530405804369	-365.62771159770637	-362.4890073638097	-360.7862915481063	-360.8834860876452	-407.1638933241899	-520.0009365846304	-348.23845800696205	-1111.2643118037424	-6178.352147838845	-10096.91576264103
79000	-414.00072486341276	-405.27958653145686	-398.7243100466265	-386.72824823338885	-376.72546405629635	-355.1184213035021	-343.2703781921864	-331.45230023805584	-327.2998329532267	-329.05135142856494	-320.9780453432485	-346.2843184299398	-419.9333508448867	-314.22419425865786	-938.1742470956287	-5617.637806264317	-9230.051336758504
79000	-442.11689411758874	-434.0696796739757	-426.53516008095977	-414.4203855622977	-404.6500226235032	-383.0155836419408	-371.8021209288713	-361.8375692699578	-358.5745299492935	-357.38855139500987	-356.0878592198199	-395.80988820162906	-497.65313732311296	-343.9239780234767	-1065.0388316376195	-6243.745971999784	-10010.417500962516
79000	-436.7538687302369	-428.2739542483492	-421.7073149912247	-408.9464868683099	-399.3504276584602	-377.64063929383104	-366.13027657574884	-356.61576521078433	-352.09979777637534	-351.76711427603226	-346.91328481355373	-379.7337033710891	-468.29855834551324	-337.79052678393515	-1021.1461482928534	-5850.094852693519	-9411.548703368931
79000	-415.77935710637973	-407.7011363950295	-400.38359769845687	-387.95757452429064	-377.9182893866694	-356.4628386642983	-344.5921863506902	-334.47216636308804	-331.4918260026542	-330.73506529582147	-327.2062391119052	-359.59659288431806	-445.6967507816929	-316.3274251103639	-991.9806295156976	-5842.1303237940165	-9573.994814398739
79000	-463.8317558077683	-455.7115842639413	-448.32416479911734	-437.4311277410536	-426.7815324137411	-405.3716402915956	-394.52361076432277	-384.85358105372376	-382.2480721902952	-380.12439170055717	-378.82668106541263	-420.61712754565133	-525.210384768683	-364.7690013245853	-1195.491048177314	-6186.729771486059	-9935.683395433549
79000	-454.89061265402864	-446.52404337834406	-439.5564344409342	-427.83205389640784	-417.71737500384864	-397.0410434473757	-384.18238756866384	-374.01030528545357	-370.8545812116501	-371.07075438835705	-365.4230327922406	-399.20654958057946	-498.24334026303336	-356.2779442685878	-1083.9500915190583	-6124.42019566678	-9841.745377637842
79000	-433.20043326882404	-424.54751472751735	-418.1401780654549	-405.5381484136983	-396.3261038163479	-374.52383742852135	-362.6626988126221	-353.24322737271154	-350.6543425557969	-348.3436729130548	-347.1683473984992	-386.1474526358944	-490.92781352868855	-336.57708802620243	-1037.7548440124685	-6232.949662953002	-10004.62391472488
79000	-431.1559767706278	-421.7727442827294	-415.2685324049616	-402.9316749240031	-392.66063073583115	-371.7828460313645	-359.98518875310754	-349.78709043423305	-346.3780477170198	-345.6088375497591	-342.2106708014216	-377.863620168038	-465.9310284755128	-330.09636026287893	-1055.9475783461937	-6117.236455356646	-9960.357221885683
79000	-419.58747603388355	-412.1062572709096	-404.5865317367242	-392.12738890581454	-382.00696542383946	-361.16250860978954	-349.7339863780802	-338.6899489538628	-334.19070165547487	-335.1579863794217	-330.64399815727154	-361.63456854313006	-449.4173708408311	-319.9624688001049	-1009.8462526033737	-5876.204083670027	-9621.587065064969
79000	-450.6514404979393	-441.8283365591014	-435.1995366361919	-423.4816939067358	-413.01781281903254	-391.76626345344283	-379.84213627234266	-370.5437736645106	-367.1778915112538	-365.03446959761396	-364.659430461017	-404.498788156772	-509.6358939285082	-351.04131163443066	-1113.2972966781608	-6403.760979366616	-10281.412330969302
79000	-442.7793945712472	-434.3438287422277	-426.2556758833403	-414.89371901948186	-404.70020353157383	-383.3419755784423	-371.95002443855435	-362.14039446002647	-358.6508488034174	-357.74286694959767	-355.1515099839874	-393.6405239697871	-493.8145988781008	-343.1512676168981	-1075.6935960849034	-6032.790331721968	-9757.974586633856
79000	-403.7360929536683	-396.2781590402472	-387.8014990310417	-375.89790349734164	-366.8411550609794	-344.99319976266344	-333.4050554764076	-322.65475277373645	-318.4806267201463	-319.0209353097039	-313.44894707244106	-343.24123350012354	-433.51815570283736	-306.3960927151574	-942.681128963803	-5714.976709647394	-9478.003737598367
79000	-424.23910752535255	-415.9257901524575	-409.0489777495998	-397.1476162117931	-386.52156912520985	-365.0361246388088	-353.97209631886477	-344.3056157835004	-341.4158051792022	-340.03254191162534	-337.8879312829374	-378.1281612321943	-470.23274951795923	-324.505673471472	-1045.4122872765336	-6181.427535408266	-10021.04410744855
79000	-469.3923653083954	-460.767857187382	-453.4026369871836	-441.79476000995805	-432.84390804320606	-410.77322120921633	-399.78909571457655	-390.9775356779725	-387.9674709206835	-385.5085431492606	-385.70635224976155	-432.0904960585887	-543.310402030926	-371.76446664939823	-1202.2588053788622	-6491.487818302543	-10217.529832063106
79000	-432.04825429998755	-424.10252341901924	-416.04542498048676	-403.8263406187067	-394.5343182840498	-373.4589012549748	-361.11230975441407	-351.8331514253984	-348.3821115102286	-346.7806506149549	-344.465294461361	-380.3764479966161	-479.393396739431	-334.24765006889754	-1046.4118504349199	-6013.319098111248	-9812.618073923546
79000	-433.5699979422691	-424.65022707446525	-418.3359668210283	-407.07485445720397	-396.3365837582132	-375.3260810122591	-363.73823460390344	-354.41862527352356	-350.5121945593435	-349.8389419625622	-346.91515878953675	-387.04988018036477	-495.05119136038485	-337.44147084564975	-1039.6620585322976	-6143.558026564415	-9897.086750527262
79000	-432.5754409672814	-423.86040340924	-417.13752666663646	-405.06780825595445	-394.8850870087074	-374.01141936620195	-361.1205103998087	-350.0291108132328	-345.5560619930892	-348.17336040344924	-338.31574376263626	-359.39254383657453	-437.5113591643328	-332.93518449922936	-954.3758561036067	-5487.008303978092	-9110.651722899538
79000	-441.8687103244007	-433.58847537054857	-425.962056135012	-413.7259440890058	-404.5689362615227	-383.24873113966186	-370.9854204683099	-362.36944169942257	-359.0632851509811	-357.187028785433	-356.8186507571025	-398.87734855567544	-502.8312014056651	-343.53222070401927	-1090.520627293311	-6191.818753184357	-10017.047770578416
79000	-409.29984585836064	-400.89996897131886	-393.5480329734972	-380.658325156347	-371.35468021123097	-349.7406445899381	-337.9849336683742	-327.51114056120923	-323.10598125305944	-324.1147265399192	-318.494766941867	-349.1086691581891	-429.59018689024833	-309.9699517804809	-943.1562636739662	-6018.208418808256	-9867.200003983404
79000	-396.27579613683184	-387.8302226797026	-380.8506461435673	-368.07190152060764	-358.49556578909716	-337.303202207337	-324.8636491839861	-314.0795381577563	-310.3153266669475	-310.60960828233743	-305.094255835979	-332.667590954663	-419.332704774195	-297.0835665590223	-906.9127955967051	-5691.9206581685485	-9355.573332703805
79000	-442.45452287749936	-433.42433138100614	-426.5719912483591	-415.0240512451069	-404.3305128027047	-383.48311652959626	-371.14920892738337	-361.5237315739486	-357.8482621173673	-357.70418671293874	-353.4532613648084	-387.5119923955163	-490.03200566073497	-343.42751281536505	-1094.1769771562438	-5744.353914734549	-9407.693414411418
79000	-426.7467534095744	-418.58300876446754	-410.4614013401643	-398.9549327242554	-389.4220104477037	-368.29621108357514	-355.4246766839804	-345.74502976067174	-342.27312501772826	-341.8962827383256	-338.353026939778	-373.78848966049594	-470.02069210789034	-329.4266348728653	-1025.3115826325702	-6052.978750118821	-9742.571857249677
79000	-463.8709928103653	-454.94899905673395	-447.89756969189096	-436.6046253907331	-427.5866095425626	-404.7934342107716	-393.5703053526555	-385.1793472155709	-381.1296527902099	-379.38037242621806	-378.6884715433669	-421.0892870944408	-535.1500047757189	-368.1304822349719	-1139.7540993070886	-6250.446624694729	-9997.54055454716
79000	-462.4520490563934	-454.1685461421027	-446.7259734318798	-434.94867891610056	-425.2882261010702	-402.54446764150225	-391.516363164231	-381.71146985866756	-378.05995468614464	-377.7875310604651	-373.9256747654069	-412.0614111559048	-506.79118841499326	-363.3619059294891	-1140.0456875665827	-6041.589219859301	-9668.251728177582
79000	-443.0510298363497	-434.9215447571035	-428.10421130611445	-415.71441537711723	-405.997835318739	-385.4981222097583	-373.69304155305656	-363.74689147837245	-360.410048450518	-359.08270561542184	-357.8426551302002	-397.9778798061498	-509.9764848130847	-348.59731243594365	-1070.8889918942234	-6138.293668937021	-9917.411733805875
79000	-460.39655825557963	-451.80861709551766	-444.18546659247323	-432.91003824613404	-422.91491737910445	-400.92881017761783	-389.4493837316938	-379.7605053640988	-375.59973467570865	-375.3841998984614	-372.9776808226041	-410.91615083157313	-508.09221913501443	-359.83795094083735	-1143.088303615361	-6268.604046178909	-9897.200618144874
79000	-414.47443267798116	-405.57371794912746	-398.3872269454842	-386.3516744631495	-376.8221175796622	-354.93789700662535	-342.8871779532816	-331.5852273158351	-327.14792513761057	-329.05914428826173	-321.1452654784264	-344.75648752189755	-426.40080654501656	-315.6207412239001	-932.9229562643529	-5516.081316580311	-9115.139063714912
79000	-465.34252571665365	-457.5141075537745	-449.98976374252896	-437.91022611154324	-428.6868931423863	-407.00815718159635	-395.0243485429879	-385.7116376414859	-382.06370369722737	-381.2972572417291	-376.9812741493672	-413.40214519593377	-505.86314732144007	-371.00651015513114	-1112.9873243577376	-6057.465862525707	-9904.114621489509
79000	-442.23772619894726	-433.90376019273293	-426.67077798718964	-414.31909369951074	-405.2926126471011	-383.6988009242994	-371.9316876805634	-361.11887685853986	-358.3433683237344	-358.0727541087159	-353.10586508983897	-387.0174343151583	-477.32149309995896	-341.66877991608607	-1079.257735917105	-6066.831997009825	-9766.206123479064
79000	-432.4939625158775	-423.591976815926	-416.78120744743313	-404.14978431006966	-394.19611699554326	-373.5059961171625	-361.065388371107	-350.46215365903277	-347.2905688872537	-347.18584596596855	-342.7646709935063	-374.33923384758947	-462.118729041328	-331.8939632348122	-1042.48146082002	-5859.203190666925	-9603.5897769449
79000	-402.2267701321363	-393.424454563222	-386.6475264762914	-374.3434826063526	-364.8406953188279	-343.0511083347932	-330.97044978286874	-320.8173751743219	-315.76557705849507	-317.00467878391635	-310.62831389359735	-338.04508313358986	-417.7151471476955	-302.14877680006686	-924.6953034794583	-5781.842665942176	-9485.210775555468
79000	-493.97205808065274	-485.9751737888238	-479.24762278417046	-467.2428658190047	-457.7256578788363	-436.1571190085333	-424.51889835815666	-415.37429121113746	-412.6993241994225	-410.5835271513676	-410.80620687899284	-459.00022398811944	-580.413593452692	-396.0660768336607	-1255.92481760474	-6233.8409432581	-9952.151051550227
79000	-460.1786708977517	-451.47450389583855	-444.95609117290513	-432.194085908043	-423.36923823847707	-401.8357339436477	-390.3600341417794	-381.0368939154336	-377.7145503574217	-376.0019354693189	-374.0331483568497	-415.195547658351	-519.3088938061493	-359.9985540288486	-1156.3457345238871	-6042.900742521006	-9818.248274444062
79000	-417.72371098068453	-408.12615107870914	-401.05112137957366	-389.13439028249945	-378.8870520817726	-357.5736545735912	-345.91796853412967	-336.0226325268148	-333.0346507743405	-331.9296911847882	-329.1756604995119	-366.954622246376	-463.28382639835615	-317.51478117675504	-1047.533229188857	-6112.073322917875	-9905.516013674467
79000	-424.235353740059	-416.0763642062312	-408.54758909394326	-396.4885685403931	-387.33299192068665	-365.0338948530577	-353.2669283530473	-343.1906116226651	-340.9774495651602	-339.85262479140835	-336.96572047715233	-375.4527112675813	-465.6500133076914	-324.9284965855935	-1046.68846689146	-6090.455804155181	-9889.802586930204
79000	-426.19769756930395	-418.12187965407264	-411.2902167144686	-399.3523656877479	-388.8922946905449	-367.60294874873784	-356.2902659115724	-346.3881050499348	-343.17157468937745	-341.9094842717356	-339.8038663691467	-377.8512631681016	-478.4631165642598	-327.0244776470269	-1030.596096864059	-6308.970798714462	-10049.78997145419
79000	-421.2086215187545	-412.31578047531667	-405.6285383412299	-393.32512311370454	-383.8582997046323	-362.3563992460276	-349.809173726502	-339.4709403440927	-335.82267451375395	-336.2046620736957	-331.9177681103246	-364.7884967331593	-450.4938543972416	-321.6173002346543	-1027.253121147257	-5994.368692317697	-9780.556351295627
79000	-418.2084714189138	-409.2572496028972	-402.16236063775494	-389.709443173614	-380.06959774024654	-358.85072873636653	-346.9627884046202	-336.18958314564674	-331.2857461495897	-333.17038508062933	-326.10506464058494	-355.41852880021895	-448.4247461937159	-319.5076714591436	-978.8007003500551	-5638.999296058107	-9270.511674415164
79000	-452.81427768258726	-444.8839970601898	-437.2079854407181	-425.1084057930658	-415.4812328105322	-394.5764869283266	-382.0726062857673	-371.84822871882386	-367.29678220721786	-369.1047412462015	-362.75689946166705	-394.6075996241646	-488.89869701937374	-353.457409569239	-1104.5679433261864	-5930.117101534332	-9505.997034735072
79000	-421.035625534385	-412.5745869920792	-405.474529464618	-392.97790153407414	-383.94693799169073	-361.8753678448128	-349.5828613593061	-339.864051406551	-336.07133970098283	-335.7384783613126	-330.8630301517318	-363.3633638589271	-448.4130163184152	-320.58046266410986	-1007.1309003147012	-6005.408631052477	-9813.43921186296
79000	-403.4301235407518	-395.3137688004778	-387.8426260753876	-376.0317136106918	-365.4943116328012	-344.4717812217956	-332.347622607656	-320.90172120010516	-315.98792344997673	-318.6322000027882	-309.57793769193063	-331.8939124541374	-402.116350604934	-305.1761296922851	-870.4132927976533	-5701.282005706546	-9210.472715658329
79000	-427.60647651130574	-417.80560523804684	-411.8319266062496	-399.40727102845347	-389.29773117766416	-368.14772407466285	-356.4648651731353	-346.095971272002	-343.09843956812784	-342.3107226709431	-339.67704227914567	-375.78984824177684	-466.11659929764556	-329.57112105110707	-1038.1432837350283	-6113.83878118373	-9962.693523136159
79000	-473.45977258168364	-464.77020792850476	-458.2631212087428	-445.4255331320177	-436.37329688534135	-414.7330385712245	-403.75541687264865	-394.19209046187063	-390.5972767363501	-389.1480037706998	-388.5926886302991	-430.4115462180373	-538.8870758769704	-374.16803154634397	-1210.2542533867168	-6278.657441052463	-10082.721886732323
79000	-404.77452933887156	-397.0152307389266	-389.4678530008676	-377.383113406888	-367.2482208189989	-346.51711722754396	-333.5624324903812	-322.1806577167874	-318.3749582930263	-319.7952131154097	-311.6679280954689	-336.66068673637585	-419.9394231496695	-305.6652531971021	-916.016716713958	-5657.658802664459	-9360.088379001294
79000	-442.28551060915515	-434.72370403628685	-426.39138178341346	-414.92965331938467	-405.4416036118576	-383.75902908813015	-372.36496440064553	-362.92672299862335	-358.80115507742886	-357.19649470432626	-354.405527393852	-390.19931874873134	-496.5976722795153	-346.78462845491725	-1094.811176768429	-5922.6673264682595	-9689.10364650288
79000	-446.8287346960918	-438.35887643426173	-430.898608908306	-419.5506447260625	-409.19677235568105	-388.0924937392774	-376.30978509836683	-366.0778691533885	-362.96959448051297	-362.2846169814527	-358.2690494397068	-396.1694768869345	-500.6005674771049	-349.66786212111145	-1094.218866570335	-5917.1936965531395	-9588.590677495427
79000	-473.68404443853495	-465.39716290204814	-457.89403177437276	-446.4404469162765	-436.3421519532879	-414.84839090789785	-403.77827217462266	-394.29558068706064	-390.95765127779356	-390.19566771534346	-386.5171248860033	-428.991578301056	-542.4112695792629	-376.43066578004334	-1182.7590694780856	-6019.085228739689	-9665.2460476028
79000	-453.5108795068033	-444.3517365875621	-437.72657363440436	-425.7990855246285	-416.685574579711	-394.7598995843921	-382.49629996084343	-372.6270336040213	-369.1930730463904	-368.43073815851875	-364.9852800128602	-399.30222172503744	-493.55529005000443	-354.06038701753704	-1072.5982183318383	-5949.895845341799	-9674.397837621462
79000	-428.8790215115037	-420.0684307615532	-413.19545678580874	-401.3466763034014	-390.6238269369421	-369.7446570348648	-358.2145606057336	-348.2712174735664	-344.85998923639636	-343.7939480146128	-340.2106531827681	-376.0372318769846	-467.67593488360063	-331.02820267117994	-1014.5510401519902	-5713.872283614714	-9521.04271027339
79000	-426.4999878398682	-418.3962967125924	-411.8285675645362	-399.5758781986266	-389.71739209758823	-368.07242858181644	-356.6016831642734	-346.91462479305414	-342.9205013303595	-342.24637120863287	-339.9978885724701	-378.50159935665096	-488.14149149594834	-328.4921349591599	-1040.7074022465013	-5971.772166432955	-9737.319167469399
79000	-408.54874468577253	-400.5748250867362	-392.8830671842714	-380.83573962798437	-370.7086792811152	-349.0700221077926	-337.19007673340883	-326.8448221107386	-322.2036184375975	-323.706423435024	-316.53055440442057	-343.295961918394	-420.86572655167106	-307.8886305207873	-936.2650877288916	-5794.93750651118	-9396.040676561488
79000	-397.25493444719626	-388.79539821664787	-381.4556596966068	-369.7152751712879	-359.7336913420915	-337.7480744634258	-325.6933050126975	-314.667797979559	-308.7406012245057	-311.7420578431011	-301.9198530519744	-320.3796671174119	-394.1470312193599	-298.9867401246237	-865.6390401021657	-5472.707785899624	-8969.792105069793
79000	-407.19414687704085	-398.82896012410765	-391.4690410477918	-379.8609601340055	-369.72778756221584	-348.1394172050286	-336.2637954853827	-326.62686666556135	-322.44075865932723	-322.68658599199176	-318.42273955267336	-354.1477077476676	-440.1652730726642	-307.81381063568347	-967.6165645121415	-5973.698105724192	-9974.957183303617
79000	-460.00829502419674	-451.4634523477121	-445.54749217295847	-432.3287551497074	-423.233028052045	-402.11165141049287	-390.7889528648833	-381.46009716284334	-378.05214929060844	-376.4564368179689	-375.1789134204319	-418.37650156194417	-540.018798859893	-364.361160617163	-1131.6178398566346	-6204.743805130617	-10058.20985955358
79000	-431.7108552869479	-423.64844542625264	-416.7296940802012	-404.65112593651145	-394.57904402774824	-373.1150105442493	-361.8905959669125	-351.44583892683994	-348.2648849744836	-347.3911335786231	-343.7342475880144	-378.4699308313025	-476.1139762090977	-336.24675976000714	-1042.6731822039367	-5948.531110179677	-9671.928934379092
79000	-425.8646693898763	-417.65906587357233	-410.7010354931826	-398.9101230335714	-388.3161250412332	-367.51602947067187	-354.94216656352563	-344.35665458989007	-341.14372317745955	-340.65674437026087	-335.0707379891275	-365.1209616043509	-448.8815942142718	-330.10384921971087	-996.9013995007671	-5946.148460432906	-9522.770171381782
79000	-442.5390977784725	-434.71112528324585	-427.44587779082775	-415.2209887772351	-405.7898942616659	-383.98131612539976	-372.99363536102675	-363.7804393749985	-360.3089004821572	-358.360502966734	-358.6314971489068	-401.57499349735787	-500.6389037715232	-345.9570667958304	-1112.9919035235482	-6252.000858445463	-10117.675164577191
79000	-429.91048166786476	-421.6521563273798	-414.3464699462581	-402.35580522907946	-392.44193869551333	-371.1820061895445	-359.7080152467631	-349.61345189412964	-345.5750443047751	-345.48914475440847	-342.7191319497536	-378.7284795499677	-470.90241365015345	-329.37408955083635	-1080.3651855750272	-6176.422546024301	-9967.06935427895
79000	-429.015871680031	-420.7059104515401	-414.01754515778345	-401.82707395349405	-392.4889948056905	-370.7518342999384	-359.6450821081326	-350.3387524235779	-346.7078799216089	-345.08334871142875	-345.03447174302516	-387.7518630757591	-494.0388577516923	-331.91316798830513	-1070.0237237339904	-6201.005343441865	-10150.608383209186
79000	-412.7028821117996	-404.88581384752865	-397.4395466767947	-385.03017750268396	-375.46968135748523	-354.2585082266815	-342.00696888143864	-331.2174650150379	-326.928963177908	-327.9173380960395	-321.8843433322734	-351.0514903791459	-433.1551484953724	-312.88930880781993	-981.6395435555207	-5711.4674696594175	-9489.728475507221
79000	-454.9791626322637	-446.18653003922185	-439.1352076236772	-427.26433046502484	-417.15272253487603	-396.0162604095019	-384.685593523385	-373.72076660954497	-369.70785850097644	-369.72047428399816	-365.30013965620975	-396.5337350484269	-492.95364058263607	-356.78982235491793	-1067.134112414135	-5959.992606284368	-9535.443240732497
79000	-449.3070301632774	-441.3270019869981	-434.11024191903385	-422.08431651392164	-411.6501238648139	-390.22519931582366	-379.1064629180578	-368.59551060530043	-364.1574474352382	-364.63075543145453	-360.4300506325698	-392.8387630748576	-487.58244961680504	-351.668239253496	-1079.2367995246636	-5966.0442454349195	-9686.19182192578
79000	-409.17541876552866	-401.00232963082976	-393.85570909986876	-381.99585414189585	-371.5278562683349	-350.49548675933994	-337.8103212151812	-327.29415842383156	-322.74727204652055	-324.39817134579533	-316.06397835638325	-342.6521109308825	-418.80188288305754	-309.8355735834722	-929.0672130618677	-5605.784761417932	-9285.09211560498
79000	-457.3269972514479	-448.6942009754948	-441.2882791313057	-429.02858528012905	-420.50208249814125	-398.72147536233547	-387.6465679318501	-378.35885102046615	-374.8591214453544	-373.1201827382105	-373.26431861278604	-417.76575496522474	-526.8384879849813	-359.6778515315508	-1148.7664307876364	-6234.237904193456	-10108.488582061522
79000	-411.33435198929277	-403.2378895048998	-396.0575281550269	-383.85331998511947	-373.632510207474	-352.4001228935473	-340.7077073672726	-330.3430951754975	-326.1824612944542	-326.47281977079916	-320.7148659664611	-349.7097349570793	-441.6380674881899	-315.16293503398856	-957.5437979973566	-5766.648351497052	-9563.427052632991
79000	-423.21851067524983	-414.7740096356971	-407.1841168844995	-394.9794550532215	-385.5299040997411	-363.81129707246737	-352.8664417176519	-342.3650897048584	-338.4697610914814	-338.17819014218793	-333.995621737965	-368.79119871312764	-462.1286755043506	-323.1502909134203	-1032.6905904301632	-5897.049057045392	-9669.1611735617
79000	-440.4498376398377	-432.43662812606783	-425.5307090499925	-413.26041975379906	-403.2671560961207	-382.1347173994485	-369.6653357844611	-359.1148307102164	-354.89658517677566	-355.67584617920454	-350.2775856543032	-379.7104119119656	-466.576973139607	-341.3578207447194	-1071.8680666371852	-5733.465828050509	-9360.273902561414
79000	-450.6412745434967	-442.57642160838094	-435.5704253542661	-423.6007908278027	-413.6072755342403	-392.03410909471035	-380.82619914374544	-371.89741392682123	-369.7108322585055	-366.1356580809774	-367.94260229648734	-414.1446356715979	-522.791209101702	-351.8369700185875	-1121.8155079395735	-6399.003261253138	-10350.106715203192
79000	-440.98877808522275	-432.32899103189897	-425.26662970630986	-413.1307060790198	-403.6097961161652	-381.33818674618686	-369.4729732061836	-359.2991030948572	-355.4558223400553	-356.31561559173514	-350.6761968433837	-385.56246009543213	-471.86292949879703	-341.54863964296715	-1064.6993746050487	-5999.249983646723	-9696.440572137675
79000	-485.4418490399479	-476.6463230337467	-469.3834599007676	-457.4441218990992	-447.8902175156041	-426.78567397774947	-415.5259322899644	-405.5176964474895	-402.1847768273115	-400.7515677821745	-399.0005105220224	-437.08916411857894	-541.323123684348	-386.0551456914499	-1220.928286926489	-6109.386663001532	-9780.942007048374
79000	-463.8251980438531	-455.5536827959542	-448.1069705833161	-436.2019667474914	-426.3441645455209	-404.5369163056358	-394.06945450652086	-384.3049443345139	-380.77310454576167	-378.97012514900604	-378.57839853432523	-421.8768523702781	-527.9400294758763	-366.2375718022489	-1189.5372232390673	-6260.273084765224	-9997.595664433915
79000	-414.3026144043121	-406.47535190233225	-398.3099174176228	-386.39665736793484	-377.0335771076011	-354.86340279472773	-342.4266553288951	-332.8314591919024	-328.6311289000851	-329.6829817728209	-322.3703275447585	-350.54751836576344	-436.5471708979197	-315.31024446163894	-946.2359748623887	-5810.550218224916	-9489.966606950627
79000	-438.57378465463876	-430.38713567177695	-422.7087262103723	-411.3376632283631	-401.5229402834292	-379.51152593876895	-368.1497306080345	-358.02739773246316	-355.0014963243532	-354.1447772924959	-351.28999557433224	-386.1331033682903	-476.41329262191636	-339.500371569678	-1061.6982384148055	-5912.106381209077	-9688.902768072923
79000	-418.7311603854695	-410.4110639326436	-403.43745783922765	-391.1537163264163	-381.78025212025483	-359.44518466964945	-348.46037215683583	-337.5491199764176	-333.06817807720034	-334.07660441103343	-327.7365770205444	-357.2210062032857	-448.36453350876616	-321.30581875289704	-980.1135629330187	-5677.701258997866	-9398.456439284144
79000	-396.6844115338428	-388.11312484341505	-381.0395331717618	-368.8052896222895	-358.5833177378358	-336.9298871109983	-325.1684987784359	-313.816267416932	-309.2898988958715	-310.9995733709459	-302.94182575513804	-325.98198652669726	-397.490597099679	-295.6759968670279	-900.6575797674707	-5760.54881279584	-9400.822342475725
79000	-422.3423069857654	-413.9471854137996	-407.2860037008423	-394.59154287929425	-384.567323287313	-363.00042640530387	-350.92733291788574	-340.97132620270696	-337.01182148209483	-337.1480729767273	-333.35173003530014	-366.2846805447284	-450.57851573168637	-321.7139116219652	-990.6233805427016	-6139.388474885451	-9981.626221426794
79000	-418.42432937468305	-410.0435701754991	-402.4652199373906	-390.50922148452617	-381.2355624549027	-359.894037775149	-348.09352077829715	-336.9081090628408	-332.61598451923146	-333.73287907343894	-327.5833433475888	-355.71065394273245	-441.07252140798306	-319.8449266477445	-987.4758648385954	-5701.943396783487	-9374.636796368273
79000	-447.6976817973348	-439.4390746430786	-432.79452016245574	-420.51110501712674	-410.7119927152124	-389.3565700153324	-377.8399717247173	-368.4107717266175	-365.4534095030929	-363.0681574599697	-362.53544488415355	-401.66147971359766	-503.1285126362729	-350.65312936977807	-1100.293129435839	-6179.786947609373	-10209.717485744302
79000	-415.7991927564585	-406.45020985279314	-399.76333543723405	-387.0899175395955	-377.7282227773062	-355.67794485419705	-344.5246311385847	-334.6420373417762	-329.66727722773527	-330.6053970219689	-326.5089813235636	-358.92900703525726	-445.4728070421704	-315.38465594177137	-1000.4339460459335	-5877.759027044212	-9657.615249014008
79000	-445.7623458403953	-437.5072637720242	-430.6567634184876	-418.3402308549581	-408.99316214142993	-387.1580658782768	-375.09674721283034	-365.06251886820684	-361.6238281728787	-361.70239747561027	-357.6626453710085	-394.66386684688973	-492.6220040864949	-352.55123743552787	-1065.2996643117865	-5972.085520112158	-9604.149851511595
79000	-452.63372655141393	-444.42397115355107	-436.33303931442066	-424.9424098728284	-416.09086568770743	-394.5286254427696	-383.46016700248356	-372.5869596030702	-369.61507329547914	-369.26864222260275	-366.2704233563514	-405.54279905558997	-515.1942878651249	-355.2020236511511	-1105.907829539336	-6216.803076647718	-9938.260071082492
79000	-447.24465940198445	-439.35363584144795	-431.9692151456399	-419.6592403308408	-409.8831969590463	-388.8282463124397	-377.8015282121873	-367.87011382681953	-363.40109910261134	-362.84318033146	-362.3809401738264	-405.3522904179293	-506.91307089530153	-349.22151164286635	-1121.6916520735756	-6219.359838098622	-10142.794964358267
79000	-457.92915350170273	-449.36962974234115	-442.4234465637408	-430.2552704233932	-420.6217691407053	-399.40232278411395	-387.7654689262874	-378.37648300153364	-374.5998677770646	-373.43166620066256	-372.5143105367745	-413.8171483891693	-520.8418158482631	-359.3084241710669	-1115.1540587594948	-6074.827887905598	-9828.151325419847
79000	-399.7458834526277	-391.800487182561	-383.8932326701302	-372.07293100105585	-361.72397381600035	-340.68239295999797	-327.67953944812666	-316.43775545384716	-311.02214530319753	-314.1957013055618	-302.8100442089018	-318.22729416274717	-390.96554832811586	-299.95239360941446	-885.0200893711055	-5151.349531992454	-8705.880139838471
79000	-448.2230266635839	-440.26759365486134	-433.05358188407223	-421.4715855434106	-411.38363734977975	-389.8968158627063	-378.0837682929328	-369.10326627278675	-365.07721566584706	-363.92302692780504	-362.4061410258633	-400.7120120265013	-506.36915923757243	-349.05333472522204	-1084.6463159700809	-6090.022283337354	-9830.744082995092
79000	-419.49690147838885	-411.3512274554355	-403.974066182842	-391.6941958439123	-381.72837256475873	-360.16386376821583	-348.90924552514105	-337.7951929562427	-333.49173315726523	-334.3421089708864	-329.03580607899835	-358.1570698753812	-445.23180099716996	-319.5313985453322	-1003.8645420078857	-5925.560714230346	-9688.798819372405
79000	-445.6346504134492	-437.1288484675791	-430.17330373588385	-418.3993463160791	-408.56573484821934	-385.9162358384527	-374.84701935081574	-366.22258874981	-362.88542736872876	-360.6549081253949	-361.96810233604356	-405.22941420712664	-508.1021388057966	-346.7523509160182	-1141.0138973859223	-6276.867062363587	-10279.533776692082
79000	-448.37637133970753	-440.4743845156666	-433.2348980575179	-421.0734171351154	-411.33489677370153	-390.64316452956604	-378.0565242399471	-368.6230630618039	-365.78635976877814	-364.5967224561782	-361.56997474743116	-398.35406229337076	-503.43484135664903	-359.2496618298507	-1040.845471332714	-6067.146062063449	-9688.228925209829
79000	-457.8483802919947	-449.58029520690457	-442.8004454118371	-431.0273565375081	-421.3141946407834	-399.8849191573838	-388.4072171829276	-378.26553103793015	-375.092194450242	-374.5002693282271	-370.74134435309327	-407.8181781488064	-511.24578083049084	-362.7784810333932	-1097.7862136448823	-5941.470413500343	-9581.829228976674
79000	-415.4350165549683	-407.40641778815836	-399.991206211617	-387.99593672625576	-377.57801151601484	-356.1480389198323	-345.06299290205686	-333.91848684362014	-330.07043698875606	-329.91656159900515	-324.8824323876221	-354.7570929578798	-444.2299739775307	-318.386615528292	-959.2225566089638	-5763.022160841929	-9393.130665538007
79000	-451.58763189324293	-443.3748554761601	-436.0822878877984	-423.7621682944292	-414.5058956449605	-392.7564793084184	-381.1826518361297	-372.30907542759866	-368.9704651302371	-367.1566664843287	-367.55849842417547	-412.3879425024983	-510.91193864652234	-351.60203308288214	-1181.43498721358	-6540.681924985938	-10515.91145464221
79000	-432.1877825199512	-423.2275821951929	-415.51297801678624	-404.03853974929314	-394.4883082461111	-372.9222273080774	-361.4546645362486	-352.2209582779119	-349.0978824391182	-347.1500379176174	-347.13056438425673	-390.7912577676164	-487.7725982794108	-333.2032732908516	-1060.4030763521043	-6262.4283052997425	-10147.389093174981
79000	-412.5236230488722	-404.29013279541203	-397.5475733978578	-384.37542696573735	-375.50046258339387	-354.3599679761622	-342.2915211081814	-331.84707166556007	-327.5162274855918	-328.4299491612856	-323.2521171367841	-351.8739446215741	-445.6847400837025	-316.6119655414973	-933.2197791615685	-5718.055666961083	-9451.8168152326
79000	-389.6494499952167	-381.0664812448078	-373.8428421178158	-362.1534976134493	-352.5644660331691	-330.78234366807754	-318.86503228760455	-307.4833964917456	-302.63567120738276	-304.5372653539909	-296.67816345395994	-319.6742125955942	-404.2293967637069	-294.17833532828297	-879.2415602180756	-5504.956597834305	-9189.393439566933
79000	-437.72765959433576	-428.78357995227435	-422.3248293580195	-409.8417422925437	-399.84227931142374	-378.85392612612986	-366.90224630528377	-356.69715423224454	-351.88212334896747	-352.9816733442373	-347.20812663418207	-378.31700195834446	-467.5639089794051	-337.1512441104492	-1039.2355012703351	-5822.117559539082	-9499.036851727766
79000	-413.2057126264963	-404.14994304344793	-397.2545894581087	-385.27655903653306	-375.524855495685	-353.78083392696584	-341.74375215891837	-330.4733871817596	-326.1419933642416	-327.719217290238	-319.9879627060122	-344.6882633170914	-421.17206829598115	-312.3965982505048	-946.6499508129366	-5614.4998603670365	-9240.048691241042
79000	-448.76277568211896	-440.59665141074396	-433.5631708516651	-421.70793468700674	-411.4335586722692	-389.3307478637753	-377.66647662370286	-368.18708441708327	-363.79117690963477	-363.7586955921716	-359.73422641792024	-392.0854470410662	-485.68643272416836	-349.2713785754658	-1070.5335330538987	-5921.393355641766	-9655.43153536606
79000	-427.1770435919121	-418.04698631254166	-410.2582182395159	-399.00263286221855	-389.2109869125745	-367.6859458660699	-356.17599282373993	-345.70184597193725	-341.2972323288166	-341.53214380829417	-337.27128294870465	-369.7610727215658	-455.56621324397145	-326.57837307402605	-1009.371286908826	-5978.708610789019	-9714.679531581638
79000	-418.3659680727648	-409.5731740519206	-402.4046718820843	-390.6297096670627	-380.36929911279356	-359.0628583129652	-346.7754873136904	-336.2308417381617	-333.16289561118606	-332.8306369309583	-328.62754350824207	-359.5655060681423	-448.4143325365079	-321.37724759166787	-1004.5171100156815	-5853.869693988632	-9644.45933470683
79000	-429.12844857229004	-420.6802498607221	-413.60343801767164	-401.1594997461241	-391.05012187326366	-370.01329704880027	-357.95617392477897	-347.415453630395	-342.3263340096531	-344.5419256617565	-337.0968969076028	-362.4694320883122	-449.86433572837035	-329.07341168398887	-1005.6073137792445	-5521.545202291921	-9126.38845811958
79000	-434.29667271211486	-426.2641754548533	-419.1785345092539	-406.60026154483046	-397.42621867884026	-376.14180867403826	-364.46848444520367	-354.49240205504776	-349.84973339054113	-349.7539525910787	-343.79674336647804	-376.1219127027138	-481.7101590524931	-338.3201788377046	-997.6187411072037	-5775.769132829184	-9427.504626691572
79000	-446.18747346894077	-437.6945391000486	-430.43069991117005	-418.74692125770866	-408.2208334709454	-387.24771285040225	-376.1739479474841	-365.87321248353425	-364.67148120036535	-361.87237487740134	-361.41035888088044	-405.8646230176664	-517.8468762184035	-347.2182537447931	-1115.4082682968153	-6313.537534485408	-10196.982886885336
79000	-456.76188505439825	-449.54895232552565	-442.4562546168216	-430.12170285308935	-420.89532134019095	-399.70156644857065	-387.32877708478287	-378.15515223391174	-373.2009036141834	-372.7018833100791	-368.8242823198066	-402.89110523103466	-507.66789316572186	-359.9832980668717	-1093.7684442243838	-5723.351473276435	-9405.190889019248
79000	-450.146143815491	-442.2140603392516	-435.05024903340046	-422.3911143369181	-412.910868738547	-391.37323542055924	-379.5943744070282	-370.2249618224866	-366.02843401671487	-365.9397087653915	-361.6363044728796	-397.19724488478863	-490.01507551616487	-351.4453903070555	-1085.750430494198	-5886.49206530557	-9679.426506473752
79000	-437.9768956056779	-429.1858131526949	-422.29481231420203	-409.9633474368304	-399.7157242505522	-378.88903143205897	-367.33896893567453	-356.59528559960626	-352.8222036006077	-353.02504693417103	-348.19709742985856	-380.44390289125096	-470.6849819908634	-341.34395476983406	-1039.6977760732145	-5812.4625935389095	-9464.104084408604
79000	-452.7599590376119	-444.48100427860084	-437.79740095066194	-425.31312783548276	-415.71570104485596	-394.3375213911379	-381.9989977228038	-372.3188349518221	-368.1015855040578	-368.463357213314	-363.39722841315336	-394.9357370944067	-484.067556043965	-354.04532017303654	-1084.4401599357418	-5875.0984293875235	-9442.072920877994
79000	-435.58502742040906	-427.3978399726876	-419.34094124480436	-407.5879672556607	-397.5357375914332	-376.925555162397	-364.5685704039739	-353.51160915617083	-349.2074850548461	-350.83388991420935	-343.34736778797617	-370.29538537755013	-456.50276369048464	-336.162808516526	-994.4562164895708	-5674.946039022444	-9260.08303954097
79000	-451.6390009232639	-443.8041037357169	-436.6590050220123	-424.51295185160257	-414.59351711672923	-393.03580805756565	-381.32300678012706	-372.7155519614633	-369.54664044122916	-367.2180491190488	-366.15983484394394	-409.0254659098983	-514.1351764387521	-354.34618634655703	-1119.2761230698466	-6175.164189620233	-10020.616064201526
79000	-385.9031663413693	-377.2615279782472	-370.0535832903002	-358.26398882694855	-348.3418509488205	-326.50597779097745	-315.2777953995683	-304.61372979954916	-300.2193273720968	-300.81376536639794	-295.0267743091506	-323.5434608624155	-409.1872387652284	-290.60717690977305	-894.9340280830054	-5617.760935244055	-9432.525457337906
79000	-462.4595379787137	-455.2213271173778	-447.93135719701814	-435.1288230095124	-425.78495833768125	-405.49321728779347	-392.8514290579628	-383.4463018333164	-381.4207370369932	-379.40714521475036	-380.6290862241606	-424.7960702974686	-546.125213141218	-369.68052335904804	-1137.0228781979038	-6075.223213552515	-9850.430450931723
79000	-421.7581641668624	-413.94199429003277	-407.15539925178194	-395.12705599892	-385.5006229609732	-363.660999061181	-351.4316072156585	-342.792310333084	-338.57221652544695	-338.8390066387131	-335.65577702675733	-375.4273110077075	-483.68124331702387	-327.34291956860636	-992.1560292762647	-5829.051618468072	-9605.69999089009
79000	-484.0053931829525	-475.61840055256295	-468.37572009509023	-456.5485798122513	-446.3638071592722	-424.9024172539958	-414.2013657136915	-404.0875193991884	-400.45925264914956	-399.75801676167066	-396.6794130668734	-433.58394611739755	-539.4862354873256	-383.774092994639	-1187.7357299690977	-5963.632325413444	-9617.828932582364
79000	-435.8036422312468	-427.43288383631136	-419.76265593611134	-408.4236608007609	-398.2173926097274	-377.12195470384495	-365.5003642346366	-356.15231598473713	-352.30180524044107	-351.2080098902387	-348.2311661340379	-386.9940592638655	-489.64534003903714	-338.4349155108789	-1043.7747791047448	-6020.3172344660825	-9796.938340862658
79000	-437.3421364861865	-428.34864245746604	-421.3459921391647	-409.86035393895634	-400.4500347507481	-378.4304864811476	-367.1635523812742	-356.45020956567856	-353.15193494266117	-352.9053097427567	-350.3122624738795	-389.4796602219006	-485.1227606148371	-336.9582574500561	-1087.384662702024	-6155.631187423736	-9970.489463460119
79000	-431.62698315496385	-423.18853285383636	-415.4888644210134	-403.40942259928977	-393.3973579807217	-372.4350009485431	-359.98097702365334	-350.05869711488776	-344.58443081456284	-346.3537231248488	-338.9380566318363	-364.30953050109423	-444.9434688517196	-332.1266091511049	-987.9803795495335	-5810.998574964677	-9418.348260444538
79000	-456.29631360465424	-448.6081922446133	-441.57930413906996	-428.92047201137143	-419.3887282077854	-398.3423277063551	-386.4403830478621	-376.43062078303785	-372.4049975678155	-371.99077400756744	-369.33872717325914	-405.9105431673804	-505.5055989006825	-357.4955049057292	-1138.4733174249825	-5949.451871457548	-9738.64308897583
79000	-424.6900102158455	-415.6725115369607	-408.3346864858449	-396.35464445520745	-387.24617104355934	-365.21452997597834	-353.8305334057427	-343.1376714052046	-339.0236172065346	-339.8380716289439	-333.9886064671513	-364.71567481971016	-461.5637573155102	-327.02480710457087	-1004.9212200942774	-5716.490845547374	-9329.03578765181
79000	-467.7405114819347	-459.6447272417037	-452.2150948979027	-440.175022721043	-430.70661874859206	-409.32434743975597	-397.6100228913465	-389.44785677476835	-386.0347158785943	-383.7124294853778	-382.1724354495189	-424.34136837869397	-541.6066694563923	-370.04360465608215	-1183.496930991896	-6122.8478552550405	-9869.796000026901
79000	-411.90509379891813	-403.69036167677336	-396.7734649819011	-384.1510941623203	-374.5229620288347	-352.8482210238031	-341.1020322107856	-331.55905646915664	-327.762415280738	-327.6008776450335	-323.6248604397165	-360.015719355882	-448.0217010029382	-313.3118948102881	-978.0758531240654	-5994.070618713433	-9810.818053727495
79000	-441.37306405577334	-433.0654945089515	-425.79934606061187	-413.3581872810969	-403.0491153240668	-382.36324773640774	-370.30165768040007	-359.8376865041067	-356.14612376678946	-355.8516375110822	-350.7280535220869	-380.5158108156239	-466.11892963014645	-342.1447122467587	-1005.7426788815819	-5857.234218846243	-9415.778557588039
79000	-419.968277806582	-411.0639493428384	-403.55067262221763	-391.2202573069511	-382.0337558002723	-360.3466532849352	-348.48089088294506	-338.6258505699642	-334.4678471246124	-334.8166435618313	-329.901855214904	-362.9596020334167	-457.2254784049253	-325.8934214599255	-970.6130589297526	-5856.597665457559	-9603.47566303492
79000	-476.9221270445342	-468.87967075685174	-461.68761581977543	-448.660107421842	-439.94269890301007	-418.601731744228	-407.1052821662819	-397.54062015853737	-394.06187890726176	-393.4599433884601	-390.93997837202534	-438.2840386484629	-537.8909694039193	-382.46199919068647	-1201.341122986635	-6129.2112994978625	-9901.659095291321
79000	-449.298373758505	-440.6236638348216	-433.90595527476427	-421.9287202698814	-411.67111851736206	-390.63275027479483	-378.66858479671134	-369.7145856558704	-367.1537418530646	-364.32453622194816	-364.43642169110893	-408.37856057305385	-514.7382433717889	-351.3666640118713	-1144.806048172485	-6387.344674624497	-10259.820170887802
79000	-502.94865681055984	-493.8861867331865	-487.9450702558922	-475.80342897988726	-466.3340245897607	-443.7861667316461	-433.15283425917556	-424.7432977294915	-422.2929258736351	-417.70171545823183	-421.6813205162518	-471.4825057342228	-595.8929876000323	-403.6448886235215	-1309.306059229858	-6584.126226337723	-10412.841032149718
79000	-456.245224533457	-447.28319901150735	-439.69673621130715	-428.5482167475908	-418.8682118744383	-396.8710313341236	-385.88010966356023	-376.1132294243453	-373.09619473156187	-371.5908801933287	-371.4813757846328	-414.8777239039324	-518.243798444998	-355.1897742121947	-1196.6059653655316	-6196.444276324227	-10133.332601767645
79000	-468.8197580835325	-460.6177468207266	-452.8375120903591	-441.027091655507	-431.06576603157487	-410.23989665963705	-399.2718470108399	-389.25284298977977	-386.0511852036727	-384.012728244681	-382.259141159307	-422.4948534324028	-525.9761712655412	-370.8061496450991	-1194.9216551585123	-6107.007828134358	-9814.087362138705
79000	-463.4708775446798	-454.85076013338625	-447.8952212735739	-436.5347328157885	-426.05994407156857	-404.32753797857015	-394.0527489863387	-385.367118954983	-382.53611906840854	-378.3210373004684	-381.9571493411855	-432.3063556639225	-555.8704054357395	-366.8358193784605	-1183.5237651888187	-6464.6530114789475	-10308.61661729907
79000	-422.7837061930787	-413.8587646100715	-407.1285480917007	-394.7721399554615	-384.8999325722963	-362.84630449937237	-352.3888396845362	-341.70193767051273	-337.8496051987929	-336.8871539474477	-334.36068606316496	-371.21584817460047	-465.6238410800956	-323.02892286515765	-1059.9817683943143	-6130.263687017241	-9952.389717227963
79000	-448.3677103111333	-438.82622181338365	-432.3104504097559	-419.7882318365274	-410.3913776721253	-389.59466006464004	-377.4911948154063	-367.03633384516974	-363.82544626137934	-363.1188937735306	-360.32709568975844	-397.1760653331145	-498.0318994841599	-349.2279295958127	-1080.5680533822062	-5917.824257296422	-9601.110794561802
79000	-411.97716986603825	-403.7192900980684	-396.82824560817943	-384.4866039430507	-375.11140069316815	-353.00256377751407	-341.50258964324354	-331.38916140415984	-327.91141073588597	-327.5134123833077	-324.29706748081355	-359.1450056890759	-459.54848696920146	-314.0715904334892	-999.2210158708507	-5888.472305143019	-9832.239392593081
79000	-420.7020829948391	-412.3553272059206	-405.0494967868712	-393.13215342433455	-382.76342393376643	-361.611720221074	-350.04087194802725	-338.99265965397444	-334.2590375100361	-335.59542435645125	-327.6040544417506	-353.4202113039376	-434.7166506145035	-321.9540930304053	-958.4146297637982	-5626.152207776056	-9141.960262281626
79000	-421.86941943372165	-413.8503856638067	-405.6493997131982	-394.67142807364564	-385.349682503174	-363.2761636097939	-351.51494783704703	-341.1711139577421	-336.6702077719255	-337.5028633392884	-331.8129755970628	-363.5682342056172	-457.60714609475576	-333.7538436521348	-961.9221558798771	-5710.497215266824	-9330.544009366746
79000	-447.495704387118	-439.4831027399309	-430.9985501431415	-419.8875596789419	-410.2971110371678	-388.51893435287985	-376.5515925034806	-367.19912548111296	-363.0497581377511	-363.051687978698	-359.28104199334336	-394.23723224995894	-492.9001412475694	-347.3850752571046	-1103.442960924595	-5810.464516943997	-9467.786872859491
79000	-432.3527249154865	-423.2998928723852	-416.1254456818801	-404.31579630942997	-394.88005384634715	-373.59079657088404	-361.1944878819255	-350.63345397573323	-346.27501629501626	-346.7376954729303	-340.4963396365058	-367.53544246640354	-449.5449137683456	-332.02493244026914	-1000.3554474162369	-5710.768310321838	-9214.530597981728
79000	-442.8246694298993	-435.09899704241394	-427.17532136348365	-415.4830007317994	-406.14084764698214	-384.237107111141	-372.6973596939991	-362.4712511778862	-359.60259740904723	-358.4076266391627	-354.9414698038333	-391.8282858979536	-489.0667320078624	-344.1445029648461	-1059.5142377049772	-6070.494719823939	-9720.224966729018
79000	-441.50923765621974	-433.0444940246437	-425.41863317253325	-412.9736243385902	-404.0606153746731	-382.1436076892921	-369.8313453155989	-361.3201415284172	-358.27959751308424	-355.72855550069096	-354.66113917003685	-394.0387036808416	-490.94125623021154	-341.71507066225564	-1097.1230982728484	-6316.531178564089	-10167.594345636573
79000	-450.7806199739405	-443.168594018527	-435.93866648303873	-423.26355508128165	-413.30464385405423	-392.7796190864062	-380.9458444506089	-370.94574803061886	-365.69585982012	-368.2206714950592	-362.250457629959	-396.2644394253423	-514.1062520430021	-357.54855749717296	-1028.3657963359353	-5681.232851934659	-9267.497876224112
79000	-434.59500902140377	-426.31299692370146	-418.7161356271054	-406.63964444742624	-397.3722698548133	-375.6291233005236	-364.20298152902734	-353.7297600851353	-350.33729610705956	-350.2668733620523	-345.0310792685516	-378.8857059024814	-471.6267486337344	-336.1823188889451	-1004.3428463751908	-5841.304022011666	-9542.172255629179
79000	-454.6368525117634	-445.78483201282086	-438.8357982946929	-426.7862405319669	-416.9872409506004	-396.0257985306135	-385.0101853946873	-375.61378533214986	-371.2109595013854	-370.0175764606192	-367.83079677222366	-411.24988117992746	-517.8138892325171	-356.48248117423697	-1112.7382957677032	-6089.71817882338	-9749.84914595718
79000	-407.36802063106524	-398.6424296956797	-391.61611472930105	-379.82923992736585	-370.2130784866244	-348.1690972124875	-336.59226588764045	-326.3743640199273	-322.1850490978153	-322.5984247795469	-317.9702941419311	-351.694889838502	-439.2546425101616	-309.5929187372742	-986.0010019709124	-5774.91221313109	-9603.015380816134
79000	-396.65760494476643	-388.4800032708565	-381.36054789314363	-369.09426262773763	-358.9621792804047	-336.7492921981749	-325.5061693628221	-314.53166533299367	-309.79826604724445	-310.8850859079604	-304.840718935958	-332.13767935823836	-407.5204248700635	-296.14350348558605	-953.0281591019818	-5857.718264554028	-9595.494098925044
79000	-439.6713758484164	-430.1494432438519	-423.67071081710736	-411.2787045240909	-402.07700300455747	-380.4733874034012	-368.3876117793575	-358.16755965957196	-353.09948118526216	-354.78964777008304	-346.92137114646914	-375.85228845238527	-461.6510515157395	-340.6848059515412	-1001.238509697935	-5508.32433442255	-9140.064503755151
79000	-403.3707516133258	-395.1032117310688	-387.8726931825335	-375.5205196996337	-365.66547245844157	-344.32461232678173	-332.6508350289808	-322.10032288296935	-318.00458823818224	-318.2945323970206	-314.9374273760863	-346.9424598115239	-432.3110598446624	-304.0091962199296	-934.1409844747074	-6167.78629632609	-9917.888610418835
79000	-448.63022770852245	-439.2482665656909	-433.1168747664993	-421.2168480918781	-411.2802990562955	-389.32082175378457	-377.9609009069921	-368.0156657187462	-364.72156487294205	-364.21443819769553	-360.3179069488116	-392.45483963359567	-506.3709135615739	-353.7899322212842	-1039.5226354670594	-5599.05683479618	-9151.191915661198
79000	-418.79435353497263	-410.64302192079595	-403.54026738890076	-391.7164877563242	-381.3529931999394	-359.72579352940966	-347.32160478216707	-337.0409341117267	-332.7401821179997	-334.505431447408	-326.3054400968489	-353.45033035683457	-437.579569878135	-322.65769137388685	-965.1731205371041	-5602.481418118404	-9259.193109395113
79000	-409.4456126567299	-401.0692354271834	-394.2538955361452	-381.9284450658124	-372.33444317292094	-350.1389103022859	-338.85451510360764	-328.69007260105064	-325.0129805976889	-324.1642082768744	-320.6385176224794	-352.54800377542006	-443.55210809567694	-312.2068338415309	-945.031883544494	-5979.696654015868	-9718.614059689671
79000	-457.03988934686413	-447.5956117062792	-441.0928355597924	-429.5019761169459	-419.1819753885456	-398.25064577710754	-387.00083196338085	-376.733695779385	-374.3105386289714	-372.2228866584464	-370.337803135313	-409.90711300334925	-524.8117149892787	-360.87529165624267	-1095.7583702481265	-6156.139051165231	-9829.34787231981
79000	-448.55649657476187	-439.5877275744314	-432.40793127374053	-421.0255045156822	-410.4959050938438	-389.191545360877	-377.72911868404236	-367.59021889355733	-363.4799966768039	-364.047780259101	-358.13731819418365	-390.516426356131	-479.3857328178191	-349.536498075653	-1022.8539141129824	-5829.65195530079	-9311.105640529395
79000	-431.88819726840825	-423.4817925287688	-416.1328430206599	-404.2543120341369	-393.9774387057249	-372.37215362181956	-360.60023699759097	-350.02147927700327	-346.01845933633246	-347.0257099452291	-340.61860058749744	-369.90436508506116	-450.1699028089136	-332.20996267845084	-976.3967530893572	-5851.897347260648	-9519.541259749401
79000	-422.980583846527	-414.58708066239916	-406.9618999941635	-395.9011268698821	-384.94513383026657	-364.37074124183346	-352.10042293046365	-341.6486013787876	-337.4654317386831	-337.9035642955945	-331.84373253963156	-360.1523638129324	-447.2168692653731	-323.3665637498625	-971.2428122730781	-5807.895208783951	-9373.401871119568
79000	-437.36538073708095	-429.2468613490042	-421.5194624607912	-408.6827976291971	-400.3079735062479	-378.20898683638575	-366.2802188452218	-358.0070731670995	-352.94581805867034	-352.3391264007815	-350.44067375743424	-388.7519271940424	-490.90858423971264	-338.9033581050188	-1047.0495145512025	-6058.6754048469775	-9797.468571844593
79000	-419.75566100090714	-411.3702452745717	-403.6208092175389	-391.86248188770696	-382.2837842513886	-360.83528703300055	-349.31953664218224	-338.6685061891321	-334.4425797658342	-335.4825707814398	-329.5239033762462	-359.96390711392047	-449.73338299875377	-323.0741902097351	-975.5780877633479	-5799.495066346322	-9448.134563670803
79000	-402.604289285994	-393.9420682983442	-387.28461875582576	-375.0322285713338	-365.29063978430935	-343.5771894130397	-331.6560183617398	-322.2883114836872	-318.05743457615125	-317.71184573604165	-314.5179782122553	-350.5301137034404	-440.0724930784265	-303.5189324606214	-956.1921214528502	-6057.359853760973	-9888.449048407794
79000	-396.45654889845025	-388.95943318078076	-382.0907278669544	-369.2422993562051	-359.36957756395515	-337.8403959499956	-326.0056344182519	-315.8935710838524	-311.25154428202455	-312.165578977525	-305.6922257907266	-333.6298783062684	-423.13780982303723	-300.00801842871743	-911.4777856403797	-5637.435105488567	-9325.510022064875
79000	-422.094266830905	-414.1612336569372	-407.01934476105697	-394.80776059120524	-385.6714919768002	-363.5319871191249	-351.23128673546097	-341.31216889187317	-337.51880431967095	-337.5573885537019	-333.23357248075405	-365.66110141858223	-455.02689178960884	-322.8736465513968	-992.152576727182	-5830.0286035990375	-9560.417543726337
79000	-429.52515144995533	-420.29952700631577	-413.24461360732727	-401.1726587570504	-391.5508852054255	-370.0744767968307	-357.8655199080481	-347.3165628897047	-343.23216420618036	-343.6682094818639	-336.8558593493702	-365.0761699232536	-444.0412132949431	-331.7689396858052	-965.7007975979964	-5718.34951579858	-9323.020300127131
79000	-409.8389003477427	-401.5712492752196	-394.19239348930836	-382.34324748450524	-372.875014633652	-351.7738214536059	-339.3527752769766	-329.17767010117285	-325.8410256999147	-325.8601474684109	-320.1132791832028	-353.38337669567824	-451.37113784976344	-312.30370707850915	-988.5157030652525	-5844.496210113959	-9661.52898614386
79000	-441.4254713657613	-432.89299498411947	-425.5464796756294	-413.71830385583996	-403.53828589170547	-382.2021348085591	-369.35473248000625	-360.55789448403823	-356.6545193274158	-355.9869414648124	-352.3425183509481	-384.8534177786867	-479.61375189477013	-342.7380930243213	-1043.0051501714483	-5882.460914328453	-9626.934436190817
79000	-435.2479968360696	-426.9404814464823	-419.67274848505946	-407.6247832911264	-397.71847748007826	-375.85054883850415	-364.6446240273688	-354.48110433367304	-351.25768433446717	-350.44113269610034	-347.71820990055966	-386.07438398344067	-478.713917597904	-335.20142454377077	-1081.9473898329006	-6096.122354358616	-9974.29958462513
79000	-476.6188532016727	-468.1400607925377	-461.54867091937734	-449.604635026722	-440.1666200681425	-418.7499639922446	-407.0837536501856	-397.9855280604601	-395.77987339282873	-392.98333777804163	-392.21985322453867	-437.5722445352351	-553.4417224667782	-379.4417891592206	-1198.7242201198933	-6194.343240570727	-9976.486880229964
79000	-432.1024181617345	-423.4698463779129	-416.33788587213957	-403.8325852559826	-393.49156546271735	-372.64630848747686	-360.85408909515957	-350.23470311532674	-347.09444730006135	-346.87058095244595	-341.1757714320788	-372.79755772021707	-465.1285100376685	-333.69713899356236	-1027.1975562062296	-5738.520592681136	-9402.354007248097
79000	-409.78573790389896	-400.79716787106594	-394.35237561267667	-381.8239536617891	-371.5522386900586	-350.62557726094406	-338.4564026298294	-328.70505529057607	-324.68358092251594	-324.5422077663715	-320.07866085174186	-351.81762989035263	-438.1861135035642	-310.3863413080908	-927.7730110712938	-6000.721892553161	-9720.286194929688
79000	-431.33528578385534	-422.9252575755921	-415.9418387782095	-403.67025811455267	-394.5631979693576	-373.1260320686883	-360.4159940380638	-351.20912389786145	-347.5334271525877	-347.53919016239826	-342.4517590450731	-377.5558759086994	-473.71168241684086	-333.34500404316645	-1024.3832044691326	-5963.578323624326	-9647.70982433719
79000	-429.7773999916851	-421.0042858312205	-413.46647890291234	-401.2719979868176	-392.18604067669446	-370.6660864636001	-358.6967379758568	-347.51793124440934	-342.03498131069364	-344.6983160415615	-335.88579155661944	-358.08978335065694	-434.9059669686792	-330.10632059487057	-965.3744106454811	-5375.843631692838	-8955.005690377988
79000	-445.0990758597645	-436.2838533374771	-428.94122835543527	-416.5294895217397	-407.13028522340994	-385.9433676938749	-374.31352126578975	-363.5164034208085	-359.64169788648144	-360.7231691381984	-356.0173392119393	-391.71042467242074	-488.9161124825346	-343.1010865791362	-1095.7688643298636	-5845.719320937549	-9530.576673842143
79000	-441.85096243816884	-434.29437621493713	-426.5111347353741	-414.4805183887704	-404.9003362930141	-383.10848113349266	-371.3510234821356	-362.61626294497216	-359.00624383024234	-357.4806134598872	-355.8841965303441	-394.4707385014323	-494.4935451812726	-344.8957159161164	-1092.8237495575631	-5984.300667765649	-9817.59839264378
79000	-430.2741414674135	-421.3681445107661	-414.11930655382724	-402.4736339074939	-392.50054246513423	-370.73171324868434	-359.34934173111805	-349.9337929682354	-346.8495756658048	-344.7353574503011	-344.83379204302065	-386.1263974718622	-476.90958515083275	-329.77620280580896	-1082.8365919683354	-6392.683067347971	-10233.897570229883
79000	-459.58310240003607	-451.59129932406387	-443.76319125504546	-432.74728239176306	-421.9813176401337	-401.00171742930155	-389.3817134523093	-379.1578940592856	-376.36206064516483	-374.9539929390464	-373.38593207401175	-412.57465440111173	-507.17683797757303	-359.8346902253849	-1151.4733765086414	-6297.515009110441	-10086.046744955956
79000	-461.1765480257554	-453.32143986302066	-446.7505851845082	-434.3482355252081	-424.5233536376381	-403.18368633233035	-392.0412603659279	-382.8141003618897	-379.2942581795454	-376.0824262217534	-377.35459698660543	-424.382376825504	-529.0832843540463	-361.60449231289493	-1171.4290670396526	-6545.896877298239	-10348.159436542182
79000	-422.64876546711116	-414.48442503266165	-407.19499285689545	-394.45285849388483	-384.59668573833403	-363.2918929863963	-350.99290798478864	-341.1403196531133	-337.6679309710835	-337.69211952900815	-333.9644536180211	-367.27297449412384	-461.8902326324907	-323.4449260346092	-1007.9348862318601	-5823.119724348587	-9623.713300575262
79000	-384.5917896991875	-376.3649332152349	-369.10494975436785	-357.0637757601103	-347.0547757563369	-325.08907196820695	-313.69938363401	-302.07211513055023	-297.84660119029365	-298.9938505967655	-291.39583172210473	-314.13188722148635	-385.38035879325054	-284.50996293890915	-895.6523953028828	-5725.86169080776	-9471.098458956412
79000	-427.90648030160565	-419.94787050027185	-412.3289256017967	-400.2071238693975	-389.9472111414102	-369.18781081889335	-356.86928683141025	-346.3229890233902	-342.684726703161	-343.039809984549	-338.49999355593144	-368.5512726811063	-456.53697404766393	-329.8311016337138	-991.8036392808007	-5683.948898363071	-9309.486156753299
79000	-431.08286405739483	-421.9854932179187	-415.7365591748166	-402.7208150144621	-394.0775137049108	-372.12194944159705	-360.5280092085387	-349.9670071977187	-346.41996807924625	-345.52787226900153	-343.4689972549457	-379.82132679589415	-470.77258809333983	-330.4094926390072	-1087.5970661476763	-6325.955509220558	-10054.935891307989
79000	-426.9109775740428	-418.4497964977923	-411.34428606681166	-399.40693439861286	-389.3464672768096	-367.95471183689784	-356.1544056705347	-345.1460028664247	-341.58439537892394	-341.72011530487305	-333.6251684192306	-360.4525835806583	-443.48005117127116	-329.91336453363436	-950.7386532743417	-5529.153898620588	-9005.488458281805
79000	-478.5186016912018	-469.7523450850638	-462.4106739246825	-450.86543860122947	-442.5376655672911	-420.1439844893442	-408.90025430245254	-399.56535760632414	-394.8277693723564	-394.61845464569546	-391.85596089091075	-432.72903291821507	-542.106965716652	-379.32611687866216	-1211.3335381358163	-6157.352160750981	-9734.873206916885
79000	-402.7248422811646	-394.92121249876	-387.19919857496456	-374.72422052974116	-365.73492502842976	-343.87819875452396	-331.72830915472537	-320.83570622715973	-316.39453115123473	-317.8519405130182	-309.85766948907695	-336.6979490089287	-418.50379195271705	-305.0660604311182	-906.80300256032	-5645.37236476006	-9290.27469562216
79000	-458.04831434559185	-449.6812754433014	-442.39565578752223	-430.44014450077395	-420.2307201407955	-398.6942581290661	-387.037898276136	-377.7766180053716	-372.96084063296087	-373.4012080252769	-369.57874760365047	-405.5181206737388	-502.79549607740955	-359.769052746099	-1098.2608430395246	-6001.488172760721	-9668.024654253853
79000	-458.239488343108	-448.84356591064153	-441.9439688557222	-430.8470404846714	-420.9754311837241	-399.0364973726282	-387.096572908812	-378.69015976787614	-374.5143516686589	-373.31161194465636	-373.9665614850156	-417.8885802260307	-520.3187296059567	-357.43320441847897	-1144.2094943697568	-6271.186622297812	-10166.991559625742
79000	-419.92903177245	-412.1931719144393	-405.5086319750398	-393.50805294652537	-383.31504651922404	-362.44744374442575	-349.5520620008542	-338.59161540961486	-334.35483090270475	-335.9758889049803	-328.76477565488915	-354.7213869455159	-438.9592215141033	-323.8146191762801	-987.2161026034671	-5773.007035599435	-9417.572268300508
79000	-448.3542130719644	-440.0975593423198	-432.82790228634855	-421.47702966277404	-411.17467079015495	-389.6836380397039	-378.4665520152766	-368.3492922359824	-364.6186419113007	-364.58678905215436	-360.75858491981313	-394.9899024436811	-488.6227295440597	-349.72900234055106	-1034.6505402130088	-6188.889034784513	-9691.85839850942
79000	-439.6558816702484	-431.28187333150254	-423.82651667083877	-412.60549590912603	-401.95777972066395	-380.1956151146175	-369.24199708917314	-358.9875508090898	-355.6967501945717	-354.658517054726	-351.97928835774144	-388.249500783856	-486.41085335432507	-340.79696024394246	-1073.980932142721	-6212.272394507319	-9926.796509598142
79000	-400.6658926056496	-392.231152488894	-385.33386964515483	-372.6442567932411	-362.9078209247649	-341.35856208020977	-329.53573965830594	-318.65742474936735	-314.8046370409024	-315.7201041479291	-309.69379965984143	-339.27573122116286	-420.62286325165974	-300.7346514186891	-932.900225604134	-5836.567618976408	-9640.71573135924
79000	-425.30944737054324	-417.41073010277097	-410.0690276325054	-398.1097599432168	-388.0178071153114	-366.4327737754393	-354.5698304967937	-344.41817786517345	-340.01392396587585	-340.6741409078463	-335.08878770511205	-366.6279006968925	-452.3769757729036	-325.3215504338789	-1009.8045562475709	-5868.039967512912	-9569.590959566287
79000	-453.21985406787076	-444.8624038967697	-437.9848542332765	-426.339561087634	-415.9767113884978	-394.8998928817181	-383.08427605788876	-373.521162679285	-369.6771757534477	-369.0899441281271	-364.5946652505989	-397.0142508691868	-501.41663310121464	-356.6253765586031	-1051.807227169896	-5974.817844914931	-9432.752462113047
79000	-469.1053737567203	-461.07442657288067	-454.33965245135136	-442.11816455871497	-432.68566770154655	-410.0544640109553	-399.7785552478751	-390.4454271764905	-387.597478017297	-384.8149673387083	-384.5054668530002	-427.56572821945076	-530.8567873932191	-370.60146507476895	-1188.0043117402827	-6236.846134926308	-9977.812890643365
79000	-407.04553740826555	-398.739967290562	-391.3195719942485	-379.1717757181509	-369.1676562362892	-347.4742231319559	-335.808408618014	-325.42595677636365	-321.7052227872291	-321.80931917358544	-316.81623972276975	-348.3207813605625	-427.98263184751147	-306.79328082502207	-967.4730875676258	-5866.766466724971	-9652.12991248051
79000	-426.863213262951	-417.76926227292245	-410.4199656459696	-398.4213777423777	-388.51988300859364	-367.74649074021926	-356.2152550897339	-345.9022523751386	-342.6595298811934	-341.4252800240294	-339.13029274675483	-376.5196312200614	-476.0007439529157	-328.7845033898874	-1023.2327279514717	-6072.956395776225	-9838.27581563377
79000	-406.347353238331	-398.3167588917324	-391.62915060676295	-378.9209419221804	-368.78132983122737	-347.9674707357527	-335.13197078848106	-324.2472464372047	-318.75278489022133	-321.71678207291353	-312.8065618237011	-335.02965877029425	-420.11091058357357	-310.6614063893609	-869.0728868965554	-5370.893025366064	-8950.52127439467
79000	-407.38378559775737	-398.4545639359209	-391.5808864079723	-379.1540640535711	-369.0255004374109	-347.84676820291463	-335.81784168206383	-325.51717217928814	-320.40524993414505	-322.3481279977987	-313.7797341976821	-340.3105024772035	-419.2457210115234	-310.14319104138315	-914.7640550395528	-5691.760633261209	-9293.338094645886
79000	-443.7418669100701	-435.09276655489606	-428.0631694736057	-415.94386550285685	-406.06622541265006	-384.27882044317994	-372.605502742399	-361.44424663093463	-356.1422557357367	-358.80288121130917	-350.0084273027159	-375.0154236892793	-453.11834837464306	-343.7837372754372	-1044.7562797867558	-5617.703903862593	-9188.288701756364
79000	-409.6082057441139	-401.3154783638863	-394.2220955679957	-381.74506570651727	-372.23924201667836	-350.52508458299866	-338.67375812119457	-328.53265216869306	-325.4347724295833	-324.50040689324936	-320.4370333779148	-352.964242661425	-437.2722703359939	-309.4681969968419	-967.408077981749	-5692.5731409893015	-9529.689149227645
79000	-434.7583483484698	-426.0799649916897	-419.12692207044955	-406.71318113108464	-397.5010279066973	-375.3756882374674	-363.43140300834733	-353.0810798502593	-349.0952036203443	-349.9047668221949	-344.0571163146551	-373.6188802163253	-456.57892262477384	-334.4120007835603	-1037.555518690103	-5868.489084181467	-9493.455592335338
79000	-432.47567574722217	-424.4676044249889	-417.1879675228682	-405.5674480632757	-395.5717568966543	-374.40421479413726	-362.29852655018607	-353.18261176386943	-348.87086211376464	-347.935113480155	-344.72053787113333	-381.4981394704725	-479.628912412936	-333.3849432705019	-1073.1380839790936	-6053.208044532041	-9888.791473237674
79000	-421.1673890177939	-413.1198242854524	-405.38519048885547	-393.76616747691594	-384.0659751930882	-361.90138311643386	-350.5938317426334	-341.0833395965641	-337.688002866191	-336.077160014721	-335.3345578544915	-376.71966338775854	-473.4667578116028	-321.6049754416599	-1029.6405655742356	-6159.69987180569	-10093.545584054435
79000	-427.1126227745646	-418.3090221882047	-410.8735911371767	-399.83051001036233	-389.5294576615468	-367.52968761455907	-356.12688185918284	-346.01260747346373	-341.76663942391286	-341.8801882150782	-337.03323344632054	-372.1103478402897	-461.91214214244445	-327.19556575875254	-1012.1952097703825	-5962.73288072091	-9621.062266468305
79000	-464.18212485598036	-455.95194463677655	-448.42806632620574	-436.2407319568233	-427.19025669552434	-406.0473594227569	-394.0620041929928	-384.7056728813151	-380.53165950536123	-379.63695613628664	-376.16445428479506	-413.5093291710236	-524.3522328744879	-367.2888035926489	-1153.3949436281578	-5881.760746511572	-9516.18101644518
79000	-445.72394007431575	-437.692673960551	-429.9966342368587	-419.02918485003977	-408.880015702736	-386.89626927026274	-375.5858623482108	-364.85559104138696	-361.2612616440844	-361.21323412902456	-357.07560275161944	-389.39953920796785	-483.6524393037862	-347.09000310105165	-1103.3996959751935	-5974.789214709278	-9648.991590941543
79000	-461.80607554852537	-453.4270219341788	-446.321706979354	-434.5957550060077	-425.1739798811802	-403.69348402999987	-392.1586900329377	-382.3855495387069	-379.56628674583845	-376.94413036801967	-377.65924615672895	-421.4124188229034	-532.4228366669007	-363.51355841449424	-1152.7884238223069	-6346.451391217045	-10157.479716529984
79000	-425.05099701751493	-417.3611399147109	-410.5603568640518	-397.84759889219106	-388.3816887986742	-366.52985064985666	-355.1402329987367	-346.36142361737495	-342.8954743490978	-340.8296901171326	-341.53508494755584	-385.6447880456392	-484.7694585938624	-325.1288556530549	-1090.7493638329654	-6311.125199124343	-10225.981562887931
79000	-421.3723342566608	-413.1757298878821	-405.95318509564123	-393.4380472422025	-384.3966200231241	-362.44647049936486	-350.37075313892785	-340.5374519526083	-336.81057137916065	-336.7277384999085	-332.43894370653885	-365.1729887208076	-456.20784217843055	-322.40800225898084	-1021.5550035398727	-5876.052821134738	-9624.158139321518
79000	-425.7144195916009	-417.5404473546249	-409.9230605612469	-398.23953771662696	-388.48995162252646	-367.4811400947669	-354.3865394390561	-344.2934589342535	-340.19183142383895	-341.41477956495316	-334.1411498408823	-361.08577136164865	-447.7500560891186	-327.59902389835065	-952.8454988661182	-5630.423688957825	-9412.62716742552
79000	-440.9139866082257	-432.29610776307794	-425.76871461032925	-413.48845556428626	-403.16686642242104	-382.45688847434235	-370.337972211083	-359.41053685474094	-355.8148272424944	-356.71517803606497	-350.2807265700364	-383.28226880575613	-472.02230560432696	-341.9009639739808	-1006.8520887195571	-5806.183567642669	-9405.85381984482
79000	-399.5568650315351	-391.87213863074226	-384.01786026899555	-371.8461012467109	-362.3756358308022	-341.0071804344793	-328.99757708263587	-318.007037349841	-313.9452903834063	-314.8416910587448	-309.35383736596486	-337.41664614698783	-423.41854954572284	-299.8113733062559	-924.9539473589189	-5707.306887460721	-9540.958823838124
79000	-416.51562936746046	-407.76110922431843	-400.86705043102194	-388.77874326148924	-378.59044890937247	-356.95887007122406	-345.6123176304361	-335.00062509372145	-330.7638344538993	-330.93505404252653	-326.3840586784667	-357.8479652551352	-444.54873189654705	-317.3847889180297	-984.1165335562089	-5865.86028540324	-9649.961099161399
79000	-409.6212884929477	-401.0257612771019	-393.98062165364655	-382.17425700808155	-371.79881852675595	-350.3948903179321	-338.3073204070639	-327.93767072758	-323.72477554356254	-324.6809352223659	-319.06560756285677	-346.86830918051675	-428.69550077361737	-310.01834220834684	-962.5852319981383	-5729.212394347779	-9438.653820551197
79000	-444.053445302087	-435.6198781975114	-428.0460632031472	-416.5167478289544	-407.23765221904745	-385.17610116554	-373.2389113486658	-363.6161260828874	-360.3035051235435	-359.74572650905424	-355.5245115269271	-392.7065049496629	-493.0634376692722	-345.7306613847579	-1065.9334516427473	-6072.325051280876	-9756.724194162307
79000	-412.5877020338452	-404.55666445520694	-397.2687774209829	-384.3970453158721	-374.96508881265834	-353.5728429058548	-342.4939487132911	-331.8599671535171	-326.9660593935945	-327.4515437469799	-323.6112874353921	-352.2997776348616	-435.59160435014485	-314.07726320444385	-949.3145560768199	-5849.930745774689	-9561.418291854632
79000	-422.0920221431715	-413.7007329979655	-406.92142282792287	-394.1957439334533	-385.02805102078224	-362.76419692549905	-351.6588784636756	-341.0354424821162	-337.08047123114335	-337.9107032210173	-332.85116168879847	-366.37116695015067	-453.0959569784397	-323.0414913144466	-1000.0033663474636	-5969.693238889667	-9709.729435075316
79000	-434.27591813596524	-425.47840037031017	-418.1588883092308	-406.8574907759926	-396.867558410383	-375.58995049848437	-362.8487723784572	-354.43564133391186	-351.92212823314463	-349.4636888535047	-348.9290935675601	-391.3450957618575	-506.14206630270195	-340.1233848830778	-1050.3703312817834	-6173.422759411499	-10048.345795555255
79000	-465.50922596417985	-457.9745713964408	-451.37264159230523	-439.0427716140357	-428.89554188946056	-407.63971921931665	-396.2614487566794	-385.99818983783666	-382.2994337600182	-381.84036866043596	-377.26580663906844	-413.687055881509	-516.9263664309292	-368.8861657305907	-1116.9379331731225	-6027.097396538469	-9714.125000248727
79000	-417.99311531283075	-409.82178450466955	-402.6613067469188	-390.35293212622537	-380.8690020134597	-359.64340665230935	-347.737255562494	-336.84079192542475	-332.999264898595	-333.52858819313354	-326.49106353311123	-356.2064815912059	-457.4277800043114	-319.8265147813995	-997.5568421739324	-5747.5365097941285	-9501.075682243389
79000	-447.0392250797525	-438.3719186938268	-431.97841024943426	-419.5240694273202	-409.7546434872824	-387.9203875559669	-377.1150300124606	-367.91214483764065	-364.4856241205879	-362.5874104075343	-361.0589522849207	-399.40535383518164	-498.86804212390405	-348.4104487771862	-1080.2114082532262	-6250.017498209973	-9926.194268231367
79000	-448.0923499963436	-440.2643048580897	-433.17559431993385	-420.5004561584402	-410.12682733131186	-389.49037753554995	-377.3902495976911	-366.798030583591	-362.59831114480613	-363.115472056082	-357.4129064656411	-386.2500091772483	-476.54457832847805	-348.87430550877394	-1025.2210610865368	-5842.047106234931	-9321.201653889459
79000	-441.4654569932119	-432.2238018179092	-425.7382520252036	-413.68185136645207	-403.8486095492221	-382.28482501007886	-370.39842223630524	-360.7016335933596	-357.2081330072211	-355.87271430639873	-353.47212668575025	-389.3271840369239	-495.2664143102444	-344.88679475625725	-1038.031250916944	-5985.815324821386	-9705.170238359373
79000	-471.9439944671941	-462.8379981459434	-455.80944644170035	-443.4396247312743	-434.31624631523533	-413.44510576243925	-401.91601019257547	-391.3913620229346	-388.6416944290629	-386.894383800287	-383.66375834145236	-422.6652954342837	-521.5043635608163	-372.4623843632746	-1156.439853405349	-6195.426425111083	-9745.546478963955
79000	-419.97505730321694	-410.5551282417698	-403.6457283612894	-391.546459280422	-381.66332117499473	-360.633950961252	-348.1595823980272	-338.0649283972226	-334.96080199165715	-334.4833640093081	-329.1100339355307	-360.2857802156464	-452.86549109788274	-322.5727744508061	-964.5526315308706	-5945.0102928260585	-9617.989208006204
79000	-438.4045906815046	-430.3769588021648	-422.224725011505	-410.5738148341478	-400.75735766969643	-379.8971061150977	-367.6936557466178	-357.3629951158315	-353.55859803250104	-354.35519985038945	-348.143839542707	-379.0849433952366	-483.2600921476565	-341.294056816061	-1044.2296336140535	-5958.2774168827555	-9563.387041993728
79000	-416.4033429947491	-407.5822739487662	-400.78545722312316	-388.75921080411285	-379.15859010696795	-358.01424537281054	-345.95523355507066	-334.0504658350182	-329.9043238811259	-331.63674098324344	-323.65215896119247	-348.07649794300283	-424.64606990344396	-317.9961084500517	-926.7354382354159	-5599.522916825166	-9174.334735843217
79000	-401.67041250120053	-393.7510473848903	-386.6042176300637	-374.3015900124252	-364.08116150880517	-342.7399462560021	-330.29795254232334	-319.7682983328836	-315.544342766929	-316.61939628269636	-309.70955821409433	-336.8033066534051	-416.9943418169741	-303.04356988663153	-898.9276428896601	-5961.304823675056	-9601.045591691427
79000	-450.7068135127236	-442.3005007196896	-435.6293038104853	-422.9498122072413	-412.8808941798349	-391.9282011381498	-379.80287889813746	-370.69041251517535	-367.2243270130789	-365.3706332712269	-362.772106358881	-398.22386968367107	-494.36895202294824	-354.16564911328413	-1050.9055918153595	-6103.303447108172	-9686.238936150756
79000	-432.69637516706587	-424.3391887669928	-416.8332046974278	-405.1655630573939	-395.7963148189314	-373.958453990133	-362.1417984255214	-351.0373631903949	-346.071497376351	-348.20391043375946	-341.6101342339514	-368.53195543041784	-452.7468225431675	-334.95713891455694	-1003.1335321379707	-5670.320600397822	-9384.2977233436
79000	-436.43728644113605	-428.1406786141886	-421.03024330522913	-407.7050396433874	-398.820259206248	-377.601843299177	-365.6114093864637	-354.936643299471	-350.1771068340185	-352.1196281160112	-344.24927414057265	-372.3163401364095	-457.4247155044776	-337.11739901380236	-1042.4693860964726	-5808.46206031261	-9504.294168229802
79000	-485.0402459529351	-476.38120512560675	-469.1476117651335	-457.88771357292876	-448.21613527516115	-426.1117645853573	-415.3249882503334	-407.0697734267231	-404.39389021252634	-400.60436991981794	-402.42792645659296	-452.2016787779047	-573.2679615791162	-386.8089998129517	-1237.063075033313	-6306.060075716504	-10052.192725783514
79000	-450.77630856943205	-443.00340914004806	-435.08485030624973	-422.602750353603	-413.7302445936103	-392.1712675401444	-380.27821710818233	-371.6312976451296	-368.96516288664276	-366.1506978594461	-368.0327040826417	-411.47617950516087	-521.981461102759	-352.5055019027933	-1129.8394552901718	-6463.096282772582	-10345.451600421957
79000	-438.01648287284735	-430.24711230687126	-422.5848003978991	-410.99805154478315	-401.37571232096116	-379.82624448402004	-368.623635425941	-358.6569045850312	-354.91390185159895	-354.00514649717985	-351.6237184763349	-390.0648093287285	-493.2814972865694	-339.17148126946574	-1083.7538107284772	-6199.507147572289	-10055.212012679118
79000	-403.2426505040642	-393.9676429215717	-387.2232734731709	-375.0124579717402	-365.5271513052302	-343.19651735348594	-331.0635673986284	-320.5609262436043	-315.6169003233568	-317.67192206595644	-309.6675435771923	-335.85305716916565	-411.37782129113634	-302.97636955998655	-906.6274276543489	-5667.994290289055	-9299.103718115919
79000	-421.0051375413869	-412.64634334492075	-406.40214940420725	-394.2613148943782	-383.6650702143934	-362.35381537230523	-351.3397862365513	-341.2084116661576	-337.7966903526573	-336.222953962777	-334.9139438852753	-373.7724728027766	-474.8137922715443	-323.27104767138695	-1031.2264227419582	-6110.8687385970225	-10110.482525009782
79000	-498.34787224526673	-490.1330523864915	-483.1986913002716	-471.6224989664156	-461.8281284711437	-441.27299368313334	-430.0664571780069	-421.1855536254041	-419.71094509655796	-415.2411304574321	-420.39480007976675	-477.26999630097833	-613.1855239437574	-402.9847127043757	-1329.9372962899345	-6539.6102162592415	-10444.078679417938
79000	-387.39352925714115	-379.0929600910213	-371.85516144686216	-360.0799811246943	-349.73704592130395	-327.9866488054439	-315.6082659372198	-305.36942953102016	-301.01176106759704	-301.90433394925606	-294.19273560283546	-319.1678480131163	-393.16771195719707	-287.4983583775563	-859.1132723814472	-5741.742794563271	-9406.799298186934
79000	-439.336533080735	-430.71240741174387	-423.0918854084428	-411.2667076006684	-401.8957872647187	-380.04311417549826	-368.6806874860486	-359.6187952156135	-357.2429062578747	-354.37117359655855	-355.3597147276045	-400.3933308513006	-502.0413815049938	-339.5778149329086	-1106.4158239449782	-6568.152374096689	-10434.643993521902
79000	-466.7975596663547	-458.7889864774939	-451.01358189645424	-438.3681486057393	-429.4132929055943	-407.71792444077187	-396.39270242574867	-386.44529942968006	-381.82357982313744	-382.35442730439576	-377.6667666422781	-413.077342517825	-519.9451495829924	-369.41220775832284	-1115.7506012402998	-6036.815349979174	-9709.470635635143
79000	-463.66101178269065	-454.8978479736985	-447.5243182775769	-435.9126528558671	-425.1001871826834	-404.7490216097271	-392.8487317595347	-382.4523703892021	-378.5101235314212	-379.1687587618585	-372.36607606543026	-403.49611297100154	-497.25996961789536	-364.5750909895365	-1095.054950253811	-5699.471358110251	-9237.91251230716
79000	-425.0610710633905	-416.878853271344	-409.35413693786694	-397.3813707110992	-387.07603487948336	-366.53127967723265	-353.61645558702236	-344.54211746875745	-340.0634164704827	-339.43714697304216	-335.57799318461537	-367.46119240666974	-454.2306707094247	-325.41350000289424	-1049.2703483163048	-5941.735526323318	-9661.079148512046
79000	-412.5765966604862	-403.93609012540014	-397.39348808289407	-385.4358529518994	-374.62240367706585	-353.4909872331111	-341.8787097775674	-330.547825281208	-326.5424044875288	-327.5510350834811	-321.31111822785283	-348.82865115004586	-431.7889283446444	-313.52003931148755	-951.3552831076222	-5747.293738891595	-9369.717138910642
79000	-426.82413209734233	-419.03367974145203	-411.1711612761189	-399.3404404920012	-389.0179859516694	-368.21798794344926	-356.14228800582396	-345.53267543028466	-340.9438338902311	-342.98928063528035	-337.45840930296237	-368.38020945697247	-473.62221614730254	-330.9245885295193	-996.8897419285177	-5754.629991198693	-9385.837619286307
79000	-400.89770681856976	-392.61868223394396	-385.5431838563905	-373.25800392311487	-362.85898947568165	-341.8295953387878	-330.2244440189252	-319.2051394842743	-314.59248891172325	-316.331546122476	-308.4242523668686	-336.20085693303076	-425.08653056741866	-302.9196015813277	-930.2636686080612	-5649.777685560178	-9415.578917030132
79000	-437.8525486623969	-428.86081462218567	-421.8499320881876	-409.65399678324206	-399.3796276198572	-379.23125801166503	-367.2099733303469	-356.5498442409897	-352.1143583279294	-352.8260306641319	-347.6484776660339	-378.2318995231531	-474.6416472441678	-338.781522155298	-1040.005231079668	-5818.590851331765	-9350.993892840532
79000	-391.02904323205337	-381.63981681043396	-375.07087473350765	-362.357602685125	-352.949926191475	-331.48335222680225	-319.2179326877996	-309.03912594136705	-304.43723571778116	-304.8048686679734	-298.5541403564051	-325.27010149244575	-402.780995538338	-291.1904054595122	-874.6414392162093	-5640.662902414452	-9221.966944786991
79000	-416.37926362923474	-406.83726451214255	-400.4727958365067	-387.8520769745721	-378.19191492538255	-357.07781805058687	-345.1307069006692	-334.1489758380562	-329.4989691923071	-330.92257492376376	-324.2313262541251	-351.817614615473	-431.30540119165863	-317.4728606282786	-976.5624676624778	-5785.280010309088	-9410.275296524196
79000	-429.2976775803558	-420.83647759200807	-413.804281535794	-401.38049801797956	-391.47427845123326	-370.22332876946905	-358.2973814882609	-349.95040054683176	-346.3041399457014	-344.3894826276763	-342.70082409752064	-383.8550769119892	-480.87226786513173	-331.5602269813826	-1041.3517497405014	-6060.408220555845	-9966.134461218287
79000	-425.08967595778273	-417.4002190343642	-409.82066837170515	-397.92076412516394	-387.7880259321509	-366.7961464698167	-354.9086524161982	-344.8754577185003	-341.2240440459404	-340.4796043015427	-338.0983669593663	-373.14795140539803	-466.5861342927561	-326.88347811307665	-1006.0916637662502	-5981.038564219595	-9873.77694633882
79000	-440.7851770469849	-432.6619218669123	-426.3219975346448	-413.0472983605408	-403.8519656564355	-382.6126280531068	-370.08262377531554	-360.54647484115713	-356.2644859475068	-356.648994667541	-350.1537118479161	-379.36111267190233	-465.3434204541481	-343.08821498252615	-1012.7899499935565	-5715.260818273946	-9294.657576393649
79000	-412.31844564125703	-403.7437062314449	-396.8228694253657	-384.21731163422	-374.7106515153449	-352.58849047000956	-341.3034285280303	-330.65793975946355	-326.6834855962952	-326.7513786699944	-320.80042388063094	-349.39681738698977	-435.10634425533044	-313.7551703105736	-963.1744905443074	-5886.7736159644355	-9574.35127512441
79000	-447.8447616106925	-439.4100214544526	-433.4302995228225	-420.8994437813286	-411.4793909282924	-389.1832159026363	-378.3108302195702	-368.677019890477	-366.3462411558427	-363.82567961890425	-363.41389980567976	-406.3793996229355	-524.1837231943924	-350.599907259907	-1108.3602966051583	-6080.589544379687	-9790.340114400093
79000	-458.01506225190263	-449.2198754075893	-442.73368282599216	-430.42657129458917	-420.72119836681924	-399.1931515893232	-387.95483450438815	-378.8785990140947	-375.64143792482923	-373.8867692359494	-372.58595942322887	-415.89925869021164	-523.8920990550077	-362.1738778049204	-1128.1677694426546	-6098.670159202216	-9857.594667452191
79000	-439.6713574912305	-431.84935071002894	-424.8824464962543	-412.6569309044851	-402.66869520122475	-381.35203901858983	-369.3687148310019	-359.05521008855567	-354.913749673139	-355.40497835795713	-349.20321722775424	-378.8265679933832	-466.99191564831756	-340.6558502753417	-1026.723388646887	-5894.778039929254	-9549.24555779313
79000	-478.35778329279475	-469.47196951466736	-461.33281740410865	-449.72752906439064	-440.79409559130744	-419.2122827366154	-408.29435177172167	-399.076325426683	-396.7376888384277	-393.3102334017283	-395.16173604248576	-445.7837922289561	-565.0977744507937	-377.8814648675548	-1249.3807477868656	-6255.14052315109	-10166.016762379926
79000	-466.7766845449911	-458.78877041515227	-451.1425142750962	-439.5295434597083	-430.01640421491334	-408.22784151117264	-396.5233407046301	-386.0967675367171	-382.5899763074982	-382.74523230619803	-378.2949370063429	-411.66403844032186	-506.3434787037095	-366.8277839598112	-1145.2303228077153	-6052.847982077319	-9738.82125013001
79000	-434.24076111847415	-425.82429162806795	-418.79732519595035	-406.5800755630895	-396.4800947704913	-375.3502712472945	-364.10879434963687	-353.5908169724584	-349.18335230928864	-349.4259142430227	-345.29676732916295	-377.1871022039447	-468.62069615159095	-336.1416766933301	-1061.420082781202	-6032.353140767706	-9647.360096310158
79000	-375.05066804408307	-366.047177286282	-359.3903669138278	-346.8416750171749	-337.8466633368257	-315.33170682055766	-303.5034738800974	-293.38445152599667	-288.67206874903405	-289.97574820925144	-284.51463580721185	-312.6848261327909	-391.444392655497	-276.42213408588634	-862.730416011313	-5779.64696619229	-9620.502553907845
79000	-481.3463713875796	-472.5684891384433	-465.76611578050796	-453.782668027642	-444.1505044798911	-422.7168043044986	-410.92856698331667	-403.2051144193565	-399.2719868342354	-397.35415846514934	-396.82319893527364	-442.48616127651866	-565.6995847513111	-386.98468796859726	-1204.2895471549816	-6160.816741630659	-9972.874259177876
79000	-429.1754558838357	-421.3621636841813	-413.3552566069066	-401.30237571970645	-392.065521876383	-370.08309663406794	-358.4100828894148	-349.09106561345715	-345.01990909558856	-344.2279131693627	-341.5346746655742	-376.77076827222425	-472.21306363248505	-330.11603377304885	-1070.7114689415498	-6026.925180049348	-9827.871119943802
79000	-456.0882883075627	-448.7814681620333	-441.12390412175506	-428.48392967078985	-419.04648679660534	-397.25268698336504	-385.8105959667215	-377.1413646733155	-374.7797744762273	-372.036562567238	-371.9953392523831	-416.2827719769739	-524.6232580351677	-357.8551414852384	-1145.45075973766	-6310.294497345402	-10120.930041129444
79000	-458.50527507889456	-449.64612716976785	-442.9312692562591	-430.567957104489	-421.38692747783864	-399.4143005676221	-388.00468542315065	-378.383147374201	-374.4922895301389	-373.5607125612029	-370.1681273860573	-405.5797642963773	-508.4028123591323	-359.8706546849848	-1120.738613258163	-6001.118807100455	-9706.166256411008
79000	-447.7311103053875	-439.88252529469753	-432.59841143850196	-420.7734904434741	-410.88825653197677	-389.62176253287123	-377.7799473918116	-367.3317458336558	-363.6554678966051	-363.3155377420595	-358.81873717511047	-392.53533040500764	-487.93575442842035	-352.44330891115993	-1039.0185036001672	-5905.027048683472	-9524.642674122542
79000	-429.0034757037159	-420.7518960383674	-413.8563053920852	-401.0581654819583	-391.98393629606267	-370.6748781343394	-358.63469242067777	-348.1089128197166	-344.9233288328877	-344.1417256622822	-342.3637526597891	-377.41727546469184	-472.8143663791606	-329.88042420130364	-1037.6914267775874	-6121.972983039841	-9826.141134369174
79000	-404.1556818897773	-395.6279414821816	-388.81675684868304	-376.4722444748162	-366.59081593676376	-344.8219018828103	-332.87809441861606	-321.87348085704673	-318.04669702437076	-318.7781149752381	-312.7149195964096	-340.8425695943647	-420.76654174929604	-303.8009670692125	-946.9100456317877	-5959.000493303576	-9718.077066967158
79000	-424.65736729688496	-416.7575944216884	-409.93266510794757	-397.2509681611756	-387.6603138411047	-365.788831264955	-354.39806392772044	-343.83857144082305	-339.8719401638145	-340.2200146211063	-334.12977912367495	-364.08016959904836	-450.4648154392527	-327.58267733703417	-990.5997555747412	-5842.724290122215	-9453.001146514409
79000	-450.8070983097019	-442.90824117849604	-435.02165799113317	-422.98879798341386	-413.7631198758704	-392.0106974390797	-380.0943138961352	-370.1874837871665	-366.1099668536157	-365.8533784190371	-361.7041241392056	-395.4025089224095	-483.8737955484579	-350.57968462047523	-1092.2635781813135	-6166.408501278462	-9926.567241029015
79000	-435.4310622401306	-426.5645163985997	-419.9419643712949	-407.61064763691036	-398.3392993374587	-376.4730700828422	-364.6746462140793	-354.31426638643086	-349.9213245774968	-350.7324843044318	-344.5211233247572	-375.81507172864985	-465.8580795593046	-338.77939060690625	-1024.28124643403	-5987.046414066109	-9567.176855463964
79000	-439.72078726968266	-431.07367104066435	-423.3560419175016	-411.57568457699017	-402.20988856257765	-380.14517786778197	-369.1122999767628	-359.5069856095568	-356.4428245924163	-354.8909775130403	-352.8468770978594	-393.5266619893865	-492.2475518710471	-340.8484863343665	-1086.4003251779206	-6339.169953130922	-10145.282276232087
79000	-425.5665548044597	-416.86473917113494	-410.43448038501737	-398.1987557030593	-388.56072171160406	-366.3107790545918	-354.1438950389262	-344.386161342332	-340.6404461144641	-340.62112086184146	-334.9107603276381	-366.8169487821059	-450.99317233147093	-325.52757115334737	-1057.7874751077252	-5887.373132729629	-9626.803584030262
79000	-452.71249012896016	-444.58860538236695	-437.3699634285154	-425.19489560093166	-416.01812588727773	-394.85683120208813	-383.2625757864051	-372.91849095647746	-369.9611731632052	-368.55218666766194	-366.7570085426389	-407.5869233311893	-505.9991756997931	-354.1048241081161	-1118.2023543437156	-6148.836039773482	-9855.5430867597
79000	-490.7441238846961	-482.06977312418843	-475.31770709159315	-464.25377472229263	-454.0188774049421	-432.3775314325786	-421.6793482115156	-412.53653272427056	-411.54581664248974	-406.4831742436666	-410.21814826018255	-463.8188300531143	-588.1241254185544	-389.99099327691573	-1337.495685176967	-6791.887206305361	-10682.373508466879
79000	-464.1987581273199	-454.82793439387257	-448.0712350368845	-436.926996471085	-426.328490179077	-404.99152079563095	-393.74424811910126	-383.3408268064667	-379.72886496702176	-379.12576638422127	-374.7411506672484	-410.47110036841127	-505.09999854727795	-364.0518563585917	-1125.854097098512	-6045.781297096442	-9794.548416039275
79000	-455.0345763571216	-446.6448845258426	-439.7930876393289	-427.9357900001695	-418.27569116874866	-396.8411143558672	-385.661551437015	-376.0400810952818	-371.6832535846883	-370.8695913959377	-369.47780390259175	-409.26153483076445	-519.1610927215435	-359.9315530609362	-1112.6994551564603	-6129.4965279322405	-9912.034971572037
79000	-430.97849955310596	-422.3871240656356	-415.029951189472	-402.90821162694374	-393.38162054204247	-371.40913775369296	-359.3261965581986	-349.7468328014032	-345.45115261726954	-346.0600596784156	-341.3105254406678	-373.6159295815313	-455.5731817818733	-331.93331342482435	-1007.7310501965467	-5890.419359934796	-9588.603806418321
79000	-453.52106359680363	-445.64442481103	-438.3818098908977	-426.3287289592512	-417.01908658839295	-395.53051237656615	-384.36335695913795	-374.7199094886041	-372.14077964244353	-370.2402550748824	-370.05862329663825	-414.50099888604086	-530.7621172943765	-357.77263169361095	-1105.7330829146326	-6216.928153447031	-10089.752223252506
79000	-438.861409530962	-430.37255540110203	-423.2216153085922	-410.90418001827925	-401.74379791571187	-380.1932601348734	-368.3332288890823	-358.5848275302292	-354.7670794654759	-354.3410016671765	-351.09284026079655	-388.34117779532005	-493.86639112019725	-340.22943712430595	-1078.7220710835613	-6013.252005965986	-9739.774372959759
79000	-419.8465793989699	-411.14509458930297	-403.810407348203	-391.34348600569547	-381.78969055171564	-360.7117086925621	-347.88515468216707	-337.2020231073532	-332.4722385308378	-333.8102494181268	-326.1597874984132	-350.8977268076656	-426.5421573120036	-318.9911886123159	-965.4562281907913	-5555.9074647077405	-9184.641622925752
79000	-452.0194762917285	-443.2760726557831	-436.15034615083965	-424.409573249082	-415.013056077495	-393.97008340184794	-381.7931382744081	-371.4211213134876	-366.57103113348063	-367.43483628004094	-363.0755275291083	-394.8667136310933	-497.2166662869062	-353.3792642294839	-1072.9727325951776	-5886.824680044116	-9406.61531738322
79000	-456.3020908743991	-448.3768351459494	-440.35831706454354	-429.32395477023306	-419.4540750526288	-397.6145127206656	-386.4983996545955	-376.92537888374596	-374.3765280236371	-371.968783763208	-370.7834798036154	-412.55077484462794	-516.7697946983955	-360.8543384842202	-1125.227680764522	-6239.985776011052	-10041.754151091516
79000	-463.0497058085718	-454.0275372518499	-448.00071537698767	-435.7403272828236	-425.98000247858494	-404.1009991282159	-394.12447590461653	-384.67100443211376	-381.0773302052474	-378.61744353391794	-379.2162797718298	-425.23256507166906	-544.9510080308373	-366.1602054934795	-1164.0949927358863	-6090.818859172021	-9900.495354689925
79000	-472.89493323737236	-464.7666271866043	-457.6059231377846	-445.6859979940808	-435.59243557383274	-414.1088112703337	-403.01998206484853	-394.07806016795007	-390.7021752413508	-388.31943644308404	-391.12351864639294	-436.6913217431783	-546.9902460863875	-373.03301774497146	-1241.880378755934	-6478.460723973168	-10466.358171664433
79000	-422.7453547994858	-414.83225683682946	-406.89593922812657	-395.83718176195964	-385.984937584199	-364.2626522541892	-352.1756022519672	-342.6146665465372	-338.8471873399133	-338.80804325086797	-334.18821964720036	-371.8424448303031	-466.09577901510113	-324.1060451323746	-1010.8920114053068	-5842.821116665438	-9590.719441364174
79000	-432.9129977725627	-424.57067107180393	-416.9001313826463	-405.91776929885873	-395.3502812423004	-374.19200192687936	-363.0947549046518	-352.25386598787117	-348.0334009834798	-348.15054208415523	-343.6378732427725	-378.76613700523893	-467.0892066764238	-333.6476893842863	-1019.6837487689917	-6009.636381287605	-9639.308581849591
79000	-473.15977554323194	-465.0685076077105	-456.89668101826607	-445.60057636697377	-435.59743553964665	-414.61705292912234	-403.0599009971349	-394.06128942122524	-389.9263797987586	-389.3725032062705	-386.2737754550493	-427.50535018468327	-538.8000297960645	-378.60254486624365	-1143.9930311727583	-6083.670667181487	-9805.294343963089
79000	-447.0349549358623	-437.8044346296389	-431.1622238351301	-419.35711617931133	-409.0994289650057	-387.83400029555276	-377.2730673802635	-367.44617820691224	-364.2529721792958	-362.7518125727839	-361.61462597906154	-406.150289941789	-522.6328851388131	-350.40781338593587	-1128.2335919342934	-6180.978926757029	-9954.385717019084
79000	-445.414771493385	-438.4326799634341	-430.86884347687027	-418.4005132827459	-409.36724179503966	-387.1894006931052	-375.82760993849837	-365.989404304479	-362.46204412114616	-361.13296220346615	-360.12567944614483	-400.75328977895026	-502.6823886689973	-346.9035432569149	-1126.3095332022303	-6318.184877145881	-10052.167168994207
79000	-469.96057747843327	-461.3812342993589	-454.36505942965715	-441.80730243389075	-433.2235705768574	-411.3605482261486	-399.3788710200947	-389.94224239125856	-385.77524603721787	-384.56130627328	-381.62122412518266	-420.20754674215476	-519.0256760293204	-370.19851409807774	-1175.5993341238532	-6049.2487539079675	-9689.561882612414
79000	-442.2697451250629	-434.1671474167922	-427.20462610004046	-414.99698414542354	-405.2834494701077	-383.60690837640345	-372.799235593325	-363.4812641311325	-360.5920988672323	-358.3446795322778	-359.1781804928888	-402.44241500131614	-517.8354116844187	-344.5700663657037	-1131.3725440950602	-6109.389002870397	-10019.016653156936
79000	-405.5371704508739	-396.77919672486496	-389.9171283093447	-377.3956196351329	-367.74151977240297	-346.39801709510584	-334.98205930279755	-325.41269006148457	-322.2842515359604	-320.4191260301229	-320.6471918805659	-363.2518629723526	-454.96706044907097	-307.3533832128216	-1016.8592813153539	-6185.310493422286	-10070.115749472568
79000	-462.2980095994811	-453.26581760562044	-446.4114456969092	-434.18710313204815	-424.9807889303091	-402.69857884316804	-391.19346235082924	-380.95645805408134	-377.52064256134366	-377.67058251368655	-372.44967361712696	-407.0207348971999	-502.4426801296693	-363.5387948901993	-1087.6714886972504	-5978.711259416272	-9571.727259791056
79000	-456.21249782586074	-447.5995787528688	-440.30462404506983	-428.06620187789326	-418.6589256761342	-396.82327688426466	-385.23861375893284	-375.697762252183	-372.6680855667943	-371.61836429581314	-369.83517004293486	-410.50798690064016	-517.7593502361339	-355.9199820554818	-1135.2338654747418	-6303.69925464033	-10119.73440397231
79000	-436.1451386146785	-426.9282320830914	-419.8838129022865	-407.339140785419	-398.40845364434205	-376.5121615568088	-364.7240519351687	-354.7398733988133	-352.25201181506685	-350.46909762904625	-349.2375463556624	-389.17197904421175	-484.933256355944	-336.4198759079751	-1070.7486664125008	-6103.937046408534	-9933.884512858818
79000	-430.58060483181	-422.3637253276679	-415.2523253737043	-402.9788243708467	-393.67732547055493	-372.3833553386946	-360.4643599167494	-351.02956035649214	-347.45809048651284	-346.41787506679105	-344.5734662253429	-382.3613690098565	-491.72187181321175	-334.828801402556	-1069.1485456821913	-6036.201472985429	-9881.55252820229
79000	-418.84832932447733	-410.67336895004576	-403.5988090632837	-391.51786844656294	-381.5497940339037	-359.6599041128407	-347.201871558857	-337.4784653801393	-333.054638667042	-333.95943750807015	-329.27501199442014	-362.55683333663853	-449.76883555856637	-320.2025001095482	-985.43386238748	-5947.871380317685	-9708.56599952256
79000	-461.9103338836223	-453.62615054914727	-446.5904045185196	-434.01513378246636	-425.2911483775726	-403.038481650134	-391.83433309977096	-381.1240165819246	-376.8786127615847	-377.9694440064034	-373.0599009800263	-405.80267529488054	-498.8313380929861	-361.3159787921762	-1134.5916078829896	-6013.658231473718	-9530.007791666525
79000	-438.33715966136367	-429.8417039547764	-422.8530828342495	-410.7189075680652	-400.49862658255563	-378.7884497150748	-367.28044871968297	-356.745793723646	-353.3317089735931	-353.42490438785876	-349.3984937094663	-383.53410218906737	-477.12105199220264	-340.8171279188713	-1056.844206148833	-6019.158904061607	-9721.955702837848
79000	-404.16295109409424	-395.2717514728295	-388.44179852355325	-375.9681192068185	-365.97953223110767	-344.61621731155157	-332.9057527894851	-321.5677014252077	-317.6713378937635	-319.2853215519206	-311.2051201432714	-337.0044931398327	-418.640798044061	-305.89174259706607	-922.447277611914	-5580.181007225925	-9183.317837057783
79000	-423.02273770998585	-414.28925094510225	-407.81863342984826	-395.29062085578005	-385.49993690244037	-363.5720953214666	-352.4655699104415	-343.6373513972259	-339.53692188869695	-337.8846315345938	-337.6445898313528	-376.3573007444519	-478.661135024502	-324.3282544370185	-1046.1913629385765	-6054.570554790163	-9957.416040494458
79000	-450.92791549939994	-443.4247887221597	-435.5489425054365	-423.2854388486469	-413.28719546804314	-391.837418819059	-380.15827024825694	-370.5046847959708	-366.4576629930806	-366.2600127016958	-362.80459203904826	-397.4409583933217	-488.9074058984092	-350.96563676200236	-1075.571432458848	-5895.442674984877	-9667.098218278488
79000	-456.8324757699718	-447.97633956163645	-441.09658875484655	-428.72818673883114	-420.345233183572	-397.6183670990006	-386.5895082033246	-377.5884086691121	-374.90862460972113	-373.0023674293672	-372.28863042255193	-417.97294676587137	-526.3549967625477	-366.7756540420665	-1133.8883495601317	-6182.6336071981	-9987.331521984432
79000	-464.2243649866636	-455.35406432866944	-449.18457430119605	-437.4057634481478	-427.22634617888497	-405.9369481285828	-394.33109568085547	-385.5567099074577	-381.7809088493787	-380.2365487157718	-377.23561404479346	-415.9785925084239	-522.8419265226328	-367.5772420037387	-1162.4903169968713	-5848.2368793888045	-9610.91220811524
79000	-426.27308883381613	-416.40494554852046	-410.2558786799913	-398.09412262846104	-388.1300781890331	-366.581921204869	-354.1818833857704	-343.6199046473671	-339.0872942783932	-340.62408132170384	-333.9885838526058	-364.04071459635276	-447.4579275036522	-326.60590370514734	-1003.7803535900379	-5769.818420008523	-9423.0791499171
79000	-430.33372368324103	-421.90382081647095	-414.9754769806005	-402.70289763345454	-393.4206199330398	-370.94338422259085	-359.11525114778715	-349.57555529860895	-346.3013361846859	-345.7863103957634	-342.64114304373027	-377.6603593676507	-466.69767608667115	-330.6430757099135	-1057.756463809257	-5989.924532409541	-9652.087207387236
79000	-427.91756752101855	-419.72922628536054	-413.1824635754677	-400.69163965721566	-390.7622698847408	-368.9161557327875	-357.32899120250715	-348.6663554338011	-345.50521241402737	-343.0476127622279	-343.14284937792166	-386.36843269464094	-492.0647243374733	-329.95442120572426	-1044.3954900314843	-6134.597775601164	-10050.018501707149
79000	-460.8634288871471	-453.25661485047726	-445.36640567366993	-434.43377507630055	-425.1572849260939	-402.9589090062443	-391.6394850761727	-383.48676759569895	-381.1459262149817	-377.1255236347729	-379.7196935561508	-430.43522147482156	-542.5373133142195	-363.213148346933	-1197.5909240441538	-6431.966412643911	-10446.514525852177
79000	-446.39126266117034	-438.51450348761335	-431.0915451341827	-418.3531560411009	-409.32480280956526	-388.3409829290785	-375.7128622427225	-365.14795132217745	-361.4541561048795	-361.2947416801051	-357.5073795866046	-387.85945800266677	-476.07463625779513	-348.2129357080083	-1052.5825739472903	-5944.076297771076	-9556.200322633287
79000	-436.850195525208	-428.8068950885532	-421.3154740129624	-409.769097700321	-400.6841437301173	-379.2629357160155	-366.78207460559275	-357.75410980890024	-355.0353430741601	-353.58880885884014	-352.8950322686223	-394.75488797140645	-497.73018527896556	-340.87138249152815	-1071.3079513200923	-6151.543007314173	-10055.294999126903
79000	-449.57630676125933	-440.621402179175	-433.773368402622	-421.61771958199995	-411.8429435090921	-390.61538246096984	-378.0315077371618	-367.3681900264977	-362.5531695154712	-365.3033218621989	-355.61371844935155	-382.1994930367502	-465.68959784860834	-352.04264009420234	-1035.481454750809	-5660.741257804275	-9103.88057234531
79000	-401.4369970785639	-393.4432812134737	-385.84293700619895	-373.56591117222547	-363.5709434505114	-342.429301438434	-330.5502196571509	-318.6471711907826	-314.14527241268974	-316.8549546627035	-307.724015965368	-328.9527100113623	-404.9571604761794	-302.7853672861243	-898.4335237107558	-5555.595817810226	-9114.877507751533
79000	-429.5528824706214	-421.5637944100253	-414.37757426706304	-401.4530594036037	-393.65992125357747	-370.3817659877899	-359.25280048801733	-349.77587396059397	-346.1873089185916	-344.9655940490063	-342.0840981854415	-380.60742910975466	-470.0156469261751	-329.98931337260734	-1050.2483325474427	-5951.2442760523	-9752.33955622767
79000	-429.12361906024705	-420.68788049961023	-413.80057830612947	-402.16036882122614	-391.86592964534253	-370.41440306943514	-358.9699204446751	-349.6003277154423	-346.0420847572811	-344.475596083191	-341.3189966099126	-379.177186854061	-474.30725150974075	-331.414768722893	-1015.0692105838997	-5964.500532546028	-9733.98387743201
79000	-409.2886786743564	-401.54211728573745	-394.2486081941626	-382.54772618034394	-372.65582396388766	-350.5280829039331	-338.94733341583577	-328.9892556108527	-325.9827801826346	-324.4698996476042	-321.46711332387844	-357.11323015497993	-450.71740962823293	-311.8797679198718	-989.9875034561968	-6030.579153265489	-9943.435948687005
79000	-456.7586986399013	-448.0158985243581	-440.5931812005534	-428.9159265389753	-418.6143609191063	-397.97121857580225	-385.9494520180475	-376.6943971411967	-374.28793530672493	-372.5038928999794	-369.7075470906113	-412.0717237713892	-524.3282775438012	-361.49977139323704	-1114.1765421529767	-6181.905451590542	-9869.601278764041
79000	-462.10631349752833	-453.99828292921256	-447.22874052632557	-434.4465974033868	-425.32438180852057	-403.6078945965489	-392.3156624768501	-382.6239209750755	-379.95734655802386	-378.1926709586227	-377.6260053307062	-416.27404438142906	-514.2626881772125	-364.0730260620852	-1107.315603280182	-6148.10443484496	-9820.671602697761
79000	-402.39237961659944	-393.40928366928273	-386.83546872184723	-373.69743201039466	-364.1777506988742	-342.73540954332555	-330.3340843253497	-319.53737871922857	-315.0727691096573	-316.9566193893448	-308.86110850610976	-332.5791746401831	-405.46097482605035	-302.36322599732875	-902.7932141557911	-5716.661871202282	-9312.80531984999
79000	-436.19966493755834	-428.06505907277165	-420.88921575223964	-408.30386720599756	-398.5349322564634	-377.5169387324321	-364.74706198357774	-354.6844527102598	-350.2981957733264	-352.08410588054335	-343.70608075923127	-370.92809910559816	-454.16866698479794	-336.1319912245778	-1012.7817034596064	-5593.960904205156	-9232.928705358463
79000	-413.5601824210823	-405.4393844990337	-398.82073905160024	-386.1782045461897	-376.425458325321	-354.4458757809198	-343.3123912491579	-333.55585748112446	-330.61720162697077	-329.23993367741195	-327.61989209096254	-367.05483869332767	-462.7757321217416	-316.75171766993617	-1001.7320438232416	-6145.477309918595	-9949.29859425902
79000	-435.1219019614393	-426.8478084067191	-419.9774759437144	-407.4996113408939	-398.4341685947869	-376.679413878331	-365.1356495348261	-354.78382437263264	-350.6367326483423	-351.03834364709877	-346.0582654166414	-377.36611516432407	-472.08554871416646	-338.6203041090992	-1048.2318078148357	-5755.539693082675	-9374.186154297926
79000	-458.44936028416936	-450.1116433901537	-443.1768073006638	-430.99116675035395	-420.5415874772467	-399.1416275317127	-388.14941629721983	-379.53456938395504	-375.84027375909574	-374.570526086586	-372.4500060661366	-414.81440475064454	-521.1664392441729	-361.83343055092456	-1134.8519292665956	-6006.036078236932	-9713.301080006962
79000	-467.91952667782635	-460.40183196430604	-452.6578353347018	-440.8173825569512	-430.95690082688895	-409.3063701086325	-398.5894277202127	-389.3829518738034	-386.8550545017816	-383.9092825744934	-385.3504362091811	-431.621096362685	-543.3915964615686	-369.25062151096876	-1213.6620367438145	-6475.341160442225	-10261.689496049534
79000	-464.4214521776477	-455.5859844732798	-448.63366111554905	-437.30368749746845	-427.3921704207554	-405.5347263408387	-394.6896519722205	-384.18642064291095	-380.8616298204935	-379.9862009192392	-376.6260910224552	-414.8694129466861	-519.0833993490195	-365.8119871353803	-1142.8722518253828	-5875.741901530189	-9638.77661384839
79000	-446.62215206826164	-438.0718316929014	-431.5874152339697	-419.05068820142037	-409.0923489786361	-387.4621973467974	-375.977539743207	-365.9717999211147	-363.006079872272	-361.3123521005052	-360.05800618377793	-400.5354340458523	-504.96607958724337	-347.7399947947632	-1111.8797078663358	-6136.185077046886	-9948.303592050526
79000	-426.72661381044225	-417.6926072814733	-411.031163480384	-398.6383927741364	-389.20572439774435	-367.3541728015376	-356.1691125324391	-344.9666219530369	-341.32480665584114	-341.5836928284928	-337.81666345092145	-372.25361201738906	-470.852556752519	-329.21444520827606	-1014.131903867361	-5859.379362460064	-9599.952965483819
79000	-482.2065930923396	-474.709019704508	-467.5518143182507	-456.0516960264637	-445.5482608426951	-425.61630391081036	-412.85520074821994	-403.0559008149904	-400.38915536564315	-398.5129427542835	-397.07130230930994	-440.30096782560014	-547.205385923469	-383.27170856154765	-1239.4011349677346	-6170.700874284118	-10070.267261127718
79000	-430.7279527137639	-422.5542501782225	-415.0859880445269	-403.47526684524325	-393.68621440925654	-372.0568922543954	-360.4357516805142	-350.0693769465272	-346.5121028806448	-345.89645472572624	-341.77987004289974	-377.32172800567815	-471.195018341823	-337.00045754049427	-995.9202152241953	-5798.383327062097	-9479.38823878382
79000	-448.2708599098874	-440.75452103212643	-433.68818922890654	-421.4601102579064	-411.6877420615292	-390.78739353442677	-379.16246539932837	-369.9045439709896	-366.08943436101475	-364.63053633404724	-362.2536865858788	-400.933419257033	-500.81825015360664	-349.9578843613986	-1100.7594149671	-5972.071430440176	-9685.27297399695
79000	-428.0569725852766	-420.3031082799113	-412.8661794459819	-400.4772499925407	-390.6649282004189	-369.64708025148764	-357.5437385156219	-347.7225008729365	-344.68730287837076	-343.43900785117387	-341.62470430019863	-380.36634534086403	-482.9784215207398	-329.85749632413535	-1069.955996309748	-5996.532491106678	-9811.594232472336
79000	-441.2235064846149	-433.1691075892574	-425.68247392622123	-413.66207505651175	-403.55595671359924	-382.4141022383818	-370.15273691469656	-360.63797567455043	-357.1095164231721	-357.35617478452554	-354.6184539250539	-389.05814365161785	-487.6801282585918	-343.4456876764704	-1030.3174624480498	-5948.850275921571	-9729.179002635532
79000	-419.4723837350703	-410.6284064720886	-403.5969479031514	-391.4691329570113	-381.1809275916842	-359.76607463282784	-348.27618374017317	-337.43903710975906	-333.9824847214684	-334.5585069301413	-328.57588038900525	-359.01407536266186	-445.27042250308466	-319.0706972426683	-963.277433895919	-5881.377856575885	-9600.117710013465
79000	-435.1687577499784	-426.529090132639	-419.60853863736	-407.2946365573117	-397.77655676917715	-376.7691566841287	-365.12197468048856	-355.9603059968996	-352.9512603733319	-352.11620828740905	-351.22267817431066	-393.005997825969	-507.42160266020363	-337.00909403339335	-1061.1114073579504	-6209.568726477015	-10090.07571474611
79000	-434.8874806240232	-425.6971344306807	-418.9731641138607	-406.92228028194495	-397.06196653219195	-375.7438367272297	-364.04997867867274	-353.84106068494896	-350.1050564120715	-349.31325987095994	-346.487919415245	-382.425991149212	-477.9265765282654	-334.70042613592256	-1038.606168513714	-6017.8752606038815	-9892.560467602989
79000	-451.7718424344683	-442.71925561765926	-436.388340608634	-423.98519083265114	-414.2031749882397	-393.42608142216204	-380.8240146276127	-371.9949247508879	-368.21992554224425	-367.28661942504925	-364.2317137005575	-403.2484034414818	-498.43270771864826	-351.62873636571453	-1129.1042694237933	-6255.605776598378	-10115.744857801898
79000	-413.51760377960267	-404.9712351374966	-397.0022676102073	-385.41133593837355	-376.19226988943825	-353.78888259270775	-343.23810239821944	-332.4758163613465	-327.85752412746564	-329.30443442332245	-323.76149741698697	-357.6360277175354	-455.58460053282107	-316.12007290807617	-975.6474448046395	-5738.662824940462	-9491.188508045301
79000	-435.8737151088656	-426.90260249265924	-420.31129221734324	-407.50856360102955	-397.8402917263299	-376.293295384243	-364.68525019538214	-354.0866924760932	-351.1928707844425	-350.5229286568549	-346.01454919455017	-381.89854908207997	-474.9103365986224	-336.7500706008841	-1057.2760884274217	-5947.784799579471	-9636.483960178846
79000	-426.8644045020638	-418.85054080056483	-411.90422959170684	-399.7171856574314	-390.35680867577463	-368.1043376857873	-356.3170874916804	-347.00977391609575	-343.85595428184376	-341.6973754790085	-339.6818188326243	-376.5787169032094	-477.7068652128299	-328.9102613624414	-1046.6721376344212	-6001.221647616826	-9860.811574294463
79000	-436.4971743498515	-428.24775340158624	-420.28704609659377	-408.97128014248176	-399.18908696165147	-377.6861175547639	-366.58472816745024	-355.2563317634182	-352.0582802432965	-351.98904949016895	-344.68499064884503	-374.6792916393503	-480.2602084193848	-342.62774333933567	-975.8900172777018	-5457.172235777405	-8989.359914752953
79000	-414.07333005355315	-405.23172220465375	-399.0781163037066	-386.40245660237633	-376.6813548832801	-354.87286928851836	-343.7722755573404	-333.2875962431769	-329.66879572619536	-329.22385570923706	-326.61408358102227	-362.68747088464596	-447.63637499739303	-314.9690462311486	-1007.8492842388655	-6145.9861167499375	-9949.952760479488
79000	-400.63220080857275	-392.151825602738	-384.7248498366269	-372.21176066215844	-363.16631255539477	-341.3683606294169	-329.90890004229874	-319.0391488113766	-315.2665061719138	-315.48304206970204	-310.0036873039755	-340.59385198967243	-424.9185712123232	-301.15741424153026	-909.6521805367704	-5988.4231470373325	-9691.49055244422
79000	-436.35198281768083	-428.5844710312933	-420.7081098654001	-409.1330890673206	-398.56886789546263	-377.34576521068027	-365.4926013432394	-356.19910218637415	-352.8333526251352	-351.22193237124253	-349.7003133416487	-388.03651273474566	-484.2818002306085	-337.2556034538876	-1068.4864336480466	-6234.186891675603	-10052.338824048491
79000	-446.3609632012103	-437.4619300780935	-430.8280264982989	-418.3912958670004	-409.2393931762145	-387.16972489743955	-376.43798646837456	-366.4551773389159	-363.1775862543145	-362.0537592639676	-360.34376253284967	-402.05677495359924	-500.80259962802637	-345.4483482654248	-1138.9217656114624	-6150.752385461781	-10011.433823412128
79000	-419.54066944042944	-411.5461006520838	-404.31446983879954	-392.179610712455	-382.7474328223126	-360.4488922961749	-349.3483536200926	-339.60129277025777	-336.89647955166316	-335.02828652998755	-334.1865945553308	-374.84128678559193	-468.17531428886764	-319.62547759031565	-1051.523938398521	-6326.254278094311	-10310.658370213096
79000	-401.62190837966847	-393.02487668857236	-386.36776135911424	-373.7273103745491	-363.5853497523369	-342.5043195629811	-330.0361311264856	-318.24256880331103	-313.6176602058839	-316.4218308169662	-304.90966455936814	-323.46038062046364	-393.7808448816269	-302.47101230796295	-885.1518071031231	-5409.646075522816	-9004.080547900166
79000	-458.5037807925431	-449.67563729618047	-442.4905171484442	-430.25729979106075	-420.71928417667186	-399.1532344965819	-387.3557733607749	-376.36409461314844	-371.357947308203	-372.59972901522997	-365.2243285905769	-391.0306340177436	-488.4705114438005	-359.68430627025595	-1041.9947918646915	-5488.4916828582145	-8880.133001916089
79000	-419.4257035344157	-410.9724346744797	-403.81737900362083	-391.3830810539496	-381.67763745128923	-359.7830789941104	-348.62558692491893	-337.8062073257431	-334.55454097769797	-333.82354255793865	-330.3119638138126	-363.88961203575275	-445.97730604898913	-319.7009981279588	-975.8670702620427	-6076.9829085901965	-9822.65009951917
79000	-448.215961101035	-438.75603747683715	-431.87844124617374	-421.19448107472954	-410.46531992535955	-388.8918804493892	-377.3723177165846	-367.7588866236624	-364.5922959030344	-363.0031599425568	-361.59238963655224	-400.1809247246643	-495.21135913715744	-348.4365191533995	-1111.800963843036	-6236.04799530416	-9985.195975954375
79000	-454.8671215243797	-446.0846150334574	-438.54994378609416	-427.05003656933945	-417.12241315450837	-395.90381090545003	-384.27533014918754	-374.85474557153725	-371.9415438664804	-369.9370110385672	-369.30984071163033	-411.77734259155557	-516.6671151498894	-355.6020140392236	-1132.209391755443	-6224.94892409945	-9991.07592023648
79000	-447.35851671658014	-438.7908429726683	-431.7174391637246	-419.52770532161003	-409.4210471744985	-388.1602355799504	-376.0346143758824	-365.4684893776486	-359.97234371337504	-362.23150859584473	-354.13648980486533	-381.5023945240252	-467.4248084298914	-348.86425659000486	-1075.3510657734232	-5619.716598071508	-9296.747314531209
79000	-453.0968931100854	-444.7318930739699	-437.20591573546125	-425.0777780984246	-415.58880929663144	-393.9883695616941	-382.7443035431133	-373.70552272766656	-370.0035648871671	-368.68148443800874	-366.3622094311994	-406.4748169647573	-508.0032463020823	-353.6977168471263	-1122.3818672776506	-6158.220523604245	-9905.65419243262
79000	-403.36252820898716	-395.16604964954644	-388.502946237313	-376.46567501389893	-366.93006023231	-345.2822160365848	-332.5885042934795	-323.12259163999715	-319.55808504019205	-319.43919342976295	-315.5911898107176	-351.5363670799321	-449.36830758100353	-307.4498409542569	-963.7140675396932	-5849.495056545036	-9731.160884936502
79000	-406.67050527766986	-398.7736123623685	-391.00002796404755	-379.1392907987198	-369.0982019738243	-347.2468418138105	-335.8827543518844	-325.8281963717303	-321.962598628071	-322.09137179818805	-317.46729199575054	-351.22695444619166	-430.5394592494098	-309.0227936294487	-931.0978537223286	-6040.476683976293	-9932.32668949968
79000	-426.8391969281443	-418.968868313718	-410.9133140198954	-399.54331571015337	-389.4926637674441	-367.7037404981832	-356.97362338791277	-346.7767224607155	-343.33530825806355	-342.17593424296007	-340.6095197088569	-381.3521492627444	-489.5440644937487	-327.950473744486	-1071.4506702196022	-5944.327465893541	-9862.395210817145
79000	-432.265217912317	-423.3365376996083	-416.89567701517734	-404.04488359618415	-394.03194756331953	-373.33960005839367	-361.3551142439986	-351.44143948324205	-347.4454339450189	-347.5431951942184	-341.8978140602638	-373.6732894591831	-471.18547466914896	-334.5645731215345	-985.2110153029157	-5832.767140788704	-9429.686827044168
79000	-435.0315857342599	-426.54849056310184	-419.54155735278056	-407.5116972238733	-396.9565779637412	-376.12843849335815	-363.888382600153	-354.0839648324509	-351.4270615460944	-350.25984760894517	-345.6346115100779	-378.390964552526	-476.19852307299624	-334.91211708717674	-1031.84441778415	-5816.108949319209	-9591.9622526513
79000	-399.91907103036385	-391.59170392071337	-384.34061771285786	-372.143597049611	-362.17474894533296	-340.69325501318957	-328.2283092294114	-316.5242246736087	-311.6791247111481	-314.6143729479236	-303.48647660017065	-321.6992122328831	-389.5265583340768	-301.9044926976752	-865.1341203817522	-5467.394913834522	-9035.335271072949
79000	-423.0168261807644	-414.9792922148321	-407.38268043347347	-395.30963036316086	-385.5988132083169	-363.67310904780726	-351.67873458349595	-341.01869099794686	-337.1733229896733	-337.3283078585049	-332.4488436261846	-362.31111588813206	-440.9153674948453	-322.3506036622632	-987.6099459678737	-6021.729974158588	-9644.108426341056
79000	-437.6200599611471	-429.02143239834976	-421.18675706690334	-408.99261611643	-400.35674005958475	-378.28489948487083	-366.6712215846922	-355.9923824481113	-353.02022062634086	-352.25799634468234	-349.0919238920929	-383.46328821431075	-470.6906527437888	-336.05387699788383	-1051.5617937230516	-5957.531257361968	-9644.152879000301
79000	-420.5944282782521	-411.3974102306473	-404.5658355299575	-392.9319383429581	-382.8118628865034	-361.196910027114	-349.63708300305524	-340.27843701447796	-336.4101827522578	-335.2798772796021	-333.4893054896824	-370.5771701433807	-483.05732980202805	-323.5883219549262	-1020.7111340764599	-6040.455936150593	-9875.355347511997
79000	-429.7040909407507	-420.6908290083543	-413.8507504658227	-401.11475941348976	-391.25231121075103	-370.4933923360869	-358.75920551777784	-349.01090077708596	-346.51099373595434	-344.8222197736651	-342.74780101685275	-382.49858945676624	-480.47999074699914	-329.4984274892001	-1046.4437651999906	-6135.600225542048	-9930.253330829308
79000	-460.5591455372609	-452.1824138102749	-445.1953430110719	-433.980702858841	-422.69576801023516	-401.7329301748309	-390.310656182512	-380.73409241196526	-377.6698884129159	-375.678737586506	-373.4236730574356	-410.4305824379873	-511.0523631784726	-361.087996115318	-1087.033882396524	-6225.021556431768	-9882.899000214997
79000	-445.7918416267185	-437.2618032378942	-429.63503732101407	-417.63700888143865	-407.97350951869277	-386.5045030126598	-375.15569389534255	-365.8361767968293	-362.87356386796284	-361.0489723410085	-358.62072149285723	-400.4866018858179	-501.7083910038264	-345.98254167062794	-1109.7396118289096	-6155.131767751046	-9854.022809409596
79000	-472.5305335641151	-463.9579808785658	-456.81602822552117	-444.8894925333253	-435.1233673005563	-414.0072481330016	-402.8857661477174	-393.1084305834262	-390.5913114559585	-388.1766323101269	-387.11361228667846	-428.72294524098356	-538.9158295865578	-378.19801388038314	-1175.8180499443008	-6129.014719849801	-9762.752353296297
79000	-460.8446826114999	-451.3664972737718	-444.7766513383678	-433.72048258617167	-423.83891136020054	-402.07892855529605	-390.90770681335897	-381.4581608991099	-377.3323277255924	-377.16047134321775	-374.43340614581126	-416.280533819396	-519.4589655224047	-364.80598119028207	-1127.4463553145404	-6063.757474200769	-9817.047968296918
79000	-462.01944765024984	-453.1134619929103	-445.8990842777849	-433.83433330819423	-425.0074836971272	-403.4976445127953	-391.15637835540457	-380.49349622083713	-376.90868143238987	-377.37355753591	-372.6973614222836	-405.6502364161984	-506.884708756256	-363.9679977725031	-1133.0685996915256	-5823.05697849926	-9409.844627177232
79000	-434.20839533999424	-425.5618322374755	-418.3948822812379	-406.0966474108154	-396.2990414431297	-374.7209320172223	-362.79767434810566	-352.77580557217846	-349.1221300090216	-348.16228986435925	-343.4743905136256	-374.75369758575937	-462.46607769510786	-334.5631806707775	-1021.4680888683746	-5790.85528974319	-9472.82853908626
79000	-459.51515477589265	-451.76887504323037	-444.3290135906895	-432.2679376984696	-422.8143587289666	-401.33700340975645	-389.91048477333914	-379.6852699588748	-376.10636206392064	-375.24267656133287	-372.56203501150316	-410.4404533690978	-515.5232664219961	-361.82733707578234	-1115.915839585297	-6086.271183481034	-9763.342074073056
79000	-399.008657378502	-390.71529406397485	-383.55419614284443	-370.4208035620767	-361.263523744217	-339.41609351863576	-327.1502832483833	-316.79977835923205	-312.09795716802944	-313.7374479505063	-305.1046130150552	-327.8589864771583	-400.0710243562057	-299.81933569757996	-882.9715018289438	-5393.631369851625	-8966.451789053872
79000	-460.56323719051727	-451.88211783754144	-443.4611750778252	-432.4107961671857	-424.1004125063212	-401.4805530902074	-389.88679716582755	-381.5462533697114	-378.5823844903461	-375.8809958005032	-377.41812166836286	-424.51878982747945	-542.3087958655718	-363.08330750823944	-1175.2747968588399	-6365.819520487492	-10202.592887886663
79000	-452.19847409081945	-442.7959940204942	-436.34519283718276	-424.59094048792224	-413.87138429732977	-392.8778712226343	-381.9691220783091	-372.30813558841504	-369.59841364068643	-367.43856412286334	-367.19492754608336	-412.8291949953421	-520.6563238620853	-352.29011865998814	-1139.6800794432265	-6247.124262608784	-10061.023947483407
79000	-378.80245631143566	-370.25512928467697	-363.25423683137313	-351.1598066161165	-340.9765542755276	-319.1807494310838	-307.64188601277596	-296.51620574764667	-292.0138994625609	-293.30305404132156	-287.2286526148282	-313.0281633038349	-393.1654988372402	-279.4569841298816	-859.1633475050837	-5675.679995175627	-9501.633286510878
79000	-439.69223082210584	-430.786669377621	-424.0592880794134	-411.44070586520104	-401.9417617996397	-380.4223246396616	-368.25730269035813	-359.1202149197362	-354.31691222416185	-354.30417200821256	-349.71503678503655	-383.6056242535408	-472.9544455340734	-341.86406929814143	-1025.8137307081677	-5769.652939650501	-9390.881165400087
79000	-436.7437035782698	-428.1263227396966	-421.20283935923743	-409.4207635452458	-399.1036715489871	-378.22801619132474	-365.6830295252659	-355.62146306890884	-351.07256590767173	-351.51544977555227	-346.1979933332969	-378.16255696722016	-477.4307062967923	-338.238185358885	-1026.7622703492432	-5758.219630570433	-9378.087589052157
79000	-432.18557161328926	-424.3735180700902	-417.16810323060207	-403.9761193898337	-394.6663505202558	-373.28489332283533	-361.18423470649554	-352.08457145324167	-348.4443591829809	-346.9574711184079	-345.54797404740106	-383.8476950648121	-476.91597125432867	-331.96487416729434	-1069.6750197402534	-6161.8792699331325	-10008.881421815484
79000	-443.07772573385915	-433.8998936744811	-427.1279323828422	-414.9748522307451	-404.8941593640628	-382.96232877567667	-371.56636626305334	-361.6608110599065	-357.4879312664237	-358.683182720845	-352.9235742723054	-386.6781316403044	-477.70464168782314	-343.79750093621533	-1066.5798741141775	-5678.5625617162605	-9376.435537381592
79000	-438.7525624090577	-430.90308466971	-423.191050693848	-411.039022935066	-401.74006609322686	-380.02682929095795	-367.93750157123606	-358.9484012766067	-356.3726451178462	-353.64089054635747	-353.4801108809475	-395.26800349844984	-494.32159765347154	-338.0704644065145	-1135.1619153890554	-6277.915296049067	-10188.269463793444
79000	-466.4882206726556	-457.89611021153956	-450.5396746974505	-438.3597995392613	-428.8351345692086	-408.1515769557783	-395.47353367722076	-385.81686002643136	-381.7494634185603	-381.7935649727676	-376.77725821014275	-411.32305273883145	-507.5217052245285	-366.1324838761964	-1154.3839157986022	-5789.18675912486	-9349.375943427713
79000	-437.3336160503033	-428.67713756778073	-422.1248269454416	-409.4042080576229	-400.10218327344506	-378.7821835797124	-367.12829453331676	-355.9096955744814	-352.0378666407861	-352.6165400961553	-346.9163313699799	-379.9330166865158	-468.2080136374847	-336.8138915435865	-1083.9653327199837	-5889.115399131235	-9600.157301759913
79000	-430.62454553006734	-421.6610049588701	-414.84505059398106	-403.0359642518913	-393.2452603850304	-371.74153863412386	-359.8437329863361	-350.53721300167166	-347.4370466538708	-345.8451917220287	-346.77691028488215	-390.6968078470693	-495.7965615031307	-331.91309996889936	-1056.2842511341585	-6332.6741537479	-10342.675945957524
79000	-439.7045401248101	-430.58360474997437	-424.283753334197	-411.5143403166527	-401.920974384101	-380.2494423066567	-368.85799742955146	-359.14944227964816	-355.0591214084898	-354.9091689281807	-351.98724647868386	-389.31393312821274	-488.5216704718509	-340.5234743409171	-1065.4151213840792	-6034.749901484902	-9829.790402310053
79000	-446.694341248872	-438.4502208965022	-430.6916255438519	-418.9799643387961	-409.9084461009768	-387.8367501111997	-376.62409327628313	-367.20990120169205	-364.6037858499347	-362.1731185163055	-361.8568117832985	-404.2172925531484	-512.2747588418133	-348.8518756409923	-1110.1521000722205	-6192.85121129474	-9881.404550605586
79000	-432.753251077684	-424.6242847270254	-416.73351732484497	-404.8630584451697	-395.28119002565353	-373.8186424010352	-362.56988489551264	-353.2864666355377	-348.7499413218365	-348.48476447784554	-345.487698324357	-384.6224268277159	-487.010038718222	-335.3352597627004	-1026.4898709335798	-6041.812552198857	-9746.731460019362
79000	-396.59932601798295	-387.9312413949259	-380.3401261669433	-368.5037303096848	-358.4621786351749	-336.8251113260162	-325.2167193886464	-314.9944376461504	-310.4570920721252	-311.00522639198715	-305.40612149612974	-333.39454988008845	-411.32884052498883	-297.41380533634987	-903.066546627626	-5721.577440739341	-9360.96626224995
79000	-468.1858541826336	-459.9334715308789	-452.242261947171	-439.81348137939256	-430.75594517451276	-409.714969201828	-398.5900028668487	-388.63693145129014	-386.0084473384674	-383.68482936777747	-382.788692037803	-425.6095418494918	-547.6255210488152	-370.9589008558505	-1154.9486191183355	-6230.902953394236	-9932.12226832561
79000	-474.10410661981484	-466.0243956229351	-457.81318251956765	-446.7421861816903	-436.16832417200874	-416.06533005049516	-404.1435244757862	-393.57071519573236	-389.7506593201347	-390.6481702290116	-384.9080648029264	-417.56177576490865	-525.6415675243923	-375.14163373731253	-1134.8591660507684	-5773.030425797576	-9330.25267602724
79000	-385.5814966504859	-376.4234717092121	-369.0911677069617	-357.3103735755095	-347.52180146767637	-325.5097369531083	-313.9452928781814	-303.44853782671794	-299.45953697987636	-300.1985931815468	-295.85961945679503	-326.5877897889657	-409.4347495461121	-287.86506040593633	-897.2888408155341	-5856.959851335945	-9714.915704491745
79000	-411.1188937871	-402.6002345516277	-395.6984586677814	-383.1803049052244	-373.84567723473737	-351.6096455091085	-340.2528768824372	-329.33667974818115	-326.3631184795169	-326.0938925436443	-320.8210724008493	-351.85981624713247	-435.83769470259654	-311.7033833096962	-966.591872073658	-5901.43180856307	-9736.98283808151
79000	-437.3375137668198	-428.6545390842827	-422.1908213000748	-410.58558001509857	-400.1319971213866	-379.46959679957206	-366.71775231838694	-356.70015086504617	-352.55189685214407	-354.1372120296639	-346.64642917624656	-377.20160849146464	-473.37419257728305	-342.4664969297311	-981.9564053101826	-5604.533772504977	-9190.414643327273
79000	-466.0465504603854	-458.176513352526	-450.4630769174765	-438.88121084902605	-429.39349397649744	-407.7231166881284	-395.8777024441284	-386.5453307073078	-383.2202717416715	-381.5880266416682	-379.7528626585005	-417.9437423831617	-517.5813765010781	-366.2662743252789	-1174.3123182465959	-6106.515442670096	-9976.940318654699
79000	-444.5279036164938	-436.15776664793674	-428.9682141114063	-416.7436001383379	-406.39314804421883	-385.7110681041348	-374.17377956608294	-365.0113694153364	-361.34092090715984	-359.2860678051541	-359.7918343709644	-401.19453076377	-506.5956398653477	-345.02465505715605	-1086.2953713397385	-6362.523859356172	-10231.881643398692
79000	-467.99499099470546	-460.69206925417006	-452.5675150781805	-440.6678599277096	-431.6041069141375	-409.5934828423302	-398.9197897818025	-388.315059012817	-384.2316826572785	-383.99121170412155	-380.5865949930328	-414.5929296544828	-515.5922141726443	-368.400380467946	-1159.891917082013	-5911.407922621153	-9526.174205331385
79000	-463.6045604501743	-455.541919083201	-447.76580802873667	-436.91795709126745	-426.33395948392797	-404.7249992542765	-393.1719340121429	-382.71233160327125	-378.4486414200407	-379.9340633671445	-373.10946296917905	-406.00801226483543	-503.5768143677338	-365.0999961402063	-1128.9570005552084	-5667.924945128992	-9343.88365133899
79000	-413.4061891015471	-405.16325408764624	-398.1425486823901	-386.713394877523	-376.35873528823424	-354.9335666299642	-343.23079614354174	-333.09330215225117	-329.3194140882729	-328.6896582414779	-324.72707197222	-359.4523731208617	-445.02192362429037	-313.9375597363065	-1000.5836854163626	-5804.971643328959	-9650.788156980834
79000	-448.7073960324279	-439.9853613589417	-433.7924886358558	-422.11278997808586	-412.2845121953166	-390.4463791115613	-379.0040532591244	-369.1069406066838	-365.1649671318931	-364.5222029917073	-360.2931148341654	-398.2921585887166	-505.31231131789315	-352.60854246708743	-1082.8564806758316	-5790.835250072631	-9501.800356447737
79000	-460.28242461949486	-452.53987665367276	-444.85001400549703	-433.02628445320465	-423.1843325122356	-401.8310568716674	-390.1271648688373	-380.572736918088	-376.60573889143143	-376.888380292144	-372.4178335738337	-410.9044498407502	-518.0092942820546	-363.7218564748297	-1092.5308440014585	-6013.00830262842	-9713.07082191764
79000	-469.89891514014465	-460.46141508350354	-453.0402655569721	-441.1960505041982	-432.742868301091	-410.01978959272117	-399.3993673739512	-390.1471817764669	-387.44420562376365	-385.2812409099277	-385.4675682585844	-432.64622011922046	-555.4796700992309	-373.53048833608204	-1189.564636647988	-6316.436266722427	-9964.014715086998
79000	-447.0028744414307	-438.37428890012	-431.3860924129735	-419.9548067323349	-410.5843620989741	-388.4446770487019	-377.12036672317737	-368.81456221878784	-367.6247348664079	-362.5176521460645	-366.91932654978837	-420.7630230468799	-539.8226893765539	-348.5630766114198	-1168.3260823327594	-6488.04260572853	-10558.207633009308
79000	-451.4332568113562	-442.3923623933986	-435.9360924696794	-423.86536768483825	-413.9045432192406	-392.83089157827953	-381.05898974236777	-371.068281724954	-366.9989059950781	-367.0224531037247	-363.5739280502556	-398.03916922358945	-494.7407150566675	-351.55088731057793	-1116.3591361682768	-6149.841833308193	-9798.5225885517
79000	-442.3744384273424	-434.2433016865676	-425.738155458259	-413.9727617720946	-403.8821746282562	-382.6362829191915	-371.2014496877431	-359.2527956565992	-354.15545134219246	-356.87537263789295	-346.5015052607893	-366.1426417588061	-443.4904349862765	-341.92397149292964	-965.4688827759738	-5521.9375283381905	-8912.06416130422
79000	-418.5691765887518	-410.23669428712543	-402.4148842963378	-390.4380571462324	-381.2225611350548	-358.76768160147657	-347.43058857371864	-336.75436455092273	-333.59896518422806	-332.88915443656003	-328.59523473320104	-358.89163329146834	-451.02048909157503	-320.6953125261226	-1000.6404286937291	-5979.00534037674	-9712.039383762598
79000	-411.40115981499815	-402.9966532149489	-395.4559122424095	-383.14941453672793	-373.568621897698	-352.44612086201226	-340.1113897507468	-328.8562129740344	-324.98715879039247	-326.25448661434825	-318.7585620331514	-344.29627494711565	-424.7329007202674	-312.51393845170435	-959.8493144597106	-5629.878053363905	-9287.533326517208
79000	-451.2374157491675	-442.48410530351447	-435.8708170375069	-424.3250860246277	-413.5415286524256	-392.3939833610735	-382.0163291674027	-373.45165600472546	-369.01294184747434	-367.2855465279466	-366.9675027731922	-412.28603533780915	-519.3250848804414	-354.1340307083201	-1130.8417755806859	-5946.600459925769	-9848.654060487694
79000	-445.6185935660006	-436.4421638153855	-429.5182110003854	-418.25760358790876	-407.7338394931096	-386.11560292863226	-374.92809459915185	-364.2231985594138	-359.75549669572183	-360.4647405167553	-354.7076819837954	-387.75128415631406	-477.2309314238296	-345.97257693576427	-1073.1358710109039	-5855.476600698229	-9495.605854240808
79000	-428.0253891546943	-419.7579268262807	-412.59634422708785	-400.4352724163855	-390.6770800704446	-368.90509212345677	-356.71624457585136	-346.29076048572324	-341.9784196681837	-342.55742670682537	-336.9932161467947	-364.7869203252921	-444.5608272614804	-327.07475592878296	-1003.7583674783843	-6043.524440870104	-9615.128642861288
79000	-423.9078497319651	-415.0833371482172	-408.2964749264416	-396.4768747742645	-386.5197612285689	-364.4931425795378	-353.117648940244	-343.07483737133225	-339.30128069890634	-338.7747732716595	-334.77373205175104	-370.18080426359876	-458.96655674609144	-324.22427420216644	-1021.4931643079667	-6096.50660307481	-9821.969355654956
79000	-405.44873700936137	-397.37326245930313	-390.5061293829703	-377.7853269551589	-368.55713477826134	-346.462516560145	-334.5161661067076	-323.98531848545696	-319.9392273559212	-320.6377356748063	-314.45967232983025	-343.05240336170016	-421.44816437675195	-306.6486118710348	-946.0271518758203	-5765.089882387875	-9495.188555756435
79000	-438.294457080876	-429.56027507334903	-422.238319245803	-410.37897764069453	-400.84284591901456	-379.1471819202885	-367.50231512728976	-356.3970791284532	-352.01561690831335	-353.0540684517957	-347.20534849373996	-378.2267124975184	-466.1064305030781	-337.73260639734616	-1055.452959424456	-5733.253348424901	-9449.23568377257
79000	-456.9641129397157	-447.86994425301447	-440.90707984156364	-429.3482410422688	-419.0665239075868	-397.46845559389334	-385.896764177958	-375.6369381429518	-372.47718764099864	-371.87367985565	-368.27702822675906	-402.5702715101796	-495.25699770758143	-359.91549262283735	-1055.3779386146623	-6015.794257667065	-9671.510780382729
79000	-417.17995671268534	-409.2119825703809	-402.34611938507265	-389.6105512883772	-379.9024090593087	-358.88463087067606	-346.2589324738858	-335.58784614607094	-331.24157658494687	-333.1257880146783	-326.21439137847034	-353.1186124203786	-434.9203917853461	-322.19742065861664	-942.3168665346265	-5422.220857603559	-9166.72072097235
79000	-436.29461214716935	-427.48580345211104	-420.54247966502754	-407.9793308091869	-398.0362063228585	-376.89496010771063	-365.079895395372	-355.22985100968634	-350.4416846279327	-351.02920270156716	-346.86987571759715	-378.3694369527412	-467.2771390479026	-335.4193268005617	-1053.3391942997011	-5888.766886280597	-9461.717040120444
79000	-483.3995519726385	-474.22599312191886	-467.1416895992292	-455.30018574519704	-445.1748796211914	-424.6575395671781	-412.438224009682	-403.83951219151015	-401.3624892112484	-398.82875036923883	-399.0176202192365	-447.9436263150094	-561.4930197438108	-387.5560761713236	-1198.925439383496	-6439.533365878087	-10234.55986147962
79000	-459.7277540049337	-451.2288457539302	-444.8479635955849	-432.63096749379497	-422.9387385562544	-401.19835131146465	-389.35507234283614	-380.19615688797893	-376.71556410935284	-375.7511702470641	-373.22516399025557	-414.4153073932489	-523.0170041888225	-363.97270677498926	-1130.0646625975446	-6008.674879710397	-9796.346244847015
79000	-411.83228792409204	-403.73569167498806	-396.34363479463246	-383.3679054659332	-374.64572858531596	-352.8849269252597	-340.7044928844948	-329.7939296376963	-324.88412070226155	-326.8164335711583	-318.2275973096625	-343.3594173463187	-420.169217465235	-310.97718059077414	-951.1942095561991	-5509.7413643145765	-9225.580633088352
79000	-406.82533159263755	-398.4231961114825	-391.113719608203	-379.16568390364944	-370.0001582671571	-348.2058486607633	-336.37061950550503	-326.50852544415784	-323.272085469285	-321.9445657203531	-319.59432781105573	-355.13755842432494	-446.422499495743	-308.1889348163477	-983.031617410319	-6074.484739391659	-9972.094663609083
79000	-404.74605291480833	-396.15253490745715	-388.5644698431901	-376.4824711664114	-366.78784437632356	-344.5938739623541	-332.36798601669426	-321.75037473076674	-316.6707296963134	-318.79110194426966	-310.208697530894	-331.42916134301146	-407.0017028063118	-305.0169030104936	-925.2115224657242	-5405.31849152685	-9032.54731687313
79000	-433.91489330200056	-425.99203907680646	-418.6150376225873	-406.1573178027187	-396.8478151353448	-375.2341158573157	-363.10730344148504	-352.91918546398995	-348.6975651300533	-348.93199048020983	-344.6221338676884	-378.0572828171253	-466.569545148255	-334.6671989038114	-1035.536825929007	-5996.574493427621	-9738.42602897613
79000	-399.9260527890661	-391.63021868355173	-384.00683700140127	-371.37088516754034	-362.23312584580106	-340.39183025194706	-328.1280494081576	-317.25377096783245	-312.9100054205601	-314.1252108924561	-307.1089663978076	-330.06151097098586	-401.7403373436327	-300.1636979147281	-908.4572427356549	-5673.489468567663	-9379.003162762197
79000	-434.7994097385446	-426.42420374184576	-419.227554431855	-407.26310198616045	-397.85908993912153	-376.57896980492467	-363.70979354263204	-353.2385371053832	-348.9294964036265	-350.84422140195653	-342.657591807572	-373.2813065787064	-463.81389146712485	-337.0331997614865	-984.9646903751674	-5829.407698031791	-9509.32028400611
79000	-437.63098741843913	-429.0215977427658	-422.27980343036285	-410.344088316785	-400.8757629142958	-379.31072919693025	-367.8382933840116	-357.65306015552	-354.5093314370306	-352.90278895135646	-351.5619559724657	-390.33349351033047	-489.0891373092333	-338.57980618629034	-1072.8169422406388	-6244.498025213964	-10097.175688488318
79000	-457.8370764783928	-450.4774710211378	-442.4031221065007	-430.06818080891424	-420.9804193617225	-399.1544028199539	-387.3099732859563	-376.40287466570516	-373.2456700002425	-373.80311397052174	-367.9052674761763	-399.919349180043	-494.89227752581934	-357.5821650352827	-1097.840970807538	-5816.060390500782	-9391.874913331234
79000	-449.7408670412782	-440.7769285570019	-433.86999741281335	-421.2067250830486	-412.42345718263556	-390.2963690490975	-378.0587041104135	-367.53042622791696	-363.6353479779808	-364.60491660754894	-357.73216885166795	-386.4060275794609	-473.38114294934957	-350.1005563876843	-1028.3568329719446	-5643.6050296991725	-9224.40703444745
79000	-423.55946092696945	-415.2843392368299	-408.52278485738515	-395.7951555211001	-386.6711829694299	-365.15762984337755	-353.7755239436399	-343.352957417624	-338.9533157547345	-338.90225779459973	-334.8539916196437	-368.495125011384	-467.19788747576445	-327.4929597135468	-1006.2249872823242	-5950.145322798164	-9656.848152568336
79000	-413.79524927669877	-405.140985031571	-397.64258859713	-385.3605834847582	-375.8720170762674	-354.79485789598516	-342.79884220372827	-332.1666654611636	-327.6205209224793	-328.84047830346844	-324.31434510619107	-355.98928014002087	-440.2271306127514	-313.96503505702464	-967.9668107508933	-5779.332722294933	-9620.283967025814
79000	-463.90227401965404	-454.3937467390885	-448.19753917362726	-435.8368006645359	-426.9703397171226	-404.634746080505	-392.90615277047704	-382.94747029306257	-378.91676151267154	-379.2843275663808	-374.78895559195445	-411.84788560651475	-518.7623940691332	-366.7126986674184	-1113.318231921509	-5928.164452836913	-9724.448907920932
79000	-461.868275683518	-453.25542764169484	-446.0841351437153	-433.2873933795463	-424.0402038349179	-402.6025801911825	-391.70244175291106	-381.44238047632365	-377.9381466830567	-376.80923626908043	-373.9735660571212	-412.7692670480768	-514.4203519732882	-363.8637488050608	-1134.5991064918333	-6016.555723929639	-9794.637478157476
79000	-385.1844925643962	-377.12435561771395	-369.6096026576934	-357.12118440696327	-347.42797698410175	-326.31063692247824	-313.6423642120203	-302.61165991014286	-298.3771085550657	-300.2771853879057	-292.2191351682913	-316.4570704295874	-389.6538626864029	-285.5359498967927	-844.4234555280225	-5591.274949315237	-9281.880149286957
79000	-429.1636226234283	-420.3775406561603	-413.5399176149394	-401.1265202836489	-391.3392197529439	-370.12728628658544	-358.0809635294471	-348.39662815559797	-343.8046461728424	-344.2906989632492	-338.6350291411917	-370.2982960120751	-463.2410077097998	-332.82854499502355	-995.9211517323473	-5868.274504187017	-9490.69079400235
79000	-407.9933450205346	-399.27106111350486	-392.43224083258184	-380.3769813927347	-370.3949411063378	-349.21988458947504	-337.25437589626586	-327.4662109332921	-323.48396101222414	-323.0565072712165	-318.81707462283686	-353.74824339763427	-447.1885746799542	-312.38630141356754	-947.8367922207099	-5891.359388137942	-9788.856185471424
79000	-408.74819856802384	-399.7976753420465	-393.1473094728505	-380.8777501885562	-371.1193466455026	-349.64409455076486	-337.89314637218297	-327.56902208551674	-324.2446187472743	-323.9856205448748	-319.64404564283905	-352.65126759630317	-439.50003167741295	-310.75047932126677	-943.1230460809257	-5875.808914107956	-9609.07331557012
79000	-419.2159205378839	-411.16726683041264	-404.118465964624	-391.707666502669	-381.6204074706512	-360.4015219338843	-348.6035838521748	-337.8702858781902	-333.8656989011853	-334.91800196149234	-328.1947668435001	-355.8183123048428	-445.8085011982573	-322.1053037436456	-952.033320005327	-5758.321969973853	-9462.905815319531
79000	-441.17729826206516	-432.31347040130004	-425.7657756195501	-413.3481090815641	-404.1574823231782	-381.8408524413506	-371.1916618925199	-361.19149897659895	-358.9363989962965	-357.10319510709724	-355.67734864417355	-395.2279599734615	-494.37802573929054	-345.00173848568403	-1069.8083140133313	-6146.356409461779	-9929.976378635398
79000	-446.24756943037664	-438.8757380208797	-431.4347209219316	-418.9366137134574	-409.2265807868451	-388.24199754224526	-375.7388395063658	-366.13467891441167	-361.8975018200758	-362.19823719225633	-356.6344043216159	-392.67771681997334	-481.22529172771306	-346.4465206432075	-1090.6367254733304	-5905.440541761273	-9587.912979713868
79000	-454.13230224547647	-445.5010077386402	-438.72568490431996	-426.29250418870004	-417.00080337047916	-394.91706498801784	-383.3931334059397	-373.79800318724085	-369.91726290481387	-368.86176910563967	-365.09617012720605	-400.2361734252585	-503.1220319502896	-354.77535435459504	-1094.6815150279522	-6060.422322940955	-9723.033998037648
79000	-436.24892884966863	-428.4453076882393	-420.9609644538255	-409.43581110516504	-399.8677261857469	-377.71920272698685	-366.3805299820124	-356.9159813295924	-354.899080474749	-351.8615606802094	-353.4287721804583	-399.5503099028585	-508.6251428329655	-339.59286300005095	-1096.0062380363563	-6461.957377586293	-10341.505620817285
79000	-416.03085602237456	-407.76624746859943	-400.60989082309374	-387.94828214187316	-377.90548776707567	-356.2708406752481	-344.8797770241835	-334.6295350150826	-331.3121494252129	-330.6942015253329	-327.10600993791246	-361.9336400211113	-445.7021844964314	-316.8424153934139	-967.1083919628713	-6032.480080077875	-9888.895612161223
79000	-424.65726138926584	-415.9155237402015	-408.6236412907188	-396.91920394968054	-387.1532172330181	-365.7991975238806	-353.26903217745297	-344.1282836680825	-341.0914222281386	-339.9635163206211	-338.73536112653653	-378.79888278384783	-484.1602978287927	-328.0878057861452	-1027.653611240552	-6103.629396654332	-10030.494937856929
79000	-435.99505698336156	-427.54681438333824	-420.7890042262173	-408.84603463451333	-398.87136343930536	-377.63247421293477	-365.4792983949355	-355.7482440083696	-353.02090579460673	-351.73561363840946	-349.4993239768799	-390.61046548163637	-490.10700360582604	-338.51821495450804	-1057.8411832070897	-6027.183469216226	-9988.357313936298
79000	-436.0602782454239	-427.5472745933083	-420.9417335088063	-408.55269116859245	-398.25865943800306	-376.51824041954904	-365.7659050016737	-356.23052403143095	-352.78058443066897	-350.9683372573396	-350.1847905153229	-391.61085222815336	-489.6896385575291	-336.44948334694396	-1096.9330107777357	-6203.18171160664	-10156.690823079502
79000	-410.10263836937736	-402.18327676380113	-394.8799062588593	-382.499183291672	-372.898373492966	-351.7906511928684	-338.7416787909668	-328.8526185352142	-324.0178884034021	-325.5117581348717	-317.98402719448205	-345.9450579387639	-431.0651297545465	-311.0057016606076	-946.3345489284267	-5676.716956399658	-9420.378777875878
79000	-445.5257866574587	-437.77573479953924	-429.53411112917894	-417.74594223663473	-407.9194783567386	-387.00037370218644	-374.53399421285906	-364.55633775040104	-360.92158847138336	-359.95654286380335	-356.83255205853413	-389.21078754565116	-487.9221015442242	-346.0679543457012	-1067.141341952753	-5878.543135722386	-9548.173668846312
79000	-464.4173239408357	-454.9002412854555	-448.78785003349475	-436.0604951243457	-426.8876392717767	-405.4457039666312	-393.7332675892469	-384.4851843549756	-380.52882697873366	-379.9832353010763	-376.71975623441176	-414.20973976010066	-511.5846463270474	-363.7632474226073	-1154.2187509943883	-5871.85021523808	-9563.36882048922
79000	-459.05296711585595	-450.72341721276825	-444.2406228852539	-431.8473416272908	-422.2138966902713	-400.7335246052318	-389.79297267458173	-380.8134316501807	-379.61814466120757	-374.96835913221736	-379.852144982323	-433.24941739166485	-544.0195622160701	-360.2445787696205	-1218.0622789451352	-6759.642173193445	-10712.479710362026
79000	-425.78923081380486	-417.6502041953611	-410.51076938509783	-397.9407267066854	-388.5818919579564	-366.97243886822133	-355.7189456474703	-344.98552872564994	-341.460726890856	-340.76559214749534	-337.4355119277746	-373.79211091990106	-466.91549721208486	-327.2756216224658	-1008.5033203511935	-6114.103712717157	-9880.484550441191
79000	-417.1248439845734	-408.65621623814116	-401.5375183517006	-389.78847690389534	-379.36540086258657	-358.5032263835904	-345.7781704463809	-334.82731195669663	-330.7207658540726	-331.7218009031746	-323.35946568550344	-349.3431222420253	-425.50551681975327	-317.7404140744614	-951.0267362250078	-5515.094465652284	-9030.081323131335
79000	-433.3297342573185	-424.3887641083265	-417.7053077644127	-405.2049734154999	-395.7473451164011	-374.5819800060452	-363.238851797349	-354.6620098442803	-350.6057084263064	-349.1059943767407	-347.5315480186528	-388.6522397472027	-508.797431356573	-336.82376888774314	-1050.7123296684429	-5949.9477026540235	-9845.41852532625
79000	-466.1114564882521	-456.1890029429234	-450.06346143381023	-437.84621150873147	-428.85291139651486	-406.89211823050584	-396.07215670648714	-388.31621391397124	-386.0129810526579	-381.51142764814733	-386.18390404936	-442.27645656837757	-577.3183539880441	-374.8687556655428	-1195.6107234954554	-6403.81745862379	-10346.804157132674
79000	-455.2309521277431	-446.5634861203709	-439.2528273439489	-427.63984151934994	-417.60676940408734	-396.8029347287212	-385.03083321951993	-375.1855206401595	-371.26571730676136	-370.2595980107279	-366.59751981609264	-402.7476551162683	-507.25618119909535	-357.1946014612176	-1088.4669423725877	-5877.9153944737245	-9730.977563981096
79000	-411.09157462468346	-403.05005613678213	-395.10104567815034	-383.3369086850041	-374.05537122969844	-351.6122238372077	-339.98131295387	-329.45315826016997	-324.2021594762006	-326.75254008108703	-318.5501379413063	-345.54560556492584	-425.33283345568515	-312.1473987505854	-944.062501865319	-5741.730341634176	-9391.48872758886
79000	-428.3388127566546	-420.37544218321585	-412.6152979051911	-400.54860362155955	-390.56601750865184	-369.1484584652742	-356.95653480480536	-346.8850374242922	-342.74752616295206	-343.52531310327197	-338.7255610036044	-369.2750565538605	-453.5024191869745	-327.0189424222208	-1046.385508709712	-6032.850637884091	-9816.947537062688
79000	-423.76789464297013	-414.85856758399035	-407.8115728515983	-396.07917180281027	-385.6768724738966	-365.00541226592634	-353.3763987821272	-341.69256949212075	-338.5927980031234	-338.49033472192156	-332.77235050485024	-363.9203897117275	-454.0208758051166	-325.0276578793409	-999.4023751654265	-5600.573080488631	-9255.279747606248
79000	-423.3604660287618	-414.50491880016295	-407.53273966391356	-395.90807514920175	-385.8397706252617	-364.6610073314926	-352.39462187719977	-342.39050978883586	-337.43956273461697	-338.61875834698276	-332.7910884737868	-364.29630424427984	-463.19760559091213	-325.44880907069876	-995.3566654280799	-5739.567447357888	-9347.34046679556
79000	-437.57551791445013	-429.0947099782855	-421.4604808722367	-409.71332638830893	-399.8828423518504	-378.0308718506186	-366.5483996572055	-356.6752323476524	-353.7575826074539	-352.5928944974612	-352.6153354572305	-394.26394026539833	-490.7025831187138	-339.4074305376525	-1062.063773792654	-6116.4624818405555	-10127.579268583622
79000	-420.7266587053697	-412.46696360833414	-405.3809017978087	-393.37140262682294	-383.41087916807516	-361.6420080405491	-349.9362538845274	-339.3414826095184	-335.1162903165045	-335.1308116581509	-330.0823319660819	-358.1806673547561	-453.9942388147834	-322.6535030826527	-981.1731590210638	-5684.020882881803	-9421.962083267861
79000	-472.90850629796506	-463.69281715672173	-457.23710145156286	-445.26647415726575	-434.890218437405	-414.55616703758596	-402.9250409127213	-394.09479097426424	-392.1668238232347	-388.7354656526939	-387.26427101584414	-431.78687283153744	-547.3290630907981	-377.46988451773024	-1170.1223798132796	-6397.4982661975955	-10182.85389216443
79000	-437.3983651362142	-429.818454399701	-422.406533575197	-410.26987112129154	-400.69972233100276	-379.2412855057772	-367.59235292523243	-358.5839884645201	-356.84869967834237	-353.33497065680973	-354.04834290250767	-398.69242527699464	-508.2060462893731	-344.99521431858966	-1086.3413840631533	-6152.977720292053	-10064.69146835059
79000	-434.89943471724695	-426.00408087887155	-418.5256621570507	-406.82460903030346	-397.5724235892199	-375.50659367902654	-363.78992570480943	-353.54798789381397	-349.8516040934176	-349.6630816737553	-345.0760429358572	-377.1043350288195	-464.9049823246696	-333.80772828301576	-1062.1113893826523	-5971.3654990889145	-9689.789977138185
79000	-463.77258967026296	-456.5534438632809	-448.2501174696924	-436.98735913886594	-427.92041092011794	-405.9516961580569	-394.87471917481224	-383.44275159960426	-380.22719681886144	-380.8166453440862	-374.7145809002815	-405.3026048233421	-500.4665382579139	-373.5571185904001	-1111.2420694954715	-5758.125446062397	-9305.22414388939
79000	-438.2945698436641	-430.3915526048364	-422.0171074729628	-410.66452883087857	-400.8111019227533	-379.3435428822289	-367.60765669933653	-357.85866384810123	-353.8663267755299	-353.84767284712376	-349.7629278211359	-384.9220415858321	-481.68605155378054	-338.36651394202784	-1045.3189894481193	-6100.423753455655	-9798.90763040591
79000	-421.452127408663	-412.8949744338224	-406.253810610735	-393.54219830393026	-383.77281779042136	-361.83213572026244	-350.47035647600444	-339.10320290647655	-334.8736343737418	-337.0427704015305	-327.39654399732336	-351.60295603445394	-435.6389258132193	-322.7525984573898	-943.8953786127579	-5754.057296589297	-9226.358660249847
79000	-403.41147286331415	-394.9720868930114	-387.77409501283677	-375.7170635192556	-365.39186112214435	-344.2213979675556	-332.531597606057	-322.3714514977494	-318.6797585539337	-318.23588747512014	-314.5568052529374	-347.58979444935886	-435.89131290709685	-305.629620280339	-927.2731559263758	-5944.928389392308	-9772.981659200777
79000	-414.81182087209555	-406.76675977758276	-399.3905766823088	-387.11504512434476	-377.3403488106461	-356.3077814183465	-343.74317965137783	-332.5445295804328	-327.48632922368984	-330.1120305283213	-320.8542377935404	-343.7817003232259	-417.01395242592844	-315.92049330858293	-934.8631629189591	-5448.775276499081	-9124.81697870472
79000	-441.47118088232287	-433.12285870133695	-425.71190562471276	-414.20178295531457	-404.17387639540686	-382.2935148230867	-370.3892670033601	-361.1133449899748	-357.55999953027833	-356.83826679294685	-353.32095396016723	-393.0862508003737	-489.34608672334195	-342.69033267203633	-1074.3069781858105	-5699.690573540128	-9600.20941469435
79000	-423.36208530337007	-415.4525143182189	-408.2213119802581	-395.8392036661852	-386.7212331642296	-365.2131604998577	-353.16711195140175	-342.8389385701229	-339.0947249779029	-339.16514048124395	-334.8640069666966	-368.74245130103475	-460.3536530638533	-323.98035998226015	-1003.9506697201972	-5856.470440509956	-9654.083642638288
79000	-448.84085943066924	-440.1671851683101	-433.6483278914761	-421.3302783453138	-410.8197966072705	-389.8042097729134	-377.81952018297164	-367.5756998984174	-364.07500635645687	-364.25210282178443	-359.45867605090626	-395.7023406615605	-498.3632288953257	-349.1627882745437	-1083.1887945497715	-5886.168363834511	-9718.17441191404
79000	-425.16008807866183	-416.9364901521526	-410.4286732130352	-397.17510150905457	-387.91593708670723	-366.31412306927336	-354.7368904650451	-345.60252581352836	-341.6207036594598	-341.0804572355072	-338.03021736300195	-375.41446072328	-472.71389178372664	-325.8797260100968	-1016.4755333497029	-5805.649999522235	-9589.046752811837
79000	-429.561002259369	-420.87277448904644	-413.4614783812871	-400.7260834535655	-392.0883075939376	-370.07416735189315	-358.05189503700575	-348.9028251200508	-345.00520365314287	-344.8772039081208	-339.1006439117626	-371.43452294528726	-462.0483725016462	-331.20437905069355	-989.9347773679073	-5658.5606914610335	-9341.664423098424
79000	-453.95867234901436	-445.213973606965	-437.7035933981197	-426.12010527191546	-415.7200707276679	-394.71122687819013	-382.42840632078605	-372.1239962789637	-368.6865774751607	-368.54482309295537	-363.841388033784	-396.8640513844977	-488.5868801873134	-353.92650373425784	-1087.6593493272806	-5976.4325889607135	-9642.439899993165
79000	-458.97782212722217	-450.77343628929754	-443.4832838744488	-431.90238763908303	-421.9906214677347	-400.95091402638474	-389.6363228275675	-379.0208863560479	-376.0536503278787	-375.12789539115784	-373.46300141881045	-414.577453715335	-525.6054168432828	-361.85778613177985	-1118.8139575612793	-5901.894551083589	-9641.7320503492
79000	-428.462379253327	-419.31687977886963	-412.4338326307945	-399.6401252419671	-390.60871807511415	-368.3211554488227	-356.6838643683434	-346.503320919036	-342.1940953843608	-343.3893184288634	-336.9255274034704	-365.41587007898863	-452.73870999156674	-328.6165926586347	-989.6948398810522	-5733.489375144327	-9401.576858020731
79000	-474.3989619117894	-465.48692747579	-458.4117458990425	-446.8113299709744	-437.04365508381824	-415.4780299045053	-404.15989234027126	-393.3981014353595	-389.411816829671	-389.4649089444332	-384.0599043936563	-418.15143872603494	-523.4748218673153	-376.40635707031043	-1164.4997297399875	-5695.225137439335	-9168.820911066348
79000	-429.09766478091996	-420.99862002928626	-413.5489661838779	-401.2785473413054	-391.94108390005124	-369.7587384773914	-358.0808569369532	-348.0377736895402	-344.32319183791606	-343.9179972361367	-340.6115471521286	-374.3020361960049	-461.0896636664062	-328.80437783369837	-1042.3845962762941	-6004.714171640761	-9623.158311375752
79000	-441.1254681008475	-432.8506037232553	-425.90192286761254	-413.5242434806304	-403.7616060714562	-381.503437346567	-370.70339258682316	-360.02537792909175	-356.13990035234764	-356.44328720307936	-350.20756120414745	-380.7526521067218	-471.658250803618	-341.1530357655391	-1069.4070329182102	-5789.866219243232	-9481.557280924519
79000	-428.69790199382356	-420.90325299002853	-413.0781278546879	-401.20789720497135	-390.9590668521226	-369.53450063260937	-357.5885027465083	-347.00213785488995	-341.52556298399173	-344.0023877353854	-335.3532114509737	-359.2945579170931	-434.8019155195337	-329.8137672605285	-967.5131137249189	-5536.852405700959	-9137.914594919665
79000	-474.38661082413313	-465.74002541672604	-458.8777345253906	-446.6203609924552	-436.9911751893585	-415.06447636216996	-403.7428206554689	-393.9883730472119	-389.12920814971307	-390.1961660817087	-386.532726000675	-422.3327353453886	-530.3538657684262	-375.6150208846852	-1153.3843173249722	-5975.772638552472	-9683.40774562048
79000	-413.15083535645084	-404.34724748106765	-397.0701324571083	-384.8642118902844	-376.03870505129794	-354.44388708343354	-342.13261656008206	-332.0314789149904	-327.7243086984603	-328.5697554193719	-322.8805093946303	-353.11345647184913	-444.489061512307	-315.2091504397192	-962.1481228552772	-5815.067863406537	-9727.190936579984
79000	-444.46685889362277	-436.6135318210615	-429.2617595521976	-417.27762266676393	-407.7471340423042	-386.2064685547224	-374.42566626815614	-364.3615574050764	-360.75876062528886	-360.08161350277646	-357.8109311410005	-394.9843560000143	-493.348305954298	-346.46995264711853	-1094.4435327396222	-6092.025362146394	-9873.993337452413
79000	-447.55179933770876	-440.4799981454992	-433.2348697130985	-420.8275039528676	-411.7663989291865	-390.4425654593142	-378.75950168669016	-369.9859349941056	-366.1147077776884	-364.335275493421	-364.7119354115113	-410.2779623974617	-529.4719914800023	-352.3172321860754	-1126.6894788164495	-6160.371634033879	-10046.247139138666
79000	-431.2784529014577	-422.80985690622794	-415.45914099096507	-403.6207229796564	-393.83996815212225	-371.9252291034467	-360.9026032917048	-351.5686501086366	-348.24405970203435	-346.7595351673487	-345.95597029759807	-388.7643739687147	-507.01384600449813	-335.7677860511113	-1048.9235212755104	-6269.708376450284	-10157.988272427556
79000	-415.3519905617301	-406.8677620728615	-398.8762860599316	-387.75059399801125	-377.3131847496163	-356.5540511762407	-344.5017151969673	-333.4788654187841	-330.01754034918395	-330.63070492269	-324.0032824151332	-352.8853727528915	-444.5702865032011	-318.1744201310748	-969.9820939445098	-5621.824871622259	-9211.800997472492
79000	-432.2112317526417	-424.25848162212645	-417.2222161394662	-405.22446808662585	-395.5741030122331	-374.27629140878804	-362.7856642719497	-351.6517953584542	-348.22618678099326	-348.67369527674174	-344.63405447148824	-379.45854657034477	-482.53407398590986	-335.6748670605115	-1036.9568293852599	-5969.985017987275	-9790.040882992014
79000	-430.61928088032744	-422.3745055337802	-414.9307438185096	-402.96853716574356	-393.57754170406037	-371.630728495236	-359.8426807653189	-350.5448242563563	-347.2007897552411	-345.9537890303788	-342.934669327283	-380.2068086813674	-472.6894470421497	-331.70723583091984	-1063.3706961610728	-5972.903430997394	-9931.867202584277
79000	-471.4843844690906	-463.1413734049758	-455.8370423778659	-443.66373495768073	-434.28642277516906	-412.49739194869414	-401.25261928498037	-391.82703814533016	-388.4149439023877	-386.5129040339853	-386.113395208357	-428.1426345165404	-538.9677798062929	-374.67927422688604	-1178.4780951857476	-6208.52435039649	-10035.80581659332
79000	-438.3369243417128	-430.7714480228769	-424.1929400038135	-411.7273568618316	-402.30511894821365	-380.47268309115	-368.28613520907624	-359.0415316241174	-355.6801915970042	-354.04131135223196	-350.79044210535403	-386.4247733479703	-492.80184624657	-342.7720617317977	-1064.7794790972443	-5998.548599295962	-9663.155843165254
79000	-407.4480163700621	-399.0160863246747	-392.1919715485382	-379.8326851644299	-369.4891528681102	-348.16762642485656	-336.6709783601317	-326.36409818592824	-323.1544612549082	-322.97817549764983	-317.9199332514977	-350.230831846842	-440.15378570562785	-311.5645131800618	-946.493096520091	-5994.408710117666	-9669.255521852027
79000	-402.83858272488067	-394.23262515077465	-387.4637487811172	-374.9922987693809	-365.2933145591905	-343.417602005644	-331.51561236928103	-320.45888433256084	-315.58051307804936	-317.35221074382133	-309.4749977998807	-332.14597810628896	-404.4805942995275	-303.0013330774788	-894.7442154765799	-5583.93768777269	-9220.179707893138
79000	-430.90237641916497	-422.7355570573589	-415.5700537559008	-403.64130690409047	-393.6496838146492	-371.6945725035678	-360.0545033364989	-350.0987173121306	-346.5051158348487	-346.62276708616105	-341.39804266841617	-374.7055949249957	-465.08512181429506	-330.99981650989326	-1056.152747579995	-5891.238932016763	-9597.702186293554
79000	-444.43002757925996	-436.4875341108819	-429.50016744659916	-417.50360445099955	-407.3222324798598	-385.8522752457139	-373.91314070619734	-363.9962287818323	-360.44296270916664	-359.6453080514081	-356.83267132767884	-390.0819253964878	-483.14589555670426	-344.60423697082433	-1052.4151425738041	-5906.314279184497	-9588.177235666682
79000	-440.55300529696075	-432.1305631547987	-425.04016433447947	-413.3534181132384	-403.3089384677221	-382.33207793943825	-369.61322768667884	-359.50524931295666	-357.13910270321725	-355.8786438483138	-352.62686936972966	-388.75152007626946	-479.2011419995675	-340.00267287889176	-1078.9797673678581	-6093.751455406889	-9900.337245468092
79000	-424.89396073024386	-416.08210998534116	-409.43153231617106	-397.12220696903216	-387.6359997951416	-366.45717922209525	-354.6587946165348	-343.7311677666822	-339.8111505572197	-340.07732013801007	-335.2122609200479	-368.4574807578971	-452.42179085729964	-326.25933762110174	-1013.2005500786343	-5810.993793627119	-9470.281743057621
79000	-426.0618367053424	-417.9798176413497	-410.7173501056565	-398.4236908016576	-388.3388293472316	-367.054477231983	-355.13437613480403	-343.3331849319683	-338.58721678066524	-340.9449691564744	-332.6196049445918	-354.47140358503054	-429.2307313270857	-326.6753322259174	-950.9965520678013	-5762.11182809539	-9218.535032200183
79000	-428.47680179977266	-419.6108831340489	-413.1026737342076	-399.80563729081473	-391.2089531602217	-369.7877032282263	-357.9330353964509	-347.74689112607643	-344.56665050641595	-343.1837775256798	-341.8289954296064	-380.89083303295115	-473.9530484141664	-331.472552622866	-1026.1627234174155	-6029.94620770808	-9841.93376792481
79000	-446.21044792669863	-437.46770615566066	-430.4852707703297	-418.78021642625777	-408.9910093456833	-386.98695612774304	-376.5425891245525	-367.85359249398266	-364.22239773048494	-361.7496671322146	-361.08259044351377	-406.2651352693833	-517.5882779191892	-347.80063769183175	-1121.379725723011	-6053.214705581816	-9991.510891804895
79000	-456.64195914398454	-449.39967639069437	-440.9522409273798	-429.09588890504347	-419.32611860224455	-398.55914453012485	-386.8894404658811	-376.2447937127817	-374.4017916572666	-372.7165905967112	-368.89750203633264	-404.60476212055727	-506.0689420846925	-360.4313183239654	-1096.5874909847594	-5891.349553901441	-9508.194238143884
79000	-449.6413979944122	-440.66182404521413	-434.2768369534875	-421.85411678574053	-412.28328949713125	-391.1069872560939	-379.1690426798361	-369.8640404165259	-366.27383171852506	-364.5964804722542	-363.5137942326459	-402.92362103708246	-501.57868524994507	-350.1002763105208	-1128.7160968660883	-6037.159182294463	-9705.278722536113
79000	-418.51019783482303	-409.0033708958027	-402.3438644561821	-390.91565126558316	-380.73709269237014	-358.85872083902507	-348.0184021597212	-338.5492711484894	-335.22364570615434	-333.5037032091954	-331.9622174834133	-373.0397761265958	-474.72508082691456	-320.5889217090308	-1017.6139203053705	-6235.488970820947	-10096.70102933289
79000	-397.723373612437	-389.3908292963729	-382.3169287458001	-369.9163907923197	-360.4268870115062	-338.7384856620577	-326.3833376015194	-316.124451240764	-312.2003761952297	-312.55206156603975	-307.5846109305687	-336.48808796911555	-418.2506685547637	-299.8495607902361	-912.2367994506359	-5782.124749742697	-9599.396134667044
79000	-452.356277205653	-443.7727512094162	-436.77087548730066	-425.05315033511204	-414.7766066903227	-394.30495735387314	-382.3810986564986	-372.31186220381926	-369.10471041156995	-367.5293774410134	-365.17541606266144	-403.8754504613758	-510.3975119835164	-355.78339188459273	-1083.4963341184405	-6171.951750398211	-9795.144632927166
79000	-414.1183817423031	-406.5217303365676	-399.5422543618858	-387.47386285095354	-377.0373787476833	-355.5416259642868	-343.71996696413737	-333.1387422734317	-329.3022595665285	-329.47552772911627	-323.9393247080374	-353.68302674141296	-437.6225669129435	-314.1815959653136	-1003.389684643781	-5775.31792359978	-9602.605625509716
79000	-424.40046514971317	-416.03082586562306	-409.01010801935473	-396.72620055014636	-386.58693252864003	-365.78219657822206	-353.42290095846494	-343.4407317727226	-340.5217825740679	-340.5853800765094	-335.2252622870399	-367.1545633742751	-456.3820166818699	-328.32398311881093	-988.2773789063245	-5779.866867727408	-9592.295733009973
79000	-441.1332263658464	-432.7362493560097	-425.3631750829239	-413.4900077562103	-403.2010089665059	-381.6303007885048	-369.521480581159	-359.2898726791751	-355.04215926738254	-356.010569494936	-350.1758570805305	-380.5502425040814	-468.4447346086333	-340.51677766711623	-1021.0353510575399	-6020.255315124223	-9740.442567531793
79000	-444.9311903509859	-436.22562934039576	-428.7332265847726	-416.55781390856396	-406.54858250015934	-385.608319481309	-374.1809015708275	-364.1094628709719	-359.1973332307192	-359.5692581805351	-355.93179317980207	-392.35983077383906	-482.8512599685778	-344.37710578193617	-1096.701462627487	-6088.098312367918	-9812.158361085181
79000	-425.73819923709334	-418.1948069301488	-409.7842048199639	-397.9178127314948	-388.595872561928	-366.9908569887678	-354.46681192488074	-343.84802240800576	-339.9373725454416	-341.72440028278936	-333.45118323222783	-359.2485055216871	-444.38911996116957	-326.95868998107403	-996.7546735655965	-5682.074932090531	-9294.222781821036
79000	-433.1810010881344	-424.57845248746463	-416.52076593109035	-405.2241144279668	-396.2010156112384	-373.6298550003888	-362.438287794421	-352.4210587095097	-349.87132609406814	-348.45611861696	-346.21028173998087	-385.2739276704123	-476.46865962558815	-334.8473543004259	-1053.6354489298847	-6158.619250908597	-9911.037191589025
79000	-446.4003037390666	-437.7907547811238	-430.9995575124512	-419.5246277313711	-409.6100604874386	-389.11552536755704	-376.179142688894	-366.2952876001484	-362.5392601146352	-362.6388600606033	-357.51185884982493	-391.2029348958557	-497.99285842329175	-351.3605657755156	-1100.6507893085097	-5842.975575390778	-9523.352534265023
79000	-429.5529601340028	-420.4615083293262	-413.519008344852	-401.9134031162123	-392.6821466560874	-370.4648121511039	-358.8203046427399	-349.53373968180466	-345.34731675680155	-344.3294421147427	-341.97531044593114	-379.71502101351183	-481.3352043397683	-330.0747201441086	-1059.706209564028	-6064.374452669338	-9889.612190997877
79000	-417.4941911225423	-409.9319456720635	-402.20760679257234	-389.92047663884637	-380.0223512862775	-358.88939142840337	-346.6324891672447	-335.449261125245	-330.2807815703883	-332.1813080375563	-323.6618243521276	-344.2167331541148	-416.0789853623538	-317.59104055802334	-927.1549457155347	-5703.468476317395	-9229.393108526006
79000	-445.74024465745794	-437.043860790637	-430.7417213869558	-418.31300300201644	-407.9721127633631	-386.4235264706686	-375.4474481471429	-365.54799012257865	-362.7390161466229	-361.6550483144825	-360.0245817861696	-401.9090759852957	-513.5545449962151	-349.7557184002743	-1082.187239145479	-6012.528070622114	-9901.220043576654
79000	-442.009905433725	-432.63572597823423	-425.8913565999355	-414.1106643007587	-403.94292158469233	-382.35553110237436	-370.00533753292603	-360.0626309183252	-354.92792116841764	-356.94716173911434	-349.39150993332925	-375.9922631755917	-462.34033160840414	-342.8062362535694	-999.288283966035	-5722.780828041558	-9301.812243950375
79000	-447.26833770922264	-438.4356515428971	-431.94391331869355	-419.95023196001864	-410.60692115781484	-388.1620841370039	-376.7957009496272	-367.7395678843708	-364.6006719502979	-362.33246091184554	-362.28747767262143	-403.3974140645337	-506.1311523453186	-348.5554209559974	-1122.9352016217736	-6190.169171423015	-9990.91523361483
79000	-422.6984445841094	-414.74639697806833	-407.2120067008786	-395.2244002454013	-384.8419777045238	-364.1145803657329	-352.1711138477188	-341.6340690701189	-338.3509609498442	-337.2962053772992	-333.1997544380676	-364.47075922939564	-454.18914286838384	-323.7858470178915	-1025.8510314318455	-5859.585100188945	-9506.679269310533
79000	-439.26397383299474	-431.16769628639963	-424.0237929242971	-411.5413154173465	-402.12265979083406	-380.5308318922809	-368.4202968894942	-358.0317958968702	-355.5891653195303	-354.8185889683603	-350.1467848818228	-384.36112050104276	-476.65639997560066	-340.1302119692977	-1053.4518326541825	-5838.974428455951	-9478.440634959992
79000	-423.97131993490507	-416.0569046467532	-409.15957983145296	-396.55193268970936	-386.79413994208466	-365.78658231303297	-353.25161765623045	-342.51143161150895	-338.4937301826042	-339.7104041346139	-332.9516392354691	-360.58678576245575	-457.46682753921317	-328.1554786993248	-975.2295645015361	-5495.611885754466	-9143.999156788363
79000	-462.4571151011256	-455.0877110174946	-447.3455332315345	-435.20105265640996	-426.1776964076546	-403.5746213080141	-393.2282934930929	-383.48445437804145	-382.26543068973007	-379.5916959001013	-379.9865960133607	-427.8159725437146	-540.9653850077285	-366.52215333413477	-1158.3040541964974	-6389.102339397673	-10056.005989944433
79000	-434.95969706871364	-426.51789866714955	-419.314523666444	-407.68820578166435	-397.7044308456123	-376.3081397050445	-365.2037091768563	-355.3912352693345	-351.8309786416351	-350.80251114066675	-348.9549997984861	-388.34171483776373	-489.6833684849938	-336.6924913196022	-1061.8186743683839	-6126.457753327	-9955.811660619105
79000	-485.37617606410157	-478.8908878427079	-470.1887078876038	-458.5876546249182	-448.56317948513697	-427.7008908108251	-416.5559899842879	-406.42633353593465	-404.58331540459153	-401.85900893236806	-400.7325418323373	-443.57485300343103	-549.6783274299974	-385.41817399029475	-1255.059421462938	-6188.169131745552	-9885.943681915365
79000	-419.19303951163965	-410.79439559986747	-403.6231226631996	-391.0427305240563	-381.38949390050857	-359.9809566533009	-348.34842819100965	-338.2360127745378	-335.7097777637935	-334.02262327981293	-332.2179192627465	-368.94555626918424	-457.2644420010703	-319.3535039422549	-998.1712694272646	-6060.264151739367	-9915.966793353111
79000	-476.0723075835655	-467.9359996719804	-461.27766680576514	-449.19425636696815	-439.5441386290438	-417.4110764437687	-406.5686248763701	-397.70546181627844	-394.55587131557445	-392.4510739655648	-392.9737164840385	-438.22755123802676	-554.4888228116306	-379.47621751963607	-1202.3767190164342	-6095.097693532825	-9964.53307658833
79000	-396.90766059268793	-388.89170911733	-382.0631560809315	-369.59072748133724	-359.6076904713062	-337.9533112258386	-326.1644898424957	-316.58134040296443	-313.1368485346282	-312.21728121546255	-309.30708579532666	-343.37163341494767	-429.1210484180294	-297.7511343421322	-960.5319182253771	-6009.1309338662	-9910.024497639786
79000	-432.6865697951521	-424.6947850382326	-417.4616595220754	-405.5396152373871	-395.0005100974246	-373.8826355309071	-362.0735279463622	-351.4194251720684	-347.14841197145324	-347.5482895274866	-343.0884453872506	-376.6394015606933	-464.9153908543445	-332.2981573211336	-1038.6538208610966	-6053.641706072582	-9901.599099636793
79000	-446.52677733568635	-438.17435934166605	-430.767348268018	-419.321347427098	-409.64193104755475	-388.38753192663756	-375.3655823206037	-367.1527804637147	-363.89436263573026	-362.063058589714	-362.0671186855604	-404.2239173823079	-502.51413551561893	-352.5445530617575	-1086.8928164160002	-6319.693811639713	-10090.800875856105
79000	-450.33366981232473	-442.57439919986354	-434.9338202190283	-422.535341456731	-412.7328969028178	-391.26103551927474	-379.42442193627306	-370.8912214744689	-367.7199988825481	-366.19604319217893	-365.0330130160359	-407.18204828071373	-506.62057281656115	-350.66102909290674	-1135.7682236890246	-6204.875478490736	-10124.418498611432
79000	-398.8931841945167	-390.64986033137814	-383.7071015551592	-371.2935150725501	-360.6537485617285	-339.3986545098398	-326.8578255342327	-315.7932067338349	-311.79541876780706	-313.3763556039074	-304.7656226951493	-327.1397737682425	-395.964076311854	-298.7152358400064	-904.6018403554357	-5521.180771221512	-9240.090394511682
79000	-463.9021646806148	-455.40616090123973	-448.2142267382364	-435.7316602804834	-426.9606588910945	-405.22370094553384	-393.93999451600445	-385.03316111662	-381.0689441337274	-379.172786554098	-379.55642399134274	-419.9551698760141	-534.2846716328087	-369.8263377078059	-1129.8381238300033	-6157.302842189032	-9878.822023866425
79000	-460.14188878887205	-451.7992463013806	-444.7300268080708	-433.0837468508629	-422.94484615019735	-401.733239527547	-390.0458952087791	-379.47826957457244	-376.6699782721159	-375.5556371988027	-373.2361812650679	-409.22815583306175	-508.6385302502112	-362.0566186872357	-1160.1378971235965	-5982.1566670389075	-9732.011552241689
79000	-483.82773246817055	-475.8997232667167	-469.5460471923598	-456.82065413473276	-447.4817549138049	-424.8854801038109	-414.8323909361871	-405.0721541697365	-401.1166358229822	-400.1604643083413	-398.1883531590248	-440.82189706921065	-553.6435746842841	-385.6420591535714	-1237.4686981341422	-6174.492756616975	-9906.739735967658
79000	-446.08641421012675	-437.02457671181423	-429.5372265390618	-418.19264929474264	-408.5556369435439	-386.92576179572274	-375.88355048567047	-365.99659070352357	-362.68983136740354	-362.0949093643856	-358.83699669623775	-397.6361617444666	-501.2336567096415	-348.56385332515276	-1058.165443385883	-5938.134319270279	-9729.733098664825
79000	-429.67515260011265	-422.1071641804837	-414.4955376349232	-403.6540997494636	-392.93622641255837	-370.56379967045353	-359.63361545189844	-349.1195459012226	-345.9780934605597	-345.1480562596394	-342.6847115391814	-380.78716074042677	-485.20391970580005	-337.14198450333714	-1013.1533327230544	-5844.71722198685	-9583.889866430549
79000	-430.73632563925025	-422.61330945480375	-415.4495991363778	-404.5914718771421	-393.8291230104848	-372.0632686816788	-360.60479051174525	-351.12634506008	-346.391432018012	-346.58086406961684	-342.62454080247187	-377.38016465817805	-474.3503871376107	-333.3217162090852	-1033.8160900096266	-5816.10513698158	-9590.580698278774
79000	-469.44354671842973	-460.70031830331675	-453.5506992842318	-442.26658525489677	-433.05148633228225	-410.79385076477286	-399.00708256606276	-389.53437824880353	-388.3942038482824	-385.2671422207402	-385.754920304164	-429.7464802056879	-536.5714382844109	-369.5412335402602	-1187.4537120054904	-6429.569981311272	-10169.704267369221
79000	-426.8068091247142	-418.8653633141991	-410.77229433016106	-399.9240240278863	-389.21034959807514	-367.6889487919802	-357.0738698582081	-346.8063789745733	-342.60116350367014	-342.4690630283546	-338.94113499984365	-375.04257616993067	-475.54438062545216	-328.36245268477006	-1030.58951039421	-5954.395659275769	-9666.547303649319
79000	-452.81145960249665	-444.33261022327565	-437.1063320211446	-425.7021085050992	-415.8430576913166	-393.69396692100577	-382.8945588644337	-373.3621235070418	-370.03600697921433	-368.3325390977163	-366.62611458828724	-408.41549348227096	-519.5836512661672	-355.277352729994	-1096.7615253313738	-6160.691197870933	-9942.16608278773
79000	-425.0374961655126	-416.8141472548171	-409.69122372153305	-397.5949914679178	-388.20011396224766	-367.02774858818645	-354.8499274316702	-344.9077795682858	-341.68758988184305	-341.11022352924385	-337.8600440215411	-373.8362615931819	-464.60217534331736	-327.2213576610682	-1073.2331077437377	-6061.079520804767	-9846.350802175817
79000	-444.3052695076321	-436.5336958837687	-428.5571584109792	-416.34780822160997	-406.26730680358065	-385.17506027957273	-372.99669176940466	-362.922476877244	-359.65631090875866	-359.24586250987153	-355.01875854821833	-391.49955079530054	-481.6191073279122	-345.0200804546802	-1066.547514180717	-6029.214218913333	-9715.12743036405
79000	-438.8678694741645	-430.16650386738957	-422.9351762502334	-410.89271770029995	-401.06835658046225	-379.92143473565204	-368.50190890439706	-359.22904365281045	-356.0626668530861	-353.91001353816023	-353.708984715912	-398.2869308045051	-500.51279636980263	-339.9287859502093	-1102.719973984441	-6020.752348027995	-10044.170400820438
79000	-417.9964009465068	-409.22254723360453	-402.0514266603553	-389.9145153210832	-380.3393611600585	-358.48661345558486	-346.5803963358905	-336.61187560978897	-332.5760936182839	-333.46130008710645	-327.6904387483953	-359.67410066667213	-443.6806813381786	-318.50467204065546	-1013.0916740515086	-6051.710680268178	-9765.353772382015
79000	-439.29186426657736	-431.468743934615	-423.7383230656042	-411.4750993412458	-402.09218032029287	-380.2534201430305	-368.78927475192364	-358.1389697005715	-354.56138581561737	-354.70125327052483	-350.5437409119507	-386.35828733419504	-480.43140567434307	-340.32075492641854	-1076.848287924768	-5942.826205777457	-9793.13353128373
79000	-437.3009548257205	-429.5992863041263	-421.4527270344311	-410.3969159731971	-399.47147313731773	-378.4395565102735	-366.8056346023354	-357.19203652054483	-352.8703486705186	-352.3560172404347	-349.65933123458456	-384.172386253147	-476.167248316478	-338.0888094599535	-1060.3925232395295	-6267.608636440586	-9901.333290800985
79000	-461.42894085293847	-454.7597904920115	-447.1260921180887	-434.999346220896	-425.294894134954	-403.7666714834822	-392.2862385044463	-383.01443121115466	-378.3784457918593	-378.402451809284	-374.99045173240063	-413.72137914092946	-523.6644491560781	-364.3701088067758	-1120.0311539353938	-6100.956546098675	-9902.236419187966
79000	-456.5393914080741	-448.24982067377806	-441.34813547844345	-429.1684799712906	-419.5360849836613	-397.823153626056	-385.88665409201604	-375.9695233984098	-372.2684618999624	-372.33490797699994	-367.98834123110805	-404.19218718822407	-499.3598834005156	-356.44959061675155	-1143.326163598568	-6042.821681093861	-9849.288921631183
79000	-412.7734537548909	-405.1586082536272	-397.6807918963112	-385.01462207364955	-375.3036773925338	-354.2271678810938	-341.33182218594146	-330.62672569838213	-325.51623854468966	-328.29411370336214	-319.1292362365028	-342.43621678698145	-419.3992194737457	-314.3733848547527	-887.673866642026	-5592.2524266827	-9138.841330071558
79000	-417.73059066237414	-409.158539004034	-402.4204196356836	-389.9711932363574	-379.9353929385231	-358.35727672185186	-346.1126932083919	-335.3898375541359	-331.47182274697263	-332.7478022136872	-325.26868983837005	-351.9407583771403	-432.8255061930563	-317.9244798188115	-961.2699786447213	-5830.933772802622	-9471.44733382724
79000	-451.64931669533746	-442.55058794824015	-435.66203168422345	-424.67373135183936	-413.83601845689145	-392.72072038672724	-380.38601189229547	-370.64127168808403	-366.12942001152754	-366.1117950659368	-360.6777554819474	-393.6173850588075	-488.4989901617096	-353.5951815731306	-1091.459746555354	-5921.255299222962	-9526.242323699009
79000	-459.67693391613807	-451.88773962037806	-444.92691288854706	-433.05683064172706	-423.3083409511572	-400.8642902637996	-390.1207055684736	-380.29965050567716	-377.3749101594533	-375.222982151726	-376.2286120235871	-420.431517969756	-520.3077789969759	-359.60977635578723	-1168.247385211568	-6535.588059296286	-10272.796860688992
79000	-439.8446742616249	-431.98192288655866	-424.59073953912076	-412.4788686423341	-403.097684727904	-381.20928612758433	-368.84792699617867	-359.8701089739077	-356.16911037468935	-355.0912794599974	-352.9638544645242	-390.8222697323964	-485.19178525422984	-339.5969596517693	-1063.9492582784549	-6404.026829572725	-10247.082959899024
79000	-415.53115800394147	-406.9088510695496	-399.7278532552378	-387.32914054969365	-377.57055869303906	-356.115442001563	-344.1305620253798	-334.398439954422	-329.9531058815743	-330.9649795286306	-325.45821243512313	-357.96881393829335	-448.00527224516173	-316.1696755998697	-1008.301316110484	-5945.621016448805	-9739.449619381005
79000	-479.1842538712801	-470.78697451534003	-464.15952463899697	-451.1454956808767	-442.46509397827924	-421.3835892717557	-410.00910198216513	-400.7550996552891	-397.3857178613272	-395.16605617033	-395.07895058764876	-438.2569595054079	-570.1470301689861	-388.53014256803095	-1155.6523495508302	-5992.03732766999	-9730.611817388588
79000	-401.4065241138785	-393.2285322389703	-385.9228691946659	-373.1365055190163	-363.88333529856567	-341.878213430453	-329.531337812295	-318.6675579195966	-313.9545800398339	-315.8650026626133	-308.17620588195024	-332.5955471936429	-405.0922682295893	-300.9027832329546	-918.4383756033441	-5596.270614621286	-9313.652326485482
79000	-429.4477397860239	-420.96162765111893	-413.335570280839	-401.83122973467914	-392.57363797539097	-370.32262742223946	-358.09194434304914	-348.3561644998336	-345.14656301811584	-344.4378181642901	-341.7287900212846	-379.38570461186436	-475.68604083559535	-329.26946430340706	-1087.9141833862088	-6141.9926962922345	-10068.695667149797
79000	-479.89337522169023	-470.5846615225009	-463.9988708123	-452.03883308645663	-442.2095658784899	-421.0985105125397	-409.9001917069201	-400.7820289366941	-397.43888397376406	-395.84640838399434	-394.0015108738453	-438.6344493750482	-552.7766277529696	-384.29326333318176	-1152.3489359994771	-6065.432412130797	-9660.665268687992
79000	-452.71952930511605	-443.8878638955826	-436.6298102637947	-424.6664760893543	-414.26685757020783	-393.247545856736	-381.8875794157823	-372.684340345681	-368.97784287729536	-367.28850748114957	-366.80518768275084	-413.4046496895329	-504.5493876607223	-362.5954908289916	-1096.6408937665528	-6192.862591833812	-9932.363774571191
79000	-439.5130652042532	-429.999393679332	-423.009775006507	-411.3310435264085	-401.2060073168811	-379.7302504350145	-367.92637008537525	-357.6202471070995	-354.53610925169517	-354.3293560318734	-350.0720239116509	-383.5250283384221	-473.05258098493374	-341.0717964692771	-1019.2842874123021	-5940.98782532036	-9714.392959255274
79000	-435.2720277952981	-427.5731068142682	-419.9240200585503	-408.6106957080541	-398.2135415081395	-376.7258740576471	-364.90119555399195	-354.5173517896647	-350.54266630871854	-350.9593518450445	-343.5318482785344	-370.9165381275066	-454.1112763119656	-337.7046355360972	-1009.5655886768776	-5712.543397464306	-9396.520868452688
79000	-439.24888780817366	-430.0357134977042	-423.55666453963585	-411.46899110528943	-402.58436050597476	-380.3617692529799	-369.3954008555244	-359.9792304838239	-357.4449518099621	-353.6727619564423	-356.86041255521997	-405.3709513289898	-513.8665439597019	-341.2200622587549	-1145.210386953899	-6375.5774783652905	-10312.984785451114
79000	-443.98058315281804	-435.52498053087044	-429.4288498386033	-416.8943697365461	-406.76625156276606	-386.0537912577423	-373.0369717168573	-363.1801858018179	-359.33864186010413	-359.2096706072141	-354.95280019239834	-388.99440188444714	-484.2313793019757	-344.9136031137536	-1094.2698291646836	-5864.002311335179	-9571.68285118636
79000	-432.03718534132526	-423.2699010875926	-416.4033716178139	-403.9638101434143	-394.451355093044	-373.1387830284807	-361.42124935257544	-351.82629317786734	-348.2794568495621	-347.0917427849202	-344.4416448494522	-378.46583943490106	-479.6188589659456	-332.5243259358879	-1025.7953426014667	-6235.452884652558	-9888.974756457586
79000	-492.5301471807343	-484.271530941842	-477.1137980360326	-464.8100125269011	-455.1958425805916	-434.0680096766151	-422.44481111930247	-414.0790989509306	-411.4697225895556	-407.95971264413424	-408.63758277519185	-457.6416809439412	-572.049387542412	-393.34268751786027	-1229.3738824814748	-6332.730359760991	-10221.194214655501
79000	-444.8840691060112	-436.6607884449926	-430.2035097812281	-417.27389149076623	-408.1295347612064	-386.6548187517954	-374.7703159690986	-366.43832991250565	-362.2271276201306	-361.1231907370258	-360.97602682668713	-403.6588491941068	-509.51860446313975	-346.88412832255847	-1125.7279091590594	-6269.34464901115	-10109.27924171168
79000	-459.2327028242987	-451.0242820233864	-443.4122821999778	-431.38500640329437	-421.9204350928924	-400.5818986835631	-388.23557024927976	-378.37730453756467	-374.4134192915315	-374.3930839676717	-370.249479561081	-405.80279228145076	-502.2614377340762	-359.3722003553398	-1133.2383690143874	-5862.777962276028	-9583.302557044339
79000	-430.87505414827683	-422.5710542108969	-415.13990500294614	-403.16824264984496	-393.67237736868555	-371.13439243071207	-360.5992347557479	-350.8336831059087	-347.56076790853854	-346.807211493157	-345.2599068671172	-388.19823102324614	-485.6834833762808	-330.5032583176428	-1090.0046586824146	-6029.983340787331	-9839.438941886108
79000	-492.22782589269326	-482.85901158334224	-476.17386106033297	-464.5142699401895	-454.34878069252613	-433.7239430528233	-421.9974264115581	-411.0599596424916	-408.59126949344807	-407.83537277943105	-404.10952718087464	-442.42230972666744	-555.8505655266337	-396.977807916784	-1221.568294905921	-5947.093837990481	-9394.111122779974
79000	-409.67035728682305	-401.58475969309313	-394.3469824149932	-381.43432503013526	-372.10662235061	-350.95901190299804	-338.057309411149	-329.0717063790777	-325.3123297562084	-324.6657452809275	-321.74999088321294	-354.55652153507054	-447.4615992145411	-311.7365242635967	-962.363310106483	-5781.224854764101	-9555.822872133072
79000	-406.20950831724144	-397.5347142418958	-390.5323643456264	-378.1871305313175	-368.4056025786938	-346.5749339437572	-334.9709254642233	-324.4096263738453	-320.93572425881456	-321.1376815525565	-316.2269771385243	-346.46323154376654	-429.9421658301074	-306.91154843843896	-933.1515716756105	-5722.180613619318	-9537.79219240778
79000	-440.91472214095273	-432.316899691748	-425.3629262349871	-413.27732665077156	-403.79616832157495	-381.8609996748527	-371.4332058253168	-361.80545109470745	-358.07745975993544	-357.00707421015755	-355.09177328911784	-396.4528299393285	-514.4823829003865	-347.24826756284546	-1067.71470848939	-6013.402628564736	-9711.632043794236
79000	-404.726400347826	-396.40050877632007	-389.06916281656464	-376.61819349923394	-366.8544801628682	-345.574049979882	-333.00482716797734	-322.82781801674673	-318.8820879835462	-319.3442434996778	-313.9690436374564	-340.7510789862309	-422.9171075523758	-305.1671815139895	-926.4530843792528	-5779.2653656646335	-9481.801113772832
79000	-487.1202471778175	-477.553513354382	-471.7960033681973	-458.56058833402085	-448.76677866083077	-428.83214457400766	-417.7001282165606	-407.79088983540237	-405.2021784289964	-402.59928392781524	-402.1597707692246	-446.0395614768504	-568.9199252557265	-390.5169177859882	-1185.3063201648342	-6260.884906227894	-9858.695226752383
79000	-447.8489328123386	-440.06821040593405	-432.61636371982144	-421.0011114255741	-410.74338749297624	-389.84928074176867	-378.3290199797362	-368.65372041086613	-364.89003523641674	-364.5054314656059	-362.3653789757997	-404.015449987376	-511.315540810705	-349.6504514798816	-1109.252372822405	-6050.567200840986	-9892.594303730408
79000	-460.49352167903254	-453.0126214023279	-445.6457061966117	-432.8960874027067	-424.10352792173745	-402.70554957154513	-390.5853067684105	-381.1775707274046	-379.0434602948962	-376.25788841354955	-376.6311733904447	-419.987992392624	-524.0271849904325	-361.55881767132985	-1143.6063790052901	-6228.391351539595	-9948.57778772282
79000	-491.49180941166327	-483.4206555243074	-475.69253891920886	-464.5460245819045	-454.5302042290243	-433.7463215399695	-422.83717063570055	-413.35757997869814	-410.53677068290796	-407.5472268454653	-408.9170337031028	-459.56890669934074	-585.7336840722655	-394.4129047747948	-1255.9799468039284	-6372.22818756095	-10042.154573179518
79000	-391.089918367105	-382.50448420703475	-374.9545694581074	-362.77992529750657	-353.6093356838079	-331.8238470718971	-319.6341911605737	-308.45580265910144	-303.7958841958354	-305.3748385470964	-298.38218148352786	-321.8837269886976	-400.5008457908138	-292.5634351824925	-872.0209279187898	-5644.734182413388	-9293.4140722684
79000	-450.6001543109716	-441.6334189977205	-435.0718250722121	-422.4832682371476	-413.35187849326974	-391.9404168478452	-379.72611529822865	-369.592510628262	-366.81788541338807	-365.64628795100117	-361.51512278111255	-395.65615426616716	-500.33558087181177	-354.06644951128465	-1110.500604547	-5752.522862106184	-9425.069941469872
79000	-454.2166216877805	-445.90898481945067	-438.82674195230874	-426.94667593166673	-417.0329232795589	-395.5127263336706	-383.32447218543865	-373.4596157718969	-370.5714195663522	-369.6642702225964	-366.87926334271816	-404.1709109083339	-495.22534735256033	-355.1314889850672	-1090.1781198031001	-6238.12814633664	-9870.418804326158
79000	-418.2211613956408	-409.696626702644	-403.11970072412447	-390.3653856556002	-380.83136326988097	-358.95735213921245	-348.2453224416441	-338.8502114818973	-336.16365030400544	-334.09639178936095	-334.2585668850951	-377.8731796150384	-490.03225495372635	-321.25815141938114	-1012.9616312518912	-6076.733152547806	-10063.780098569123
79000	-369.89425629312296	-361.17357319685505	-354.21673953362443	-341.82414381989815	-331.72493373323664	-310.4136416789347	-298.09668504727256	-287.127240229913	-282.3123073364165	-284.63103236200027	-275.8873886261602	-299.5728347202166	-368.5351679633417	-269.9034025016369	-825.444716569117	-5753.035136933488	-9549.519051676703
79000	-413.1538637580429	-404.72438170790224	-397.69050071179043	-385.682064429917	-375.1885681040511	-353.89666860661157	-342.2909607219553	-331.72120040210143	-326.68120735319786	-328.2267027161381	-323.1205219173546	-351.3528919929509	-433.2544124658081	-313.61775016882166	-956.2219903089259	-5755.580458250048	-9481.16023005763
79000	-418.7952435487912	-410.3249135388879	-403.46592294818385	-391.7145144771805	-381.54549491368306	-360.2229621436567	-348.4170764827655	-338.8863044689506	-335.6236943580322	-334.3814192238797	-333.0083171937607	-372.84870688337054	-467.7196854351801	-319.307074869049	-1073.8387036732238	-6147.549324133812	-10075.026037986947
79000	-438.3284470761181	-429.57298419266186	-422.7109218043301	-410.35808389479155	-401.09211955210975	-379.89818387675837	-367.9695353272085	-358.464757799724	-354.9210486683481	-353.8831850414151	-351.91385867037394	-389.5666362980019	-496.52382494106945	-344.8757783394854	-1055.9795992445975	-5833.372803319666	-9622.71974782786
79000	-442.73508607095454	-434.026891611237	-426.36947205774794	-414.457737197974	-404.49084000452746	-383.1403605612052	-371.1326461621919	-360.71468479741594	-356.30568169166634	-357.09463116843835	-350.8160591407049	-379.3229321783884	-465.5990044159598	-341.82180589012523	-1040.3804790130607	-5829.642502222568	-9397.164494527431
79000	-409.7678452503843	-400.85792414302244	-393.903778062135	-381.3747960183222	-371.3857091497375	-350.1110278684747	-338.59749622222796	-327.33045391781104	-322.92673556695627	-324.67096169400617	-317.0543135845654	-341.67229194755873	-427.32041190350986	-310.90921736163045	-933.8281063707147	-5513.100252070046	-9122.478255071968
79000	-435.2883206790109	-427.17116585429085	-419.84629396507984	-408.4163577572964	-398.0473161188844	-376.3943880625808	-364.82844139916426	-354.40938187888923	-351.46082863338876	-351.2842054288818	-345.54203596223664	-378.41232924183873	-470.870579979299	-337.10554733246516	-1035.0591383032427	-5864.728848300849	-9458.538023948553
79000	-411.82997270515824	-403.68310555767044	-396.1290865883961	-383.8493976408929	-374.61452775591465	-352.7532011393183	-340.61548620737796	-330.6597517820413	-326.4447019008455	-326.8769217068925	-321.11462613203537	-347.70874137730493	-427.5568431714689	-316.1495179755745	-926.181555179024	-5755.4211660872525	-9423.219785073285
79000	-451.69795486882396	-444.35920244128846	-436.34077849716283	-424.7042381550293	-414.77295687269293	-393.32856161314294	-381.9508593614416	-372.6206166956792	-369.32785395849	-367.4408692117673	-365.8505662902278	-403.3332209326059	-513.2689643402289	-354.64881557132276	-1106.1858277522954	-5982.757977905143	-9785.142681817397
79000	-438.4544324063311	-429.7013120765507	-422.8082325435201	-410.668570785792	-400.7248370862606	-379.2234440973409	-366.8626210380123	-356.9826439712938	-352.0731863869925	-353.6553065209113	-346.1563159149256	-372.39260574346287	-452.53185196538	-339.44258707752414	-986.5332982035278	-5736.335988650035	-9275.358978818953
79000	-467.4509099179393	-459.30352324412655	-452.07065012999493	-440.4327319329975	-430.4059520288584	-408.67997012884337	-397.6807558836013	-387.7826754244716	-385.4163303438368	-382.36438373777463	-381.567333684408	-424.36586588363883	-530.57861479055	-369.3081339430614	-1165.3472099605524	-6169.855919073372	-10024.807072052716
79000	-446.51881530827336	-437.85983143677487	-430.57347443122836	-418.61461699198924	-409.2058068828951	-387.91629087279955	-375.8010576153395	-365.57550616500447	-362.6446639997885	-361.71230935976536	-358.5245685263114	-394.6976234111945	-499.7627061586047	-349.9339100454085	-1074.7558468929108	-5965.252091629792	-9612.340673758777
79000	-454.1425996349657	-445.66781443223914	-438.36975876939397	-426.2082679307796	-416.6945999223941	-395.5167261418278	-382.53858428145185	-373.70252569041793	-370.677583640117	-368.9927786480274	-366.64844247176444	-405.14449067878206	-504.87666861151365	-356.0495794917818	-1133.5415096616193	-6014.78182824086	-9703.414594376578
79000	-481.9110794233282	-473.1975504356304	-465.70495473439763	-454.1247990697598	-444.61725651906625	-423.38908935545913	-412.1013904719977	-402.5554135794737	-398.56908336589265	-397.8863412221534	-395.2379527444178	-436.5132435858157	-542.5968459352574	-386.4949430315482	-1139.7209662419511	-6238.166767457634	-9966.312710436912
79000	-444.52271906689015	-436.3108080481303	-429.04342508326937	-417.6340365701534	-407.6557199025543	-386.0231818379934	-374.19086688428126	-364.73157143065305	-361.4722626208963	-360.60469166322645	-358.1797034298016	-396.2104229574937	-493.52504769768836	-346.12377925819413	-1080.5282723152932	-6161.878525061483	-9805.379591038632
79000	-466.5125036024956	-457.6580004201681	-451.0150243172298	-438.6261607787877	-428.89507935258246	-407.22774743677724	-396.0135203942906	-386.59565958293695	-382.52540528831577	-382.0067839677711	-379.7353474199461	-419.27501360010444	-521.4548864274582	-367.484795142402	-1154.98359310125	-6041.749143036862	-9736.16731361543
79000	-432.8925207366335	-424.0002855023333	-417.64313158085287	-405.33175442855077	-395.788302612387	-374.0575239129836	-361.9485819890584	-351.24571250153326	-347.17185938252356	-348.3476798909257	-340.1351829889928	-367.24769083400656	-461.3444564169009	-336.5448727757709	-977.9376258350682	-5607.6851653262875	-9139.160737795002
79000	-400.4295544600702	-391.97796753714925	-384.4121287821502	-372.323624527884	-362.3713267353239	-341.47833493163233	-328.9511147872812	-317.8840180035276	-312.55387303319424	-315.1364673640153	-305.1019046442007	-327.7752896015433	-407.9676688574819	-301.9274432494245	-885.7360517569326	-5415.125960135479	-9066.085299229228
79000	-451.8994744904861	-443.87422907229694	-436.5773016807248	-424.48425182231995	-414.61013461178067	-393.40383448462967	-382.1114812593289	-372.06326896943625	-369.25661794912435	-367.5271717304892	-365.4516282671849	-402.15677290532403	-503.8589592233389	-353.67392147947163	-1103.9147228560387	-6100.033193919846	-9770.921421432016
79000	-416.28209922713137	-408.2819431056995	-400.6211486262302	-388.7421695090792	-378.9196270603258	-357.1474022000426	-344.7501723728898	-334.59708652593696	-331.39840074996454	-331.87080764259184	-325.23163490269263	-355.0114526028982	-436.53426757551796	-315.75082081886393	-989.5803696337916	-5899.266044172768	-9564.457328775114
79000	-428.4721737535709	-420.04317442518345	-413.5020461839161	-401.31907697527106	-391.11110818843855	-370.27119712903163	-358.638512394602	-347.2448866356223	-342.69084918399597	-343.9145427975299	-336.88489467222996	-365.55100055122256	-455.7299023192201	-334.236622437543	-972.1965155676513	-5697.269582719093	-9276.2632533325
79000	-445.30773675579377	-437.09163407225003	-430.4132188635443	-418.334318701181	-408.4172033405756	-386.7302207056871	-375.16932580569693	-365.271995633339	-361.62371588553384	-361.2887226653428	-358.7668600073154	-398.3291629347967	-499.3056116515889	-347.6924889051611	-1081.9801609906363	-6065.42168743759	-9850.464213881129
79000	-413.78287116832405	-405.1601240497361	-398.75915723539146	-386.0090484731875	-376.6231295273386	-355.1108562165489	-342.4849871961638	-332.1918801852935	-327.68385347075395	-328.86268609991845	-322.6414572061681	-350.62981651729797	-434.1484443775085	-315.34041881532806	-966.4584193962658	-5769.70784846401	-9469.838438806366
79000	-439.7480317810701	-430.5690621037475	-423.80572381713915	-411.57866102999935	-402.59034946230105	-380.4189372613558	-368.89217804343	-358.4632636208722	-354.3621959395817	-354.41029790648633	-349.8590410250104	-382.7187434906961	-472.58644409154607	-338.9483994436074	-1067.6195637928433	-5965.29005592356	-9605.590949982967
79000	-446.31024404487977	-438.1948010671604	-430.5676922152415	-419.189857116863	-408.40617281974295	-387.3054751266876	-376.49588847605315	-366.50934156982663	-362.543582551868	-362.3447030706935	-358.0683401871458	-393.1176494847228	-492.569061959632	-350.54153198133366	-1043.799780959607	-5962.832750509089	-9719.955004493298
79000	-432.63685052834455	-424.0023466270409	-416.4836039640123	-404.1572036006942	-394.6941379232782	-373.19443974158384	-361.8824940350764	-350.9719650732581	-345.69325723220675	-347.31354915204054	-340.48963562984136	-369.78231537574715	-452.9348642976337	-332.1359753631461	-1021.9199173927549	-5733.113214304187	-9383.903258119375
79000	-428.9292711311919	-420.40532612144165	-412.97359100207103	-401.29420909620353	-391.275271457758	-369.2477737136912	-358.0788349071307	-347.78249470124507	-344.15993860330434	-344.26664759156	-338.1988299848901	-367.4151495932101	-457.3169436231425	-329.3189511962001	-1029.455283890924	-5790.113228238055	-9402.521449120846
79000	-425.6156876901977	-417.69740280555214	-409.78464828892237	-398.14002774766584	-387.9939918303265	-366.4876540494994	-354.8805430055012	-345.0123801500049	-342.5580028574541	-340.4875650677885	-338.60240076982353	-378.55332538553995	-473.99450385827464	-325.7867343645322	-1048.932876654044	-6171.713307446527	-10051.9330049688
79000	-456.32747662925294	-448.06425689824755	-441.13769382151594	-429.0364120571064	-419.3501174369695	-398.46711437812917	-386.7289095793695	-375.86129494341503	-372.5653113282714	-372.4538279083369	-369.14140940396595	-407.48153121009994	-514.0773354171278	-359.3059545271977	-1128.972076361327	-6050.2185385491985	-9828.983643501595
79000	-429.84657012506307	-421.75212422763724	-414.2793918069189	-402.53609078021384	-392.4182277414696	-370.8795312854205	-359.0833056908306	-349.5190007631241	-346.2425564590778	-344.82311812798275	-342.9933098915928	-381.5426179537679	-472.3516382990165	-329.78357107591955	-1069.5856252873634	-6252.005631812665	-10123.096804416164
79000	-460.74367487183605	-452.20645297294516	-444.8894704578915	-433.63564264652496	-423.0798104548985	-401.9303465104083	-390.9771863263659	-381.840159167786	-378.7083127690555	-375.52813123725144	-376.31418082109	-420.94237425736026	-530.6846687382332	-362.8009534024274	-1146.3188954931709	-6296.986376062656	-10125.504177524275
79000	-464.11423062190624	-455.21812863625286	-448.46108160563034	-436.60056260304316	-427.31178111211557	-404.94862473319205	-394.12095702338587	-385.2238225867892	-382.0090347285897	-379.8920238107355	-380.5316345609044	-427.55747055861065	-531.9324721647268	-366.8902381602457	-1176.7370856371913	-6445.358923778796	-10285.48071901931
79000	-455.44035328876566	-446.3992194594439	-439.26327440518304	-427.2370736769085	-417.8262346200797	-396.30159752776626	-385.504305393276	-375.01980165623684	-370.8472517809227	-371.5070630336262	-366.6214318570139	-401.9823673612893	-505.97426026745495	-356.0611328122601	-1097.1014059132053	-5823.417858724539	-9337.868939065509
79000	-429.4007780698066	-420.4167795587441	-413.8938021558378	-401.26970449282703	-391.91188730737247	-370.1187232068307	-359.00570103523	-346.8832310839036	-343.8208809250808	-344.37370547017565	-339.5328819597282	-371.4266239297539	-464.0078504155592	-331.4322120989581	-1003.138461880338	-5776.046641478194	-9557.517682128353
79000	-443.7958022424405	-436.26711547515913	-428.27070034844934	-416.35692927396883	-407.5012009579046	-385.20871232265137	-373.5927924113991	-364.926775339191	-362.3109092296382	-359.7903080011514	-361.4788561769157	-409.3500928376493	-516.9789921283627	-344.4535787354901	-1143.1541895019905	-6389.338384097149	-10380.491355724349
79000	-448.14875194852704	-439.89275411263105	-432.1145111320886	-420.6983912805904	-411.5462732037936	-388.66386941827346	-377.55094941339195	-368.0745771555754	-365.9182049153268	-363.4564480526338	-363.3301473321739	-403.1303180499915	-505.0528580061564	-348.4637677655368	-1098.4765954311913	-6328.371970587314	-10177.395874967251
79000	-438.5224321312462	-430.607838087348	-423.11248541495337	-410.7400716640137	-401.05850812316186	-379.49271373261456	-367.86809331892965	-357.179699635724	-353.51239899946245	-354.0028258718974	-348.60399513567296	-380.85763101325375	-472.54379721578925	-340.912720200901	-1034.4208142477307	-5856.117512627383	-9472.18073711902
79000	-410.68522450412826	-401.1098223706341	-394.99109039466276	-382.3879004773405	-372.48844545340484	-351.03392549916737	-339.19976584574505	-330.3151794065	-326.6243809856356	-325.00823989602804	-324.29874122317995	-363.2269877207326	-468.339191146192	-310.8597573690704	-993.2058553813266	-6205.281344229782	-10012.732304625166
79000	-441.324039310974	-433.41617940920196	-425.4663264462329	-413.4767143148191	-403.99159269123714	-382.805225949248	-371.4662122103879	-360.6107072192422	-356.0422645021314	-356.4571422882235	-349.90590321632044	-377.59723946065543	-467.9896173076641	-344.27218688038494	-1005.311468510077	-5786.703854485495	-9382.952886212424
79000	-465.1635988083214	-457.4156411137772	-450.2704721721298	-438.7513894631479	-428.806242481321	-406.9077552507132	-395.3314646663094	-386.0716759695941	-382.81348672829756	-381.4186843327163	-380.1989425816534	-422.73109424714454	-540.7074750095774	-367.3787475797006	-1139.4309541153968	-5962.518736756707	-9922.844052791834
79000	-451.15201256944005	-443.10327672752004	-435.26123364120934	-423.3744019295142	-414.6295902504462	-392.4255674960396	-381.43903468939556	-371.8356080581126	-368.98781741028836	-367.1778310141496	-366.2166263491561	-408.99129933424126	-518.6479910516384	-353.52001523279114	-1107.2587722308697	-6115.630266363525	-9964.257892754282
79000	-390.73535283461365	-382.18365710749435	-375.3341594913932	-362.79427785391795	-352.46385176114995	-331.72813559177513	-319.2943404037728	-307.53764389134244	-301.8822862125682	-305.93494026771424	-294.9687431028045	-312.1579904663939	-386.5401479662089	-300.3820306990812	-824.0964580116845	-5219.711947937421	-8798.932568933838
79000	-446.30469322765424	-438.4440195967509	-430.46539180489896	-418.8699319918187	-408.8788011695541	-386.771679714045	-376.32141981146293	-366.25874171151656	-362.82797617090614	-362.4938919241249	-358.4347407636315	-397.5518733465254	-504.440680476904	-351.8473289464676	-1069.2198748836872	-6071.370359945283	-9725.758622442878
79000	-451.4609661438957	-442.85281695625554	-435.90702912879027	-424.25447121930165	-414.0216832175573	-392.89306111212017	-380.6676013480525	-371.5197714760267	-367.593113018922	-367.04971676265365	-364.294320880125	-402.81951030603113	-503.16471697639423	-353.73237544698685	-1127.3730625160572	-5968.435178548242	-9728.725072560626
79000	-461.0047432882397	-451.95923484996774	-444.62392529695234	-432.65472190116736	-423.1332381048912	-402.26554613282946	-390.38318566977676	-379.31482280662385	-376.23559850542557	-375.51746740040755	-372.57269919716924	-410.5074185368855	-508.00449967328103	-363.1528561144343	-1113.7678882393088	-6077.176296811928	-9784.03188271831
79000	-370.8453749466834	-362.70381772714904	-355.5951804705821	-342.8600624479309	-333.5658798785882	-311.91973791188195	-299.7281058502584	-288.9883437916982	-285.17038920230266	-285.5767776285105	-279.9909074910764	-308.20035413156774	-386.54712357769483	-271.2022497986358	-858.9254633392367	-5853.824380227253	-9731.077848466968
79000	-443.4851317344774	-434.2526567764452	-427.7349804746546	-415.74224756922365	-405.7178083406748	-383.89967410629345	-373.0340751107613	-362.6876707265799	-359.5597051199559	-358.35220108186826	-358.2146217656056	-398.3453845669716	-495.30397376125194	-344.482248987428	-1088.9119982280058	-6293.581254059726	-10096.303736482478
79000	-429.9072356310212	-421.1040998746334	-414.02034435441493	-401.54477255356073	-392.3107892403181	-370.77413233788155	-358.44508006328977	-348.47158414649175	-345.20800440230886	-344.1813525412165	-341.51156485254023	-377.13843655645815	-465.48911371969643	-328.3098702427856	-1065.4688394014688	-5943.679539381717	-9845.579181211184
79000	-438.8406563599314	-431.16020981327006	-423.7219008075204	-411.75951492201364	-402.26473702369344	-379.9644942714382	-368.28828386023014	-357.9242254485107	-354.3321251183006	-354.2453908297345	-349.79945633407084	-381.6829403462938	-467.6855918204281	-340.0170531892909	-1044.7236353680491	-5778.830950563001	-9480.477168725025
79000	-445.9118967933608	-437.7420170069077	-430.47687612994406	-418.2841275593505	-409.0827091311949	-387.8629535798491	-375.2296927224029	-364.9974554610979	-361.02864563932854	-361.66465158119735	-356.2821036886908	-388.08457453156115	-478.8264891834716	-347.4321994567337	-1050.8013624899736	-5753.110923485026	-9492.794608891509
79000	-416.0339187726519	-408.18509270178015	-401.2083185089129	-388.671213429159	-379.01177370827634	-357.9724057113264	-345.55214757063123	-335.5589458996798	-332.14950405665434	-331.48940218650944	-328.75130263583185	-367.6332637794633	-455.7200286124909	-316.5284551150591	-1033.9687912198356	-6170.794598204101	-9936.857633787095
79000	-464.5196100136607	-456.3844605778337	-449.3473211189327	-436.69141702235663	-427.6185980952132	-405.9107508760384	-394.2835523431271	-385.82511457138696	-382.2166153190103	-379.88348278030713	-380.24825332062886	-421.97908225251933	-531.1132147287601	-367.4006673324095	-1144.713183030121	-6291.811481676856	-10046.86151201785
79000	-466.70047757119033	-458.7700437039981	-451.0552580447572	-439.6244070369389	-430.8871805022865	-408.1857357576614	-397.47892752614297	-388.0104501677542	-385.27679012284034	-382.4012861076176	-382.47857380029603	-427.7327719547988	-539.8650772425144	-367.7589829678732	-1181.2370478255607	-6252.469049960335	-10108.531988748542
79000	-396.1778581535535	-387.9954739429113	-380.4470193432697	-368.47236037653454	-358.58809190361495	-337.14292212339456	-325.0902641735073	-314.3473903176291	-310.32968799984775	-310.92295762546604	-305.5588457826763	-333.4072058809052	-426.65675563417057	-298.85972466627186	-915.1524865748734	-5707.985955718309	-9480.086461861254
79000	-448.79014759159026	-440.16880689988017	-433.64002447701336	-421.1729902577255	-411.20614939440037	-389.2354468714105	-377.98491710472774	-368.1501082484737	-363.33353973491404	-364.2712743735356	-359.724636294137	-391.37970975006823	-492.4951675237453	-350.7124418271014	-1059.0918963913227	-5861.5966470024605	-9432.850891275482
79000	-426.50802775045867	-418.11504327496095	-410.5449049873077	-398.9460427632848	-389.3751167325614	-367.5047759069122	-355.68470727022446	-346.8082428805167	-344.1432281618249	-341.41312985395484	-340.8913624421381	-382.3981481170495	-483.59425907961673	-327.2132072790362	-1077.021462443	-6152.508511770994	-9997.665523791726
79000	-444.7712506345033	-436.94676484762374	-429.630214806476	-417.8098879869665	-408.17066597652445	-385.5886884026344	-374.3980449793948	-364.8226693284628	-361.1145339700283	-360.79072463762566	-358.055071866199	-397.41125556095403	-495.5701526921555	-346.0804072978278	-1070.8750241683986	-6058.588776625656	-9776.880768730278
79000	-461.31005084300153	-452.8208923489579	-445.8106494778281	-434.3585761426514	-423.5890642015764	-403.4992303976754	-391.13925230700033	-382.74717555978594	-378.2600562699313	-376.99570784157976	-375.7355481442531	-417.3486855285599	-534.0217718187059	-366.5979211172542	-1146.0052197774241	-5954.458962003084	-9649.256955798377
79000	-402.18917243086537	-393.2097424473111	-386.09795243797356	-374.2277130554975	-364.12046444597803	-342.9115941458486	-331.05370979456757	-320.66091519208936	-315.66691016436505	-316.703207217788	-310.05983924075036	-335.8338472419911	-419.0994184082579	-302.4630810395952	-916.9781222283607	-5725.70755971781	-9409.65015688997
79000	-437.94756166508296	-428.9817260231396	-421.75340285522515	-410.0571935043764	-400.6523573586266	-378.4486358926865	-366.76424216502147	-357.3939953277144	-354.186653386723	-353.3879109768706	-350.26895742378144	-387.32034117399826	-479.9135525614561	-338.418345987658	-1066.2129483923597	-6109.066109342035	-9842.358684514937
79000	-451.2753709331634	-442.61505055396	-436.71815319488434	-423.37313119450187	-414.3298332084173	-393.2336799533003	-381.24983171382956	-372.5116977581082	-368.1669744686396	-366.6789928537367	-365.7057747531063	-406.94685871954294	-516.6084188132355	-353.4777434588166	-1147.1965407296696	-6061.671084097259	-9757.800066905385
79000	-428.2715590647176	-419.60299157018227	-412.38000447461724	-400.86360622113546	-390.6988636194361	-369.5448648838471	-357.54209460337995	-347.42333555916804	-343.34452720043294	-343.06797462594267	-340.1191266910752	-373.9563094491587	-469.8681042592828	-327.97242777163024	-1047.2782817815141	-6106.428895161473	-9742.586527516962
79000	-414.7436673157022	-406.5061589296671	-399.7914074117202	-387.2788091919422	-376.9390144910158	-356.3139939461235	-344.6424459025603	-333.014696552819	-328.1558195618527	-330.17959624922156	-323.18530583170406	-348.87155026059907	-428.3260541981407	-315.0779646092391	-993.5486237129278	-5777.242544850809	-9380.912831320093
79000	-400.92281210490944	-391.74397051206773	-385.12896362854445	-372.53858352357656	-362.3608342965572	-341.78484355752875	-328.69979969477976	-318.7233478801279	-314.3240734933586	-315.91019515956606	-308.28118804968346	-333.0259358192433	-408.2629984455057	-301.10497714104287	-917.0493470021393	-5759.0518695966875	-9433.916074967481
79000	-464.30249903834243	-455.7813169156413	-448.20141477713054	-436.2172785155219	-427.2874080942818	-406.05754567608324	-394.5314083386833	-384.68478485049417	-381.153507043401	-380.0287690115153	-375.7058102419595	-414.5607717838855	-518.326943061857	-367.2535667021022	-1153.3088252074199	-5820.802557713669	-9564.25317281737
79000	-458.30285253665033	-450.65766496698586	-442.65357351755875	-430.6377042702411	-421.09114855144765	-399.4662896902985	-387.71549983608804	-377.47301890654495	-374.686804794722	-373.5782572717196	-371.1350685900578	-410.29253379880333	-503.31254321787316	-358.6629310453228	-1127.804438249151	-6224.539132276499	-9960.570131091747
79000	-445.3749868019681	-437.0770480487679	-429.8300082405023	-417.79887830544305	-408.06458612802606	-386.06815690395763	-374.858196356066	-365.03240205391575	-361.37953233787124	-360.4802121142499	-358.21482923779223	-393.8881314545732	-488.5447021428418	-344.4432266269045	-1128.4503317391618	-6039.924788531306	-9813.091638413787
79000	-445.77074100298654	-437.57105624229854	-431.1684626389435	-419.2166154493093	-408.4933772584797	-387.65724834065674	-375.40338455220774	-365.28258189732435	-361.44628841824186	-361.59869880326016	-356.2073356455331	-390.01549670247726	-479.02076890958637	-346.1666638806412	-1090.8465689830864	-5951.309475841135	-9630.952651435293
79000	-440.7669918481174	-431.946491292948	-425.4393650722679	-413.3575886915345	-403.147415032513	-381.84076371349533	-370.49818938612543	-360.34740005909754	-356.1162268422579	-357.05352297853835	-351.5968018049252	-386.62275986536457	-487.7572485415083	-344.2166616732479	-1078.2210423606218	-5694.316894762203	-9430.875398750877
79000	-441.81157582159983	-433.94536780465864	-425.7480767617405	-414.4745361423203	-404.5743126162103	-383.17255609369073	-371.5776806270705	-361.3718288345694	-357.48960963096596	-358.5892121863525	-352.1227269169778	-384.5923050985712	-480.08853297503805	-344.0572483824784	-1027.088972400934	-5620.535265264516	-9346.303348632551
79000	-462.061794213219	-452.3191020868109	-445.959710067038	-434.26481370515796	-424.86746734752563	-402.93254850483146	-392.015274611909	-382.54928177199224	-379.5106438369249	-376.8836968552074	-377.52600688077223	-422.79447985189114	-525.1514120600532	-362.4936304648704	-1175.7350407410477	-6438.087461549431	-10209.928617403026
79000	-401.1244619495043	-393.5659211118429	-386.0319072633343	-374.02510479741954	-363.9032073892054	-341.86727937004	-331.09430044963335	-321.07570354009744	-317.3445609121711	-316.757156488758	-315.50038508176704	-354.47092415662206	-439.9722755456347	-302.0315776851965	-951.4009472174	-6150.786029766796	-10044.883329044718
79000	-433.60746204722085	-425.24368296260974	-417.6381891067279	-405.99192869946967	-396.0360698682383	-373.98155025763475	-362.3881281957037	-351.9971467144257	-346.90582066156156	-348.3241516806292	-341.80269609480956	-369.2935302147286	-448.688131109359	-333.5498925795351	-1015.1791985716615	-5758.886677296151	-9547.012047031023
79000	-432.7758441314454	-424.093426605816	-417.2845331555756	-404.6446635247347	-395.27950537431445	-373.91385844042844	-362.6740973708002	-351.7325673431383	-346.6850078930154	-348.12134127765427	-340.73953506324557	-368.98703914098064	-459.889172433757	-335.857302762775	-1009.2838638537261	-5625.194301890877	-9168.778323037748
79000	-414.5477114935477	-405.8017335723485	-399.31307564260584	-386.5032519210365	-376.7566397814026	-354.8958179810761	-342.83753456348313	-333.386826862118	-329.2878718306731	-328.785897842782	-324.31910635766275	-357.1693853013711	-441.08653609414404	-313.5638853226395	-995.6317761207489	-5774.849572122701	-9643.401986280991
79000	-443.9452094091939	-435.95325419388126	-428.8616298626899	-416.8504946040588	-407.29038594539253	-385.314897874834	-373.4843455315191	-363.45651013160165	-360.4272922056	-359.7068498959899	-356.5636762265282	-395.3177926566795	-490.3083350691393	-343.9907634903063	-1125.0791822051824	-6090.848866847257	-9890.412133259093
79000	-409.9339950413416	-401.0368346691424	-394.19771511747905	-382.1565787310652	-372.49202586891744	-350.20146279206756	-338.30890496140427	-328.4003766802467	-324.53287693664544	-323.89688138396025	-319.8026290412458	-350.87526249400565	-438.3441105765063	-311.24026112205746	-971.3351625855655	-5845.644604391503	-9703.820187930223
79000	-423.3431609160099	-415.2689970903821	-407.295487216268	-395.6541896085615	-385.8845567097171	-364.13030394408156	-352.3795666981135	-342.6139723409388	-338.6824666102526	-338.4169569651926	-333.26764142711187	-366.0974119944274	-450.00985711150815	-323.186071683271	-1007.1702548069287	-5919.177058451631	-9783.706146524806
79000	-380.3077279390751	-371.8803045896638	-364.66552694802493	-352.38922759369643	-342.3457214878959	-320.73111041467916	-308.2829200875174	-297.02004678955376	-291.5457702244826	-294.5992909274243	-284.0442503395772	-300.7742420793266	-365.4170301940118	-280.9935546713906	-817.5977877061998	-5185.550341947009	-8807.118926577208
79000	-428.89720278792055	-420.73126198883807	-413.63754615233785	-401.4452088782273	-391.96586584050203	-370.4977181501847	-358.2986776107269	-346.551309864248	-342.29034179178797	-344.35165564551727	-336.16943483558157	-358.23265330916826	-433.58670243577166	-330.6919621877123	-974.8551912368323	-5581.572017516369	-9189.176184869013
79000	-395.0649410850906	-386.882457888058	-379.78306956945397	-367.6420136105244	-357.9332892132758	-335.9201814739275	-323.9944482536421	-313.5223986322849	-309.3315434157001	-310.41628442308496	-305.1054326775284	-334.16734028998036	-417.48374131726536	-296.3139385035022	-904.5323328889953	-5797.093182752718	-9547.760542907685
79000	-433.7047318327178	-425.7837150371557	-418.721043996378	-406.5660916208485	-396.6894730959927	-374.7977224638977	-363.7696634962702	-353.0987382340353	-348.96690703733725	-350.24064430063095	-344.2117599926049	-375.22632615972617	-461.08592107941496	-335.0187924418466	-1016.3176400755791	-5996.300221912289	-9603.976905811007
79000	-454.0989746480677	-445.91482208658465	-438.621258986745	-425.96995313872935	-416.7975121733471	-395.3749986863715	-383.81465209838666	-372.85715461225834	-367.5810531930034	-369.84947023272537	-360.4919484488779	-390.10395590827403	-486.8635594630146	-359.40233982372143	-1013.634123586512	-5559.287842428596	-8978.47137301481
79000	-395.5872338011132	-387.2518725930234	-379.8030344619189	-367.68052355343593	-358.3998927912405	-336.044319813775	-324.2054469191679	-314.53959757431966	-310.5284706411924	-309.70189613553384	-306.2758886927304	-339.0739299865512	-418.75768850887044	-295.39254760495277	-926.949440250809	-5892.673254348475	-9696.735502633803
79000	-419.03300614063664	-410.67685012545303	-403.88586714386184	-391.0345177507264	-381.66616966522133	-360.70167880682015	-348.23973979431497	-338.4493907300152	-334.7789547248181	-334.3418796609308	-330.4616675208977	-364.16497497907795	-448.88345743276477	-320.5810786895798	-988.7147244629869	-6118.812997297218	-9896.497917499413
79000	-408.451847015821	-400.0862140282681	-392.555885510241	-381.0633270237025	-371.4514986409279	-349.3270026076987	-337.45413675870475	-327.2464366839825	-323.47968948673355	-323.1900600399511	-318.10066252817813	-348.63558512776547	-436.3077301690781	-311.41253062141016	-940.4840389279974	-5786.614962512343	-9498.761583355968
79000	-425.97329286492123	-417.15771281545943	-409.70436564592666	-397.3520515459386	-387.6816157267158	-366.2200052003066	-354.06710830172943	-343.72229896279373	-339.82380961870643	-341.00525520889465	-333.0469751801585	-359.92752290583473	-440.6574444228592	-325.9858836342085	-970.2695045943236	-5568.87872737481	-9227.73065469037
79000	-498.2385915934243	-490.02678389850723	-482.95198528117356	-471.68917413190604	-462.0116400918269	-440.44898402714205	-429.1313122234924	-420.204339247497	-418.5155804032187	-414.5720870734554	-416.5573295500381	-467.07692921544907	-587.6422820787695	-401.2478779086414	-1288.3700957591375	-6417.967667965256	-10236.59409858328
79000	-417.89368971655847	-409.3642271825852	-401.95296801934813	-390.51851803325326	-380.31575006550975	-358.30672262947826	-346.4906472638041	-336.63236527324096	-332.08793377643207	-333.04805074627427	-328.3957607115667	-361.8684167581695	-451.62979845087096	-319.3147450388057	-958.6643790761966	-5920.561782594687	-9648.63817820806
79000	-420.8509069530999	-412.0329164986337	-404.8392955339121	-392.99224762510346	-383.3711002191095	-361.7068760514411	-349.9408742458177	-340.77574683019685	-336.964832165979	-335.3857644017281	-334.75948486140265	-375.0662099644287	-472.1917866804924	-321.3458926663529	-1051.304161220215	-6163.584124212794	-10072.737068407288
79000	-423.0904201447346	-415.2924821284647	-406.60434624301644	-395.61441632123126	-385.2261233084642	-363.6740164692838	-351.7216232663947	-341.56863347622885	-337.7600914398666	-338.8465624878612	-331.8666358494166	-361.38318282432164	-449.99466377163276	-325.5183481441603	-971.5461349874146	-5846.654334557546	-9480.327327787174
79000	-423.91641212485996	-415.0940198475655	-408.6412506912739	-396.58429741132124	-386.34787937841554	-365.27208858964224	-352.944752956542	-342.6746112359196	-339.08388109298994	-339.4142836298912	-334.6366936435474	-367.8903810087775	-453.9304131916003	-323.50387355256134	-1000.486103128783	-6102.474958601144	-9789.285421439583
79000	-420.3859810497928	-412.22688700367354	-405.2165397241791	-392.7344577246382	-383.2351363733193	-361.77474929716817	-350.047546311984	-339.15543175186775	-334.8223963791524	-335.067078546646	-329.379096998593	-357.7920730682071	-441.9613875167278	-321.7836358349262	-974.2370866112899	-5646.68553277233	-9348.323312498422
79000	-469.1419474557229	-459.91594160757523	-453.576907014567	-441.58817511202074	-431.49982123884183	-410.95463356899484	-399.80007769908474	-391.0183297267914	-387.0924890897286	-385.15920705755985	-385.8934415105538	-432.94030886627985	-551.0488928133764	-380.1454453199745	-1197.4241016830476	-6252.044461260121	-10046.468892983634
79000	-422.506761336735	-414.05949743597324	-406.23110990210483	-394.47503615454934	-384.33473477239085	-362.9109371539293	-350.99850396762076	-341.1023655128773	-336.42795913071353	-337.3678713722466	-331.62739682889566	-364.1815327065048	-455.1543476661739	-322.91776084898663	-1015.0981873700528	-5843.528173903725	-9647.72911868433
79000	-448.8339800323067	-440.25188020773203	-433.7618163242079	-421.14277551859993	-412.4826242217043	-390.5815468178533	-379.26351501641506	-370.4527035231602	-367.43613716866867	-364.8592860204503	-365.5981377035664	-409.6923609550842	-529.7151493380518	-352.0422333380848	-1124.4693631945238	-6149.132065808656	-10098.812261146892
79000	-386.9633370249352	-378.70430386766526	-371.49562780699324	-358.7192259521031	-349.29098823747495	-328.24251664989595	-315.7604210629311	-304.4372885653595	-300.16391184047893	-301.8469987690205	-294.0541291223774	-317.5732983715015	-395.0229467991682	-288.60035869211737	-846.044901454199	-5650.525523929103	-9268.583204253726
79000	-450.9537333595264	-442.02250076271645	-434.97823382386326	-423.2316299259993	-413.91122582245913	-391.74414719141197	-381.23084447287965	-372.3494553048595	-369.9298669261644	-366.3327963403039	-369.5192355348929	-418.9526621087088	-531.5672956611625	-361.69482355356905	-1154.5528902509295	-6238.036069935011	-10188.490907253868
79000	-439.42074578986643	-431.15844833706007	-424.38801633075406	-411.7734246452271	-402.8918789068571	-380.43765659412736	-369.255292602168	-360.28536253224115	-356.0858000075042	-354.25027455107477	-354.22837460636384	-394.96167658699693	-494.10592848794846	-340.0287077082768	-1089.4847695539122	-6171.357715247441	-9933.35660772113
79000	-443.8918262285925	-435.76817317542606	-428.6389160109895	-416.5169014911021	-406.83757847281476	-384.99080925868566	-373.49971942456153	-362.8669805360765	-360.213371315145	-359.1745421651846	-354.69005361034573	-388.59367534982954	-489.43474141891625	-349.25391094471104	-1068.8974690174343	-5798.912443522423	-9555.460069807477
79000	-433.7996129820999	-425.387211369226	-417.59920534313704	-405.52002531278526	-395.84497109655575	-375.0064736991298	-363.01960857542895	-351.74485909543034	-348.7653958645058	-349.22137200442575	-343.18919237096236	-374.9958577378944	-466.5233043706909	-334.9310561126524	-1009.9572197493978	-5898.623314062596	-9670.577130067913
79000	-432.5094057247488	-424.4536704826944	-416.55456903354315	-405.1510817027852	-394.6772483721396	-373.78944941825375	-362.6028918171419	-353.00329458078966	-348.7806806409947	-348.34659516257005	-344.9878517717215	-379.50931577980225	-484.0357714718057	-336.10712325816957	-1022.6929889430145	-5763.785017399922	-9564.569470515618
79000	-427.22890692782596	-418.14284722936026	-411.04247210274747	-399.5547126258368	-389.7685224709463	-367.98044507538066	-356.26908395540994	-346.35544460879254	-342.68905802537716	-341.90606980380926	-337.48923985180494	-372.94136227830097	-463.9152071613886	-328.0913258124871	-1003.7789508598809	-5935.252768532876	-9667.088016509057
79000	-448.2729893862902	-439.42504456624494	-433.44697561721097	-420.75773873130663	-411.09312936009724	-389.0129223411755	-378.1600440475287	-368.5780456055893	-364.753322572497	-364.2724199595019	-361.8229380916492	-401.76533299367173	-504.3553013097812	-350.13566700963077	-1100.7741435489481	-6120.629897102047	-9915.249284526675
79000	-434.2289835697186	-426.15726754497865	-417.8633243898526	-406.3927366612028	-396.7014389707061	-374.8156045915921	-362.77647146352695	-352.5081598671393	-347.73413543773233	-349.4899695044028	-342.13098496317684	-371.02939724798495	-462.31021188026557	-336.1860100657798	-1003.2008402029344	-5585.128853727474	-9141.395724618142
79000	-400.8039157472554	-391.6371146509315	-385.3004971219918	-372.4435083952459	-362.3659675467919	-340.6843233102241	-329.0611264966147	-318.6338885874851	-314.43952872042155	-315.088550458896	-309.74767315835265	-341.27848383842405	-430.6464591401805	-301.86020842728857	-953.680419110259	-5659.391638450731	-9345.804159426625
79000	-426.32814801903027	-417.8375048197569	-409.48553502523936	-397.65755358335616	-388.11112071386566	-366.4989817704089	-355.2119592869604	-343.87901819130064	-339.7111391397587	-340.8885266623662	-334.22283168620726	-360.63668273464947	-444.88388563638154	-328.49181767018274	-984.9475540070375	-5859.2976660632985	-9381.454400048655
79000	-453.6786774318139	-444.73072302144055	-437.9465839695783	-426.6741274504112	-416.35061447690146	-394.0036488851399	-382.62709932315056	-372.8289876464046	-369.9100957053732	-369.2890181725382	-365.31492496813644	-402.88965524158664	-502.0219091387892	-355.00672112373024	-1087.9685811877443	-5836.5426936697195	-9525.647024384132
79000	-417.8982198159455	-409.3590768289974	-402.41365770631086	-390.2285523857946	-381.0232960751928	-358.89075751508705	-346.4732847659892	-336.6749133953019	-332.10682463281694	-333.2627024220354	-326.4358709323875	-354.13625453384446	-436.56501902612024	-317.24521258595905	-989.0134791623902	-6076.048476360478	-9685.721520564492
79000	-398.95629343695333	-390.73209857385996	-383.01418973248366	-371.5688494880976	-360.82431657714807	-339.23268401933075	-326.90915888180626	-317.18982084100384	-312.95552650620607	-313.3866228548822	-307.09449666401906	-335.1750846117259	-412.36091348035285	-298.43048504616974	-925.4656435152529	-5763.986963608241	-9575.828059978665
79000	-459.56543980741515	-451.39825200958734	-443.78615252903177	-431.48319043226365	-421.9995893744641	-400.61471390099103	-389.83799125361674	-378.34881307204705	-374.60403636315664	-375.20750554756734	-370.2776537317258	-403.9860303942817	-501.787090587065	-361.66258388819693	-1094.0516036540912	-5953.974695269066	-9601.551221160791
79000	-411.79290073946487	-403.3245439483244	-397.01824353304283	-384.16071771707584	-374.2235342253011	-353.2543540356423	-340.725812755791	-331.33176292784276	-328.5066200673069	-327.0764933959707	-324.43658516038204	-364.5561063967705	-464.1468046521081	-314.86882031034594	-984.0036106388694	-5951.760692786945	-9806.443253531417
79000	-397.05335965359734	-389.00692708663894	-381.7564988899755	-369.3995759540194	-359.81293108423614	-337.9511019962604	-326.07872824751956	-315.2162234870224	-311.37952143669537	-313.1211942595359	-304.81005378640714	-331.0624121166003	-408.45409079589405	-297.5228272209732	-927.2023269150307	-5634.895939910248	-9402.185733776074
79000	-409.67406533816273	-401.22356030748665	-394.04771693255935	-381.5737693090547	-371.9849314557198	-350.42182588705685	-338.7016058962463	-328.2608637174386	-324.6182868282322	-324.2808213335084	-318.95401621430943	-348.46407579133944	-432.01369466932516	-309.8519501110722	-939.576681753156	-5826.205833387292	-9589.146362335076
79000	-426.43010922690684	-417.96139345813924	-410.632090898007	-399.0376517650261	-388.8468805480448	-367.31969133282354	-355.8889036554109	-344.67329393793636	-340.166056282332	-341.5961400130645	-333.87978442944933	-360.11292090432784	-449.46829459615043	-328.97117045106273	-961.7100827749965	-5493.113494490637	-9102.123876115389
79000	-445.455443126708	-436.79769604515064	-429.8743828924807	-417.0717271772396	-407.3499769247585	-386.4137555189252	-374.5302025438119	-364.87908552841003	-360.7430839956292	-360.4535527439074	-357.50550801389693	-393.24053967793316	-486.9903923706748	-345.8264133573935	-1095.6931106981776	-6006.291329711442	-9726.858358806541
79000	-461.8863926151692	-452.7645749526963	-446.0058782894907	-433.7472319883359	-424.3028071578158	-402.45965275202184	-391.52970746445686	-382.01771436001354	-379.95527020813114	-377.6550542410933	-377.3259280915517	-424.33928009099026	-536.6747599768789	-364.22949965056495	-1174.0124960160833	-6189.718674768412	-10246.157309363643
79000	-410.7871126516201	-402.8382015533213	-395.5554370501681	-383.68418673563997	-373.7943843856693	-352.6336585148205	-340.29956734739807	-328.73615092296757	-323.37590363359504	-326.1091861990037	-317.3647348516373	-340.2509903107689	-423.81039625405936	-312.5675803689182	-932.2623246188217	-5444.117152841356	-8958.241693643036
79000	-454.0363659613959	-446.12524804393837	-439.0949669490288	-426.88720908262076	-417.1909298086079	-395.36647655746975	-383.88154385069055	-376.1000390333943	-373.1958859247719	-369.60929308052704	-372.1827194048606	-419.5459947638976	-528.3796706127149	-354.5025591558903	-1178.014161533339	-6459.36227955149	-10416.160810593447
79000	-435.59223920444305	-426.61483284564446	-419.9709215615837	-407.47608727423335	-397.8586248334618	-376.5507060574586	-364.4756266149946	-355.29271350744597	-352.51559343751546	-350.92149574724147	-348.86834191483933	-386.84837676517714	-479.5094307286693	-335.7307199466205	-1061.2529723872597	-6241.282537418767	-10129.470110692717
79000	-421.915960701408	-414.1556036818204	-406.5320521430795	-394.4186914074746	-385.1342610688088	-363.3585182836752	-351.21548552597693	-341.0926485406954	-336.5328543424573	-337.26247428317026	-329.5316688831845	-356.54621576839816	-438.3053017649222	-323.2608944747	-963.991302549153	-5634.057215710738	-9174.97952048686
79000	-424.9294917732114	-415.2296176405032	-408.49300533142406	-396.38985228023637	-386.360851973012	-366.0627447133286	-352.6688294357655	-341.93305527863293	-338.0239942095541	-339.77307946984126	-331.4415469943547	-357.91932146642966	-440.5070346034083	-326.18051009990944	-938.0216831674833	-5549.132176636525	-9132.715715674674
79000	-442.9407661162747	-434.1332437711878	-428.0397085149572	-415.1115610417364	-406.1877804122748	-385.1424557443347	-372.8166423686664	-362.7378977346078	-358.893489887583	-358.8006692485002	-353.99767856868885	-387.5863447253811	-491.563876100591	-347.03292042803577	-1052.3416704273898	-5732.316119446676	-9398.310245329038
79000	-411.7346111854218	-402.9964765455211	-396.1201708050473	-383.8799142854871	-374.0387287797002	-352.3470134627513	-340.4656387042723	-330.4007757640209	-327.4570486132231	-325.87943744654797	-324.71410195249223	-362.21265842188757	-451.2536048439007	-312.6485839621247	-992.4849208236215	-6118.704690154089	-10052.9639923686
79000	-396.5948611582731	-388.3824973202115	-380.94582636005424	-368.58026282413675	-359.12644914743703	-337.45027534232725	-324.93940564330734	-313.7187806364956	-308.9675608930665	-310.8893061554088	-302.39552714777125	-325.1789723089896	-398.17461627682957	-296.4008052072636	-887.7100103339312	-5353.002058761904	-8945.96450526236
79000	-410.60089016217535	-402.24489894463676	-394.84585631684655	-382.7985967013012	-373.028426960955	-351.6847360725187	-339.39527897457685	-329.17799043377187	-324.8948290897114	-325.6191157078595	-319.46078295353163	-348.53553317722725	-437.86770062384903	-310.68923150212913	-972.3256226689632	-5738.727745818145	-9457.403069882228
79000	-419.9804480625828	-411.16463289696804	-403.6449559747187	-392.19038903227215	-381.9876526573777	-360.71336809371917	-349.18134759984156	-338.42916856055194	-334.3914819858565	-334.61194347838796	-328.48226574809394	-357.668600259564	-445.91327743564204	-323.95741794296146	-949.5609367880186	-5695.846027081928	-9285.290356337267
79000	-421.0650502454963	-412.95113303082263	-405.9362761414381	-393.6361564809888	-384.45499470638856	-361.74530227596773	-350.1800080817718	-339.5169941208077	-338.07420577410073	-336.4364199675083	-333.4232678812875	-369.86121651568334	-469.2583487063549	-323.5624527120262	-1030.4422845303484	-5967.419856740761	-9913.865191069039
79000	-452.22292013150803	-444.1287861537539	-437.0886595101935	-424.6683204524661	-415.1684389891428	-393.74208341721305	-381.4661572469822	-370.7201054093813	-366.98274172771613	-367.09841010527447	-361.95102520616416	-394.20627799114243	-485.9783878366673	-354.2312521686368	-1074.370902719666	-5812.612297681009	-9472.01330330404
79000	-465.49051961002056	-456.6682487875007	-449.57741855947967	-437.60135558035597	-427.5797020750935	-406.71099885311435	-395.2398824063814	-385.564049822967	-382.1016337429876	-380.68194833340607	-377.77497795594263	-418.4745917319991	-525.1584991560975	-365.45147761257175	-1126.0455167368502	-6095.099344517958	-9809.853967451643
79000	-476.4451663068036	-467.951284330058	-460.61134524666016	-450.1888678379888	-438.92392326286136	-418.4007623160602	-406.73017429108916	-398.09518723448645	-395.9724863077235	-392.5540789586139	-393.8826926515972	-443.1184221470444	-566.0381630720035	-379.7610625315319	-1209.6718980703156	-6345.89977061811	-10189.073297719971
79000	-447.19815948694264	-438.13273816970457	-431.1842124521916	-418.95530341698213	-409.7270012399798	-387.7538375019628	-376.6409219704453	-366.4656044341433	-362.9471261963633	-361.93930216990503	-359.8801216744682	-398.7574803191117	-495.10847456346755	-347.11133872135133	-1104.3387787153551	-6014.654883862346	-9818.095095364108
79000	-451.46249473364696	-443.0573390817667	-436.37809561546425	-424.06503301776	-414.7715997877406	-393.1775262948268	-381.59572548305937	-371.1426427013244	-367.6812372559012	-367.16341395423825	-363.29782260983046	-400.7272639348501	-497.01519293057163	-354.1009429065281	-1104.8881480771684	-5968.043477071739	-9752.925555105228
79000	-451.54833501778694	-443.0816518180373	-434.9796922529162	-422.86305326489	-413.21322566648473	-391.87235343119073	-379.86590735677214	-369.4137299824572	-365.9001966314782	-366.128212613164	-360.66026892304285	-390.0286489379867	-475.9700923245344	-351.75077620037564	-1084.7940328116422	-5804.812307367011	-9463.158613258925
79000	-456.8041083470592	-448.10655555792573	-441.17763779034823	-429.77064861145493	-419.9550628175615	-398.8723432882723	-386.76731749032507	-377.4738242917462	-375.1371025671148	-373.1786556861004	-372.9753467366898	-415.9937912617894	-545.0160223491586	-361.74568021711843	-1133.4482973751815	-5910.024445793787	-9592.27655781836
79000	-429.5605705675566	-421.0483243977139	-413.3463006501302	-401.2019980044904	-391.48816759726947	-370.46981453039916	-358.7737163498845	-347.69568485662444	-344.45116894516764	-344.75130377178294	-339.54586301412553	-370.98892659622794	-468.34930812816054	-331.6080560378608	-1007.8149919233408	-5708.059172935744	-9426.002437888226
79000	-451.8931568584256	-442.3046648653482	-435.2049471022927	-423.74431252877673	-413.94513025182823	-391.828753212838	-380.52398451865463	-370.3748297847966	-365.4487818300335	-367.4147633190661	-360.9588856598348	-392.9781497016215	-481.07555414746207	-351.0260097728352	-1075.191795177375	-5685.033836772255	-9364.892315436586
79000	-407.4559210297676	-399.66454704884336	-392.24472070123585	-379.9490776779869	-370.6023804384391	-349.0671784768963	-337.07303965526694	-326.70721638829303	-323.14765482184174	-322.87597494413836	-319.1859023954118	-352.1905624191468	-437.1601569450019	-308.72929401429536	-966.5973229714479	-5970.211289741544	-9771.196390898986
79000	-452.1074360040038	-443.6394282396088	-436.54712713120244	-424.3994995751822	-415.46500052634826	-393.38807404886285	-381.9122486114211	-373.3884137369151	-369.5065055853513	-367.8183337237235	-367.61761694298076	-408.3437726084089	-521.0796971242436	-356.4456840252665	-1107.0641614743593	-6266.6745494001025	-10070.966714682587
79000	-466.6920353112871	-458.2064657666918	-450.82072461627735	-438.25161416067135	-428.6333175514345	-407.20730558352784	-395.7615813886271	-385.7696199940722	-382.03323707775155	-381.76971031453326	-378.14933267428455	-413.7386304065933	-509.56996601626054	-366.57801238042117	-1144.3279570307302	-5842.026511524389	-9494.533069484825
79000	-431.9543231958114	-423.2956111374413	-416.21795248384825	-403.49892985574706	-394.35402653759326	-372.87167145508045	-360.6063048401991	-350.3908944912753	-346.21673409584105	-347.2628557832603	-339.8108171175499	-366.33261684790835	-447.79721455253315	-334.5571701606747	-954.7887936326387	-5583.2987760841215	-9205.886950073296
79000	-430.09221088418485	-421.395265446267	-414.62968958547236	-402.3597216202046	-392.25231538549866	-370.73063823144025	-359.2675578641357	-348.4863159876914	-345.05513610796004	-345.5239164006724	-339.9511428711197	-373.1132203045596	-458.8906707790145	-329.9189916280983	-1043.0106371548716	-5792.672795264206	-9554.935081125368
79000	-452.2628797979048	-443.7896999845563	-436.06499067975625	-424.6062378639357	-414.91287989586067	-393.68254316048353	-381.34123704918056	-370.88605707181836	-368.40097756082906	-367.5099676612545	-363.5986189641425	-399.9200977775366	-501.32890971238197	-353.34825273461786	-1083.3249778951065	-5811.360262632463	-9578.596770433858
79000	-451.5142613469861	-442.0524774336543	-434.77974219223387	-423.38781130229415	-413.84873686495445	-392.53398787654106	-380.43811778970763	-369.8574890256606	-365.4573500518167	-366.140672264131	-359.0986671889712	-388.80184150396303	-480.769495147491	-352.83407928610785	-1038.8377902812902	-5664.511542584389	-9218.69910232116
79000	-401.59725243756833	-393.10306857123004	-386.06347998564553	-373.5353774508411	-363.6848999000134	-342.37342235301793	-330.2122915499507	-319.5514061216346	-314.67982822906947	-316.31955342573053	-308.930788314448	-335.14052675551784	-414.8591042664095	-301.53033124780967	-915.9037977284646	-5853.880302722061	-9482.692343058157
79000	-423.55212716078057	-414.80047565304716	-407.8491256572225	-395.5545225172715	-385.6467039293961	-364.20708647093727	-352.4662162663166	-340.9664231126682	-336.0894647896902	-339.10117078967204	-328.97914955340366	-351.2372660475027	-427.15048709574035	-323.35124922704506	-939.825560153865	-5600.731728677313	-9164.996287949685
79000	-421.11537509748507	-412.1088733733571	-405.5544116098285	-393.3402934853972	-384.0793645410517	-362.1851320545734	-350.5044584509173	-341.2843384242455	-337.9252574910293	-335.89592993293246	-335.69622908588747	-375.1518431353023	-468.6453922614968	-320.6083021618871	-1060.9436952252597	-6391.539346028802	-10346.617410724859
79000	-416.92884374656336	-408.26679692331624	-400.8390514449446	-389.40415308701245	-379.4174264331887	-357.7802261317446	-345.74870441751716	-335.7909792986516	-331.84988902194084	-332.7818026033671	-327.98360736034783	-361.55080479017084	-454.4215857615485	-326.091288917775	-998.3834263264857	-5771.457952203912	-9542.089387994589
79000	-451.42975101520733	-443.0539606985914	-434.987126350589	-423.76801547541186	-413.79450377901145	-392.49661582192044	-381.5034421052635	-372.74516244060055	-369.97104093626086	-366.64609484713947	-369.70336933722353	-421.4283633316993	-538.0289357631768	-356.6269363424291	-1161.641464817751	-6308.141127576213	-10187.656979014273
79000	-407.30530118268746	-399.23253111127593	-392.15011348406136	-379.9360068040047	-370.2098520838063	-348.50068692221816	-336.61162646749875	-325.2547039134837	-320.9408940848903	-322.3467540788668	-315.911380701219	-341.21978814482605	-419.20673081565303	-307.90488034928103	-959.7339110042832	-5730.003475591537	-9404.396814996651
79000	-426.1498898027801	-417.79620516406277	-410.79348647059425	-398.73336989416816	-387.99170338801724	-366.9570597674516	-356.0065909816981	-344.9386059167685	-340.42406006956435	-341.5319452205495	-335.4451965343605	-365.04293703863135	-445.33767191094825	-328.2926776557399	-1002.3143648356737	-5768.207832065942	-9384.804091909482
79000	-402.55248837984016	-393.689055142126	-386.97069990366055	-374.6450962696306	-365.1965684638475	-343.08203983554756	-331.6579679223026	-320.7100683691106	-317.5128573140187	-317.7319852074556	-313.8979487737869	-347.77438435170563	-431.4592602477931	-303.1316915421737	-965.0974187292907	-6001.320662673185	-9875.120848679344
79000	-415.86152548420193	-407.9348910949246	-400.0311959246456	-388.3038313412517	-378.2296667401535	-356.22094806806814	-344.39957441613046	-333.97515752931474	-329.30677827655853	-331.05266432477947	-323.34986891763316	-349.93716248567574	-435.5894472246937	-317.04661660695365	-960.4647846732122	-5618.445874147894	-9313.193410773085
79000	-434.1161195457142	-425.23870669394745	-418.404406734984	-405.4935923678413	-396.88640336096887	-374.5660720510786	-363.803587005727	-353.99693082593535	-353.16025150522665	-349.88656886077416	-352.224192888739	-401.60968692808274	-515.0904264319119	-335.9558078527871	-1101.9555239716776	-6489.705251093118	-10426.9473502937
79000	-403.5815880495427	-395.25643269035567	-388.0871629222441	-375.75765000940055	-366.00366872137135	-344.0711889907046	-332.26049802449717	-321.62428962247566	-317.8864831907082	-318.2562920799848	-313.2571001645675	-342.9166437346962	-418.74635650125424	-303.35921584177555	-916.8515586837448	-5967.931551394089	-9691.62592697338
79000	-451.64168854084596	-443.15389612602115	-435.1508844856126	-423.7690606783747	-414.33170396499725	-393.6172462116355	-381.5171064170196	-370.8934603428942	-367.3465137707466	-366.7584413860467	-363.4810313244894	-399.76389700375086	-498.6880352773009	-351.49320930411193	-1122.9611484510906	-5825.434105542097	-9499.190458547688
79000	-407.93152422660626	-398.7468765396526	-391.47480081422015	-379.76781577648194	-370.05434367399374	-348.298255303566	-336.5896895255369	-327.3167404972812	-323.7717328605324	-322.4005071387558	-320.9089580299999	-359.0444712481145	-447.1056335336258	-306.76922356249975	-1026.570904555806	-6272.3171628287655	-10207.68545694438
79000	-436.4373797261744	-428.5475379877647	-421.044867954313	-409.14757083312134	-399.4646198446704	-377.63044061108894	-365.92481644982433	-356.28653831856496	-353.94562918075127	-351.7102326354771	-351.1076720220471	-393.6063158509656	-490.0536626808919	-336.26482906905454	-1097.6850459572108	-6234.632742104359	-10184.26055390775
79000	-434.5272047601461	-426.79877142560366	-419.8957126896252	-408.2280750156583	-397.68016031502276	-376.97266885875524	-364.00010189839384	-353.67543403285794	-349.2183186421491	-350.50373002300904	-343.37254792512925	-370.45148835038094	-455.47773647767224	-337.2418426916543	-978.7580341717008	-5696.973314719203	-9306.966029710877
79000	-447.0664253475932	-438.71361495903545	-431.1159249979541	-419.73521598115565	-409.7424211615084	-388.00564254015563	-376.9378668119058	-368.1101476570739	-363.77111934697444	-362.22476596976395	-361.83324467269694	-405.77992820169305	-513.0252704698538	-347.2776257363534	-1125.3471114675374	-6370.243495969348	-10194.647097684709
79000	-429.3438510083626	-421.2067740866253	-414.1545455002875	-401.6010316204731	-391.93014978505624	-370.58035564192613	-358.45935718744914	-347.29388527400744	-343.57243412569454	-344.75162019927996	-337.68603457234946	-367.8318550686249	-449.9958803212518	-329.25394302997455	-1037.157854418525	-5625.914299572139	-9367.523020336474
79000	-438.2695201225562	-429.40663524446626	-422.6980457579329	-410.82168716265517	-400.6120305912544	-379.271903320836	-367.25624283959684	-357.8661215454594	-353.39366921846084	-353.3872280228966	-349.0148046647074	-383.64723872007085	-475.80175214188114	-337.78010768444256	-1054.5488807206086	-6031.457755740353	-9756.661434555115
79000	-472.9586968963329	-463.51353051648056	-456.77347131484197	-445.20814406798456	-434.93042313967123	-413.5705211805198	-401.8662678184435	-392.33733827968877	-389.9955089720973	-387.64970512189973	-386.3169663373343	-427.6484638489127	-527.3277129566695	-374.28781054156104	-1161.2640188839869	-6150.256633367213	-9920.916920699616
79000	-421.3238476305276	-413.1427746371257	-405.18258478377703	-393.33969826321174	-383.9618184111074	-362.8902190300924	-350.5393622741872	-340.1008342087355	-335.9760755321786	-335.8540109935808	-331.1984989423449	-364.31586364195897	-453.6360387379836	-321.7460773368654	-1006.7978406563575	-6031.881276472081	-9842.74205679536
79000	-446.780412564094	-437.6220245886974	-429.97250201721835	-418.7372513844863	-408.97822151161984	-387.4562050906539	-375.0477526247819	-364.00786208809626	-359.6726425920211	-361.3343552386191	-352.9938408076317	-378.5876881402895	-458.3972733487576	-346.15393534095995	-1013.8328861852623	-5670.817896809485	-9174.556370717382
79000	-441.7086094148828	-433.42502124252036	-425.937350457758	-413.9283072263248	-403.9901807096087	-382.73217147380024	-371.91981023172724	-362.063893382822	-357.2503326591698	-357.33129353015624	-354.6626763581764	-392.8881827438511	-488.1536489619101	-343.8822744655248	-1078.3370847420717	-6029.386781391802	-9887.078722287879
79000	-416.001942645754	-407.0713192755343	-400.15729324592775	-388.2401411364382	-378.18234033933663	-357.4145404742476	-345.59591774568656	-335.9087447021783	-332.17851556647776	-330.67931739423716	-328.3006749073105	-364.63248355037166	-452.14817063283726	-316.35506025835906	-994.2168067442528	-6084.059625079006	-9924.313583384708
79000	-428.52005885167284	-420.1372804638889	-413.09351895459275	-401.0778493591489	-391.03848664575395	-369.78320515688563	-357.6238539423319	-347.1934174333914	-342.74768666725566	-344.42248650217084	-337.17374936264514	-365.8414648469956	-455.12926357799296	-330.3331190895548	-983.5147787324389	-5828.426397002365	-9436.09552580118
79000	-470.0015439848266	-461.8574628082185	-454.62807821784423	-443.6349703452886	-432.277683588039	-411.419394912599	-400.02509383148924	-390.43996240362816	-387.0881142896849	-385.57916547706355	-383.0292446829142	-424.9721051870706	-528.095851432821	-371.9348200147641	-1189.4144468426693	-6016.532823952847	-9736.552908349051
79000	-436.9884404073735	-428.3399866434043	-421.098686906355	-408.97886901782033	-399.6808333592305	-378.37887918922434	-365.9201379634764	-357.04365729544816	-354.32826651975125	-351.7633941056773	-350.47116987263865	-391.45467525338	-499.7127076014207	-338.4183648426218	-1086.0500534438681	-6223.346089980029	-10010.43627714321
79000	-401.780631430472	-393.2810990280933	-386.3686955080389	-373.7478431949137	-364.76232344097235	-343.1815827119944	-330.94698317646044	-320.0007597580837	-315.1740963258652	-316.87015308360077	-309.45186864077397	-335.48939005536346	-421.3440964031284	-303.1778109400976	-916.432392210322	-5592.151159773203	-9334.078226756646
79000	-458.3074350838414	-449.8434366989207	-442.485033850216	-431.2818458411382	-420.41683465454724	-399.08870515142956	-387.8482257000146	-376.7640233766423	-373.3971003673466	-374.0226798325445	-368.91346666945753	-403.9051334160971	-495.77531622013663	-359.2332186007855	-1105.2113220865037	-6009.725192664104	-9687.525477015433
79000	-445.90620536853726	-437.23342982045585	-429.7940156400303	-418.19740036317967	-408.6530756890027	-386.7825330083947	-374.8872148266874	-365.3508741730196	-362.22144839768777	-361.0682471929178	-359.11141232944493	-397.71964963683536	-494.56485257997434	-347.06482174197157	-1109.9282188456662	-6123.881506978149	-10032.652566081235
79000	-429.75583588906676	-422.1840349695691	-414.4189979975437	-402.47106990685904	-392.95376473993747	-370.8738667929942	-358.9829893470781	-347.97173169884627	-343.9771939675801	-345.3940413938042	-338.5963087833294	-367.13446410616626	-454.2237921225287	-330.2843263575777	-993.0503912566677	-5832.37647990748	-9580.55708258931
79000	-438.5170853704352	-429.84689638451226	-422.9081195718963	-411.6779565467085	-401.07289183510443	-380.4464395152629	-368.04802958222956	-358.48821193229037	-353.4657363877844	-354.5140101088931	-349.20549887125065	-385.91501937996077	-496.2394844024197	-342.57366931786146	-1033.5462958210142	-5897.00931064407	-9624.50396463318
79000	-426.93998460348854	-418.71823516450615	-411.0941615595362	-399.2663828609095	-389.07102021279354	-368.11756996788506	-355.8564941435535	-345.1996797548502	-339.4854938771915	-342.1393237423384	-334.9638124533201	-360.2297430494714	-442.44354047952896	-333.5971259435997	-951.4101738871666	-5606.725539730756	-9223.737581923795
79000	-426.62697158507115	-417.7803138567276	-410.3944720850846	-398.83687527623545	-389.155759523301	-366.3743399849393	-355.5093218203892	-345.5643483725101	-342.3496062397692	-341.1541354780504	-337.8738044369259	-375.72022997565216	-464.39426455369085	-326.13326615091455	-1050.6997748271945	-6071.980472556308	-9810.598013306046
79000	-428.4122936900981	-419.0964821488525	-412.59423492392824	-400.2319218196154	-391.0084976165241	-369.4028256673503	-357.45968896910796	-347.8435488688252	-344.2725111411491	-343.23262799761255	-342.1869510660992	-381.78306099432564	-488.13540956304377	-328.88969604489307	-1082.0892068200521	-6160.169158204682	-9997.243637469575
79000	-421.70261017999275	-413.61620558411875	-406.9462454195911	-394.4196129608131	-384.43726513261987	-362.8366266921895	-351.487101640403	-341.36864271481915	-337.35411287341554	-337.70588726170524	-332.69350290649845	-365.7288705744114	-471.2883892509719	-331.2820953314507	-932.2348730550918	-5703.403802304209	-9357.875660777569
79000	-430.8297043553449	-421.9029909380936	-414.8019090763045	-402.7158229631127	-393.88460132176056	-371.62070449182625	-359.8605765979703	-350.3014011151253	-347.0334101539453	-345.38529500904593	-343.4498190216165	-381.25075888661485	-475.21807843182233	-332.41372987010385	-1067.115840324663	-5909.9115725002	-9736.286643439005
79000	-404.90981798815255	-396.88149694640083	-388.94001122387755	-376.6336103035659	-367.3399515474069	-345.7155260999575	-332.8014054880039	-321.78001163244596	-316.22069709954377	-320.03885148439247	-308.991933263211	-326.52212502214326	-393.0613651953964	-305.6356089600934	-880.8664628993101	-5280.563985656827	-8889.346704305637
79000	-453.12059720711426	-444.2538922921541	-437.6574491645619	-425.0495366715809	-415.33867888083665	-394.259785178987	-383.2117720334345	-373.5347292279501	-370.56419541606635	-367.55058532927876	-367.5027834872564	-408.9767979721644	-510.7121209220837	-352.8740103603677	-1158.3515393232801	-6247.810242860161	-10079.82272612326
79000	-427.35087073742466	-419.41405370929476	-410.8721793444377	-399.2609800690062	-390.0759974866809	-368.0435569512511	-355.3820107285774	-347.192870099346	-343.0257905527712	-341.54776704531145	-338.28041478092325	-374.6375657454573	-467.1824775605219	-327.6883686093465	-1044.1561270368861	-5893.0644746369935	-9767.71713469491
79000	-434.03498831341227	-425.3002349486159	-417.8444936447816	-405.3337211510943	-395.79160143828517	-374.2373584554221	-362.4741929772405	-351.9958580879494	-348.02245263577566	-349.7651267039529	-339.8252224764385	-366.83341139009724	-458.0863912612759	-334.2736946421274	-1004.4169340248029	-5577.057234141349	-9059.995706186804
79000	-422.5898321545096	-414.4864785501116	-406.99886881774074	-395.07528395194845	-385.39135662871115	-363.4484035618469	-351.66140100716865	-341.2942727854486	-337.75256198770774	-337.4602604594885	-332.91389295861285	-365.6054796133766	-452.19740257370455	-324.2635275350558	-966.1325549704071	-5960.8450716363905	-9713.02137899967
79000	-419.6421491711567	-411.970670639802	-404.66533959657073	-391.84616125495984	-382.1556905979154	-360.7643199789303	-349.4201599735504	-339.1372574453727	-335.9390285256024	-334.866975076575	-331.51474400009164	-367.79169500865487	-463.784053903951	-319.7885515454923	-1014.7629461345248	-5864.101431263199	-9704.228372238638
79000	-430.6007368212731	-422.0524006185507	-415.15928319926394	-402.3289505027317	-393.1895207676882	-371.51042417630293	-359.9949617723233	-349.49532662531897	-345.69480715360595	-345.73425006518085	-341.47723835333903	-376.28546503086653	-477.99973627977204	-331.56421270050595	-1046.6449984972521	-5931.752606464345	-9736.521763128534
79000	-424.48566071689334	-416.18079128427746	-409.56390425783246	-397.0069377804125	-387.25179370575114	-366.3721884851564	-354.160724219148	-344.924594285293	-340.8014934567197	-340.2008614651614	-336.9033270824831	-371.5040410872934	-465.01497049550534	-327.81717937736636	-1026.9206469703688	-6073.4449023005955	-9828.219637665661
79000	-404.1910478767434	-395.42168359851365	-388.2713812322426	-376.1863983297561	-366.3673563598864	-344.8836828400273	-332.5210145772661	-322.37526136802455	-317.5023778060788	-318.7578820900906	-312.48832177702394	-341.7295202540008	-420.11989543258136	-304.4251730601831	-936.5712762300075	-5774.68262507016	-9499.994893267401
79000	-418.7646584597784	-410.52091179052627	-402.32427875194804	-390.8250207589848	-381.3785863020362	-359.4610052856421	-347.73969229841526	-336.55958232872575	-332.5180297605914	-333.98942910186554	-326.32934841887715	-352.91222761350053	-442.76325697547935	-329.8186243085018	-943.2458509365548	-5723.850998433795	-9404.002808615158
79000	-411.87733634371926	-403.6926752777624	-396.0153940021917	-384.0607931453145	-374.1233419740936	-352.27275446521696	-340.9087490877688	-330.8359112263021	-326.55598316038754	-326.5609247244676	-323.0341116874979	-353.7728738806728	-443.7374953175656	-313.1401900393549	-971.8327879692965	-5988.861180078567	-9801.725023663083
79000	-433.6763064976381	-426.21126246672185	-418.6251769789789	-406.9375178361141	-397.1327409604471	-375.70374444246283	-363.61957373853596	-355.5082158863479	-351.616936817057	-349.95828164072674	-347.11618553866447	-384.54874577980075	-491.3542519854453	-342.6778181954624	-1055.5362059860784	-5953.541118913102	-9773.994619860365
79000	-426.63514841776754	-418.3467419452259	-411.0666353060497	-398.75602656144144	-388.83903840286183	-367.65763420191985	-356.28528769569004	-346.30026179053823	-341.22923609627867	-341.5970350903274	-336.6699873349722	-367.6048239949868	-451.8207274223803	-326.80974492779825	-1017.7844034605566	-5911.675360183924	-9588.581235332253
79000	-451.1802815941402	-443.0797347945784	-435.9868763307558	-424.45379469246336	-414.46250013656015	-393.10866963838623	-381.76613129085985	-371.62133827095755	-367.84991616866927	-367.55453987632615	-364.1093777383188	-400.34853480692163	-504.2007521154157	-354.2472839451472	-1101.1109670760502	-5751.840574731791	-9288.59049956202
79000	-412.03671788176723	-404.26645124291394	-396.8046669810447	-385.2361198948371	-374.6411923563948	-353.0392661914947	-341.31640188832847	-330.4180734953679	-325.56212865686507	-327.41837974729646	-319.67548152867266	-344.47299088246893	-430.06232900394906	-313.5254571594196	-951.872416268883	-5716.209354302046	-9356.172151804361
79000	-431.00983689956325	-422.0143596860978	-414.95470667017565	-402.9104968002224	-393.5562417378487	-371.69857093726654	-360.57064020243234	-349.7862193596808	-345.15051280980674	-347.12715481051566	-341.2324506754043	-374.81812425024884	-460.95278899615585	-331.20825746005704	-1009.5815460402064	-5879.437441619051	-9649.446962969092
79000	-436.51789523485303	-427.8281153385698	-420.2139219389756	-408.6050186003048	-399.44210609305014	-378.2490244648097	-366.21947139442585	-356.77246842700816	-353.8344140520648	-352.8231099790129	-350.0767127877927	-387.97350650543325	-484.39775858515856	-341.3026740132599	-1030.0811028573855	-5927.765867832625	-9709.04907483522
79000	-398.90723175835797	-390.50901950821947	-382.63135648640974	-370.67077312298284	-361.6017944022262	-339.6465145501101	-327.1682357056498	-316.12047200185293	-312.9508586438839	-313.46933820639896	-306.5195784892207	-333.28909306467574	-411.722859442076	-298.7340140603054	-916.8982608698118	-5458.163100154298	-9231.866121844136
79000	-425.5517272401838	-416.6160297812818	-410.40985387058544	-397.0215297111257	-388.15094659054876	-366.61184413362366	-354.3052386790175	-344.7179849759067	-340.10587796396095	-340.6122219360461	-335.1395659298618	-367.585194985096	-461.4525348847174	-328.32148158976594	-966.0197272433853	-5884.8432701920165	-9544.291996288903
79000	-446.34885391792704	-438.11223276499663	-431.2659262795541	-418.78787969139137	-408.77363356434944	-387.4995056060098	-376.0343180198347	-366.08514863806613	-361.78192156925627	-361.8063621877483	-357.4513339358418	-391.62595780378007	-494.9987644148915	-348.9325192120053	-1035.8619344913527	-5972.336104736053	-9624.416159639613
79000	-417.6706151726465	-409.2790010752873	-401.7981952571669	-389.53181900958873	-379.8557039312391	-358.74317358951293	-346.33981238748476	-336.1248070921285	-331.865884396977	-332.7679223315337	-326.7630065326617	-357.5398434524796	-455.5944148994283	-318.2549245817233	-1021.3120057389646	-5692.095303537324	-9477.956819760997
79000	-430.51230199447303	-421.2798961691499	-413.7953591171334	-401.94832452323544	-392.29775882962457	-371.16579152851983	-359.2326450614304	-348.98360595561985	-345.4119634698272	-345.50163899960637	-342.0208192214037	-376.16905365291507	-471.76326164806585	-330.13556754601285	-1053.3785171912484	-5972.3992477677175	-9722.083361517796
79000	-422.0763216211633	-414.85969967685963	-406.9834516452299	-394.89098186665467	-385.41360910444655	-364.156204643103	-351.6428306412383	-341.2315797256992	-336.51905334342376	-338.62867243266993	-330.36620565099713	-358.41824504294794	-449.08528497509866	-327.48934708872804	-934.0225923327386	-5466.4703825998195	-9077.988833256715
79000	-444.28756932108905	-435.56455545037466	-429.16274171675985	-417.28502198566366	-407.3726658016315	-385.88558560176216	-374.4330727328747	-364.03983694747257	-360.8424329528906	-360.06139905008865	-357.94095701290985	-397.749610714413	-501.9434961322786	-347.3804603600406	-1086.9229332280834	-6053.107884571267	-9832.037387722325
79000	-414.8132826986164	-405.8681483313187	-398.3449069444851	-386.6840926359771	-376.764823512703	-354.9973625612138	-343.35413536837933	-333.22862665286334	-329.62023953639505	-329.2957096063437	-325.05491627579636	-360.4798661350927	-448.66894231634495	-313.0182277376338	-1007.6126358868482	-6030.877956244684	-9850.15991105507
79000	-438.9354564224503	-430.1959432767859	-423.56007788383084	-411.44027229308233	-401.0229170518252	-379.9206763089298	-368.4680864027926	-357.83721025267386	-354.15132887996566	-353.3407978268603	-350.08209747066354	-384.7071083616888	-474.5837782877252	-339.8540919532301	-1034.201308859787	-6069.617479888065	-9853.652165708383
79000	-477.16198621872815	-468.56378830493907	-462.1016895302109	-449.8375285197642	-439.81093874986533	-418.96259569935347	-408.19797415418225	-398.14169085301563	-396.0089219582374	-392.91380058546355	-395.4667300035383	-445.08669415100195	-561.1570097489458	-377.9063106405225	-1228.190726926276	-6412.6121539438955	-10354.891691001074
79000	-392.55968829977223	-384.5025266926745	-377.3273125169731	-364.83012821766056	-355.1912328608219	-333.36267045205034	-321.6382795340554	-311.679203000341	-306.52455539712525	-308.6171912700648	-301.7241667391498	-329.9659916067981	-411.907208594199	-294.5347687418741	-877.5411337085483	-5634.18993912677	-9478.29754482114
79000	-457.1735571215683	-448.56228040364107	-441.5984570444878	-430.14382543240663	-418.94347847151425	-398.18798346077625	-387.6328134807833	-378.7705322636301	-374.44751893853123	-372.8386507492625	-371.3744313065057	-412.7821435752654	-518.4652360272868	-362.57163457026826	-1086.505653849087	-5938.187879091987	-9665.954521190353
79000	-465.47865124035224	-456.96333642754985	-450.2829448295984	-437.81432482585683	-428.53515688557496	-406.8594785383458	-396.2641736258476	-385.25644791149637	-381.66064629222836	-380.89641376932803	-378.1455572168826	-418.2896250696213	-520.8045690528497	-366.1925209404953	-1165.472967718093	-5965.188081125578	-9707.660942048899
79000	-430.29850150946066	-422.34212768082085	-415.09669446583945	-403.203654399484	-393.1458786661048	-371.2710774398777	-359.92547203842344	-349.8827120217648	-346.3593594042907	-346.06570679785494	-342.75243783466186	-375.2528589518429	-463.0648975833732	-331.1016765999825	-1007.765634181851	-6043.601390048944	-9636.92391739186
79000	-423.74873471231774	-415.67969068499156	-408.75851697448496	-396.72887300570744	-386.77226302375874	-364.9513697966465	-353.28803136961886	-343.10831545808156	-340.3519532632412	-338.47158901665944	-337.06529814741964	-375.2103489862191	-465.3821170782112	-323.48542259207596	-1049.2619365053158	-6202.369346963966	-10057.698397914462
79000	-409.0335746096953	-400.2671226619338	-393.50227587571584	-380.62379986336214	-371.1705294697913	-349.33673743530295	-337.8844831297432	-326.2740337041694	-321.55441604365365	-323.8661667320406	-315.1205889309514	-336.2315997535172	-410.9137861955624	-309.11417905363766	-917.0946987252911	-5516.795565846341	-9162.038016658684
79000	-443.4673672244837	-434.9822205135628	-427.7718452139	-415.4070142171705	-406.21134369357634	-384.5294677113975	-372.967519268781	-363.0321531481182	-358.7759923344575	-359.00990093369586	-354.8950506129839	-386.59666344801985	-484.04948887964537	-344.44076266248845	-1054.3400018990571	-5940.03984165408	-9649.329224735113
79000	-475.67953543680187	-466.9396692163596	-459.8291465315954	-448.18339030171546	-438.2549398994576	-416.92683321932486	-405.4012457105128	-396.971584662545	-392.8281976391615	-390.5263348130968	-391.26978537283213	-436.58949139094875	-542.7784113326894	-374.52368354225655	-1219.9450352349843	-6398.922941769824	-10263.286843671402
79000	-418.61553939591306	-410.69572195353095	-403.16214092470017	-390.79850759365945	-381.11288466497524	-359.04653492605496	-347.99105124310836	-337.0626305171039	-332.4186681403486	-333.9908601962922	-326.2527562422556	-352.5933997150481	-437.25209271123293	-319.29196134303317	-992.9018846711091	-5790.058994160073	-9500.594561204261
79000	-412.5095133166594	-404.2064908216508	-396.9703965006292	-384.8619591787103	-375.1943543546136	-353.06977604806747	-341.6527094977272	-332.32926466386454	-329.2355301401203	-327.40249104471854	-326.49030403065865	-365.3367146974183	-458.6742532700057	-314.063990423467	-1003.4941364477559	-6222.31278809996	-10118.174798413038
79000	-431.5093878925818	-423.1158410172833	-415.7670852158182	-404.1812066541836	-394.01635038083145	-372.24569258480636	-361.2507148877759	-351.51033668111523	-347.44015138561434	-346.4065260960074	-344.80521199097865	-381.33094645563614	-476.5219912388935	-331.02298908949314	-1060.7931661951168	-6072.645781466905	-9921.516890764377
79000	-414.9626918952696	-406.13751195433264	-398.85023670768936	-386.5992479139902	-376.9286417567055	-355.6578680736066	-344.2748137535283	-333.6463402203889	-330.51892080052954	-329.64842861322785	-326.3623994489528	-363.01628707289507	-451.5584029537453	-314.4952045250304	-1026.616468666817	-6104.77628834845	-9916.36499524586
79000	-461.02248405753716	-452.6574141211389	-445.0082155441716	-433.0250732235477	-423.2750571899028	-401.9472299597372	-391.1750203352005	-381.2995639086064	-378.4246602426378	-376.42873503323295	-377.80374974726084	-423.2122926309877	-534.4794173742428	-361.9501788601421	-1143.9211175602031	-6356.204678113488	-10212.759706072819
79000	-470.12628195471405	-460.7962516739302	-454.05622712592157	-440.8964440909349	-431.77623131818206	-410.4678942499464	-398.22377876011404	-387.27169879193787	-382.752536852309	-385.30697095630575	-377.00484411150643	-402.8902569126386	-496.48688918855413	-372.2459062375506	-1048.2987400765528	-5737.153640566262	-9139.06827587317
79000	-422.6399727730003	-413.68838043883216	-407.00907473020544	-395.3579338122918	-385.97800824890595	-363.9689678290104	-352.2048982266017	-342.59645382915073	-339.9592157848535	-338.2041793670813	-336.6536939975717	-377.7496617837101	-486.68170367779874	-325.51365798369625	-1011.8067242195136	-6077.73994382929	-9967.427107382875
79000	-420.0412128537321	-411.238199638905	-403.36082201734854	-391.91236308161945	-382.1292323330679	-360.10694497949635	-348.69505742762686	-338.97670439292324	-334.55458377688893	-334.69855732766655	-330.340152231143	-363.5574720284242	-456.92144843293676	-320.6120633046471	-1004.3452095767861	-5793.8755459854165	-9506.49109953688
79000	-430.7060140898142	-421.91564917389826	-414.978071589924	-403.0578912437767	-393.1776354409208	-371.4377193287715	-360.3231867063355	-350.02168544250236	-346.66410293954726	-346.2747548958307	-342.4909191537503	-377.96260469727855	-473.5908393737913	-330.5093183859451	-1036.6117653906542	-6031.255528461992	-9760.52574150698
79000	-424.38326206557247	-416.23896268342713	-408.71282196532417	-396.5279830174147	-386.8457916005386	-365.18721660583606	-353.71907088288316	-344.520570800382	-340.8576933139691	-339.6801993648807	-337.23125900887635	-375.5538117672424	-468.1751569072648	-324.9829561612701	-1028.6830495566005	-6026.974143888172	-9998.775021639924
79000	-450.65581657262965	-441.66088984796426	-434.65290218981994	-422.6564500235993	-413.1863888225172	-391.02313373962	-380.42803464801113	-370.3223740240405	-366.578128228659	-365.64795086408236	-363.82204672984795	-405.221530542265	-506.8725120970656	-350.26517274862704	-1110.33951196958	-6380.821358392934	-10144.409487448234
79000	-464.868900098312	-455.8837207124151	-449.14052316440524	-436.4248987687987	-426.6842889751557	-406.0871290097737	-394.1080534844242	-384.43520288837897	-380.56455996062283	-380.2182732300831	-377.246813992613	-416.24197769776674	-526.0616434912108	-367.72321432242114	-1142.849861510869	-6059.816305266103	-9724.39775587474
79000	-454.0729334451805	-445.54419988240943	-438.4009739709963	-426.966084938943	-417.4823101488363	-395.2087907950206	-384.14275975940023	-375.2244569697322	-371.8755992134977	-370.29294727649096	-369.1632309643798	-413.42568576969114	-533.485103390835	-357.22949465928735	-1128.657840796209	-6095.359174461333	-10032.44832523838
